1.37628480715959 -0.188609472569898
-1.45640814472478 -1.14426817949752
-0.488550167123282 -0.951965840970284
2.68010963066519 1.00935800549786
1.77575116614474 0.0252772994458564
1.00770006608136 -0.361395777303098
0.765477009731206 -0.741828844086158
0.97808333274285 -0.613565161032564
-1.11514672013056 -0.899618994148394
1.79297964852247 0.221810114156197
-0.574548350996682 -0.655864029361849
-0.185502893619104 -0.701015094863975
0.327732508389268 -0.685127980922855
1.24242393331467 -0.187894055201436
-0.415623536275085 -1.04004246753327
-0.00688992079006127 -1.17404528734013
-1.27273663400719 -1.40021437906286
-0.0829516397003919 -1.10595924291762
-2.23282877234865 -0.579339465183448
-0.345187745705552 -0.775782921296781
0.151691662998268 -0.310641852837128
0.719778678918838 -0.721912113056206
2.23369013257291 0.812526283239777
-1.35621382810964 -0.95441167125056
-0.845962711434918 -0.738548202883634
0.653676519317018 -0.828257826236669
-0.428797505379212 -0.905637738140263
-0.544153464662681 -0.226525276382516
0.338386225201024 -0.268629975096655
-0.786597221560097 -0.735976165263645
-1.01268516340719 -0.740750203636429
-1.29929379522578 -0.82415880413803
-0.889184745084101 -0.534017328553753
-0.556944421920192 -1.09610441473323
-0.0578366757509182 -0.463987412124193
-2.12051904120472 -0.261981485046227
-0.493446581458505 -0.62263679947915
-0.204007043049219 -1.20326426499654
0.191235190649524 -0.749084495920527
-0.218901105581825 -0.897520433536836
0.41966602483999 -0.726036883333989
-0.86944380410694 -0.822064521349211
-0.208482824593096 -0.668596771164689
-0.569442877657067 -0.692071797753958
-0.253253488268457 -0.649711723968656
0.562499276711645 -0.934370307051037
-1.97274339543113 -0.583693162528374
0.618687488028309 -0.924113190207986
0.87400971129161 -0.336139869049732
-0.494810834043943 -0.883521063155404
-0.672811387150525 -1.27585391370829
2.12028231547781 -0.199483955301762
-0.257919188596917 -0.602137678401869
-0.0406147213084003 -0.818845235734918
-0.625859858716108 -0.796948419575535
-1.30701287213706 -0.446172777272625
0.115884590808014 -0.47064146050222
0.0518874964579559 -0.594245717404276
-0.61431463150097 -1.24993402154464
1.01350360858243 -0.645293524986794
-2.85363601839631 -1.30122663267921
1.11168930560804 -0.206915578985692
-1.05494949101963 -0.977583319651523
0.462560303877352 -0.45361889200811
-0.770738360824344 -0.621097603054935
-0.704305949944496 -1.0549782407325
0.310518579001271 -0.784317854565929
1.02980847795009 -0.616453754060831
-0.759844577743158 -0.998582007760255
1.19511614866972 0.468902444019482
-2.0094010642222 -0.810092137061814
-1.21420237280346 -0.742756394731632
-0.118523251459627 -1.38845074131171
1.8797435734717 0.756914989390414
1.89070708182297 0.381258499420024
1.19043095741398 -0.180694923873547
-0.394773722408998 -0.313431200889962
0.394414865657487 -0.677951728118423
1.00673836313643 -0.652275938420755
-0.987389723402788 -0.087880414198876
1.78577978647485 0.884001121122695
-0.689739961330697 -0.663853837318168
-1.41890967272283 -0.336983139150524
-2.96041582556571 -0.623016181683924
-0.547223295449288 -0.806936955210893
0.62775361611776 -0.948931802386569
2.50202100096226 0.277613381667457
-1.57003620445968 -0.908750592601626
0.52876212549158 -0.866428648320807
0.770891467583564 -0.612107031112634
0.160363515699064 -0.339032453202518
-0.973848220555323 -1.10770755797723
0.714987918724329 -0.857163572333861
0.122784450939189 -0.0794803768228989
0.324462261397772 -0.587423320355098
1.47153137702626 0.715833759822267
-0.159363955953764 -0.534665539336368
-1.41369253644981 -0.739509630160398
-1.4793153891478 -0.81699324641411
2.58552386970288 1.04951806761525
-1.04660618045983 -0.460746267421073
1.78206828011521 0.447650039986203
-0.0369166005679974 -0.931250882649276
-1.35496351217516 -1.08408935887685
0.451430483774245 -0.798305586131779
1.40695817453295 -0.188553752621482
-1.72266583528616 -0.749189982155937
-1.6966110010942 -0.88061701930156
0.402205658025064 -0.756219216041604
1.19192548768619 0.112410082311307
-0.492663422536038 -1.02328450810603
-0.160313916483563 -1.30805989905804
-1.06873107647845 -0.448590961229072
-1.90822657454397 -0.78351744157905
0.340667347371545 -0.754366759871558
-0.543118266813866 -0.60402770827294
0.257757390295924 -0.572633359239357
1.59748121386079 0.105670889950628
1.63873632426865 0.530802734373016
-1.59570316449961 -1.07468193358133
0.252353203429251 -1.07662815184995
-0.284201043303592 -0.897093639442269
0.389116306624128 -0.561241769546415
-0.805027413079886 -0.451518798281619
-0.793011358172297 -0.921748658389027
0.0825108896743066 -0.882959846733432
0.0164828026099839 -0.446437523839645
1.9867418202261 0.785024303241506
-0.135348927180774 -0.566368781525361
-0.9499407339716 -0.973434611670934
-2.17477607239506 -0.857000508294629
-0.37698709560039 -0.683617396886885
-1.17109667082918 -1.12953978986341
-0.422376992325952 -1.18892720775941
-0.217768541515679 -0.492806875613389
-0.676804909233857 -1.17697109592105
0.156336378146546 -0.817237667293097
-0.423439081724073 -0.162743372008721
-1.02893626590283 -0.394705393794736
1.1195624591025 -0.305815243144609
0.969362556439796 -0.495621291303489
1.51982696061398 0.187497444077198
0.414942410604453 -0.85957912962229
0.0507725317297131 -0.904736449021763
1.07852345861134 -0.558562592955019
1.5122247215881 0.356448059608338
0.217579963159797 -0.411280928521059
-0.271794149181439 -1.01764358822516
-0.747611594466484 -0.958337289320075
1.38616499573507 -0.112387539748508
-1.124624239106 -0.731009494291249
-0.506952042665532 -1.00217190389808
-0.276759701048308 -0.845692289760028
-0.52177644148205 -0.815445792202586
-1.90886501617657 -0.842845552610921
0.0173619673250446 -0.860633224757937
-2.70809422475744 -0.859870982256254
-0.352920788679739 -0.680020517864732
1.91186576716666 0.700824984037568
2.14175991922143 0.948280888626011
2.01703410771342 1.02913018596937
-0.940761199698509 -0.585789191905672
1.3057323125565 0.15319418713888
1.02310496967656 -0.564506177302363
-1.72157502699139 -1.08691856217093
2.11091800703207 0.705081061149831
0.826293029160593 -0.50278261058816
-2.62256638822568 -0.793868334649125
-0.986147118389212 -0.878109059000268
1.72541885612145 0.673238275935598
0.928101151995961 -0.869184425093633
-0.136648678494537 -0.722801978875619
-0.169028601742554 -0.873866727053359
1.14722302892569 -0.532333369653659
-0.919734740985023 -0.505856427934945
0.377596726508264 -0.831064259030849
-1.13704546243229 -1.29042461857419
-1.47950012642175 -0.774112702629222
0.224609453632045 -0.619459375458774
1.01244894827873 -0.256766824656596
-2.62193443630482 -0.693776997016954
-1.79307424313902 -0.993975201138422
-1.23763353508071 -0.707176966493012
-0.640066869736763 -0.514955718947048
-0.205091187757793 -1.03642864984309
-0.348533401842736 -0.924668467092383
0.608128895649797 -0.609713928916916
0.850273518710618 -0.29275573430624
-1.55914301881329 -0.806511136968156
-0.9426786605547 -0.476060929341407
2.20739674435476 0.674055633161827
-0.298311885307296 -1.33452801801111
-0.878229826977027 -0.573820579745996
1.59583783200231 0.48474773016572
-0.677604881901285 -0.955589253825291
-0.848922360292005 -0.644568315508161
-0.92675233803768 -0.49807070326299
1.0881593288892 -0.289225666052138
-0.85821775571237 -0.787574850177368
0.881949645776472 -0.438568119704427
-1.38775398679375 -0.736919647455303
0.864835058566565 -0.839327056491912
0.519402793469483 -0.172480810151519
-1.9665376245737 -1.20156997587758
-0.283205220532733 -0.754845084335981
0.590475420782446 -0.296110826111672
0.910868076314 -0.247851267309047
1.52335525840735 0.410414152186475
0.204792201305965 -1.08346132075015
0.292651360104682 -0.354923693058121
-2.11955606439479 -0.820988204266272
-0.263485081596816 -0.907021232096196
0.394372989624052 -0.875000054283341
-1.53074570163229 -1.03283441315988
0.434616900168015 -0.784891502452655
0.0309315872765847 -0.849352581959062
-0.628558373438299 -1.13069517854768
0.869199145113327 -0.53891772324588
-0.107872771451035 -0.436444169782334
-1.03803904640607 -0.618747407265113
0.1602935892842 -0.263267650804647
-1.61918744590742 -0.722120106887654
0.144455784384502 -0.708421687555215
-1.34874728789945 -1.2831776671206
1.46380609575097 0.13506189036167
-0.857552749041395 -0.700995924796867
1.05077513251814 -0.289783040355574
2.74335530981848 0.726380786426417
1.37370633438298 0.395349986625559
0.237890787300892 -0.72203516815971
-0.978677608881749 -0.977816252261624
-0.30790801641647 -0.760250693408097
-0.884677587833141 -0.701976726547144
-0.148375651146862 -0.573172120858331
-1.35117091317059 -0.917741716514772
1.32340169978825 -0.520178121747709
2.29459685604009 0.712639042357452
-1.64617720834549 -0.758604857287758
0.178592115250173 -0.801827492456865
-0.772952201043042 -0.947772134640104
2.04253703081977 0.525188096845091
2.15134386491876 0.953922709918881
1.24704883646811 -0.149872261189464
-1.06044477897873 -0.826550505084729
1.93616890219357 0.421997268063672
-0.398781195400034 -0.254992156372503
-0.264489032879858 -1.05144612271197
-0.955086899163695 -0.59541582776899
-0.0685805920929974 -0.641260276521633
1.36906994151913 -0.40184370207048
0.388414696491429 -0.587796291830809
0.185632037552012 -0.89740735344608
0.860615434619605 -0.244982102262704
1.17934373739797 -0.168193059644926
2.14659195720199 0.605617362827468
0.230308483915479 -0.534191753633996
-0.00762998056097845 -1.08251832690623
-0.344679055751161 -0.73470561000807
1.83563903287684 0.287384100116145
0.497508957806639 -1.03008821006066
0.73680019008665 -0.800806461993951
-0.0317983168237206 -0.403760072264043
-1.08196464877676 -0.94734769682231
0.557029842649762 -0.581561485632954
-0.0436454155222838 -0.668455201778039
2.82595282992249 1.2855993258878
0.172647956584269 -0.638095728353362
0.197904681438218 -1.03171839412441
0.791411470984475 -0.595407892820782
-0.132041520909513 -0.720494398216394
-0.523530085561905 -0.710380228945884
1.02652587689333 -0.261704059515226
1.57471815973591 0.311804362614042
-0.776276556517346 -0.894157627921098
-0.416397132558293 -0.86395738094959
0.35546517546977 -0.664360884308312
0.70536296525606 -0.311812063729859
0.252176327134272 -0.54386334392599
-0.561901878442979 -1.1652747820611
-2.14456657024433 -1.28078573527751
-0.494451728399783 -0.831834166542305
2.36359680383833 0.576656643157281
-2.02302737734315 -0.68892264844689
2.05426707614043 0.715579488428563
-1.34272895228131 -1.04275804985613
0.325375329500407 -0.967943552992615
0.829791425485421 -0.252818762185112
-0.0219153365460711 -0.596049206481989
0.553970581818566 -0.317280613608047
0.00366847529171 -0.962557441884852
0.521447530812732 -1.06795923062042
-1.45033949093376 -0.643011557577507
0.530341548849344 -0.410614319581612
0.808651985790929 -0.37185325335552
-2.25232381730496 -1.22018672039726
0.574737802009988 -0.2381532872244
0.00151717118933142 -0.437997012321263
0.0282857602409239 -0.500395658066908
-0.771073062410755 -1.06756497699908
-0.765177868731983 -0.818580904774516
1.226722663142 -0.16086690048279
-0.276120444450169 -0.866601495184555
0.0281088402325674 -0.56716570281238
-0.216250395885696 -0.909234756714783
0.615545250848408 -0.641307319848023
-0.788668445701543 -0.966607997312788
-0.0155048753708829 -0.831633930773625
-1.4909898228661 -1.04134675491742
-2.80824935237757 -1.24785999519641
0.483622244180862 -0.832685086629228
0.432515439506475 -0.542922602501433
0.316540916445209 -0.728057394768278
-1.84351526881199 -1.34967174806868
-0.798610756291757 -0.855464477155126
-1.42276550563203 -0.844254891552472
-1.37667129767169 -0.613232593679019
-0.34431406897373 -1.12441138835157
-0.620442566557265 -0.954034746301456
-0.517977405742175 -0.939956253967185
1.20792504484726 -0.444372932393664
1.29403488524038 0.000928704161593685
-1.86637845460393 -1.13265736705019
-1.46884523701495 -0.653489160988571
-1.31977082881362 -0.684572697470089
1.26736153783329 0.0846528835531193
-1.61406427895949 -1.1003626145636
-2.13771410978287 -0.709490008823542
-1.15899003297801 -0.426309077503139
1.26724451066749 -0.060006326278734
0.33724452715768 -0.558189413645859
-1.74726202414663 -0.524835338690778
-1.68061018899114 -1.24951684241515
-1.42196197283126 -1.06446240200189
1.52436159208704 0.270546547563883
1.12273363826461 -0.523654454721951
1.38356504333348 0.161375591406064
-0.220178500046703 -0.721245755752906
1.93943580110763 0.420771395223902
-1.80479784261812 -0.729209851555405
0.0315580082725699 -0.510749864544377
-1.30773653035434 -1.1039536155339
1.31019469184653 -0.196440151505161
0.573641477674204 -0.556910405739344
-1.52574482008562 -0.644462738654006
0.376073120125843 -0.27616056594422
-1.69164929299416 -1.12507937055752
1.59533977736843 0.46081986740548
-1.50793492794458 -0.865037546955267
-1.19703743516931 -0.648638021181702
2.06472003427908 0.502846249701068
-1.69575802581378 -0.8606394903804
-1.58628094102695 -1.10950250720412
0.421144191271683 -0.539021193172003
-0.215540267101681 -0.524597008931112
-1.61205534376337 -0.701530761917112
-1.06602542400478 -0.744533902218758
-1.22280035022992 -1.20461437854989
-0.466674360998993 -0.674027937893827
0.705885062555335 -0.530750091719628
0.599045611939453 -0.664738593042368
-0.372756627727597 -0.749416009992102
-1.0781175025001 -0.901522054164333
-1.28112245773113 -1.06277468904365
-0.436547016027894 -1.20970443591799
-0.847174846423472 -1.37642304591931
-0.330470268448511 -1.30393407610796
1.13260018580105 -0.561221533136506
-0.265757780361677 -0.565621191891095
-1.22576609216195 -0.994715900060282
-1.85933046443404 -1.23543149098569
-1.60123885351439 -0.589870316583592
-1.5255238967034 -1.25067033592845
2.67660601741575 0.552548596442395
-0.626420892598245 -1.10810635003341
-0.367473504710816 -0.61765345279934
1.76372589210524 0.365150914482347
0.554785315532389 -0.689933185356852
-3.05638256981435 -0.907719882071059
0.712362619575394 -0.743652754753658
-0.328371207373247 -0.794201688929786
-0.619746262882134 -0.928913740300687
1.20021113560439 0.0329274343575746
1.14760295182624 -0.250299085392515
0.712213496020401 -0.101220948681749
-0.828417127443825 -0.452701359627095
1.87410076017614 0.833493957979718
-2.55215199717617 -0.616289483502142
0.670018377806697 -0.797042871997188
-1.83018292623341 -0.674395422473041
0.82833599519086 -0.609633353263851
-3.29287909975523 -1.05457938396856
-0.488985697726549 -0.997990344257785
2.22231865937298 0.679331099661389
-0.601376488539322 -0.846324809389064
-1.26760470139832 -1.25221591577164
-0.411572224118418 -0.473820282423987
1.38393017645013 -0.231102621611435
-1.15482317183596 -0.666523017664289
-2.57163357441797 -1.35920007440712
0.390543896723191 -0.599157879646137
2.88877007079268 0.790520435319433
-1.79029998172967 -0.881096041896182
0.151561316999811 -0.996072723875179
-0.924615399612066 -0.604031876708292
1.35696915373701 0.199641745916551
0.941453076042793 -0.484529618788647
0.233953504116908 -1.05472066694947
1.98917648009423 0.751763066025061
2.20215077405722 0.637611898681774
0.413170918489296 -0.481926183217656
-1.03947928289239 -0.893241252890029
0.171385058528363 -0.582738513339296
1.04474997321596 -1.09768977458096
-1.3329464668838 -0.274057849234651
-0.673123658719477 -0.592726331824705
0.870300833502549 -0.331674040833347
-2.51621436821391 -0.757538602080583
-1.15102418625028 -0.965971982086861
-0.0831808078795451 -0.509646357712157
0.681776281766564 -0.230725007847193
-1.28353021853376 -0.892471891306813
-0.129919708840843 -0.82484758603078
-0.405488815051009 -1.07220244071483
-0.174057343687606 -1.21960975811499
0.762905859077969 -1.15458929767737
0.0379880451918044 -0.739174738803309
-0.283764285143609 -1.02456447996979
-0.801751095455363 -0.870223682543985
-1.46343470779952 -1.3338035113442
0.169471601281766 -0.289595308851667
0.263065137246937 -0.727786355060864
0.605284464597375 -0.955410189044155
-2.47505121388622 -0.94738340508753
-0.887572978433961 -0.727906450553282
0.739848479586997 -0.926199566648717
1.09660426307817 0.221664552716431
-1.04987507998937 -0.789072514077241
1.18356676601625 0.0429945012748519
-1.10177115812693 -0.830036611369317
-0.462547528110445 -0.776085718652202
-0.808467431818234 -0.657574969184815
1.31996362763091 -0.161809266067325
0.549755730545264 -0.81740683879463
0.14224509256411 -0.866842667956537
-0.604139226379348 -0.573021657201756
-2.62872666485981 -1.31326838874173
1.2413476588717 0.0634461087019849
0.235291324079894 -0.563177968868965
0.522499862590315 -0.784682100009607
1.26292009388479 0.066482526060615
-0.690414570925744 -1.17308621093534
-0.0782626584087181 -0.776501141152612
-0.0224689524038486 -0.411478212599834
0.45173171170255 -0.54814787550527
0.102736793358368 -0.517960727616593
1.33929243612877 0.421938597584999
0.159623243607783 -0.917571256683605
-0.939723226587375 -1.0187527656466
-0.562679674880729 -0.872895948423595
0.555569844102233 -0.448564149530466
-3.33758266271715 -1.1510407754582
0.785584386454011 -0.31595268515671
0.387132644602733 -0.612352065820602
-2.82067750730961 -0.566033893327411
1.68077979626149 0.620488038966236
-1.71711571175921 -0.759914110740383
-0.734245767668025 -0.636901321135505
0.162376555188352 -0.491819898348825
-2.33516135313419 -1.07400932483199
0.0328462085371284 -1.10509189811381
0.167576580293907 -0.672886681919327
0.912638846695899 -0.530873199987518
0.30641775168882 -0.494892647849864
0.762143577528363 -0.759586111731417
-0.744507244653679 -1.24386288698985
0.456181402936069 -0.791400263952461
-0.952294480889735 -1.05709716570821
-0.917480099459657 -0.688507382377052
0.482096878508124 -0.686038208841866
0.585413482061973 -0.565821152466927
-0.443316906084989 -1.17001389134407
0.873883503535012 -0.393960429060699
2.10044957367015 0.329176653539172
-0.65920045948765 -0.648325411645181
-1.35017383955171 -0.488290786577116
1.21437498121353 -0.0579147909588671
-0.673705696040107 -0.888353342048881
-2.53716962877248 -1.09076948855879
1.50695654166173 0.362023019976521
0.960033013759756 -0.540202453981493
-1.42610095866374 -0.778776202574746
-2.17427062801812 -1.02571855028957
0.663954817595467 -0.637375847598944
-0.0563475389805263 -0.836567407258292
-0.586351527735427 -0.845758103733359
0.105661713523286 -0.650107505348675
1.22692398220357 0.126110089144684
-1.01511303953123 -0.600440239392895
0.0372194807110426 -0.493868721012902
-0.14392336978574 -1.09754303439766
0.410113976828366 -0.667446189961296
0.302431227444745 -0.885015162602975
-0.749085519605245 -0.537280292360699
0.821815030610803 -0.848780462471806
-0.0576863396721271 -0.992025078762878
-0.790486040250087 -0.902734138463695
-0.412439346876368 -0.583225211093503
-1.16862071396889 -1.0948591015919
-2.00428622801752 -0.757186391336268
0.439311122947428 -0.467322795630253
0.22164064828942 -1.22645833536845
-1.99165900355369 -0.997696328172115
0.289064537878263 -0.982981737315962
-0.0266197178160362 -1.21280944300749
-2.04069909739937 -0.730519777022154
-0.840618295154265 -1.29300547801215
0.433530599914949 -0.522402628039007
-0.996900421582481 -0.925959021152087
0.779788918857707 -0.51453196366945
0.867564120457894 -0.590864083530153
-1.258480681755 -0.840381748021755
-0.440208102465159 -0.711173227155994
0.432928254821884 -0.244507617211291
0.051278601724061 -0.591367130370666
-0.98840784276188 -1.03360183260667
-0.216759462820539 -0.74070373955492
-0.592595001900794 -0.555245907444483
-0.273246049308353 -0.599097560747253
-0.279446385568395 -0.548070525718888
0.139928683280986 -0.395935107534414
2.10243483551274 0.46602012016435
-1.73460409027212 -0.860753826101503
-0.678770553125936 -0.65114770065061
0.651324655948761 -0.352034069674906
-0.279169397145529 -0.523533471579857
0.948850580658769 -0.631398817990345
-1.99124543651373 -0.650781531408782
0.952559324320543 -0.776783516280009
-2.52614764114094 -1.40472375518868
0.40586669781984 -1.12690836006249
-0.158075267266941 -0.529884471434179
0.0368812184045802 -0.534166466283431
1.57909197070402 -0.0335017221405379
2.06923413815395 0.791574150171267
-0.806867593464587 -0.848085191032634
-1.68131942794602 -0.880102116176373
0.366060389202823 -0.789410517031894
0.0368967538046958 -1.21674983099953
0.0257579756772793 -0.431455197850615
-1.47278343819799 -0.971055433777367
1.71699573277541 0.573169211843999
1.73252411681918 0.407032089467455
-1.01511427339157 -0.958402620299761
0.729114180536145 -0.58692422573351
-0.276294794477179 -0.705386065456806
1.05983874975323 -0.287140759731037
-1.317224516615 -0.844349212439687
0.36418951111432 -0.724449541799561
-0.0470206041515818 -0.904996653192019
1.83168238624317 0.418281507950312
-0.736529309171272 -1.11888339776032
-0.335077001319887 -0.953883168719801
0.338019051469098 -0.6259434596183
0.85011976104226 -0.536186830989875
-0.754124386105035 -0.586553565730564
0.389144053103506 -0.744163062172668
-1.2254841033098 -0.955918648373288
-1.23952684925603 -0.362336049830316
0.899622735709149 0.0336540820103133
-0.0608199069546628 -0.823137695755164
-1.07765457060984 -1.01656768858836
-0.234491137920828 -1.33400105107605
-0.55701517794078 -1.04749727179554
-1.17029801473877 -0.730685929551108
-0.200427359130024 -0.850021403710641
-0.729180800922475 -1.01981402333349
-1.36514228858165 -0.864713508651771
0.00975836521036595 -1.12498357540409
0.379347966881084 -0.973274840690229
-1.62736283583361 -1.34279095074818
-0.00325299950561603 -0.568126436717604
-2.09582615462937 -0.803191555424103
2.02823306883438 0.588742620723162
0.131824043788453 -0.62352529920453
0.369587318567771 -0.750672635269593
1.38698933608104 0.197378553681388
-2.28258999843205 -1.29652643443315
0.375480982117835 -1.07402055854948
1.17477647000799 -0.905160968775043
-0.741892911976807 -0.903792536863102
0.480863629281255 -1.02975721030992
1.11806545249682 -0.735688167995071
0.917009951788355 -0.573487156499654
-1.40620789683605 -1.11120883493737
-2.10523990289924 -0.876396063187853
0.265840163878949 -1.14249281462061
0.315706775529811 -0.930122474888232
1.19744892108483 -0.0116181458587708
-0.469546036701036 -1.07009463873152
-0.743675658986433 -0.517854917579615
3.28443099681625 0.455686340178148
-0.561591114620939 -1.28806255623543
0.0258647210023129 -0.720844523408741
0.258240782129983 -1.09494298210969
-0.711347393860806 -0.913192647742256
0.923013782002762 -0.599151594387451
-0.867482935558802 -0.906328241225645
-1.85342292159139 -1.08845869839373
0.385819507538568 -0.921757914475113
-2.04707896449351 -1.03494256203929
0.210131883872176 -1.06794886368532
-0.0520366554668144 -0.708093466655518
1.09898673571006 -0.294449696754609
-0.715377533976329 -0.44404262829586
0.141201747037381 -1.06255829353774
-1.1774327200661 -0.722262131816329
-1.51283863284331 -0.743028444840715
0.521423366070311 -0.672447838807622
-2.75325498049083 -1.00860768003484
-2.45949332852499 -0.707318638067524
0.0867385088802878 -0.6827654552091
-0.712717698837136 -1.11259639145342
0.458548782038594 -0.556243232081431
-2.0703601997341 -1.32019427074208
-1.83622191665681 -0.403535524807803
2.33193195216922 0.819651031393523
-1.2015431099969 -0.985132409304038
0.401844164937927 -0.714434330484933
-0.584877272553876 -0.821334595252613
1.4995169925441 0.0110219857069548
-0.752046094671589 -0.841755149077242
-0.312652506148382 -1.13344470805916
-0.0314062132742677 -0.890789844706314
-1.22236354348899 -1.13965831235673
0.21230741890828 -0.70650271107667
0.367135425946295 -0.626379269004048
-1.25353352708228 -0.572023343501162
2.27393272267581 1.01631069884187
-1.14416480236438 -1.11988397574677
0.434558705430771 -0.84083963855815
0.731095659678776 -0.719724524141831
-0.371477706748174 -0.819051655194737
-0.942978680621451 -1.08504435298396
0.67260751420583 -0.457983984393489
-1.72567923309749 -0.870491188590297
-1.70130203956126 -1.05592448592923
1.21675028864197 -0.162467487375216
-1.82953060343045 -0.777368675329731
-0.679032250221464 -0.682726797742688
0.45150483138744 -0.979342567720265
0.934579601693325 -0.606770559840937
3.7939247048618 0.970568683028006
-1.40377720507303 -0.789546328592204
-0.63047158278396 -1.02211525659702
1.00669469871727 -0.772693659185245
1.27395629475363 -0.102423780367797
-0.430681048897789 -0.846866369350069
1.11483002365012 -0.481371473584266
-2.03154629218546 -0.964730875344678
-1.73820934611197 -1.28818312329175
0.331019014957914 -0.842281719730079
0.852691825513311 -0.356164023826694
0.350525869925236 -0.524240812852661
1.32220996449916 -0.241879278782398
0.0350866784995806 -1.15751742466501
-0.854585077460219 -0.88555274236419
-0.176039172098659 -0.722628986703166
-0.437294009884182 -1.07258602502445
0.502336941398855 -0.282313725852909
0.567606147722293 -0.545395265327796
0.69113519780816 -1.07146512780037
1.17461060713748 -0.62676780441063
-1.21324109654677 -0.841939423721129
0.237026482723573 -0.463648710590864
0.335957591710091 -0.597238884356765
1.3476470936755 0.465552600100398
-0.894914495386437 -0.565796904948639
0.251204274969391 -0.54897305983201
-0.552142970943965 -1.37747529217656
2.154379567984 0.757650307969487
-0.705449545699327 -0.477276717694638
-0.436250419538212 -0.753403788680425
2.03660467560688 0.560663795842386
0.349405652412315 -0.642015436247883
1.55512599881751 0.514148322624286
-0.78317209262512 -0.58251424262207
-0.0174121095951687 -0.950579561325951
1.47684212605868 0.480682645913582
-0.58069064189965 -1.44223916407359
-1.49647411564445 -1.13298227717498
-0.258443950532825 -0.77900461035447
-0.108660637818154 -1.15488600946286
0.91255125276148 -0.401538995494678
0.186073228308125 -0.490092123765492
-0.845865409886454 -0.749435780562034
0.657940415367298 -0.425041938336868
2.99499770402816 0.887120367379312
0.43570630276773 -0.424997086202507
-0.431340154269783 -0.846571840798991
1.00063051867797 -0.0014118072994323
-3.02426288053991 -0.51799468431498
0.0449250809656462 -1.13561648127416
0.986725606318244 -0.25029161131375
0.504680689534098 -0.41684284108061
0.0981793122632777 -1.21790007402328
1.95274354808624 0.720208968294537
1.21030570386107 0.299441973707542
-1.29925599245296 -0.666810880523129
0.856069889459483 -0.611291596909357
-1.88016948863088 -0.947290369465955
0.593097080119168 -0.347383091305738
-0.88380784687581 -0.783813825198899
-0.194685508979315 -0.787584987054539
0.510518298349744 -0.659229632002593
-0.603795133758156 -0.651239984444231
0.702689770214192 -0.720966115320077
-1.14746258408813 -0.611561272586842
-0.066495626581742 -1.05570711119695
-0.219903705659247 -0.65552561521627
0.739647103569522 -0.592159822070825
-2.95932296813402 -0.742898656659352
-0.896139113995832 -0.76358462121429
-0.782137549724159 -0.779377015691719
1.42183894001511 0.589114486111136
-0.294368320440663 -0.688131739262906
2.21172081362702 0.822584817939744
-0.962694087241782 -1.23579217261252
0.971782109501939 -0.117957416221232
0.725872942569832 -0.529268101629533
-4.73331615235767 -0.933125710190984
0.100394692008601 -0.792149146070823
1.27207043500433 -0.607538302261011
-2.17139708031811 -1.33832171013224
1.29913896591035 -0.0223335068931758
-0.498110899045522 -0.813411179936944
-2.1184005866759 -0.886913285677239
0.0980151574156654 -0.700555132323481
-0.312960981579959 -0.653972058444634
0.255228269693391 -0.872527818312078
-0.42094755237899 -0.685853294750939
-0.731087542328627 -0.748530487943409
0.543150639269308 -0.609299669001145
0.573176652758882 -0.0731303440225511
-0.578660626715751 -0.630572294133125
-0.372023889134277 -0.323328092082062
-0.75714683714995 -0.804556978990212
-1.70897420462493 -1.22945268469658
0.381829402495022 -0.44959171050392
-0.177795611329823 -0.897143295761162
2.80598945672422 0.535316894025903
0.404674098813136 0.0197774975951265
-0.618970221153297 -0.831449880205796
1.24610334415801 -0.320591814025403
0.709671560824866 -1.05905049056483
0.435533897615344 -0.622852751340372
-0.661488722130486 -1.16753792351887
-0.287501929188306 -0.747211213913022
-0.304730899051856 -0.800611058497604
-0.0950872032276536 -0.533933704301902
1.51557656378281 0.341313283799716
0.023242496353317 -0.758897533533842
-0.540999800919061 -0.408129830336097
-0.927627439816126 -0.732313621212688
0.805171329924457 -0.825525098871986
0.855578970999728 -0.751139798646478
-2.05899839142376 -1.33027413115668
1.55397490662128 0.689968852100801
-0.173648432077814 -1.05710839438708
0.1427048051932 -0.551401011807646
-1.41217686164722 -0.696064458095377
-1.42282024548619 -0.79553460180969
-0.968920866909794 -1.13119718345929
1.01875965077327 -0.3526613099079
1.11771793060708 -0.479224842091366
-0.228824386972574 -0.550655365812342
0.142330249878299 -0.957462314086936
2.13864573191926 0.792079653616208
-1.70125703350646 -0.823776201865534
-0.653279562410173 -0.808460289578451
-0.0736348766936167 -0.683589428232205
1.20741276319095 -0.845269354466041
0.927707127361132 -0.204829384224369
1.56527761604873 0.530762457205813
1.08647697941709 -0.385280127611226
-1.51069640759201 -0.835763090399911
-1.07361103654129 -1.10502724869345
0.878358857521662 -0.177556423915861
-0.38975666677959 -0.626753063528766
-0.156551396422062 -1.012503188022
1.10714264325966 -0.545052177529894
-0.520815578043999 -0.996319222768579
1.74220661361617 0.0784522212204276
0.335454016999265 -0.40319704653848
-1.90159356430668 -0.959726176071356
0.268716819273711 -0.660835783174229
-0.720065806944934 -0.621140848221488
-1.96418814334218 -1.00738831623553
0.185582376270141 -0.516820350832168
0.760856454785937 -0.83306151018963
-2.03165715499482 -0.889660415810828
0.146555369785971 -0.217677857969171
1.84165969940554 0.573569819861241
-0.10841020053898 -0.841961974813641
-0.405193295682676 -0.59587780544534
2.81382012289652 0.250737285786055
-2.06944181886472 -1.33657965846858
0.982830909263779 -0.475844466052967
0.237829778738863 -0.699604174123923
-1.23503528285996 -1.09396326108713
-2.30816510581673 -0.939180061067666
-0.0221192938441178 -0.648106698314396
2.51881597928262 1.08371483206797
1.65403622779309 0.316699292357278
0.574913367705397 -1.31424919239063
0.555268213397298 -0.959279583304296
-0.551348375892861 -0.613299457755342
-0.205090275387604 -0.409201218588314
0.159815153557394 -0.656060959143497
0.547084447258978 -0.857724736262615
-0.244747360685052 -0.502031006614473
0.279254430259663 -0.491868550369663
-1.20784843102463 -0.986209784971183
0.305718568474413 -0.918624334098252
-0.711536372537291 -0.893264818030132
0.866300792244511 -0.465054990710799
0.730115263662859 -0.249825388451349
0.605323090196558 -0.885408269581462
1.05545781142195 -0.710804373956531
1.21817128463688 0.0464453440527449
-1.34460369070039 -0.916383253451181
2.3832791068108 0.433010802856745
1.69021679028561 0.485884235905058
1.51233341627646 0.0132288966151294
-0.585521194013979 -0.845487516884067
0.623590599007127 -0.625006268354714
1.30035977374768 -0.230624824447889
0.346425076486694 -0.462289973986338
1.09517624123237 -0.378166307314529
0.483592621564591 -0.167949364356866
0.185999463355552 -0.560564578115932
-0.277297553122875 -1.00790226441276
1.62699836848041 1.10677245952088
-0.854935381142939 -1.17206767373898
-0.510624472466258 -0.854655835619078
0.0669576766682378 -0.50743001491346
-1.25198405007245 -0.910201155300964
-0.48322480054593 -0.779814344184552
0.516646658745899 -1.25454814312167
-0.946860800700222 -0.600057188640748
-0.384547729822266 -0.639782061583537
-2.45141138553834 -1.05899756099737
0.31610911772933 -0.616855811473239
-2.17988144217955 -0.803703910125402
0.608742815674979 -0.472623435265931
-1.58636623545514 -0.508158365278666
-1.53322012794642 -1.29125572784732
1.08014882641824 -0.375769885900925
-0.341943406292855 -0.682658344275072
0.201584542635916 -0.144533416867267
-0.695052696534158 -1.06876129283972
2.98751474630384 0.852529018559512
-1.3699136150394 -1.1974234771932
-1.13901160498029 -1.05580617271904
0.809102448920325 -0.517946496340642
0.69895363718275 -0.915613135167261
0.916190609685476 -0.303760434395926
-0.444454071260472 -0.499975355604882
1.76663538496938 0.20601034394159
1.49060857008522 -0.000262834357734998
-1.36973885196155 -0.903988284789277
0.956926215601253 -0.155964496253557
0.336786673270081 -0.772864600371292
0.125174310875071 -0.802284103226578
-0.749175541068771 -1.11713952230188
-0.247324000897137 -0.986671117478764
0.55638233359703 -0.494385142894212
-1.02114405805071 -0.785068633600939
0.918561316912589 -0.777701913959298
-0.1988633767636 -0.761466693857798
0.0845030405912356 -1.02906491017748
1.41688849159664 -0.315482865917442
1.5498229594522 0.59013962322051
1.86190532065886 0.362529703045087
0.922828910401967 -0.108138891431175
-1.24010281886346 -0.782667951161034
-1.34157867392722 -0.544641376455947
1.37284135136294 -0.234090736283541
-1.30071513563035 -0.986378186202949
1.54136990214554 0.307793418620895
-1.29651505177075 -0.684967786573275
-3.65451207131269 -1.11292928329146
0.845049084916391 0.0541119010307365
-1.03848449676581 -0.702239142466906
-1.31413713465327 -0.920507531890174
-0.504812146679093 -1.07900030688527
0.223350008496351 -0.947957018147587
0.174339630782735 -0.706592979133197
0.964363801753343 -0.63141234521375
1.62236861430331 0.0928644030342246
-1.41725030181954 -1.0459949521715
2.6268453323398 0.534706931817487
-1.20607420444846 -0.574616097214737
3.08873233690638 0.927734358817291
0.287877963680341 -1.19625956502502
0.840171042148924 -0.269277425218495
-0.256375587501268 -0.69093850077766
0.0924101040669193 -0.713601710298112
1.25243662759877 0.110343494536606
0.520579327589206 -0.656955333226368
0.191394948758153 -0.846295477570311
-0.948717347181335 -0.849099292074894
1.27780974580715 -0.124507516675811
0.0104575194889367 -0.792162112009
0.331507071245731 -0.503383475776066
-1.43433731187802 -0.694578808313751
0.666969914177047 -0.836003747284788
-0.170167305988036 -1.18215712492105
-0.965793029806439 -0.896380204674266
-0.0538305908504836 -0.828644418949013
-0.0609527337763136 -0.667124467264719
0.344206500262404 -0.708709425086343
0.0445993989791071 -0.729682852836846
-0.497927258633037 -0.924037164091409
0.278308040912582 -0.172895140399582
0.411249846330332 -0.679454135580313
-0.157350134675488 -1.09622278108387
-1.29097017936321 -0.821016624642863
-0.994098855858638 -0.651895642192635
-1.14141387449651 -1.01012536937468
0.688511900670343 -1.06154859460245
-2.39540109429984 -0.928672294450365
-1.76838231934568 -0.885431626882929
-0.622294818054568 -0.814183274096754
-1.84188191982231 -1.34960523372773
-0.494642077414916 -0.592539790328948
-0.939169973222288 -1.09364789137086
-2.1732620435379 -0.586249034516279
-2.36585702017893 -1.21548124280399
1.13201687398281 -0.14130351842359
0.0707448622958355 -0.615743871895877
-1.5932018536082 -0.711961961628176
-0.0102540615335069 -0.880467440322571
-0.851524251492292 -0.919753528825113
-1.48691050091775 -0.90499453572706
1.60704704551418 0.290610702489135
-0.280356307801509 -0.43427351347527
0.472189687451506 -0.899631098899058
0.515297763371178 -0.737264392269689
1.56383672575512 0.23710319646014
-0.659355105666871 -0.69269122478448
1.52408591574864 0.438571515073508
-0.98556668522315 -0.528765344913881
0.211616418810493 -0.67127511051809
1.5954743461235 -0.156633362858155
-0.685639966337748 -0.721398358138017
-1.17544404500422 -0.764181894544066
0.0197721309360236 -0.749969154128987
-3.34903837420588 -0.808306795599676
2.64842815475684 1.1072433230398
-0.555616173259458 -0.715876483231824
-1.18264623668773 -0.9016857599765
0.344857905691662 -0.299676207564695
1.15039575826212 -0.0110386298777584
0.476980252260944 -0.79564349754852
-0.391266511899289 -0.763712004480758
1.06902856019564 -0.847845666696094
0.683908127463775 -0.513755042387489
-0.905364042836945 -0.462671398756852
0.371651310628094 -0.686564326082071
-0.918934243073634 -0.719848253946667
1.85826352027537 0.674856288692748
-0.00827220848690523 -0.490215930347369
-2.79495316669478 -0.556865015286293
0.88316693040439 -0.111538714674956
-0.0736057505427066 -0.604321985139675
-1.06260817994566 -0.441386914158113
-0.345142983546949 -1.19910873607946
-1.98930313394103 -0.979566571526173
1.03323617397571 -0.412803237816356
0.624828650037053 -0.687493949404424
0.426324389233866 -0.655415138759744
-0.71032485928954 -0.510646790601202
1.03986528871193 -0.416162163699829
-1.71986971816457 -1.19949086720755
0.266082943321627 -0.751657967516273
-1.16476365790605 -1.00322153259912
0.925044649431022 -0.129608766735509
-1.35040428762997 -1.15118726182822
-1.62656489699839 -1.1316977478371
-0.751245965406852 -1.04228667017311
0.617409725177344 -0.188679515536992
1.36029707199869 -0.0438008742015759
1.21574202068182 -0.423522826216287
-0.0196941448000687 -0.563980410747213
0.246653714471173 -0.850281676221337
-1.17837578455784 -0.69500310562191
0.400483514729925 -0.54090004147
-0.603231879502908 -0.890582512583184
1.35775164911852 -0.293988955318735
0.742265502340034 -0.697607819193496
0.775463618836075 -0.812190795753457
-1.5773096305943 -0.198501568593682
1.1530031349668 -0.285195544252444
-0.785168616652842 -1.12274868713726
0.741919090840029 -0.466702207954424
-0.725309403531733 -1.32864954432265
1.24635605346703 -0.136934704081457
-0.0735877691664353 -0.501064089340659
0.416080229138176 -0.368135670889105
0.230955282118338 -0.632503764425612
-0.312287179663345 -0.98624777374392
-0.389513315031605 -0.829432520397043
1.1195611474007 -0.277876374556281
-2.81381220925282 -0.738297915035226
-1.47805281727936 -0.741675562524875
-0.202552433483919 -0.840797599777411
0.572711879358132 -0.453850963746411
-0.422199975958279 -1.17147727657522
-0.520500375446233 -0.96667447963034
-0.559860236051042 -1.13152892653243
-0.311582646057144 -0.492160013017072
1.09518082463708 -0.465548040272115
0.788199950920547 -0.483641943912928
-0.228830209762848 -0.57221092534154
