-0.135629458737421 -0.231079119885317
-0.520816594746033 -0.497931887390276
-2.0452680410632 0.813975365466334
-0.344129499596768 -0.24284179886429
-0.624018367727099 0.22871894902576
0.477633872520328 -0.679337528834437
-3.30813797272825 0.879339523473047
0.30397067741343 -0.709670905731428
-1.30554564698089 1.24463079746091
-1.2758159091046 0.672869815962048
-1.74117182628722 0.743052312387646
-0.220807616839317 -0.512797812335116
2.06300257447594 -0.698688395715555
1.27254711568787 -0.867544470040396
1.18340844161475 -0.358514612449337
0.796563760849798 -0.714916530419826
-0.0996120570638201 -0.408966869595378
0.225843198597619 -0.494615539090188
-0.0807338832654587 -0.360647982420337
-0.440669658812461 0.0814791268503598
1.00773101944819 -0.66317993399371
-0.814885041251167 0.108184210679266
1.08877666976637 -0.480530147388749
1.59270251547051 -0.97278755490913
0.521087946900739 -0.563843376005562
-1.97103055386599 0.859229971076159
-0.246224552042522 0.107266268272426
0.101657431677434 -0.366456719378147
1.36148899774523 -1.09708802551679
-0.133768447118046 -0.738693033249602
0.779901561131112 -0.618418204063905
-0.00404860656968484 -0.567823839302848
2.51455146440677 -0.92690396818248
0.615104352775823 -0.691364126817521
-1.57540619838842 0.321938553635281
-1.70035556514521 1.07961167970099
-0.179121000305048 -0.684351263369627
1.1913701244261 -0.727741296539399
-1.47334659678832 1.2241138922753
-0.0318402483138193 -0.187624884915826
-0.538704248739018 0.0863923557425186
-0.646427693418599 0.350585629337623
-0.438231967651842 -0.631164655231093
-0.756404429626337 0.2213013495896
-1.2124041890997 0.613536901321581
0.130219564441128 -0.182998679057292
-0.684681901522741 0.273395161730934
-1.83278103133371 0.495366044551988
-1.66125919191301 0.75104997131359
-0.815768494878531 0.284484739099956
0.0274792455161437 -0.338376785840751
0.0664352591342512 -0.186026499283326
0.744864172735271 -0.711824788463132
2.53129075221928 -1.07991627214394
-0.000161372332506804 0.169325884674573
1.14144137921456 -1.03130994123027
0.544826999119517 -1.20329356785361
-0.978270615997836 0.38681862337911
-0.976245053136422 0.0974386220840872
-0.745750573929178 0.425917643313314
1.92848717182775 -1.22319145348753
-0.387873803747863 -0.239311263674791
-0.116867948005086 -0.304248804366465
0.130500586326728 -0.0742239518723653
0.287779577741159 -0.520038275000492
-1.16974509298809 0.78645159184349
-1.46528899557242 0.822639107075195
0.921968951644206 -0.801982621182421
1.10074307914104 -1.15821566443145
-0.449004876595161 -0.129493323929122
-0.576515533743267 0.298141231752958
-0.360926137648424 -0.488173427375836
-0.63356209894571 0.434650932951256
0.725927541844321 -0.863503366976057
-0.288854145082031 0.00650889498993421
0.0246712281145205 -0.667581345333968
2.57976489491201 -1.33486075920041
-0.140903508975028 -0.857160874895515
-0.770319481512229 0.377715395042702
-1.17995780471139 0.0960576540649792
0.716641715607121 -1.13571318677256
-0.818790832184125 0.221352575844867
-1.7774903906711 0.926957813513491
-0.111759762521563 -0.266960231413533
1.4267520296429 -1.05041766124343
-0.252020354419802 -0.286612369912315
-0.824033392732284 -0.118411871044084
-1.96542662913897 0.329625455929512
-1.70411090246055 0.903984296299481
-0.693817247284553 0.587076004915335
0.829066948525233 -0.770941978875672
-0.293164897214298 -0.270653786403939
0.0415268724328649 -1.04802121347775
-0.908671089333434 0.8341319387477
-0.771305727693268 0.659885177850365
2.04838441137412 -0.580090761900238
-0.0542596446702922 -0.380366994992391
-1.47581986413088 0.709689298805577
0.437881312014038 -0.572351855226075
0.0224065952113325 -0.995235931681038
0.460306949045449 -1.13126441879036
1.11332863050607 -0.810944315932891
0.104839543885595 0.0498753818548159
-0.736958591790415 0.450822438559975
-1.58954283955328 1.12639344336453
0.130096373408311 -0.507080655574449
-1.52368006758803 0.882747924129517
-1.70005364233803 0.80307777083634
0.843961874769776 -0.891571482620495
2.84112334903799 -0.704785949785299
1.84035433312074 -0.862165063106411
0.247408050558234 -0.79566493349208
0.122993463545051 -0.829532431027278
-0.862423675474105 0.265562205101352
0.0204450131427831 -0.523424559138563
0.780654954675966 -1.04183059403878
-0.0286213401000987 -0.286874687823928
-0.162356298000762 -0.601455309618293
-0.37327266115259 -0.475126443362247
0.855881795286812 -0.601058972738918
-0.443669386908484 -0.00921555408652944
-1.36185592104996 0.938849984232414
-0.245873583253943 -0.310579256440963
-0.9173607646759 0.252502593136269
1.17093190097196 -0.904526474738668
-0.0570914090124772 -0.0146061106037495
-1.2741447148556 0.450170327810964
0.877959300639317 -0.542646762610834
-1.64906030020898 0.918231429770004
0.497117312656159 -0.511655831753265
-1.38622075158816 0.450386684876132
-0.485782194705303 -0.561950756576331
-2.22770171634556 0.708881630660895
0.934319489376541 -0.900187419337816
-0.473595698895809 -0.252700609770161
-1.29018605875837 0.41093107923098
-2.50464853507893 0.793653100454249
-0.0345030239539352 -0.407093536386337
0.210563918339756 -0.321351924154283
-1.22036755935632 0.19688252985113
-0.328094241356148 -0.189271610506868
-0.384368543952119 -0.408487876305646
-0.34750639515316 -0.3992544162295
-1.34639209979066 0.320001407864464
0.991424942665528 -0.92044817685513
0.133671532716254 -0.49574629683602
1.24773670605254 -1.28742578043409
3.12150915759465 -0.984841233252381
-0.366980059287608 -0.369027167494305
-0.0387511168147083 -0.294787006605685
-0.332335670757905 0.160322257556675
1.67543359891468 -1.20863952469703
1.03710340961354 -0.689044049600799
-2.21301224192217 0.659471979266924
1.9426504482407 -1.21400724702778
-0.639772977566273 0.0700472184144608
0.422755642957056 -0.348218058704115
0.370171223539165 -0.686937045099967
2.46995580081635 -0.613287878291888
0.380048242623911 -0.785055305909177
-2.03602968576228 1.31039972429703
1.128862714537 -0.75709799834062
-0.455029355382072 0.100236598787549
-0.0540559703579382 -0.621361454980235
0.0433918487237885 -0.483134225122557
0.618860139560351 -0.351177682394663
-0.516238079935298 -0.112821741858759
0.228061544343871 -0.283140924983545
-0.133692594877502 -0.747448149690348
0.438365448349463 -0.746689652675401
-2.01627114983684 0.691394695838014
0.626567038754678 -0.624441249538906
-0.0691398435836812 0.216279956065157
1.7270387246346 -0.574281072763285
0.446072980461415 -0.534876164197688
1.0218862430537 -0.699030539153162
-0.314159772093214 -0.0769376443034549
-0.51698288837785 -0.308400674395269
0.0178456094389744 -0.391166571263983
-0.586227209160808 0.172228578484122
1.89792980262138 -0.971855916965801
-0.137502108433719 -0.306256205862673
0.118400222380919 -0.517963640482064
0.452106041778051 -0.717834142980744
0.30984621131544 -0.603671519047
0.181885999201448 -0.505363589534172
-0.0462338249702438 -0.553813737825842
0.031325486115643 -0.660173114331619
-0.366663118509547 -0.0791612951422168
0.117835990885497 -0.701764784796122
0.199894206398393 -0.61790453351865
-3.21352372909249 1.15288239970842
-0.328527474878756 -0.00721044939530863
0.718044506553627 -0.886065180533795
0.376969252165527 -0.881321646533246
-0.795223314453731 0.305020805923292
-1.47589806380826 0.40785251410154
1.77994724775666 -0.83312832980218
0.512144571627594 -0.511005054177392
-1.21055009276475 0.422960630149799
0.521607367924171 -0.643885234105165
-0.608400966369029 0.114706526211591
-2.05932794315257 0.543519358086984
-1.2792173748536 0.517614890377876
1.68546778599823 -1.02119497208497
0.53613473618241 -0.819951768635896
1.06301986820105 -1.05903177133459
0.939869974597535 -0.619255259875997
-0.694518529851197 0.197786404687161
-0.334877600971625 -0.0513024907996372
0.772856143363745 -0.717550784797523
1.07257854637772 -0.983749557395555
-1.10549821206299 -0.0768113905219349
-1.59210860087907 1.29018079039891
-0.875371478412666 0.64522275432417
-0.33408373132235 0.184939997424895
-1.25511237726281 0.242355344582816
-0.334234584467112 -0.105637311580332
2.99202696488244 -0.977948917181136
1.48593984642606 -1.0551196350691
0.421406044580287 -0.908441350544971
0.24235575903287 -0.344217969243059
2.45683667221751 -1.03890634883939
-1.15205882444267 0.29064048078131
2.08202380305616 -1.26115617383208
-0.864266499455149 0.170922564096139
-1.80329849735598 0.587262671680032
-0.219917512225062 -0.00221515843900233
0.886537890478301 -0.994496727631067
1.5961888728449 -0.75414368531749
-1.98810518527572 0.457444364861431
0.406148324203619 -0.418933535851158
2.05690846799348 -0.614708003980891
-2.45447751824112 0.658466387977603
-0.982682609844196 0.191155486305171
-1.86949457334358 0.871869450144618
0.348219099325489 -0.66534078142333
-0.638174720313352 0.69260173135735
-0.733989461800488 0.0106050892890516
0.656749688529315 -0.571733495565921
-0.390480451478048 -0.0800637655417066
2.06081132555229 -1.03917421132181
-0.376734566194509 0.392969887391569
1.58764476850314 -1.4768291089395
-0.233838604391298 0.11199446316677
1.43799212216083 -0.856004505513892
2.35364388398911 -1.07684449357843
-0.90286579049513 0.830425686448077
1.59972742936883 -0.530219546032111
-0.472693792741487 -0.046661152758656
-1.77141207783378 0.623764155762178
0.964067858348885 -1.07681294753548
0.885281686155011 -0.936056902553299
0.737345980900499 -0.780746844780618
-0.790269301326442 -0.217357342512109
0.0737719749377728 -0.399105697852723
3.25460688870656 -1.31162034477412
-0.717937711715841 0.232182651660493
-2.06537779535274 1.04328094229645
2.18580911391413 -0.735245221453516
1.30658199014856 -0.167325551482356
1.10030386076713 -0.580121289734407
0.497352342323192 -0.632445803354942
0.51608982620491 -0.471470837257414
2.4950237490322 -1.47331816254536
0.235204966881876 -0.385184588789734
-0.121062315912843 -0.253558934054164
2.82696758613538 -0.626087020553641
2.2207508313463 -1.1369739940538
0.11989551805147 -0.834837294764727
0.639711635941492 -0.560622758328003
-0.180429661401974 -0.323140198111676
-0.727206231028787 0.673659499823983
0.248736915770505 -0.719077392402401
0.0310805992336589 -0.393239788638914
-0.660365730688311 -0.159134931125339
-1.8227506713598 0.742035447740692
0.42614174702533 -0.926220420191437
0.525206380393611 -0.947826046331255
0.755646216294262 -0.942299963312972
0.684494181253464 -0.384961085847333
0.0345849795775466 -0.215321600921021
0.496486779223709 -0.887102675796882
-1.34230450342355 0.482979336428614
-1.02019515212985 0.318925259394355
-0.606278652003726 0.0145972749534145
0.853459328890425 -0.618335762737482
-0.399383182736223 -0.183691593487576
0.779251807904083 -0.959262235921849
0.0440096673655637 -0.454539582175109
1.91722402693162 -0.998562966280373
0.394685298199481 -0.80085877470261
-1.73593798641461 0.824729733563395
-1.31291749141466 1.00394010977959
-1.10322155143617 0.872441154769461
-0.671253995580839 0.174993283734591
1.20839126863896 -0.483066166498825
-1.58730869291197 0.789890878185313
-0.134153480367025 -0.546461174081732
-0.090653376627448 -0.429581706400999
0.078610725976206 -0.390730442354742
0.393790640761984 -0.716641531491081
-0.0490129129849127 -0.286785733480609
-0.951988725671393 0.148893915023167
0.45591464622445 -0.4915810805321
-1.27708337458463 0.0773762974544838
-0.162227186755626 -0.721977193677172
0.566317914721306 -1.05409917472487
0.00671355669603952 0.135008856456533
1.7186535949182 -0.816164720772659
0.450687943405314 -0.25845015170922
2.17977840807225 -1.03536524943436
-1.87136007167602 1.21138594012528
-0.0531095413213623 -0.381212070321949
-0.155130579199456 -0.334141409085002
-1.04454395992785 0.0291913702913058
1.40445721088069 -0.957645384690832
-1.076227443931 0.649704772323338
-0.915677812081131 0.351091607799351
-0.903589492611774 0.208641455763774
0.773644490989909 -0.434218354557704
0.563400139825608 -0.639655454346428
-1.2183454727312 0.182672441835773
1.30801968692855 -0.661986302920869
0.00495051053935414 -0.688721955851338
-0.617332718703334 0.125471958303524
-1.14525089914802 0.421641510875679
-1.54222535386115 0.824615796158257
0.715008955509737 -0.751321934370708
0.576950016485283 -0.0878675132633153
-0.208631372664142 -0.768989249007577
0.0836807783301376 -0.50561432373013
-1.18903489160014 0.243743499902086
-0.265358575480366 -0.250793500117379
-1.40022453464693 -0.0484150210608695
0.357967140734532 -0.469989633941496
-0.115872860256705 -0.0928875264872039
-1.7775903670176 0.771110407091659
-1.47849183595179 0.488008948087284
0.228635813379056 -0.435976825712868
0.753604136078103 -0.957088862565538
-0.935894472048274 0.223000276652457
-0.351470080012684 -0.182149378165939
-0.164468441524123 -0.728000293914469
-0.462022484761344 -0.0732902039734048
0.741247897511592 -1.0635370942128
0.026938710759662 -0.453821356821781
0.268741609604014 -0.67902685472817
0.232027895589293 -0.328186967861222
-0.453098063183388 0.117302347715788
0.438461521480987 -0.743624657312704
1.26981497623688 -1.21974647343176
-1.46800500627296 0.225172505368055
0.0115138007774188 -0.24429017897547
1.77204301847287 -0.934510100511488
-0.15976699222106 -0.91778997962378
-0.285318368799135 0.41278077737133
-1.51813453656129 0.428311347571361
1.19328557160338 -0.514061553445531
-1.01939538062087 0.307880210815137
-0.0855407437209852 -0.121043051132202
0.441112644029184 -0.522955378790709
-2.45363994739812 0.621931741474336
2.4686517786701 -0.931881951046064
0.199541644014475 -0.70213047297456
1.2283669629546 -0.660463016087536
3.4532209481435 -1.21454759813579
2.24091152813284 -0.675636692688356
-0.227543999738074 -0.247212608410263
1.29053855776304 -0.90190988639383
2.2117689545788 -1.4549850351544
0.0753371482525514 -0.658028892834993
0.353407562378461 -0.716512827015149
1.55527583459065 -1.12614162294854
1.11742389783567 -0.901053889647484
0.0908939969173615 -0.376850320909395
-1.94018354893773 0.929697913837697
-0.968927569400428 0.439716452343405
-1.4762049937439 0.920404886507357
-3.0980879128048 1.30272645364641
0.725339943047955 -1.0932376773411
-3.03647110139678 0.884516640648248
-3.67672246633406 1.33972888063934
0.182470773637137 -0.0794539884363505
-0.19713459374086 -0.243269388056055
0.0273518251249801 -0.386442837831431
-0.228420621115424 0.222978444612085
0.290284461142709 -0.258139049570878
1.00202958594827 -0.328317147881117
0.314983243719586 -0.80831986056879
-0.295269162866703 0.345679191085674
0.520795557122501 -0.779939241156557
-2.78688275959832 1.14768637695212
-1.90477792567253 0.992916095108892
0.995186924297511 -1.11488021992645
2.51349673938602 -0.713312508734155
-0.090604137918682 -0.372849245277434
-1.09832873021384 0.632863011632503
-0.20731697359004 0.0792151696343971
-1.4644395991761 0.898588415416808
2.60498885973536 -0.936066249556877
1.23315160756974 -0.756883950150579
-1.50378012704793 0.529033157703359
1.78795301488026 -0.973761345548138
-0.235370500203532 -0.250732853666831
-0.186598429212034 -0.53058220973934
0.841680225249464 -0.729807014303042
-0.276410726368957 -0.3061289708474
2.1972428792761 -0.83495636467239
1.33964433593737 -1.1908313861611
-0.162130221389105 -0.329728318768694
-2.27564349035257 0.83944536533247
-0.491960345118343 -0.0241810651871414
1.08028593009565 -0.430363818581377
0.502697806686529 -0.879206542546975
-0.698241463437072 0.336777897858004
-0.459176293072866 -0.124418832279605
-1.18611815700182 0.613703547231822
-0.130076097966532 -0.479323247994009
0.472118739285604 -0.567729656550933
0.899227131219269 -0.89072903416052
-0.652143501769448 0.189653862292022
0.468909680195243 -0.872921709266012
-1.89106101502249 0.412425323531031
1.37993627918001 -0.91154438601822
1.41170482283261 -0.718074866433948
0.171754313783495 -0.451544308689927
2.35800120686055 -0.893013191944002
1.65931649309712 -1.09098246058444
-1.71329946767388 0.617135896344892
-2.14529753951524 0.596887189540163
-1.14719849200302 0.308432991678526
-1.5188360987148 1.04416629182738
1.32657444191679 -1.14860423004982
-0.54463903570193 0.166968644870666
1.77344600399197 -0.945985908112234
-0.382005191168961 -0.198924738779175
0.624559660350705 -0.87290836332401
1.66503642816618 -0.792527574186298
0.19687907972209 -0.804728902958286
-2.08494051426606 0.772452538476614
1.37347979242213 -1.00375957482793
1.63389929728061 -0.836712406756941
0.242747150386592 -0.949962128708648
-1.12548474242757 0.737277283557232
-0.517083678017631 -0.487644300817508
0.0112025401896157 -0.46358453189926
-1.76120685625653 0.599938493746709
1.84140306143615 -1.11992729640395
-0.419765923909113 -0.547371504447254
1.11193781388563 -0.346705853871567
-0.804730558768236 0.152628844462129
-2.89893570954748 1.19669079691648
-0.271740196745313 -0.518241362913162
-0.287849107854122 -0.315679483097977
0.76782208145066 -0.992739276160494
-0.93637616381337 0.266244911068555
0.468041618657404 -0.0366480615443824
-0.97235999763823 0.106453350514961
-1.45660562113734 0.460558581435708
0.09571636275743 0.271840807603626
1.72641787826729 -1.06079968610268
0.666443335532022 -0.836023520514467
0.0510520786174628 -0.550496280449942
-0.137789961053041 -0.568676566989287
0.0887745493995092 -0.452028877773755
-0.0896853192499024 -0.934895433641184
-0.378553208586059 0.230902855655948
-2.54428139103139 0.744635523422467
-0.527258704253967 0.226318152314266
-2.13395595361089 0.813722791554308
0.306441574590541 -0.472970711496323
1.55421277651902 -0.721691068730383
-0.986261458516648 0.226149451474694
0.168015833740167 -0.625405198972433
-0.256297046181018 -0.397541589909669
0.104170420453847 -0.685045587169436
-0.285868163397519 -0.564115564949541
0.064533151131966 -0.160344147757372
1.51735465051253 -1.02757339240702
0.34025774464529 -0.26409334729751
-1.67378393845925 0.82023044289136
1.58365217722427 -1.24186345317524
-0.31640198424191 -0.0247159989568836
1.52579889678462 -0.554600779796085
-1.42257629134981 0.760417966004154
0.768570685413657 -1.28223546589536
-1.69632656155051 0.801814317207712
-0.266968063245016 0.120065680253438
-0.778156264330412 -0.0329418189905265
-1.85734302108395 0.407519618582263
0.323495057086133 -0.709938445459942
0.64075285233355 -0.796098935396107
-0.979950456207798 0.477808358159727
0.94511516307652 -0.600124209481807
-0.891836108485156 0.169075044024564
-2.18871834130648 0.842644504480032
-0.112333926389043 -0.868587270789251
0.617326618285024 -0.478959275003852
0.194489621537921 -0.0652762253950717
-1.58380153239586 1.02860984852535
-1.69413776138983 0.688821396464328
-1.52456167319856 0.561995495686299
-0.1747894594401 0.170051435248982
1.42633471876297 -0.573333694229605
0.199249949429489 -0.913240026429751
0.379203071455709 -0.629969461050837
-1.4568835102259 0.752488892496114
1.40939225157972 -1.32014119932465
-0.110695147659333 -0.720296353011066
-0.287105746799496 -0.118160978513755
-0.183952748928209 -0.307802802307353
-1.06106783001522 1.14327295425563
0.861356320370515 -0.770914008771901
0.271534885581664 -0.571118865981447
0.423908769526743 -0.939624304208691
-0.546334094423822 0.10925786771726
-1.56649245717113 0.429247854604749
-2.25391860003861 0.959403405636822
0.811178646659679 -0.596501906540927
3.05254434497677 -1.06173443917624
-0.229236649818725 0.0145796045210611
-1.68318735952157 0.344701558493492
-1.98037420558084 0.467147772398384
0.875040099678745 -0.544725513477665
0.452762577150208 -0.653120362108841
-1.95614102162229 0.657773636803398
0.0728164483876716 -0.133624169676807
-0.495708682999555 0.0377395961362253
-1.44855915334959 0.576000527899859
0.370194320341114 -0.628104715587975
-0.260335137863073 0.106538712310178
0.674689605778064 -0.877007213435146
1.46321065653046 -1.0484168433846
0.632917038395261 -0.811377497777631
0.0715757338718981 -0.937728179479611
0.691411218645608 -0.349420200254262
-0.635069267777911 -0.171184743955764
-0.934392018644244 0.649902087921711
1.11564997633936 -1.37782388524614
1.85980714169987 -0.799358109278001
2.13957337696269 -1.04208201523975
-0.709227983171793 0.0737295635378192
-1.31533765437938 0.596642659672601
-0.876365188234318 0.583956061747015
-0.367670193547157 -0.202083720798371
-0.474511789114184 -0.226623428980625
0.0967067971010917 -0.45485827834426
0.241349980383944 -0.874358704802845
2.03401522465996 -0.967677413860787
-0.968065709023272 -0.0373962030288414
-0.444427436403272 -0.45852540458112
0.353755797896843 -0.719581968197578
-0.265119163818183 -0.236911161198758
0.557329452744142 -0.658695022082771
-0.123222249571819 -0.34103152393652
0.61775998611483 -0.717526936276591
2.44693923038487 -1.36795995548023
2.74627101535644 -0.698343145820087
-2.49271977722475 0.383646808962524
-0.831734460244083 0.320832624997771
0.654403630799305 -0.893886181598908
0.882428532810803 -0.875059194675865
-0.671423917871436 -0.200468553763644
-0.718771963457916 0.179453302852879
0.937050550712957 -0.858547169354389
1.82650403608473 -0.945652999051757
-0.818921596035389 -0.615742836391497
0.0874562909132598 -0.475385937890298
0.0447449143838775 -0.864751324978331
2.97886403645942 -1.05084779465755
0.312460785151048 -0.376925495538514
-0.328704175237453 -0.339828423953205
-0.0991831101788733 -0.570216980920862
-0.130468204641031 -0.332511592036137
-0.844209364451149 0.693504469448958
2.5942480937343 -0.98923879033162
-1.97271266249786 0.531828216136912
-0.297133510658625 -0.291904714641353
1.59476230099601 -0.941893347137999
0.301584329687163 -0.630645829143231
0.687643023925965 -0.966042937112776
-0.889205804037697 0.324533978052493
1.96728671887658 -0.598881019037673
1.63924767270375 -0.943700836347115
0.842546966404827 -0.701796198634667
-1.76522904140627 0.803502485819155
-1.82063282949393 0.659338892255078
-1.06332529527525 0.895027395122144
0.226415234988636 -0.689477799939849
0.749260591312915 -0.838207942666238
0.318500780976464 -0.641720450013471
-1.31253071209261 1.01365241527266
1.00551997229889 -0.654004740763471
-0.0623334510872016 -0.379034545493493
0.561739581935328 -0.581148892324574
-0.961742811720073 0.804297025126827
-0.657901015643863 -0.0172821436341598
0.608679139895923 -0.46510200230166
-0.342526412854719 -0.182619121966243
-2.09807923542695 1.20278502050393
-1.32797158759211 0.500993204487647
0.218675068133943 -0.340451706060768
-0.528065068913856 -0.109628439432767
0.128648104678039 -0.652209275961228
1.0692510196924 -0.923073126351072
1.12165827656948 -1.44099114253585
1.02473677962147 -1.0583116600824
0.0203771192376168 -0.542354581602283
0.156360637295132 -0.114660319028553
-2.24344211169147 0.875513005233612
1.61832011126144 -0.932967270567296
-1.49488505189008 0.431813179536204
1.46036103524024 -0.689845686385347
-0.592976296432368 0.0275724948420631
2.80315047264725 -0.714873509834261
1.23554929446678 -0.742907842659834
0.818187405548378 -0.63885191221892
2.34524734466556 -1.00994294311196
0.284678361204697 -0.627801116168983
-1.12605625752617 0.495970025816366
1.4838786303329 -0.56614447213677
-0.103128587853337 -0.482531562739662
1.25749960241574 -0.723493345390946
1.65270105727398 -0.991981231083257
-0.832734344036459 0.642828257484787
-1.36718784555268 0.663868403673043
0.564373040291678 -0.786722255472572
0.543486184238492 -0.4231450878115
-0.897604066468788 0.189009204015891
0.0328369288751801 -0.914042440918356
-2.6038071649523 1.16421025304175
0.0333537063867213 -0.380263964004409
-0.546300611923892 0.0189222077362989
0.513626566511494 -0.545357137337086
0.986263034010944 -0.551539686960953
-0.520281860347007 0.0993909248671335
-0.0401054408762399 -0.408962368204353
-1.62714042580316 0.514189839187969
-0.19510226336538 -0.509273822286441
1.02649367036597 -0.345324107493059
1.99276491630918 -0.692948068728972
0.804129696521716 -0.686707240830962
-0.907046223936865 0.716377868715361
0.944483696042562 -1.06919600642857
1.24724445031162 -0.710729552768986
0.788461121403796 -0.803240435412015
-0.0421207209408448 -0.659950574193487
-0.745079241101114 -0.0813348121844646
0.508000575538604 -0.825310966965059
0.773444875041642 -0.62386127559517
0.846584818663349 -0.842768521952398
2.32527547298076 -1.04065515262129
-0.703538087881717 0.338394028407911
0.804859947214363 -1.22262087709837
-2.76127821714922 0.854544407708995
-0.922993057753471 0.265420184669767
-0.549480727670395 0.127456836830185
0.28929700683056 -0.522158479752926
-0.574316561762232 0.132217521908229
0.828212129360985 -0.760440643060392
-1.12147898087797 0.563008871134141
1.05752322460765 -0.827139199303827
1.85931864417824 -0.657370041598779
0.0490477598401631 -0.441485499060363
0.371971441881108 -0.56161893477075
-0.416194338324289 -0.15975866644713
0.121499472534434 -0.852758138003781
-0.85546939234651 0.0947096972840224
-1.2382427734078 0.42536620956868
0.553417052236445 -0.645070936392402
-0.406526807238499 -0.595411474197866
-1.51988900559679 0.404801462242127
-0.451289004263319 0.139453151222945
0.864937663002857 -0.472585361622278
-0.959613437327572 0.630345368202361
0.641567741573525 -0.501901165509887
1.44011979519402 -0.565489365115914
-1.06821535996819 0.150065998652969
-1.76079059436389 1.12436455729704
0.217741236100995 -0.348106093962572
-0.986522906775033 0.172440784064663
0.0882813625278321 -0.465210007636821
-0.695302408215588 -0.107488260937478
-0.0848108044858434 -0.421611238911083
1.46338502979175 -0.815646432381002
-0.988473136678093 0.217244528355666
-0.941422058664148 0.211064201852514
0.273611405342891 -0.910632044134131
1.19770462404623 -1.08116724833177
-0.530520986906915 0.206238829271543
0.440436736810027 -0.371197258393058
-0.491009153979072 -0.564944917104442
0.336911805081454 -0.0616459239208118
0.266667227424316 -0.34522338920472
-1.31665203023891 0.35419249483768
0.363503138384926 -1.10132065193285
0.395923695494189 -0.524671931365288
1.60968423620579 -1.07875891737006
1.18980353415676 -0.587443094381812
-0.398954531033472 -0.000661108813342803
1.01595684830279 -0.918270421519083
-0.853617017594945 0.505529231404887
0.495201314868665 -0.981347759525728
0.580528568187289 -0.657328603847239
-1.04391302143995 0.668107021752398
-0.8255806070617 0.353338733168432
-3.1873734404736 0.569872002000608
1.53655529108571 -0.612513978372196
-1.51777482044631 0.494168754514964
0.64632339456154 -0.930318048361575
0.697537916493027 -0.884521463617112
2.03394500997641 -0.700404099687938
-2.18308320823904 0.899652996165367
0.744754308106023 -0.535901175869505
-1.02319973487626 0.45038435976728
2.00611410870638 -0.723039483002125
-1.25191050457495 0.681295247371612
0.722643614779988 -0.931468803189936
2.99233948596341 -0.951129586632118
0.915202929872639 -1.20354293955482
0.870079191926024 -0.735221144621405
-1.14224306012812 0.407783742376976
-2.24272861454592 0.934422341680329
2.07222638032024 -0.964651770224027
-0.55256189120468 0.134846576035765
2.80262835016672 -0.802316566152299
0.19611382992436 -0.447628089895312
-1.74301216731759 0.612070736182293
-0.436131812436992 0.249320392979671
2.58194250362648 -0.865252981439047
0.159086228258049 -0.480039263023911
0.428463986503509 0.000487525050280158
-1.13230682109505 0.300603672976981
-0.344378241226175 0.127437230192822
-0.37506486846072 -0.168244894395449
0.781371822727478 -0.81731640837509
1.30871576544676 -0.799501748876091
-0.201947494851659 -0.464468802620022
-0.501870733970484 0.201591546229982
1.25541872111004 -1.2412589601078
0.466636601247294 -0.859119153236314
-1.04528869437949 0.3941465740311
1.10174864578247 -0.808547324460367
1.10144794483106 -0.772711166749067
0.457870067922113 -1.13084345709562
-0.369517252747619 -0.318262893201152
0.253970509394796 -0.128363129483063
1.10709014173139 -1.04540718048472
-0.484580640129941 0.00378029026589601
-1.02571446389662 1.01269819490235
-2.42435502874855 0.976755226859308
0.0769588730338952 -0.386898674781912
1.65180709581879 -0.73053554352158
-0.269701418936366 -0.153782423840247
-0.616312347799247 0.071987511630449
0.575315198314554 -0.285636293419291
-1.86945198312491 0.50231894752909
-0.932344563033197 0.14001235372454
0.572817426196716 -0.530068695126329
1.35566139212593 -1.33573358048996
1.20342834888014 -0.827115580642664
-0.336975574047197 0.166658944723864
-0.4555291666613 -0.328966022935232
-0.551326428488758 -0.0817675144644046
-0.792490148314412 0.003909412831679
-1.41073716423052 0.899464461450291
0.32086880296023 -0.641239336573142
0.724363754789573 -0.309657790557608
-1.33694515719756 0.871930453361123
-2.67171468875641 1.44284065042466
1.74802546703463 -1.18640027874294
-1.19398241437649 0.230016916706457
0.447810065239659 -0.758177001604647
-0.372803816124646 -0.1489449680994
-0.46658888197377 0.0555907513427842
-0.172217777330401 -0.435909698656086
-1.67474753898998 0.598206105002902
2.61170143578611 -1.04646735742707
-0.190950686648718 -0.472818823400333
-0.557788207354027 0.213866689853777
-0.894305991660667 0.498338734297012
-1.15745672105771 0.479122871987074
-0.595690559249748 0.0576737974171382
1.1442419342335 -0.193569332675196
-1.7108774787094 0.531944945509306
0.3806967913322 -0.470504490359376
-1.46225738258785 0.31261662297704
0.277082970685843 -0.720403391867317
-0.684947943709569 0.543225271529446
-0.313298623851517 -0.359765206453245
-0.53362321728705 -0.106100958354306
1.18709631835931 -0.927875706554288
0.58861882375168 -0.740586930910209
0.386279036959515 -0.710365389562295
-0.879099324532047 0.44216751787058
0.27645352311579 -0.902401435729885
0.536728188509219 -0.282911163817282
-1.67299267744727 0.713080463024515
0.368560744845855 -0.449816477333818
0.188823257924979 -0.702313243499418
0.940537069022568 -0.89032706421793
0.253964399523299 -0.660055400683566
2.30584175885374 -0.880529715043931
-1.82500912024214 0.589037764994325
1.61950195867753 -1.03755796947029
-1.60741912370054 0.433934829966552
-0.969324682358712 0.797580936885187
2.77399162494581 -0.764002266217131
-0.694431807101976 -0.0791762263769195
-0.292620318558368 -0.514101599340494
0.550948514255616 -0.408231090907116
0.272683328304887 -0.671260976745532
2.13387208381184 -1.31350997453398
0.920149126879862 -0.773691394016674
-1.22739952461514 0.69345660955726
-0.102610538838652 -0.211489563657131
-1.0842788210363 0.402473980731538
1.29504707574454 -0.94928284786075
-0.197939749496222 -0.0257951732959082
-0.0522862012230148 -0.681225625528604
-0.874875728082019 0.793654735944871
-1.97825999376084 0.6272225655499
-1.5045830759069 0.903985583375108
-0.225028828919558 0.0956167310162284
-0.0192475470938333 -0.852918294307122
0.475516108850365 -0.695872177662026
-0.820559879886077 0.540668499302478
-0.0916070553271493 -0.333686076963945
0.829720536899094 -0.640508298647936
-0.239748004612267 -0.51255161265492
0.864389055443314 -1.13063960696339
0.821869876558338 -0.489766715029731
-2.34610232191135 0.667231988026601
-2.25787694480628 0.843982322033993
2.41772418559588 -1.23913731721781
1.2377490942001 -0.869977991049739
-0.882638797227852 0.585291521578749
0.993468537703181 -0.646644139241939
-0.291333404122872 0.18046530136772
0.720385932719477 -0.777388037551187
2.10507230938722 -0.164467239249883
1.77806765961294 -0.674545867050364
-1.17284042507175 0.471733751251528
0.835087494774334 -0.604814350113966
-1.60092952084422 0.315164906158288
-2.09232315543058 0.307169292741731
0.239270043817845 -0.332191363172034
-0.066786536753696 -0.501890674077526
-2.61249089057463 0.661790772284699
0.949481807837066 -0.972361487435351
-0.783108611878322 0.0689268137078335
0.635861847545285 -1.04758872524737
2.31469915079438 -0.511446943527433
1.54743270370027 -0.39815577280641
0.922740850873053 -0.377941122265147
-0.826888992477404 0.38458361992267
-0.46846696155682 -0.035721812588028
-2.12905894744374 1.13709017013344
-1.75215044259319 0.476702646455752
2.29158370465286 -1.10740207660289
-0.488393847986268 -0.200944743995938
1.05065134232637 -1.05732103628952
0.367766426050979 -0.360969542004162
0.896750638344058 -0.8289654563134
-2.45401617258675 0.69137502763303
-0.18211334864956 0.0753001308541291
-2.17252274513838 1.40542073001454
-0.630898447689177 -0.241959820281149
-1.09959667463263 1.02750602876705
-0.900640570501461 0.940733341312017
-0.736745479552301 -0.104418473932281
-0.0298972738814048 -0.305275082115207
-0.424245004931921 -0.224381783158593
0.561982233953575 -0.70192369124892
1.37912795494452 -0.619984787664368
1.67834175707769 -0.693520551928907
1.14330404759784 -0.950149712293543
-1.39921947030651 0.949211905166607
0.796618415408942 -0.610907570272094
1.79309675328484 -0.665114181744507
0.821582411015519 -0.737371635172292
-1.34077877493177 0.588267330679293
-1.17451325758813 0.726219483740963
0.41455370685658 -0.662680615433158
0.867563130765923 -0.886427474253646
0.390582345315399 -0.840937579635476
2.32365465158633 -1.35210409881007
0.7588529597651 -0.774501954873144
1.57827330473423 -0.808661163468079
0.76628396745187 -0.597155421840544
-1.47526845786658 0.298440460513961
-0.895948213793902 0.433430204898384
-0.545156464911417 0.283256051016707
-1.55071465919019 0.734776258796556
-0.740377646664842 -0.232978390205009
0.470062747829526 -0.861514931232229
-2.37048478928953 0.622709739900412
-2.07126285452388 0.855272828809159
-0.124872529799913 -0.68914850813561
0.480206372286864 -0.648571676634831
-1.23542703781189 0.319776211377289
0.252773403419992 -0.734954480232723
-0.200425202849153 -0.486144096052457
-2.52458957017162 1.28441326312713
-1.5605958465348 0.705595571589913
1.43236670769438 -1.16793654054915
0.695006935237392 -0.524523624952438
1.27902502749923 -0.641632075047335
-0.217456048345105 -0.2095020095298
0.237515281115236 -0.4288555155846
1.28001677845804 -1.39020681105589
0.726511466314286 -0.772616602737014
1.9871791153619 -1.32783276602874
0.493120783144463 -0.830982937762093
0.332881694890538 -0.417570794943467
0.716478499546577 -1.1305887909355
-0.00853793171448214 -0.532140466904377
-1.17796894979995 0.431359535641309
0.364401738901274 -0.426678206380593
-3.60648229607149 0.770776909329716
-1.18055534876193 0.525437041024619
-1.72708665347897 0.701819290483831
1.09026460007254 -1.10909712269827
-0.0258463388339076 -0.514675142331214
-0.697530795725289 0.355499524478281
1.47869654210813 -1.19244642151186
-0.195731664422732 0.0235424194386123
0.951047501269584 -0.972563788703114
-0.369850783516119 -0.00987384816340714
1.67764076180303 -1.22768310404964
0.279511892702815 -0.316833391316749
0.397940588721906 -0.64868915091595
0.938849078027853 -0.309810167338903
-1.13466796156324 0.279724956230543
1.16400929619414 -0.75413625358769
-1.04756829895119 0.550874537659533
-0.283940793214752 0.0185633255631994
-0.482759264946659 -0.0705539049682397
0.641646020416847 -0.753252586780499
-0.683758794283742 0.447497135655128
-0.494993353315801 0.0800496804621241
2.00879058686581 -1.01886942141809
3.23299928763273 -1.17785011230433
-1.62266269975102 0.552400026542692
-0.290814632859778 0.172618346181357
0.559639845493874 -0.395710557388086
0.955328855800963 -0.387178245687415
0.323887373273896 -0.691431198509481
0.786457795202052 -0.296857715158316
1.78981484936823 -1.01842146481938
1.21355931141108 -1.46114172901682
0.917834089292746 -0.744501925616129
0.542986527888474 -0.829127633121679
1.63692904753979 -0.755830277839213
-2.37726518907719 0.666849151959853
0.821208729775976 -0.956839050236857
0.332962929204102 -0.335918548820198
-0.954239261421923 0.747481219810008
1.1815913816707 -0.950885028696841
-0.926527826703553 0.22593385239617
-0.144651119892035 -0.321369494418309
-0.50022238362507 0.180344006201385
-0.374552541439792 0.0810373327443011
-1.16167993018389 0.219487134658943
-0.00553390566283342 -0.247994074731669
-2.13286950495554 0.385724466349869
1.42292523564759 -1.25354307317171
-0.216977049693882 -0.63558344874868
0.367008242156227 -0.580250016984629
-0.803476957806806 0.259465557072764
-0.433236875773452 -0.152723391136815
-0.279348504086687 -0.450152004011148
-1.87981220157107 0.494539220733727
-0.507522169791434 -0.0437499866658881
-1.56031535052873 0.128180956259432
2.25005608216344 -1.00594645989657
0.54414477687608 -0.811586132041664
-0.635315341004722 -0.247564556842975
1.13113074189538 -1.01544631340645
-0.0777078106586021 -0.430389348152869
-1.6218072749007 1.1083140763173
-0.635878998641986 0.119190695936209
-0.452643273387834 -0.12306819883005
-0.0494375376278732 -0.818650606879195
-0.265863907801648 -0.351663200042006
1.32813088758231 -0.367993485077007
3.41565601307996 -1.23020421934371
-1.74245235774527 0.866448982141438
1.58426835577653 -0.863923538301149
0.660718705466966 -0.843064330879017
-1.44135831019055 -0.055611749807711
0.0449630596053397 -0.697871055069029
0.514764995152626 -0.512613845561142
0.323832617936025 -0.385364007191922
0.837840795863212 -1.10271807872414
0.315232987481502 -0.556666084328833
-0.0155142618825548 -0.536351950316539
-0.012983209581359 -0.436664049998728
-1.73309785333059 0.576545634647227
2.19556735073099 -1.17218492951082
1.06461215265014 -0.556012162325802
-1.1333576573625 0.576553848310577
0.704715862062464 -0.777632736698956
0.225172540711233 -0.608272121889461
0.12127927012958 -0.622754365246146
-0.158463890968683 0.111083200622332
0.116983961828004 -0.291696458710416
-1.66455527504006 0.97423592878839
-0.54950604306834 0.456152586423788
0.778281440790375 -0.504547082706153
0.77612383265029 -0.87515812080547
-0.596264905639513 -0.0174126603813627
0.705675988786889 -0.769527757551117
-1.25618564303017 0.456783358668098
-0.0183723581235043 -0.701732513825085
-2.38502352075762 1.12930135797272
0.19496474733061 -0.403448547595417
1.1573046416828 -0.928415416623338
0.553011787563179 -0.449803690957777
0.990991181353255 -1.14326009339248
-0.0828549137706467 -0.905600551646684
0.487070629802334 -0.421937403846242
-1.00402585104022 0.842991315053996
