0.0333139488878761 0.0243560455877905
-1.66596923446292 0.410565202393537
0.704095437791883 -0.185592084433456
-2.04938412061592 0.44281712250931
-0.419829929329183 0.547299929693249
0.668895682898832 0.0126576140894141
-1.14674061248234 0.491800611911787
0.416556310926406 -0.0281213972036283
0.380160962763849 0.106352359254772
-2.53070186456586 0.909239191585917
1.06475315876076 -0.333979680149479
0.902282578179912 -0.435313721493914
-0.724696913881408 0.0736870890097366
0.905125959763196 -0.109810291901904
-0.159664559926722 0.151738548078414
1.02659478337779 -0.454807920759932
-0.75170377017312 0.486979156258967
0.0515272356887376 0.00835944217780674
-1.52209129315131 0.589203919822913
-0.90854371847843 0.484837973610199
1.09127440533017 0.133735592849007
1.26081081830542 -0.577282882392694
-0.763325254853851 0.639092148406526
-0.800759011837104 0.455987085878378
0.0467248147942566 0.174074382139921
-0.168013555084024 0.167829462142698
0.700964818708852 -0.404958962925424
-0.129947268531936 0.252914165506862
0.606266828084022 -0.347051702298686
1.55974803280239 -0.595485440363442
1.01226680061121 -0.595532193461456
-1.19401643936623 0.811458403426364
-3.53095282696851 0.660345563701443
-0.101146785735291 0.0819161334241892
0.875427460287452 0.333850486050758
2.00682573117763 -0.373692778051058
1.57051798309993 -0.174138654714629
-0.0354911315950582 0.232132253349289
-0.465861590454252 0.410953211110937
-1.61321973292191 0.52237517499519
0.851855464388461 -0.102795205108846
-0.485126265275746 0.53992779073515
0.433678999130613 0.0743334834868077
-0.686430904803073 0.295097156840391
-0.586627372970635 0.257026154065708
-0.253652571179127 0.1535108829487
1.37100585012932 -0.419980708225176
0.0980155606020661 0.346909858379509
-1.09078880058907 0.468371529319531
-0.23682041675128 0.197991490464484
-1.92755772625186 0.609869896449345
1.03042702525921 -0.0879206625334954
0.851166046249956 0.515174234075824
0.967283738800143 -0.77794026622408
-2.25015415280083 0.668427561705684
-0.385637013002326 0.541014687839772
-0.123834949595097 0.208393186506809
-1.55162331213142 0.589602701047501
-1.29199243077574 0.72814858210382
0.864847714855935 -0.57535425139488
1.26263693806459 0.00857508663073303
0.923915076863655 -0.223052529087868
0.539036385542429 -0.190782832134247
-0.583892839666758 0.245417642147067
-0.484563446284316 -0.607707235026362
1.41207865171009 0.116401881175396
1.47043566930254 -0.154662355718701
0.0235300050332361 0.26890022833233
1.01799315311205 -0.0900741622211178
-0.412678794128303 0.401261703067436
-0.330315043903654 0.333395305547324
0.458769241608243 0.0113893326037034
-0.511664300729741 0.0924691270937146
0.905357237008761 0.313271551880344
-1.2150798065809 0.645510104737218
-1.50329943880882 0.237367101541939
-0.522723779824385 0.0499287833817076
1.31760826900713 -0.461967715763752
-1.28994399670558 0.719788111946246
-1.99231744671812 0.536389636307673
-1.22704472978729 0.518630731735265
0.0938788554891043 0.347181601652563
0.64886760838289 -0.150379800822039
-0.0161833344643807 0.033076945325192
-1.02214824710306 0.359188192067966
0.520896780679995 0.136635786673829
0.0153888222467161 0.344186198402671
0.685830803897391 -0.147167211151054
1.56613851335326 -0.661369660321884
-1.34405126276651 0.289809759267113
1.83886743362897 -0.511167159183919
-0.598878819231536 0.615871665704217
0.923094810558405 -0.433195090210829
0.58329832119244 -0.173926150343162
-0.0948800136680712 -0.269423833221241
0.855973870032291 -0.159700409401222
0.9489117976752 -0.137604152732145
1.19357836130892 -0.189022626467935
-1.15111001755776 0.442314116873111
1.06399269452725 -0.39083113652299
-2.41668499667884 0.324438628463302
2.22427028796223 -0.180336536873095
0.408147661526209 0.224471424735592
0.77169442735016 0.0334612013706757
-0.0475802857797422 -0.289934368631413
0.795130947519172 -0.704652790522852
-1.03011830990125 0.431161942869883
-1.01216331937536 0.568852733458
1.26560057263693 -0.0955887984955913
0.30365935214904 -0.0510058855521356
1.02243644946202 -0.45050743790759
1.43381697532024 -0.450620454519769
1.82238672464181 -0.596191028909115
0.185827200525884 -0.177404058107514
-0.999896636641157 0.591787951303259
0.575483497117005 0.136549440923131
2.58325285877801 -0.182548567662999
0.13532291527023 0.335226077422973
1.40595147796973 -0.43117334686409
-2.38809277933637 0.505239296889733
-2.84109810252584 0.549856411927283
0.388812536187202 0.238453340487948
-3.04358316651239 0.639212944014216
0.146044992870214 -0.00208966496755739
0.170085832986243 0.111995870986865
0.606520348668392 -0.215810424440908
-0.135464043670911 -0.164246306315107
0.335876830684848 0.0979609230931029
0.178339977199588 0.184947347706194
-1.2239919658015 0.122576012238957
-1.92522589614429 0.784088076700837
1.94303504204983 -0.548178549281747
1.95991914753483 -0.110937809647753
-1.60969116676375 0.406615506899114
-0.0157112097647572 -0.280721346724244
0.534775309478593 -0.152729424435356
-1.84058375416513 0.284231060976454
-0.0471148839716556 0.257841957930869
1.0177575397645 0.257423836877481
0.207229620328182 0.084534997030666
1.7987485346071 -0.315515686249511
-0.162495329736064 0.274181293314182
-0.462321209050875 0.590723292288233
-1.14824721173212 0.639429987958627
0.278092981407038 0.0289345877711511
1.06072765279077 -0.636535926526854
-0.313762912467824 0.717306849644645
-1.29102450049768 0.809060221559901
-1.55576420752027 -0.123752423599789
-0.0292790176855235 0.179281692750732
-0.519628364415522 0.217466794997679
2.86977229355733 -1.04762810686661
-0.901399937622448 0.019721927257588
0.341863177801448 0.103373046906097
-1.00780090370626 0.459339727524722
0.253002685227448 -0.196023407343699
-0.0874341616974991 0.651110485391061
0.508330881136222 0.28169894230262
-0.576963992795315 0.765092790561171
1.64767695893968 -0.360402290004456
1.01648201869227 -0.748375679474204
0.357464200219955 0.242832455410257
-2.40503024779784 0.998271087561341
-0.47906511814787 0.321267549728086
1.07130594943907 0.157034780003082
1.25740926374396 -0.340519105265942
-0.328529520059734 0.138484854421027
0.61997887383267 -0.205719184293138
0.717062553465962 0.122766000089256
0.971773971152656 -0.154121351229797
0.54085571459786 -0.181597659376201
1.7461026015531 -0.391234395717532
-0.284157759614783 -0.0759042906970625
0.0794302821197105 0.207939808514635
0.0458617121716915 0.135752565822655
1.85725610906913 -0.365937008570497
1.83645612089874 -0.128492676042035
-1.87669606867752 0.280142190056057
-1.62106752091192 0.954394818919597
0.993310055656948 -0.395864152339599
-1.19987693088833 0.843183426445551
-2.12116753336546 0.300722298764739
2.04428365326426 0.0258045897940418
0.141613167921765 0.429862775450719
1.29204722204045 0.13461502120236
-0.960479884418953 0.522395994842456
-0.0931073056823796 0.226730009451611
0.605460375595948 -0.154505560047752
1.39210100159499 -0.286210651592415
0.527442540810444 0.243225126049262
1.75475168081216 -0.672328060097977
0.462973359378823 0.0412360666490899
0.994589984242298 -0.449438782683599
1.76587562980849 -0.358080073192352
1.33756102845264 -0.109652604104267
0.608325305347953 0.0163902586749499
-0.16062260663899 0.747918560410868
0.79729013965249 0.310045185607151
-0.118381331453577 0.555669215508787
1.48854168259818 -0.509090327816631
-1.10715812515414 0.423387686018216
-0.877200771534376 0.592929509584692
-1.31229734169478 0.530816401948838
-2.25125060345903 0.818058044914984
-0.734524082893795 0.964379714186116
0.200967683037484 0.144735287977439
-0.927103733912398 0.522796289335764
0.0585955620940643 -0.0513704562723062
-1.75331002559589 0.794048373429554
-0.595018950221197 0.407172295479748
-0.875526090210086 -0.160069247594773
0.331644053743002 -0.0629547741239302
0.406880838877296 0.263532341039374
-0.0310355206419657 0.0785437511494314
-0.0406950372078896 -0.106035415594088
0.354810065098225 0.200187975675094
-0.363268278672085 -0.0625823739083611
-0.364204771854083 0.48865941626855
-0.888499451736975 0.225007039159748
-1.15540716797839 0.474600288481297
-2.74578286873911 0.499451909016894
-1.20226923219144 0.318840847143196
1.89469326013832 -0.44081133430085
1.00632219644133 0.110973034606107
1.08366378126964 -0.266132177804941
-1.16272282171073 1.04201804668485
1.07766121704717 -0.48099305029232
-1.54804312839528 0.675098134066817
1.99604011235807 -1.04357946318624
1.52880288250685 -0.77758185259972
-1.42684494462126 0.158214290641751
-0.929838679490265 0.994562324184745
0.0111487216042457 0.0311739539094939
-0.90198047451839 0.348385834359737
2.02486968997077 -0.516711103453633
-1.2581109791996 0.482726622660423
0.475910727316093 -0.405498763938732
0.50677663480422 -0.00477070816236128
-0.559505611707101 0.349397412447079
1.09817600773702 -0.584492482958737
-2.60204831129719 0.523914984055936
-0.214716638938965 0.482051046913948
0.309327915996559 0.0496987617740236
-1.14742201997374 0.643211627124507
-0.802339459270035 0.264540943209391
-2.00739469548672 1.02218082807003
-0.0573491548270952 0.165644806211626
0.53298350455706 0.385424304441636
3.1590993007839 -0.280358769712972
0.705792964529732 0.179448702868235
0.837570669534669 -0.0685445153895617
-2.13127099289793 0.692403353534118
-1.26698836460778 0.674865444661362
0.275908506851129 0.0139084301546176
-0.531818208585873 0.390146954469744
3.02230793088672 -0.563567396441259
-2.81257558831273 0.322001930214645
-0.319423012695426 0.701781958848164
-0.118764448684972 0.0438216816113811
-1.12374829053158 0.547696983541972
-0.830102544691909 0.548673436232044
0.00491790802499953 0.50385389474671
-0.410851784735916 0.294588343844061
0.801491120508527 -0.19661742639921
-1.29107707713846 0.508136778614135
-0.903454133635179 0.234178084792856
-0.391579616752907 0.19159619821215
2.24194401237761 -0.41947134926238
-1.26887938897868 0.368892885216034
-0.254659199506945 0.162288709598018
-1.92525605564612 0.00558828545124412
0.937533191123381 -0.133358307578175
0.298337443500803 0.00519424140185364
0.92133231606958 -0.46351554594218
1.13983870762804 -0.590928319776256
-0.0606566553439125 0.268395787736518
0.448021084107073 0.0985437749255622
0.116174480497231 -0.143046827490557
-0.0845134059549681 0.316284748388361
0.304381286622231 0.456849637026926
-1.3180078569524 0.174195852502948
-0.216511610709564 0.383413925318372
1.30719621080461 -0.714940305023232
1.62908973497099 -0.805135370300785
-0.448243614757961 0.731541757784842
-0.382993141303204 0.237512826290308
1.0830703958243 -0.118234655574722
0.96638803633221 -0.0650032608154381
-0.0328918841558798 -0.130698250264788
-1.11648357628463 0.361810157690804
1.41522548302152 -0.261056810568475
-0.64731140427953 0.420344939286592
-0.736762424915137 -0.0854598125215108
0.216432334729124 0.318170310171019
0.947640720415514 -0.0417005425800739
0.637903926524284 -0.274052916333011
-1.74417087191251 0.122269870979898
1.41085150752887 -0.580279997674976
-0.0228202360460863 0.138804519495153
0.805328453132112 0.0609571253764592
0.342904506112058 -0.0214988008678275
-0.462194426083932 -0.089948784167006
0.176136815006192 0.4599985787055
-1.03072149187735 -0.231956185581953
0.0930318448838754 0.266427233969786
0.52584488872304 -0.200410787991296
2.07331097154304 -0.486253439968933
-0.0068873155853192 0.527600792403975
1.0501390931194 -0.324337423242149
-0.561520771435756 0.469832058698093
-1.33080717393221 0.66811164471551
2.52819952130591 -0.731047871146066
-1.00967443605335 0.531975496306867
-0.00945948745278701 0.736462943649869
-0.192653190396486 -0.136971749696981
-0.230037686951112 0.613630570056521
0.347658154541551 -0.235675296672007
-1.74449637054658 0.712219508113591
1.23057103909535 -0.279522397690763
1.67452005044427 -0.66858352773903
1.01240125345304 0.184844892069052
0.249786371895898 0.0895367471929311
-2.12656043292245 0.637108297701012
-0.348570333702287 0.246447108662602
-1.47053140131179 0.614483605765761
-1.61433456374102 0.487691354112303
-0.27259904337949 0.307254682306813
-0.487168625625412 0.419268905606959
-2.0591829717144 0.835940357145026
-0.0146437674070954 0.267695075757564
-1.77803206913475 0.465903377585632
-1.50019210608891 0.468870314960503
0.326588698858921 -0.00198414218640661
0.484710021745443 -0.0184584360403824
-0.890316299661245 0.653306907273295
-0.737939504697593 -0.0246116668549475
0.82273188633593 0.11479317347529
-1.58018783643301 0.277629574266522
-0.0690493835292542 0.70620870106837
-0.719968720863723 0.107917514826399
1.12678546566796 -0.109361457963767
-0.387468539610679 0.037671299436935
-0.587889666454477 0.544684982774211
1.52430772087646 -0.775209532298055
-1.25617306684379 0.417588986262938
2.45937837494933 -0.326959454701089
-1.95893535476429 0.511941202524943
-0.643465832861013 0.45839779535828
0.369446191244949 -0.349466303834317
-0.954381641638308 0.106241234749738
0.374247036048675 0.258189649301904
-0.37930142406964 0.394874255300278
0.816197780842586 -0.17956826546746
0.569982782110539 0.135160835382348
0.487231973975471 -0.148511082468582
-2.33822369867362 0.334598094630797
0.922570669110106 -0.087710834511428
1.75986606315227 -0.722915899574975
1.04132192354702 -0.435134673441193
-0.923175126300475 0.828554833757126
-0.103941584385736 0.354209655610874
0.662551872952169 0.242913668620382
1.72985682439811 -0.472260743934321
-0.0435222408685213 -0.275710736205143
0.645633359700446 -0.340736971251612
-0.211692376205763 0.232879886555069
2.17060194743292 -0.235699948089356
0.569846298302086 -0.475687185475366
-1.74460821788694 0.764551149722314
0.248964823535938 0.211261722032958
-1.46585195927846 0.337142759193214
-0.994523677456858 0.432248624933681
0.455391424223629 0.312885395392661
-0.254706961638272 0.582117545251505
0.370696262990851 0.159642894760406
-0.920621653867035 0.599104353493344
0.79370818830735 -0.634253229710727
-1.0582283036964 0.762206082690043
0.233084847345495 0.59907435499664
1.98462366236034 -0.253632284316451
0.699915288056716 -0.585628442772768
0.30555955512103 -0.220415018276805
-0.860287455153528 0.453327688295187
1.05670106510563 -0.162011540647515
-0.288259742701408 0.710891067797498
-0.985773181512819 0.264041056129437
2.12518762734085 -1.03270450519973
-0.94551359481622 0.176138293832305
2.38266719051026 -0.641382790208893
0.296095074214313 -0.159522163468042
0.258333244411379 0.290045182325119
0.906661208815232 -0.393135269726128
1.82108465241774 -0.419013777590028
1.58057713872967 -0.0894409228345111
-1.04213457014192 0.51676260305249
-0.457288017648612 0.313999235706434
-1.30415320867485 0.489717964293196
-1.50351536811907 0.523414485067797
1.22027368655744 -0.448209539823156
-0.939494092401038 0.389707774920114
-0.671499450381422 0.324344034916552
1.03820377529064 -0.430035178584779
0.760623840403613 -0.198082230543139
0.38118690775776 -0.0709963669952509
-1.04312634211224 0.539579378851886
0.679611369585902 -0.366590532026647
-2.25219229722509 0.536422493431108
-0.654255704283814 0.501509571452997
-0.190374446454747 0.595020034489616
1.74124927752672 -0.53971377270181
0.780615259709464 -0.352577774068784
-0.138070889589396 0.40948309308106
-1.4292914508663 0.297868491506162
1.48160568077893 -0.845032126602427
0.0464377449286935 0.472070990575375
-0.733839814549585 0.727073149708501
-0.642251683359123 0.394789600279124
0.18311786993834 0.901879374964372
-1.34577866163211 0.695006005865734
0.514121540592041 -0.12306770959112
1.28433489688353 -0.598463785483577
-0.892411245429619 0.382863928323671
2.14546644985343 -0.717195175420731
-0.431487576336792 0.115903848821275
1.82126942840022 -0.495898267709423
0.752310541085102 -0.0441364988758776
2.71006900783991 -0.29052104965471
-1.3794711238255 0.569400966831001
-0.879547242434167 0.114624124337719
-0.846556912079452 0.876067085249337
-0.254820181277793 0.0566012718067356
0.914914074788386 0.0891045704910665
-2.45370152971217 0.711509782254475
-0.320437929872293 0.472141611853014
0.874641048265995 -0.00273567731829641
0.87765100730668 -0.212932248396379
-1.44399775824175 0.786169206352485
0.431098698027695 0.0554906305853426
-0.375551409783216 0.708967228237289
0.97909025959952 -0.0668660742189092
-1.78967119343859 0.855475906043548
0.906190004987161 -0.183468909531226
2.64301068627566 -0.53844132152802
0.347254310200786 0.0963165365957465
-1.05931193205696 0.445264536406622
1.20214517402827 0.0254193705695905
0.295029547192094 0.0158556076951663
2.08785313462426 -0.482665354589632
1.16981121865325 -0.138739384638047
0.635444784856114 -0.368221229659192
-1.18475324965715 0.498285820054108
4.22065644431474 -1.02581227841891
0.62699821109801 -0.0516654944680138
-0.700878146816089 1.1930657982949
0.611094619428054 -0.387278126586722
0.205519310407201 0.193248283362246
-0.00725614827679518 0.0963194714640412
1.24840105799373 -0.433166931823693
1.97200908542609 -0.641771041457526
0.737630841431716 -0.169789410169066
-0.466491974068603 0.121256193365668
-0.147148271437057 0.323235125719151
-0.690753525766262 0.500658004872851
0.635825172051646 -0.421069903269129
-0.752342911014542 0.508662718614421
-3.19045091129652 0.575493900864312
-2.87720978064158 0.46970016080951
-0.970968084737898 0.805090923506721
2.56923085930773 -0.130861467875389
-0.0345669803228777 -0.138483198582207
2.63421160989265 -0.410944171569666
2.05741764680845 0.122754963199586
0.854955735678796 0.50225735469335
-0.448428853642585 0.391941474654089
1.23370218378302 -0.457572339297572
-0.00340724142060439 0.347640538284087
2.23014767500264 -0.297562671199369
-0.912937834296816 -0.0145674574548946
1.03968859042371 -0.207896833018214
-0.895160617230003 0.601624050645404
0.916192718730947 -0.0831577502214025
1.40075948545074 -0.557462491178363
-1.59809827751904 0.460614201865714
0.698945059137487 0.0832201286425696
1.76289406999931 -0.485223585184305
0.726830435848004 0.143525169146448
0.140112905813369 -0.18892461752178
0.763854783725278 0.0816480430408159
-0.234167385136336 0.26006558732571
0.913077646889646 0.235458615095062
-0.155374723219653 0.731610130161985
0.7804904491636 -0.230048236731848
0.655865281288475 -0.042012640198007
-0.732119604994537 0.380143824493735
2.10125871136434 -0.592163172607668
-1.51504289409371 0.469893580779265
-0.154797746314692 0.088076339686337
-2.65662281930499 0.553188317892814
0.940074194781471 -0.0401579502412936
0.980220544005441 -0.187602645928846
-0.199446279295263 0.312938866774221
-1.03630037810908 0.290102645360597
3.36148082683579 -1.07201827734517
-0.505736416264807 0.55031358809772
-0.590446675501505 0.0704153942791125
0.71778035607244 0.109055352515525
0.318024979228943 0.370446703201438
1.17129342518463 -0.375199165666706
1.9794970287543 -0.404920168936788
1.93017523929879 -0.223682162543295
0.213914207076229 -0.110038076340991
-0.702328168542445 0.815974260646629
-1.06432057444241 0.0188456829506071
0.603519800518766 -0.388694171953324
0.285456909176473 0.040159926648635
1.4817645722097 -0.268204148858216
-2.05601169740941 0.638729698106101
1.84686961940796 -0.390453953577693
0.735413434865342 0.0135609844632299
1.24401448618969 -0.755823318136085
-2.13292122108909 0.607048318388544
-0.443587308054381 0.64673488287885
-0.603431209836212 0.227144758242387
-0.0941478231206446 0.33392322315788
-0.18050442307931 0.121071044986571
-1.1392780212303 0.635039350501015
0.243355474352486 0.352779607832205
0.455772283148262 -0.0232651814103583
-0.547948929476577 -0.226659231858594
1.05353203084815 -0.382097720771136
0.47702036144293 0.165126146104984
0.854864796832372 -0.260477146823102
1.8093452650732 -0.224237599650493
-0.426284455655527 0.131560379162401
-1.74434083134446 1.01943963227442
0.549805560625592 0.162340368381721
-0.988918944170288 0.203960954202327
-0.314478429208363 -0.233052103903943
-1.25504678662784 0.201933916550592
-0.5958616981687 0.533995349616438
0.29165531784064 0.190767262777064
0.0151512519904419 0.515784796339737
-0.135484447641175 0.270360244410079
-1.4490762982365 0.215052247280896
2.23403347834185 -0.831338642539749
-1.2197041156805 0.399731869031835
-1.90752910031568 0.872599384176181
0.234776237284775 0.0653516316585404
-0.166148984590123 0.178134258045784
-0.113978763232797 0.329275493272853
-2.6659880325518 0.190643038035631
1.87660526050366 -0.28640524416947
-1.0303840024716 -0.158078737526971
-0.683270447331866 0.746536696071607
-1.24712027633664 0.672758030700929
-2.47346669966152 0.28852878724085
1.12728482654675 -0.763049639476862
0.921641443467287 0.160910082059046
-1.68168298855468 0.721362479091947
-1.97719916124973 0.384213768088964
0.699279849142885 -0.368705997029929
0.685844910831121 -0.395941086662897
-0.074768714781537 0.344240288004474
-2.2294671245128 0.704241798212237
-0.123780375075831 0.361895490156977
-0.209873303539515 0.0731989576186119
0.195504345049376 0.411677076344684
-0.914548490408993 0.58225443106183
-1.82691305139004 0.547513152952168
-0.611209636246635 0.0351840430750747
-1.20946831012299 -0.00718655910592092
0.534658736423958 -0.23207843726553
-0.645029560040788 0.510340127144793
-1.46924884919214 0.527162202988828
-0.400477004165733 0.866125279585095
0.97471576183061 -0.158011333887592
-0.274713013619089 0.403495000950895
-1.20631893342713 0.77220837752541
-0.926924714433767 0.700828195348601
2.22909140674839 -0.649148408496801
0.979464608721065 -0.594897201987353
-1.55035766407144 0.517795756939286
-0.0550372955812525 -0.184354086643501
-0.0187236824438162 0.266133780448355
-1.45373162807999 0.123221453232136
-0.604068526767569 0.709189502131623
-1.3358779304694 0.307720025079029
2.93382675005017 -1.07925096932408
-1.67565842730788 0.430388973847766
-0.197798372041622 0.0430255345193172
0.271019088293614 0.343644051354369
-1.13705254578916 0.132576061565653
-0.86642392987308 0.448562073095655
2.62755381441184 -0.534973869761468
-1.1119355991309 0.955592117832106
-1.36867395088458 0.746965314746684
0.725437575798519 -0.109852667191479
-0.689441744003115 0.384010186771056
1.58894481634541 -0.62155746100697
0.693877082816285 -0.132623593570909
0.0772315005143495 0.727163194278553
0.851836040058018 -0.0860662145141211
1.20964652930342 -0.718199182399871
-0.412684061615111 0.20607958881355
-0.81768922358675 0.328962146472027
0.133164314699272 0.231103824396328
0.177027459990373 -0.041382238540145
2.76238175918146 -0.840229376562589
1.22931304673076 -0.307155465177125
0.525428122987997 -0.341416832516702
-1.18231981746354 0.313371860431551
0.329443152969037 -0.27407607030589
0.469578006367386 -0.148270905470995
2.05475416034944 -0.877844852333301
-0.763383603816423 0.852620510393369
0.235413495644199 -0.0552902457106956
0.979188192350947 -0.0953156103690241
0.485124764842076 0.473041472949364
-1.58980084754489 0.789743589167295
0.0926865140771697 0.141894979926387
-0.039665644794916 0.25433355613734
-1.37874992234117 0.838592704366892
0.111664995922413 0.160217410436327
-0.802154404558488 0.637531009254043
-1.05249707051616 0.666510647379903
-0.552472866732413 0.907504504478193
2.37823485953846 -0.478960275076249
0.24304217570405 0.0116780456789439
0.519564949099785 -0.393555225048313
-0.657993195280209 0.660508111521271
-1.2359995572499 0.647910638351164
-0.3567197648961 0.809417101445568
-1.15367360250578 0.513410754000825
0.748964083118113 0.230787958794002
-0.066485294004697 0.370862604372824
0.308315729325415 -0.0924957527050014
1.90157951209298 -0.52398341214531
0.121067368179659 0.450499686828905
-0.139204618593051 0.523916740105489
-2.2570403994405 0.543396097810559
1.07474599448121 -0.307052608255392
2.79748716771082 -1.21216434849271
-1.49258281807237 0.403412733641551
1.11377311573252 -0.249968671044404
0.744122621180519 0.0167473301203992
1.19761079370207 0.189333272677734
-0.124078998741096 -0.24498071703874
1.02725842886779 -0.436380865564205
-0.121305713335163 0.200247141931472
2.80007353634867 -0.347388102078521
-0.340130763219966 0.555816333725592
1.98195450956762 -0.490294482114659
-0.0869725926791417 0.285326450242713
0.380071971601533 0.142038998098445
-0.546702502331409 0.303985457265338
-0.0997211348624616 0.283225237750578
0.681718459452155 -0.0555487277669738
-0.415902303076356 0.616043876618895
-0.817333184898701 0.573312599317603
-0.551827641374049 0.317297766106768
2.67357381674125 -0.419733989554248
0.268591272461462 0.0640886276280792
-1.51873789035714 0.63280518160643
-0.457894600402325 0.719428234695658
1.06775916947095 0.0821109441897013
0.792683380632894 0.23265750612091
-1.08524583080292 0.78658197826564
1.16527653807206 -0.470457747687652
2.12415139595892 -0.742351300714835
0.398605579565303 -0.0804928301165815
2.03408172121344 -0.720437845815683
-0.0235451709443994 0.514613020782172
0.896560122287016 -0.580978432562962
-0.422978176750066 0.149267065098308
3.56663828806769 -0.993390909040744
0.0620977903315763 0.589982434230769
1.35477694145401 -0.173308445724545
0.344505146532078 0.333923803147134
1.31382756836487 -0.271370691911719
1.8895331131376 -0.646758513451358
-1.03500250985446 0.433299310250498
-1.60876141000142 0.319948907590706
0.856028002868207 -0.174417966130478
-0.318741398607894 0.196738642652506
1.24793896983466 -0.291731217240399
0.302096338936936 0.390714070901561
1.71501502934331 -0.623791517969091
-1.15107552350402 0.107200159586776
2.31971013472627 -0.790162956019601
-0.635027976152679 0.601609287072781
-1.32465445456003 0.6689408096732
0.308624664792683 0.114892626064617
-0.176014999759016 0.153823032965968
0.229020819035162 -0.208672078608943
-0.633727033646115 0.39115068184123
0.994295428500238 -0.205010470451723
0.415133452461395 -0.332026299976842
-0.515088754016244 0.616412206419339
2.35824118324805 -0.263724966671576
-0.363849514071026 0.406793514189102
1.64017168571519 -0.426381134748518
1.83390313448523 -0.425320410920234
0.342013508535547 -0.126764325923184
0.822217610420405 -0.18770609239449
1.32487077329164 -0.585243660992818
-0.156164912817106 0.203172011060585
0.315399551405055 0.313266865592354
0.668706606998171 -0.430301046009634
2.65120184886691 -1.03399865594662
-0.342529238206677 0.904772353701091
1.52507740738678 -0.168985111694378
2.5830779762809 -0.387872742502406
-2.1517467565162 0.711413785602241
0.785152033100194 -0.199024927663286
-0.80819959667712 0.498575995309462
-1.55558171264925 0.406694701201479
-0.118236545743056 -0.0765401032210994
-0.757804569019804 0.637618379340845
2.32230453090165 -0.170697055224247
1.6055509984859 -0.144627335828902
-0.0215578835244413 -0.359698128820484
1.07100212348034 -0.0578947337173833
0.498747887518018 0.242174450910182
1.7590411722902 -0.457140369461271
-0.442964355585145 0.367296464709377
3.0638355693735 -0.813600960118017
0.0955977030909829 0.0446396309434862
-1.81227344481383 0.335060710436545
0.325343907115581 0.194378635061458
-1.70309391783314 0.876679002931518
-0.793327152958713 0.392572600115106
-0.145182482632111 0.446159019265049
1.15445746935264 -0.197151179165892
0.993210906332082 0.242419215530181
1.14962172291394 -0.427748630121738
0.685088388584732 -0.749086259748311
0.894361943931132 -0.339540020096531
-0.477703966437981 0.0559584079306581
-0.212271169594737 0.36899168448526
-1.21289824081778 0.36414153779161
-1.61969744541482 0.62246852572368
0.872491121370321 -0.311626557293793
2.18915421141495 -0.636267912691917
-1.3661923052873 0.300437696887345
-0.493614272825066 0.66846243741865
0.318584222060146 -0.0637315810532882
-1.05049231400256 0.123508560315061
-1.37386093041525 0.465813684546613
-1.7806633658555 0.678031114061898
2.08373868042481 -0.709984154571988
0.376877340988533 -0.119726232718495
-1.79127479425078 0.56803958057036
0.682014486753769 -0.36979253718816
-1.3485581794097 0.509342265322425
-0.468925281477756 0.532796802076611
-0.236299474604427 0.26153029561126
0.410241149089193 0.360352309370832
0.432677395336707 0.175601664088749
0.105575756440517 -0.0732040236129519
0.212150672211886 -0.114893287221115
-1.46979612081141 0.775709488360003
-0.842277274040758 0.0919230982371984
1.55127440651578 -0.424693971532038
1.20868984082003 -0.28991614507917
2.1912969937714 -0.174799455570035
0.667889981332851 -0.0834769021831731
-0.134774768251718 0.195470239563538
-0.504584171090046 0.503805382564212
0.603107672335996 -0.252089507603333
-0.906013899448842 0.646784432851703
0.258826743491348 -0.691738958088512
0.940582877858717 -0.166777045906778
0.767671021582207 -0.146654313266777
0.929511375878644 -0.0950368200840331
-0.0677703204721624 -0.370201707267627
-1.63300936181136 0.566726803425849
-1.23889186792298 0.405564094414546
-0.673040838241328 0.442579145447077
0.0922707367895321 0.231332165197021
-0.062577261434503 0.346543576002095
0.343418318541743 0.148954398057552
0.555840965491228 0.230289015182409
0.730251716569711 -0.193333564317648
-0.692213965293443 0.295651367723884
0.00930988710994394 0.633937759424053
-1.64736780111751 0.124468003931306
3.12581736024501 -0.333646823199519
-0.307754747678915 0.315336879850987
1.18906098670071 -0.0909178973595421
0.874786195066475 -0.399736091740638
0.870989560788747 -0.320533030304458
-1.39286795497712 0.478853060466017
-2.10878273302971 0.512413980308131
-1.59162012877786 0.277636480593823
0.514354808149689 0.523543760498399
1.23908191572564 -0.472799216231377
-1.79202107481987 0.813627355506792
-0.473785354130729 0.473504633391228
0.675974498023774 0.211617296393568
1.02800052370847 -0.418580396936769
-0.126221616664243 0.133038384513516
0.378082499668595 -0.187856703686654
1.36881071669954 -0.288954052408784
0.847893150184743 -0.527037996639706
1.01464660985896 -0.385133742408972
-0.435191453971573 0.270610216099104
-0.955024202305515 0.226231988785629
-0.983916378795884 0.438044944158986
-0.349242112186771 0.400479091764764
0.321274424621602 0.380123777116535
-1.10576224410569 0.30556386004627
-1.04373026874911 0.240132554820035
-0.937565317068145 0.36782613730883
-0.548676806996438 0.0927908287923062
-1.40015880084792 0.372484097047283
-0.789452083329161 0.465956897712657
0.557701038588504 -0.0919043077340126
-1.58909081115624 0.31002712688479
-1.49713687850524 0.547168169362322
-0.0658874151596778 -0.022372687012916
0.582100385713158 -0.0937796693099818
-0.796609794942683 0.891701707497788
0.840596111351448 0.0111948547898768
-1.34051711929957 0.233060149535162
-0.895482460342671 0.218675138644993
-0.507621865129925 -0.197855388534003
0.568061818565986 0.0839899496794402
1.59325284337711 -0.56228629618353
-0.619417037853852 0.499538182443197
-0.525828736505963 0.739065764599998
-1.39150040455853 0.719110952908014
-0.836209550143817 0.501068927638236
1.40406043294056 -0.131080004438302
0.780773661445249 -0.304640966355275
0.593550203573609 -0.107039444964899
-0.335559478543352 0.619869311904955
1.6458580448968 -0.251749163164568
-0.875217187528839 0.211419556186219
0.0765973185499976 -0.0655195275718046
0.361154345743908 0.325651486807681
-0.0342408795611991 0.0836776418910458
-0.175416143590812 -0.0418611481623792
0.433689231184091 -0.345971159127692
-1.82839463756572 0.371093994881458
-1.89408179357471 0.910893726157577
-0.409028202075207 0.776361957445952
-0.441093647951909 0.292505124697199
0.357612406159321 0.411110726715309
2.95164787280465 -0.468878621034117
-1.27752470703344 0.685799635309774
0.837532323195813 -0.144586827149752
-0.20265080162426 0.328607164969897
0.223461512653521 -0.258169947337435
-3.31723763707396 0.939108721737653
-1.25718187766452 0.53824665287986
0.135044448778856 -0.21886420592449
0.702714730808764 0.289909511446204
-1.00015347507939 0.446374639002037
-1.01658439125365 0.604649736959592
-0.751671586522266 0.369836966614577
0.621767816280997 0.0478271730871088
-1.52033316554032 0.714493519704415
-1.81161682031537 0.00185134505909434
2.12564894767678 -0.220068508688911
-0.657183506644845 0.912847941418103
0.438822987615803 0.383589745710469
-0.844626281731752 0.0482998070819048
-0.722249978806549 0.103961514985303
1.54413866319274 -0.273097793882618
0.904922542731923 -0.517359155949723
-0.790257725329796 0.0954762077640262
-0.545426597612677 0.154613860725791
0.476953096291649 0.070303710994632
-0.981127215370386 0.727901737126911
0.501590944265439 0.396566610197993
0.794970237151658 -0.10496947435956
-2.53235509630515 0.248191792154188
-3.2563490452769 0.701432312013701
-2.04634621083791 0.873685415054998
0.83411202128018 -0.184084538126754
-0.451275396946982 0.222821618806986
1.05049567380131 -0.154440453370639
-1.43258859104635 0.15578919178782
-0.144383825724309 0.264168628960548
-0.477671873420731 0.377910132632269
0.60016957042304 -0.263057384329332
-1.14793846110404 0.644156327555731
0.667373676409693 0.0425457853863418
0.670169293269305 -0.52174554016319
1.02111729843587 -0.54017555708538
2.34674537079674 -0.0788285274350505
-1.05352610280227 0.407908467767059
-0.0944631531747204 0.189645082152255
2.91921740166432 -0.911821092740256
-0.0543198314941493 0.182459430688876
-2.61698254140554 0.434025304862522
-0.253705372146123 0.346652908589518
2.14075122527741 -0.562625734646081
-1.973858812918 0.997904003719988
-1.14747017406879 0.198160561781885
-0.903608846250892 0.408071091886814
-1.41947404602098 0.213277665032197
-0.0627567658259744 0.270198401676156
-0.578600806690161 0.475387877555544
1.45364040142317 -0.555983213954197
1.45645829963415 -0.462588089519123
-1.84023049874583 0.597743094879158
-0.0629405481646727 0.214406659546357
-1.97161715476092 0.747737287483111
-0.90369261499017 0.0693075040635279
1.08340322001817 -0.521708370572145
-0.102330943383944 0.307856344179767
0.367504006004799 -0.204723421747736
-0.432417095387922 -0.0601538962990108
-2.0969791194927 0.675845289192649
-1.1491845358648 0.353124519315076
0.0934635495102114 -0.0260743668080084
-0.0277848926927005 0.0432770964193265
1.1558147711202 -0.833331900365284
0.39103209694228 -0.223575134619195
-0.152074147813293 0.447603916088185
-0.732713246603416 0.230752660805533
0.0142207643533542 0.0570214742501677
0.318215992853938 0.0631103015639632
-0.899468341108947 0.606995031339122
-0.465369169692494 0.114751725973897
1.14149993184644 -0.383346111553141
-1.17057609005313 0.321237579783346
0.215758545518576 -0.0635784728640897
1.38684579722695 -0.467297431800234
-0.174778427524634 0.240343386283417
-0.158362763557908 0.329970173621373
0.582938004315928 -0.321885295261199
0.11437871858275 0.344044717431329
-0.641980188898661 0.286352777824701
-1.39535257607795 0.68958843794977
0.000107421136035087 0.623934114473064
-0.465445389645505 0.438589859878255
-0.0106839048951143 -0.0609051187520276
-0.691213114433079 0.723075804009272
0.157201123058098 0.128381480626062
-0.736515976026218 0.53266795890455
0.935362383068888 -0.215709279395783
1.36034175677729 -0.163035630252557
-1.06531544699658 0.266211189595966
1.40190168816265 -0.224430682433874
0.732230540055629 0.328616552713482
0.581049559500509 0.248377162617477
-2.56589560417374 0.433883583052013
1.63955599422966 -0.135087865851325
0.05274493183345 0.631764012091634
1.30719698192067 -0.101481821293263
-1.6081019306689 0.73919577645113
-1.48403768620153 0.947315113056687
1.00222892528455 -0.801103117503598
1.11482669071821 -0.211560235769165
0.0958493249682043 0.137992388659489
2.70460763365416 -0.625200744676276
1.89171648526098 -0.111713321204328
-1.0676237572091 0.390157997339849
1.64281497858802 -0.108907796975478
0.539517511792949 0.144310292446554
1.90221583129061 -0.392173737671271
-0.482145330735064 0.102533046675421
-0.0744443989672197 0.18184540901915
-1.48383280421635 0.675516515437336
-2.31434498183161 1.06684334078767
1.48320748603227 -0.175870204632556
1.66475049161695 -0.398803021316034
0.0805225566381215 0.51657042282667
0.429393521855012 -0.0914494673054736
-0.316779430919814 0.369575907593834
-1.40035610661464 0.237388065138366
0.514106051984251 -0.171435930051797
0.469721962157735 -0.0992857343450657
-0.615560738884958 0.589758225804494
-1.35632714989682 0.488171726154752
-0.3453925746607 -0.00729881246123043
-0.476752380313 0.273807423693533
-0.415030892823166 0.496749844690178
-0.0176525712474351 0.264873314382102
1.3865269215382 -0.583744934461715
-0.101925795965417 0.598258949204544
-0.292406437056179 0.0413430681989367
-1.49847908275118 0.583738524178235
1.76805057964191 -0.582006288152863
0.474336083104326 -0.411893501601701
1.24157628018174 -0.159105684276032
0.46428692606359 0.339999563956128
-0.230901845737436 0.253135842696228
0.0654179120915922 0.0444567326532571
-1.09558717640485 0.416856786755316
1.47345634596339 -0.709194402384283
-1.81705536719212 0.471134687342271
0.668802271065468 0.0475014520891125
0.10776359782747 -0.100072912573225
0.190519027350245 0.0131951151996846
-1.18953321262872 0.285003414995422
-0.62362519247637 0.456675630353872
-0.188649535785088 0.33194871328788
1.1806364701295 -0.015430877141738
-0.336214671504089 0.076850486560817
0.755856861401844 -0.178572844605066
0.679487767656296 -0.0755705381969341
-0.517059909238579 0.36950810515276
-2.26224029432898 0.611656999178797
1.14752069667953 -0.00875210774302343
1.27927312320449 -0.26048963912943
0.169959398544739 0.243205209626769
0.182034553499135 0.258355551010018
-0.81200016589273 0.179710117205752
-0.552573181510985 0.236264503059812
1.92250215085617 -0.382562764329166
-0.710440131403754 0.328054947712799
0.787315490075541 -0.0260168745512789
0.744941260365639 -0.251813433361424
1.07724230430917 -0.568515982946386
1.04383051300228 -0.249805642515081
0.226279481366086 0.200794349047771
-0.0740370404356307 0.328540325263518
0.457307091895365 -0.0050622267002892
0.197883519547149 -0.416058575773868
-0.0595817602664287 0.158949841758849
2.68016704697176 -0.698109144248826
