-0.174819138339452 1.99405715896357
-0.0332202478912363 1.48067861203745
0.876672778131344 1.80102195109292
1.00067288978692 1.77669933585315
-0.861343671382879 1.8198585512333
1.20449164135501 1.13247552107139
0.265666567856093 1.53215265505874
1.63296853469503 0.867937987945342
-3.63624253833062 1.74651820111412
2.04244233465181 -0.806991523278127
-0.239105971608564 2.20266100886622
-1.77803504919322 2.22631746519158
-0.583008900211174 1.68186380760409
-0.205396361020063 1.9868294411628
1.25107082859346 1.40478095447827
-1.04640839747023 2.30578122454822
-1.41313969453441 1.7170573199542
0.36144826544524 2.26038451155079
0.51514861705295 1.81690070422662
-0.82736802034298 2.11084139999052
-1.23999861164123 2.35736236119461
-0.329931290258216 1.94460398746538
0.128273494716067 1.91096733134052
-0.035227373112719 1.94745010667711
-0.285017462751792 1.79460474173299
1.236774973358 1.2695425555275
2.37317056436065 -1.42372862606011
-1.78337083887685 1.63942142646003
-0.499812341848776 1.7311310390172
-2.00643601297775 1.59916516316479
0.108950409074616 1.98509159951098
0.740882912719622 1.92097858390431
-0.786303820245669 1.37551862557315
1.50892918881404 0.789728272148317
-0.199288013295319 1.66877816662923
-0.527219348248038 1.92759166938912
-0.109605094175247 2.05969468280187
-0.150955502291451 2.07342432037282
-0.0407202393775212 2.02717165274
0.263563252224385 1.84644595289103
-0.124468586677839 2.24964470936269
1.63093239201569 0.829615465069243
3.44964401587179 -1.76443099869107
-0.49359425680844 1.64645823157016
-1.41782342030218 2.49899085847549
1.55656836174331 1.00879635339394
0.553345292354238 1.76977841575259
0.637160416718454 1.87598625688811
-0.626889147148886 1.80561018396646
0.515158752176848 1.54773376079571
0.653799504392607 1.34962343302344
-0.431937988278254 1.91750619321505
-0.071683796943023 2.02795220794593
1.51311632912961 0.875288857340232
0.860959309423383 1.74614498416061
-0.798390533909084 1.55141190491762
-0.264309983357126 1.65292005896069
-0.943529187191215 2.4611747290152
0.587521470589212 1.58248407432946
4.27298262991934 -1.8606202265152
0.0815240663709466 1.84598574461074
-0.58693183995843 2.03958441589599
-1.6886205146009 1.92045880736558
-1.88436648973941 1.73053978766818
0.155685297651084 1.82360559793886
-2.55254447261408 1.47288840913249
-0.644636001943501 2.12876310051545
-2.17537804179389 2.2145785070911
-0.328943353821979 1.8535529581453
1.34940027821278 0.785600741820503
-0.124280018831726 1.58805603597727
1.30355100481287 0.940450256486432
-0.271571127697247 2.18206265589548
0.205741534579777 1.72954657341491
0.0493526900706845 1.74317351330671
-1.57266461564294 1.881109347703
-1.10789143722262 2.21283737189465
-1.01229566560394 2.2756853660276
-2.15027017772454 2.12597616284092
0.608481297996211 1.49541431599058
1.39920241099797 0.985542632339391
1.5863017392589 0.747430931873234
0.331047288726714 1.64594686334161
-0.16681057361835 1.55235743995757
-0.932281935707083 1.77710709292076
-0.81038812630934 1.74327162433857
1.41066990834956 0.998215906650634
-0.284314031387791 1.97496766105668
-1.05788817536377 1.76453821792237
-1.45396692930884 1.44947701093387
0.543328922896972 1.91780030374316
1.25169113699591 1.53075641129645
0.740116685884716 1.86044456466658
0.870141983131883 1.50626899868893
-1.71873483911209 2.25572214434243
0.221863766016199 1.4961138012881
-0.803210769515836 1.5441083731154
0.260504129526792 1.81752856657257
1.47156391914939 1.09956483774589
-0.927621090355187 1.85464300203495
-1.57572078199994 2.32795091475649
-1.1936104362464 1.95238629927977
-1.42290889423523 2.03441108640948
0.185431895057202 1.46229011228307
-1.2490995689627 1.6402214648758
0.88938649519942 1.5200942262715
-0.332680766550683 2.16653114746993
1.7877204344698 0.0369090400693306
0.585046490825919 1.6393588132937
0.320492837246157 1.68451143083041
-0.518685375902518 1.88369868529944
2.31419960899937 -1.38087732614388
-1.83901390902869 2.52081194449362
-1.01873264411778 1.5784049395397
2.64848638858331 -1.26928169562028
-0.921388476045742 1.81855596325187
-0.284899807535945 1.95105581886947
0.698677579353267 1.48500520896494
0.598948524603151 1.47987155379875
0.133653551512165 1.49285279497308
0.739737924153558 1.43830466179423
0.0513481038887754 1.51293485705585
0.645994962167343 1.78139942392231
-0.811566435356171 1.41703933277421
0.524685065124164 1.43145362728561
-0.339219141484186 1.57255014606775
0.21556077110803 1.92252555785815
-1.96551880593416 2.11258488215014
-2.88412302849135 1.73478565371346
-0.24254966657266 2.08375006093009
0.263295397557296 1.6922063769237
-4.72667742414801 1.92728425412179
0.403791694314878 2.40213339883942
-1.14856884751572 2.03380589199435
2.86591687077403 -1.45152151677613
0.779752539765817 1.3836680567666
-0.0194326116136329 1.65184029637863
-0.918978014585484 1.67761511396949
-1.91917830901731 1.99916221992959
-1.42402289441096 2.24041121435553
-2.58064609726441 2.50122318986052
-0.596277909882677 1.93480090929229
0.141506838447658 2.04544131081203
1.12341082653662 1.46614501732597
-0.632850807401255 1.8388867104134
1.74811818236567 0.164888613387367
0.905045260753992 1.22982273695678
0.0865197000762323 1.48912646242664
1.22703266118176 1.27740524174109
0.0946623309924088 1.5571300042772
3.04216742365794 -1.60260601889412
0.894295731147017 2.09196957752408
1.27174299168023 1.00043032131842
0.595779741999738 1.83549481522486
0.859600503668971 1.2500590789906
-1.93929473121717 2.3356532929561
0.653787989148785 1.55793075306695
-0.127261930278114 1.99674869564421
-0.585620951804698 1.98765470540308
-0.0976890615607365 1.77418688104937
1.09324913040465 1.10897139624293
-0.155735178416186 1.75343853881423
0.498778247362686 1.56923902271631
1.23423344182435 1.1557236331306
-0.960556677046107 1.52986010680527
-0.304245435834515 2.00140502309586
0.339105756007731 1.81469345380298
-2.14972298980835 2.04709360724877
0.679462734394575 1.54972182490479
1.35376310827481 0.983268289522027
-1.09004425410773 2.21463551989952
0.193609288507358 1.79598122586121
0.240202317785813 1.712442385709
1.28243796661829 1.29022463944732
0.758237957112343 1.56747778612088
1.55088837130968 0.868957235663962
2.73934863749295 -1.20703302121501
-1.02716120591854 2.54728842495474
1.45335393808964 1.0241002927234
-0.98823428327959 2.16239004146723
-1.17132126245856 2.09202532507234
-0.580540468882797 1.6031304575739
0.0625555186520648 1.85631031920962
0.334351336848469 1.71627170624428
0.295485412546768 1.56006384240635
-1.20127379492483 2.00031448799429
1.40397950056333 1.03894575535853
-1.01959578901394 1.95978721366905
0.948495424576378 1.65088014083969
-0.466662177143611 2.02308754124898
2.46140364472006 -1.23103413882792
1.38210321792461 0.971873824336334
-0.438638180931636 1.72564468023613
2.72962180706625 -0.957639036657567
-0.0129385096632191 1.61994085336799
1.16536751005577 1.55353327041002
0.616412098662039 1.74674427886746
0.0450051179459896 1.85164053638363
0.34573768859581 1.83352102309168
-1.21840807298429 1.73519009137696
0.116332790777108 1.67513897024141
0.143267242948145 1.76740913992041
0.648822059711214 1.67165535536862
0.496481512857522 1.92671702749984
0.886847648370973 1.53354223393234
-1.18579381802284 2.05997597109016
1.17540543998757 2.10920262378854
-1.70739784301734 1.97867607458905
0.2019489512187 2.21809737795843
0.627314444428556 1.81051027311844
-0.603836640087156 2.00668892998358
-0.571249906848187 1.40869596049346
0.982788306871608 1.72824471086021
1.35590341611941 0.961046326550486
-2.86349245533749 1.9689059848105
0.604024586188061 1.38113427555916
-0.141716754883108 1.86623025200116
0.464432242207458 1.85749650124661
-0.218581698492989 1.77490886269418
0.424962263847858 1.87937280215066
0.778270201123774 1.59779949156063
-0.441313344501598 1.90823324659631
-1.23656972266302 2.17458337885982
-1.09581464184397 1.91057900472447
-2.54850811557234 1.89573394912966
1.47854746598729 0.839973755181314
-1.2281226897818 1.76368647366856
-0.0647108733417787 1.55904162200378
0.629255850716333 1.35999234099266
-1.23911273996227 1.37835165459594
1.6126653790533 0.517937168922317
0.228020163254093 1.79377410541333
-0.0336500705289998 2.14770131878069
2.00214091279121 -0.00314551484833991
-1.99020592843167 2.07521514512191
0.583703904007331 1.04483158667153
0.85242493079263 1.56711246668617
0.974924565317038 1.05875024213651
-1.46476222050605 1.96786051121137
-0.404489716997874 1.6210712049217
-1.89762476291464 1.62660810261513
1.38233543004772 1.18952091843911
0.371108970421751 1.52760972060138
1.88366492253011 -0.392101915150647
-0.00554943965868229 1.77414311882446
-0.853269395405934 1.73182845398244
0.0394793957050327 1.89304628010503
1.16354839788208 1.25133025671258
0.200819006002811 1.87815823292537
2.42198782025967 -0.862272005932328
1.21405542485016 1.19671349692053
-0.669125018634193 1.72627434408977
-1.47044935148371 2.25942526817253
-0.597993827994772 2.29138266152595
0.407593396420266 1.59334092662382
0.378191818738009 1.55636885862738
-1.97958752396328 1.81176091719423
-0.779044825679943 1.72381627013787
1.16601744808591 1.27227110593957
-0.162660040503461 1.71976110608598
1.09348937515891 1.74527670738147
-0.492588519264075 1.78408715932184
-0.866029063678459 1.99194575632249
0.037723703910124 2.12624112456977
-2.69821932591549 2.22233743003722
1.74509208500497 0.543585580500492
1.7652943240491 0.546225671212491
0.629818337023298 1.80497292842497
-1.57987856875165 1.71335545846504
-1.11496188854613 2.00092384114062
-1.24336730456119 2.26103246367701
1.29449875586394 1.35618624079556
-2.38766293893336 2.2626981360921
-1.27603417463102 2.01919214477063
1.08075881547808 1.59158953095529
1.8711839294708 0.103552947246308
1.03229611183198 1.29653279876917
1.83423200042171 0.467489600947085
0.476365125784714 1.49485292379562
0.290711082097479 1.86381687615083
-0.339780732272388 1.57041179720035
0.177197948330137 1.99816648434004
1.04733468468694 1.34425395412488
-1.85609545124725 1.73130747633678
-0.0332161370138188 1.62655029327649
-0.312412214443272 1.83096028975894
-0.204057369166132 1.56080257837643
-1.55996585234974 2.15815097219668
2.22990548594905 -0.79747206444546
1.25802096426763 1.50594656153854
-0.22650259490845 1.68257481173586
0.954124047384243 1.13759828181676
-0.398925343800814 1.96161153638227
1.48377119063217 0.919174009313287
0.564970351750406 1.79626548743766
-1.64185023186092 2.36414641824852
0.610122431517704 0.924321990129405
-1.20603658038959 2.06250232537363
0.702617638850213 1.22234619242931
-1.1521098556991 1.81030369427055
-0.49047641073489 2.0207057208852
0.510033299562976 1.84093846601391
0.155484003036149 1.85160130984401
-0.411039408298308 1.72511772481381
0.911269039826527 1.51694302716415
0.341839289116258 1.63586822473299
-2.15645804035557 2.08298502501598
-0.789952262209975 1.42671090408416
-0.450461315531726 1.78925002050023
-1.53611012698815 2.07412489977277
1.16641923614967 1.36881561013903
-0.750194768537267 2.49871503177314
-1.68366690339589 2.0821884664357
-1.22431829951095 2.08625961954738
-0.414024566987587 1.87972633138578
-1.28229116203618 2.00335083655244
-0.074467082987119 1.75372518828374
0.304461068763089 2.26073008477476
0.647825293749543 1.68334955927679
0.184997756168651 1.62449887664989
0.124100597959038 2.10682721798085
1.33553668489964 0.819640658263644
-0.847043533480405 1.654726588494
-0.242842946208148 2.06001667136651
1.30597243684268 0.778366032464898
2.46231636110271 -1.24055326741787
0.831454004236393 1.40694137654694
-1.40377310121995 1.58157186885705
0.685025380968517 1.09492666864243
-1.84959967512813 2.08171966765206
-0.96388023608923 1.72242238092087
0.870844547790649 1.60598464327056
1.01096591410579 1.40886421145536
-1.30707147115989 1.77401875981455
2.79273932829335 -1.24232176983733
1.20804502184101 1.10987277371375
1.14892874744117 1.76016518736857
1.64142983493426 0.853424765365399
0.0892919563751008 1.69815152750211
1.88872076313781 0.0361552228039191
-0.0630552431942077 1.67747896004831
0.250995896189753 1.09790365515111
-1.58834726483056 1.84404763348701
0.0510094688229907 1.88078534956948
-1.15838341256043 2.04041986924981
1.02630265097203 1.34085505249584
2.14900566987764 -0.980097751518217
0.245173965897379 2.2753849372055
3.59665053818934 -1.40314750915339
2.07503362217556 -0.512506965619373
1.22386127543636 1.36689228344481
-0.515851748092795 2.30206327414254
1.99018155244032 -0.343620529432178
0.631037675045807 1.78320129142518
1.22734301039219 1.19009637227839
-0.421864142199169 1.88297083478974
0.513117639937416 1.75956362388328
0.471919937785435 1.51737567791165
-0.733079912915323 1.72329936980225
1.51410530958487 1.44058847033552
-0.353729447652546 1.82717630151121
-0.677091450621826 2.09998428837466
1.70779707047972 0.32061057227257
1.07013664246549 0.669783782708832
-0.499761449670428 1.71345047031105
0.318360088434527 1.49552030811682
-0.387794698959 1.78278822086693
-1.45759195382161 2.2349854684601
-1.39509117934504 2.2464213077614
1.3120628484979 0.913190244588005
-0.203559877827329 1.53181117898654
-0.421248949314545 1.79340893159294
3.26499491256197 -1.52642539937368
0.384497135993086 2.04262420073755
1.05758483060248 1.50544095064489
-1.6969271393407 2.13480095707708
-1.13028653305084 2.13820698016434
-2.33789488185959 1.89454063537207
1.07154623522666 1.30393517953127
1.93020212261899 -0.244940190107535
0.00623811375075129 1.76047924786177
1.15042961407454 1.2169293672268
0.491656151696543 1.97829479523341
-2.81975727934886 1.75813225483627
1.28091040674289 1.33447373949634
-0.559776713837488 2.18940230820068
0.177928514903643 1.69315049739827
0.66935587750594 1.53490767345524
-2.35056288492974 1.93479458468409
0.885860299377655 1.27788944370542
0.685582281385933 1.29814688613833
-1.34237712182588 1.92441549693476
3.01154824982855 -1.50897901691333
-0.694476219235026 1.76653417495097
0.209647993273071 1.88874899898733
1.04073367452798 1.44454609403091
0.444961542652096 1.75887613029434
0.760721186005341 1.38031139948661
-1.2948520149822 2.02931407028444
-0.819778444978831 1.81582601381096
1.65090871243797 0.434963933233013
1.21198158362552 1.67896496062188
2.21025983578713 -1.04564020440763
-1.23599187774716 1.90463741431425
-0.23203706874167 2.077373675507
-0.805701083617911 1.61829820225469
0.965733571593998 1.39895712993843
0.584242853274851 1.52730455476205
0.206057870693534 1.43395645544241
1.25333700445435 1.08001537799213
0.516686870461991 1.64066105702776
-0.415449974184041 1.55919260493397
0.669495723206813 1.91140399602243
-0.77295725570399 2.06226038806002
-0.568974022890645 1.83244520985981
1.5109754707385 1.2819414043745
-1.37893421641229 2.39952266600739
0.184008759046049 1.85404813562291
-0.512995308175465 2.13217814097275
2.21426531437885 -0.911428011757048
-1.67067998402259 1.97015619098383
0.645169147717723 1.53846497258888
0.875670204149114 1.29223653765085
-0.0192939964291562 1.90360247124952
1.58026014025419 0.267589247398936
-0.54318720175716 1.74340985943121
-1.12555460370025 1.70363416211158
-2.20348043302113 2.22642874476774
-0.947270579916189 2.62025595769319
1.60489954878604 1.0932429629746
0.412736419650396 1.94503396651519
0.933749269851906 1.77151956880595
2.12460198566087 -1.10051600725856
-0.619282170223468 1.88607262567043
-2.80724938498564 2.22079496622537
-1.13817975297527 1.73252050454577
0.315837952706897 1.98346011867783
0.651813421743058 1.65237944018858
0.902108847416746 0.962787054081845
-0.256876911878738 1.64398033178081
-1.68798582712887 1.99662903529116
2.01882509177285 -0.699030043652101
-0.174919284362304 1.68682094560184
-0.673391943154764 1.85889901728436
1.51353465103489 0.88864432685756
0.611950318964905 1.50757978038029
1.25612803655927 1.28873643869482
0.108928494559606 1.83418858169552
-0.517718624100365 1.73186900652573
-0.407823179697875 1.95680138066364
0.41918081689935 1.78975402506682
0.501255488320387 1.8974729667475
-0.404552035131439 1.82959267836001
0.294886754737011 1.91375324711275
-0.216634208406908 1.58023066050223
-0.669217630746875 1.8763138447051
-1.38414152262353 2.37286042749898
-1.36721251801617 1.79657354344755
-0.923344951183021 1.75246366124877
0.146665224706486 1.70389303640498
2.84877712559084 -1.57248940676642
1.0767387765693 1.51218897207691
1.18728231604711 1.06178173293981
1.25596473781908 1.88298387238542
-1.02249611533743 1.83675104011731
-0.822596437330958 2.13221119087498
-0.293935823176864 1.86197680729162
1.35548427145631 1.19446586417322
-0.699673825107518 1.51293151547972
0.494942000986755 1.42100317174
-0.505234721305939 1.9450614461716
-0.547330292315374 1.54671228470164
0.558506893885364 1.83388549769823
2.01015130391685 -0.305222236147958
2.06177721513411 0.169398498698322
0.709093136308086 1.54688559605115
2.46840122893812 -0.922782050105854
0.2353956096653 1.77732652826026
0.0320355883619119 1.97667145067892
-0.400340776640372 1.95199088149228
-0.854948432684174 2.14507689924048
0.110737473663293 2.05293536981732
0.737769021890618 1.65234923524353
0.488399145408514 1.57193635006193
1.66090736915283 0.465912809598954
2.23975958905973 -0.829676041552666
1.4622936017273 0.69534416860358
-2.6272199536527 1.90291708501873
1.15155535448933 1.162776536303
0.470293298207223 1.34976283109347
0.773644977399165 1.2304350138841
-0.267148351228257 1.89426361563328
1.31776186988531 1.16899564373785
-1.48257175604898 1.75014346705548
-0.0621326818692216 1.59479330573292
0.262732734501421 2.02182940277345
1.77371450164815 0.801736536675111
1.57249811829059 0.413411804310733
-0.658611416906993 1.69703060986859
-0.255252307360183 2.26175964953987
0.910743121329965 1.85179882665679
-0.787598401814317 1.55239529404749
-1.83441323328718 1.92388325251198
0.120994794108853 1.50732908130084
0.124717002661676 1.6716324402903
-0.800264889405154 1.54110744916514
0.0570006268899879 1.28995820912707
-0.223420765903226 1.80891974248113
0.679104692412845 1.94433823920156
0.141553878545804 1.81641867296114
-2.02776520424337 2.11262256170746
0.122906595756476 1.64003587220831
-0.489430200131096 1.60502080377926
-0.650505507223554 1.51313531257744
0.156129402261433 1.53980815513642
1.54242082712374 0.898606509874389
0.166970099957784 2.04986288805132
1.28205472586743 1.30450926078084
-0.311022402314945 1.77283114720551
-0.606354661900078 1.68819193222996
-0.400631905407176 1.78437258870486
-0.249900129807079 2.02547816678717
2.35871330697711 -0.762951850481275
-0.197620453302998 1.77375012836218
-0.690302695379618 2.19596990574065
-0.422482764429115 1.64220856429005
-0.95850170935256 2.1892767238233
-1.1972073573743 1.87905990484148
1.59241312617146 0.680125781088498
1.1062441117681 1.24432896627345
-0.134577159238697 1.73433716704367
-2.06289168398774 2.03886041093755
-1.88631837647655 1.82932102100091
0.472261081421599 2.30029847959705
-0.543496491495269 1.78537438038453
1.06610238482769 1.72473000891687
-0.442276819478848 1.99188138801236
-2.25826607890743 1.59953304359302
1.51115657178661 0.97614858638815
0.299266392016872 1.65142727437603
-0.147842162101237 1.96048326670987
0.532410023979145 1.37317419558005
0.113155163483314 1.76938410663213
0.302055906447341 1.78636426514318
-1.00452330444047 1.80382569652442
-2.12552030635487 2.14674840007913
-0.449660855093307 2.05508673894369
0.90302778112685 1.38224097260546
0.679746576644215 1.65058397220654
0.593685972372489 1.47290830370095
1.2923881036458 0.762859117778998
-0.267300978290048 1.47139697830399
-0.18816057355365 2.05337641533548
-0.372346110260743 1.86661317876137
-0.402293539470692 1.67181981123322
0.776199959013393 1.83998738166522
0.104304010970899 1.95840582680056
2.83784530146327 -1.16079515037149
-0.866260192196663 1.48133038786207
1.45155580481884 1.35559497160901
-0.280365311189984 1.78950847986692
2.74929859039878 -1.58899219318168
1.58240811068884 0.640377300190878
-0.763637411467964 1.98350433851296
0.308325534096895 1.92281832228809
-0.982726798225964 1.40738052863728
0.671314299497442 1.25072958009407
-0.576620415959491 1.5865541164576
-0.428097225173589 1.73429681797958
1.87954756522553 -2.0600366735758e-05
-0.692946633640516 1.57064066288579
1.62686474591311 0.694268764639071
-1.59475186258526 1.8987320135213
-1.57264965002738 2.40028193709243
-0.511834075973541 1.96929500041997
1.74947997044214 0.581174496954734
-0.728278313366677 1.95788123800452
1.72053965252344 0.635556017548635
0.827133943773899 1.67079326555904
-0.69560958875058 1.80624625444274
0.717764254964109 1.32022822030331
0.617478786510642 1.23670770178118
0.012976015497176 1.63257365016798
0.943652899234423 1.55539882880286
-0.414918876168819 1.63441784747649
-0.228316882952828 1.9117333388429
-0.199352602519637 1.85210386139062
-0.600054591441851 1.46793160769704
-1.83558579622686 1.80036378908831
0.811266241146594 1.19715391379201
-0.365430893196917 1.6669070067741
-0.696947066142786 1.80252928253884
-1.19318228235207 1.49395667989773
-0.415891951818198 1.79209669974845
-0.50595122888479 1.7676202378269
-1.28125866266302 1.78566959538719
-0.217896842169614 1.95107329665333
-1.05179764231989 1.80526707178354
-2.57397921083219 2.01888824562058
0.00588803806229016 1.93936930441949
-0.551237298852656 1.58066073149332
-0.196901752159603 1.89232125105835
-0.755122229730618 2.4465032093929
-0.2311025791509 1.89259474755806
-0.898609764249487 1.62399153033768
-1.02309033844992 1.94416990425685
0.0549545745285093 2.0235977967945
-1.02829201077201 2.18512663144154
-0.471008685728957 1.62942979315836
0.275134798953876 1.65647968644074
1.06647481568247 1.48138178466821
0.0407144299968924 1.44592672975205
2.31924031272667 -1.40039628259692
-1.37601076592037 1.7176167861813
-0.46793143686881 1.70655030407499
1.22478346702929 1.03376805180372
2.99395192298039 -1.40751318295048
-1.07819680147781 1.92071178905945
-0.531344033007945 1.60723796987301
-0.0153212550480331 1.79858822189398
1.06184558024268 1.56232393966121
1.58916502230037 0.529822826878363
-0.552906623032573 1.85913601189761
0.208707498882792 1.89639869550988
-1.14210895940614 1.74952425794481
-0.802891556349458 1.74621021135471
-1.5820293850911 1.94121428704605
0.104281243792099 1.86207907989474
2.08472744997074 -0.610217972065434
1.6546018021148 0.638348579390446
-0.699127229016048 1.95687643171851
0.0473942012160926 2.00930801142292
1.08788841923174 1.49265436779907
4.87743363184687 -1.75717589421729
-0.684911916900523 1.88788729424718
1.96187976643839 -0.14294209902305
0.937852836681684 1.78849171103896
-0.622608845477226 1.72134403843886
-1.5014295409675 1.80278184781049
1.33615966043254 1.22655190285824
-0.808797507377666 1.49984074416485
-1.3064838164425 1.45388110562659
-0.719126527448431 1.41473657927611
-2.68694591762764 1.70984768324736
0.286557874851817 1.86737901593405
1.96413474150669 -0.188958169331914
-2.39169079244946 1.78636733705982
2.18669930241049 -0.413333001614732
-1.06823330823021 2.05331692501445
-0.0170369521133528 1.78918769403229
0.120678375969082 1.61486351208974
0.534874343813185 1.77872925742854
0.980131161428767 1.08702203412785
0.190825731451643 1.69268624194962
1.05386165779931 1.29234280616433
0.471542575703314 1.64897292580007
-3.92822086470765 2.21253595797432
-1.5815270521493 1.98033280182892
-1.05841652669514 1.54479356691804
-0.796709121660879 1.54274382613078
-1.69819519059678 2.24491137082025
-1.05402931088668 1.76839447985226
-0.935743866263108 1.84236048168798
1.80981102678968 0.496429625318019
-1.13891351021727 1.96675088259429
-0.0479519536227584 1.85442431497625
-0.853392885121762 1.81486527551504
-0.838043108418685 2.03209774721521
0.242936132261441 1.38981232425658
1.39057050902564 1.12930359950715
1.83345248156775 -0.163451235776477
0.935367675184693 1.08057184199312
1.46516703547124 1.03002030924456
1.41509432597843 0.791763034438929
-3.60052111571676 1.86159674912476
1.17845399047214 1.48351162070923
-1.68676527426417 2.10983879126824
2.39205210001663 -0.851539738647003
0.0803603752829407 1.90396933186613
1.65512481033015 0.533801077618477
-1.85796510893404 1.62998345597398
-1.42922007779252 2.58554988337235
-1.32394698651456 1.98700412545593
-0.149039992524944 1.73318834294294
1.43370932064875 0.952122512586803
-0.443292093066119 1.70346793781496
-1.67375623437056 1.69756724214105
1.37203070051624 1.48543726859322
0.501029413596399 1.6719171161039
-2.94525801689474 2.16070024432235
-0.527808070872835 1.89687095926864
-1.26148380286164 1.82045062985839
-0.227858319328671 1.88026245144607
0.845160823848357 1.47385969538801
-1.05110032753979 1.94528561554012
1.29512198091834 1.2427300589965
-0.299705674148035 1.73380076242035
0.129807366652971 1.68696478368551
-0.677746689588387 2.18961880068368
0.0815947564975636 1.30189220575873
-1.55548057286217 2.16708687197247
0.661696318186254 2.17075185106157
1.78168815486711 0.509733509253653
1.9616575089489 -0.427700080294731
1.09908559913568 1.76044050196609
-0.00725050827878729 1.8222867635407
0.370736925064758 1.83483141029217
0.631366484604555 1.39505889996597
1.29698795538007 1.50060363042953
-0.395529527795585 1.77875424377483
2.07723775818642 -0.604065273543984
-1.4314648849854 1.90398354059772
-0.133303672384605 1.71075411941411
-0.28717927270118 1.67847165420938
0.384927834846542 1.66665771709517
-0.401385879582583 1.66317073577775
0.18288675562645 1.65693857923631
-2.36603769159036 1.83413019509256
1.80014770751038 0.757966338451513
-1.01423889469132 1.54195652012405
2.35386099584735 -1.25033805766485
-0.612125564391124 1.78839646621655
1.03543086687206 1.74340331359716
1.60396382573126 0.878338181176665
-1.88358601140965 2.14241153593764
-0.999364883616283 2.16921663368002
-1.5808946055163 1.73027178856127
0.0247232130007946 1.37864969956647
0.252389325051481 1.92889242497517
-0.0700756485688949 1.63651775278077
-1.63162021492814 1.90136701387167
-1.18577968628423 1.75991042889439
0.60671348633011 1.6681724609955
1.36524490613732 1.34430491880696
1.65400268570085 0.737368577242688
0.965949573163902 1.44310685612043
-0.8396514699233 1.54202776286866
-1.83454587779971 2.32302736032721
0.550240569801766 1.64584403118028
0.922106249664566 1.61877154296815
0.310617261150015 2.0322619579448
0.464852235770877 1.50677595661105
-2.11537159330756 2.2502108171125
-1.53568623760331 2.07000081663716
-0.0465781440639517 1.72386037188826
-0.304624685836432 2.4358868343798
-1.13824118109474 1.85248850818826
-0.0223239769374403 1.36142871793735
1.87702245680805 -0.360616580847751
0.023479604972828 1.86861789948596
1.10490706824057 1.28752567555427
3.5912449736393 -1.9273212806076
-0.403506829110987 1.76393455078342
0.561752890621581 1.55526079605346
2.27968429613594 -1.16248982319055
-0.0400778658844497 1.93298992231694
1.28376152298551 1.06123184604056
0.507846241171836 1.56730916759264
-0.446496980639033 1.42643450925433
0.34896291252952 1.43477824261278
0.150707712478575 1.89289887543652
-1.22386781087974 1.7542532904831
1.69482534767182 1.24769546843358
0.912101336025698 1.58442548653257
0.663094186547273 1.91551490070844
1.86777092695059 0.314323685463435
-0.102204383556441 1.3112514218924
1.7341929939158 0.400520626513742
0.324868355395183 1.52169614113908
-2.29472704294881 1.81927038865413
1.48114290681443 1.39353794728543
1.92102623849732 -0.630044901762221
-0.209918086676441 1.85224737696976
0.928812113320293 1.07515203636751
-1.8048868074118 2.07305229559732
0.269246136217642 2.10497905024929
1.67744618438556 0.951522153535542
-0.19000891007908 2.00867859918465
1.61468582442935 0.764606778693117
-1.12530811433221 1.84866791312203
1.04871643232307 1.56851118193176
0.458613248711053 1.6849988598953
0.233591616766478 1.79567823032065
0.41071052504241 1.48382089338289
0.841907631287785 1.91577628833039
-0.573229382545705 1.67583519390788
-0.716710672665432 2.11754599278149
2.03112813955718 -0.962737350891878
-1.52979882822662 1.86424660805509
-0.434312967480482 1.81289621285736
-0.859387389380113 2.38482242910551
-2.96329278497681 1.9821214207974
2.2684902815074 -1.29626067964025
-0.489166113861644 2.02221930396388
-0.434356028391189 1.82053915441645
-1.16430957523442 1.56114126793489
-0.303242924378395 2.13656486158516
1.19013976701191 2.0095942984663
-1.22584943369938 2.05536710395898
0.924447100274177 1.56009234855688
-0.601808407111313 2.03885240259034
0.189411412746817 1.9017837991147
0.826212079527066 1.53600056200008
-0.618143169380214 1.94889540181643
-0.297004229957405 1.37803439337672
1.51368523190151 1.14729106351518
1.06432298632074 1.54542572733995
1.58409805602487 1.1768934787278
-0.59061205837622 2.11075082200542
0.611582771280495 1.33396291345739
-1.78475821736044 2.34511846944676
0.172090269518987 1.65472216338426
0.718226482089576 1.51762068035804
-1.5728069202774 1.78633204096787
-0.959023358827318 1.80587523458613
0.190854395561968 1.83069691978482
-0.678871284223354 1.75174926460652
0.973102860848482 1.19246728353314
-2.04729098537128 1.53276146331641
-1.24958704798659 2.15718890785287
-1.27115545692166 2.07570038971919
1.96246615436359 -0.325696042415562
0.597820451745778 1.57584394871702
-2.0331713621664 2.24612707199072
-1.17930674832595 2.31773470013627
-1.04716018250205 2.0691470248594
1.84816353923388 0.255029802126098
-0.189833310816709 1.62554157526532
0.107189022302244 1.80813772865383
-1.10944558910959 1.90329266563156
1.14416400070486 1.36847320633758
1.00873477480876 1.74597384808433
1.63818798095979 0.565695871407944
-0.471365477395463 1.77082329836371
0.576561073132466 1.32722882017237
-1.92025800609449 1.99245240531865
2.20020830847714 -0.766231085465682
0.0320577897331631 1.42248527648332
-0.466372526814043 2.33823816429806
-1.34059164737071 2.16417717937308
1.72033364742438 0.199530694323779
0.413380296884274 1.65136462066894
0.75230959292885 1.21306217377273
-1.46977810491666 1.76141083952094
-1.7619685500342 2.07695212649891
-1.04080472112634 0.957045436512269
2.91871841100584 -1.19661546503075
0.77301252531404 1.43090855893668
0.598144813961798 1.60698539166309
-0.67707007950281 1.75035387102533
0.32897585080983 1.85506209749209
1.13386139524233 1.19091310428894
0.50543750843748 1.44825567236385
2.40499671293124 -0.936822578273305
0.517795094054695 1.85680046801587
-0.34362984012699 1.9552561643771
-1.51681485129901 1.78749015365188
0.348874580256791 1.61233998454094
0.0487990547739236 2.09601948177542
-0.849298313365214 1.43667387570944
1.28271838337322 0.926674386090052
0.0597556808703784 2.0913364611528
-0.338536453167949 2.07218831250472
0.481993996348424 1.81665975762457
-0.242624915916744 2.172458129238
-0.433920019049242 1.78882729107562
0.395840099797552 1.92968818013474
-0.708862157679968 1.82023678488345
0.274290549107545 1.91410546104132
0.654511957453244 1.61434239664579
-0.59161365872052 2.12103319316538
0.943390854601601 1.83656135939825
-1.70313706651466 2.15832684162359
1.74588784178161 0.389331254878825
-0.807964850198829 1.66499130572325
-0.107613964289249 1.6159909551368
0.539583801042662 1.34423412424778
0.0447488136308315 1.59680404556939
0.746502026565681 1.54754809008097
0.084012712034247 1.74924109772091
1.44645654983006 0.755444582944493
-0.447042177434625 2.11912554737181
-0.400928491908147 1.99378770169418
-0.149942588583978 1.71631843935009
1.72407896410484 0.418801224355516
-0.411368843739508 2.23430464583823
-0.409660261788391 2.07804646903603
0.735579059724965 1.33408958258699
-1.74024972207603 2.18835163783062
-1.69101622765929 2.03664556321743
-3.51400535843101 2.03826276557669
-0.570877506587959 1.38238600847176
2.06437351872422 -0.910334221612382
0.00612704136575217 1.93602263835107
1.41877990141824 0.800543003818386
0.578744864876594 1.56668984751901
-0.433020500013305 1.61187462504427
0.487484535216085 1.82419956159329
0.293777028916213 1.36246816448193
0.414423848465011 2.13864228479636
0.799275082963262 1.28818404724034
-0.351665486331027 1.72363375560824
2.27252485966273 -1.18765522651581
0.842832367027463 1.4598661315672
1.45468055567679 1.3089397081658
-0.555770781326091 1.44808023851024
-1.86218810637396 1.95715551330937
-1.03722879805392 2.45175721884146
1.03492213424722 1.09425648607666
-1.81436514849389 1.81374122059471
-0.53450908523322 1.40560795216649
-0.88660107799241 1.96566323473592
-0.561741405157225 2.08961500103134
1.40123896306888 0.453099871986252
1.24550057512309 1.6227848491751
-1.17520833104849 2.32444579289233
2.62144888278772 -0.81078683569135
0.0714573452792507 2.24228681068113
2.63862003643969 -1.18311419003592
-0.461506340624908 1.81634473397948
-0.141729191886828 2.10435782057841
0.0293309872262675 2.0970299511425
-0.52809162252662 1.46698482398421
-1.05574716036714 1.99989827589165
2.6824878991104 -1.31928460421763
1.04735025718486 1.66248094348619
0.949256672627026 1.4964254466227
-1.13849664836736 1.55935321754478
-0.103224105420054 2.06222839212481
0.590670150528821 1.74333270593947
-1.58493674826293 2.15891010675838
0.921201514305901 1.72767688963202
-0.101491607492031 2.01999628650858
1.02583997456946 0.962485385250003
-0.555535078652054 1.9095562471418
-0.38969064013137 1.75755403106254
1.79510635719171 0.242091003521741
-0.544238614680846 1.37052159346175
-0.939572561518176 1.68670375888147
-2.56592487390071 1.99962401304812
-0.4565153702233 1.99856395971794
-2.394899093334 1.76083376284438
-0.362925691186101 1.96592507324113
-1.39873290464069 2.06225018056909
-0.403186862022569 1.93969210629137
1.66124090906815 0.840407399504469
-0.379789373043204 2.39214161776171
0.509640392660917 1.75400543525501
0.239424986518391 1.79664903408858
-0.312808732423798 2.29995107417635
0.812477679582817 1.57400350065558
-1.95653131648251 1.76072002949936
1.06979850207325 1.12433843566837
0.877223864105878 1.42426944783018
-2.19594381410657 1.90684024567887
-0.641753126613096 1.69836888484936
0.00420821413071111 1.75913617769858
-0.260158901816301 1.69864424450294
-0.452295635432592 1.89404362999811
-1.20980721187702 2.00043337131914
0.118538726173492 1.73358912528018
-2.14293659486581 2.11234628786602
1.10205173678456 1.03372116554223
-0.856761521775333 1.83496641681813
-1.82580135757424 2.28681243030839
0.150770927612849 1.60804450097341
1.10210401842763 1.70006636837173
0.273065354771905 1.62951104391243
-0.560022722032964 1.7848920364093
-0.875791162979259 2.19446617970743
-0.335938438050691 1.73749555139708
-3.15519276639543 1.96623646793493
0.44983447797638 1.58701308675173
-0.605778474164352 1.55696486395921
0.753246247331882 1.23834356807377
-1.72977525938255 1.99721773190485
-0.751325898718791 1.69658312335862
-0.0635215215454238 1.56650908253479
1.35278387305098 1.36344709163876
0.974383515231151 1.62359270260243
-0.342209307888734 1.70866991343727
0.419976881960766 1.59645972343772
0.36408087332231 1.9731272321255
1.42070597107732 0.821964699060765
1.502694987063 0.934961680015784
0.915046628472298 1.49437186056861
-2.35061627627603 1.50271972804762
1.35685296589379 1.62761363512587
1.00635109295269 2.00149337480929
-1.29205870572389 1.87261074629615
-0.292032139555922 2.31005747006949
-0.829458393885035 1.71166372065253
-2.24233741784613 1.90192566414514
0.644165036198551 1.76510970229399
-0.640314532177679 1.5880554568627
1.49943977912165 1.10487901537807
-0.207843836036036 1.50281192005062
-0.129477903232331 1.5402516129219
-1.1997573057533 1.79516952730193
-0.310083080809496 1.28062896221996
-0.197824079122306 2.07377541282587
0.633193294855979 1.40395910059993
0.477368154893262 2.08620653862638
3.08104392973852 -1.54113383903889
1.8529675797856 0.383675744514802
-0.893866484585559 1.82914663440615
-1.22979217443216 1.61267403583476
0.0360651396483883 1.93889284664743
-2.47462071562949 2.30313676111788
-0.713182608521558 1.68753806215867
0.738492764970987 1.44840487857442
-1.6153621193768 1.98324370114774
-0.761170171774817 2.02007832562345
-1.27560918953896 1.9844440231319
2.70968813180167 -1.11131937081936
0.926205327762036 1.62086976836189
0.52149316384107 1.51957139045631
1.32678015421724 1.02996670834174
-0.163785071316131 1.40322101050968
2.37811270072609 -1.16530537316984
1.39541193504499 1.08935978036945
2.44701912022488 -0.903680527965075
-0.0278607283582909 1.65994981728694
0.0822854898260056 1.57806642193669
