-0.488675642560545 -0.769739426441241
0.205166643845763 -0.377785955892814
-0.786390638739682 -0.349720054546397
-0.481682386774891 -0.989493315905504
-1.8079685868416 -0.729796475079668
2.84408871032495 0.556116409303975
0.747056896016736 -0.463533855502686
-0.929062172687451 -1.31694978914327
-0.127711795156477 -0.70261512861132
3.01018820617415 0.309903173487404
0.43370601159484 -0.0282741419559568
-0.495002978511484 -0.579944164294181
1.0974488420268 -0.976070572585153
1.70957816832 -0.451432842906665
-0.0687458612802191 -0.584332462191727
1.3561055104034 -0.0862441251629201
-1.75682273260766 -0.786478891058127
0.236858902766303 -0.425944258137415
-2.10529739889824 -1.10511016978643
0.37444063262937 -0.414301261511671
1.64237886619356 -0.311213903237893
-0.775207559896784 -1.02106408921431
-0.914951336146669 -0.875445190020244
0.173182214329102 -0.874128322496344
-0.458599644211954 -0.94912568992138
-2.97300915376427 -1.16276151507749
0.0590352721613987 -0.520155333905299
1.3110246756076 -0.0449027427422144
0.263998705152961 -0.788558282820807
1.16184607285032 -0.521221377885252
0.515422818703207 -0.628496465428266
1.21976251912073 -0.549509423711314
-0.599576536082252 -1.03763417167943
2.89007050964175 0.433151842597302
1.58078774458766 0.117612681257797
0.673819493926627 -0.433837725543162
2.70634326184171 0.392403807113144
0.144223060602579 -0.923235379121432
0.796780305314368 -0.815191467746884
-0.855949251810186 -0.853871100970989
1.73077232179579 -0.102027824301484
0.468853520285265 -0.948188237474851
1.1563145604091 -0.440211312264751
2.01791763709002 0.120948996911241
-0.287958254305271 -0.811711325234814
1.71258945844248 -0.245670464926584
-1.32186384579181 -0.732963214487335
2.23729492511975 0.435968050969246
0.185814692334745 -0.271444021390555
-0.0854843673151586 -0.662184121297785
-0.989807817569872 -0.808527963452017
-0.598950985488908 -0.657739924038112
-0.282912083590059 -0.393578181330868
0.00783741731849642 -0.967130272851878
0.425210330576227 -0.813768385978076
0.767048877429977 -0.475577465179384
0.634121381877029 -0.906653303300907
-1.68907721418565 -0.585191072761671
-2.03386854558468 -0.517051216758467
0.817456679136628 -1.0144846980029
0.616953987508065 -0.593745917000648
1.59588626603982 -0.613001812229848
1.1129491158532 -0.408664267629425
1.17502267258376 -0.460255290978073
0.89566740306719 -0.494982965712978
-1.97860298648605 -0.760803180676003
-2.46136245139717 -0.62596985251513
1.49600076257661 -0.597658407965634
-0.933503799233576 -0.867178192992095
-1.27793189583556 -0.831685830478551
0.980669115607215 -0.593111627565646
0.543545321631461 -0.999674183606174
2.20039787467001 0.666218200400418
-2.6216734263574 -1.16184797558257
-0.332663031112611 -0.649403365345692
-0.63054072035099 -0.595599711561526
-2.90396481335018 -1.07192001940963
-0.436330779947383 -0.841767220268549
-1.64391681353784 -0.786538582341179
-0.448100969349876 -0.880718540230498
1.17745000948952 -0.150460785792052
2.41154367902773 0.323071861969327
-0.677488935441804 -0.67328154599574
-0.285033614165687 -0.174908335250485
-0.251770826984628 -0.369685981933728
0.674251512275351 -0.440775703663755
0.0634698388970229 -0.697915096416374
-2.84447502243327 -0.527918437256005
-1.55294028795741 -1.05131698271109
1.34578852437397 -0.415498022660197
1.87147604117698 0.0672191887051072
-0.311354949276427 -0.838763283966508
-0.248037512548567 -0.369351204876211
-1.47429905623721 -0.886516808813354
1.33302287318271 -0.519631390509783
-0.704923638999385 -0.91791077231171
-3.83369341760779 -1.13226601684092
1.34910355038817 -0.450394886426002
0.578505133826938 -0.516920221885008
-1.85946328510559 -1.27156342234584
0.627294877546583 -0.67840953507009
-0.834318604423238 -0.88257836184332
0.84601612360281 -0.314807333396547
1.8392672236682 -0.187738030456633
0.635204545474608 -0.622637117089146
-0.790711991531339 -0.748710843715411
-0.0730781756430422 -0.80279044989472
0.293461941855936 -0.882357153608584
-0.376359863437816 -0.738598742436149
-2.31359823040858 -0.991689489443638
2.3209560306082 0.364612494011366
0.140556472630125 -0.663923126913751
-0.672172294906415 -0.811771338818021
0.725152581024999 -0.461815034850218
-0.110154183509296 -0.728238821657785
-2.18475186865633 -0.782114268808934
-1.08415292515993 -0.617664035021636
0.0656952095035892 -0.667864498889673
0.222572037852319 -1.15994349291252
0.529745156799261 -0.80966871890928
-2.02655579680287 -0.535205294323569
0.618546444853747 -0.785333303881092
-1.11075582823624 -0.769293706843995
-0.589063053669975 -0.928700824724551
-0.95918544357452 -0.848518595209925
0.899888506130931 0.065645419303943
-2.06293139957923 -0.779652417725443
-0.278470260169703 -0.679671447689183
-0.966352504390758 -0.529377850110577
0.90224426620463 -0.586482900910046
0.00885100490146804 -0.728208446039319
-1.18918125491758 -0.460658359386798
2.07879501667359 -0.186273485531878
0.476034259519109 -0.403519773458206
0.881433662647685 -0.199231271838567
0.703712983352972 -0.312864279152239
0.0101978285758404 -0.709635578124535
-1.96757519589808 -0.898239747460717
-0.635229784322797 -0.280376537105736
-0.177198379987384 -0.96524598878212
-1.22595821745375 -1.0900905985607
0.328336246135112 -1.03947912998609
1.76525699948362 -0.0777192422386848
0.574407369022947 -0.635831369130737
0.148527328123718 -0.416920767971244
-0.547704748843201 -0.78490091225729
1.33153807021201 -0.325017696926732
-0.834558781653227 -1.52893345317824
0.880588784513885 -0.22301010727161
0.575833619574596 -0.608477937696277
-1.18841830384722 -0.497663958046977
1.5945156658738 0.0110678727473807
1.88256433677312 -0.16891845932278
-0.747661774714662 -0.486211252990879
0.35035646318322 -0.495705199597986
-0.391394705279789 -0.484432556657519
-0.795800183271192 -0.978684589267861
1.7429706258538 0.160146963361706
0.611189221725115 -0.868253612035116
-0.351823578962966 0.0492211026384899
0.836595857543812 -0.815772737010464
0.224815673547545 -0.307732374694558
0.4012065308422 -0.847971793980642
0.0267558911176675 -0.440141741434859
2.78490358672383 0.413885012612779
-2.91126319751836 -0.875141639354554
-0.604004320740412 -0.567157952450277
-2.13862648110726 -0.822151386403394
-1.53940639536682 -0.924433917231782
-0.0921896013297639 -0.844820837719906
-0.223688951762038 -0.784448389351539
-0.0406668226212318 -0.874935146049797
-1.65117870578525 -0.482178571164184
1.32125906877612 -0.382190926523465
-0.881252186866446 -0.60089482328535
-0.436262077565111 -0.373233532762614
1.06814937323663 -0.381805710464182
1.68594775369675 -0.182508666838534
-0.10740779913281 -0.590676620845337
0.499635296071552 -0.732965823899449
-0.23031070268281 -0.759177477180494
-0.468291358912674 -0.91357900378306
-1.88055945607363 -0.881326142627976
-0.235577118709526 -1.07499878516461
0.859444677801042 -0.607188329270318
-0.535029789122621 -0.50633994435633
-1.84954511299738 -0.745484930049403
1.77721229883584 0.0772353938137596
-0.445905022697924 -1.08281993073974
-0.61901659403428 -0.277328033943685
-0.824367939410814 -0.725973718067509
0.21227674788041 -0.652873943518891
-0.647302606300793 -0.858253879086225
1.25054257210205 -0.400222895046113
-0.0481166986568444 -1.12830499340279
-1.17567912894235 -0.717614543710164
-0.123761149980281 -0.910673130188359
1.35375347847409 -0.197280212603051
1.92427823897936 0.279981669593291
-0.297396186865816 -0.543456534217087
-1.81611389675813 -0.627647689664957
-1.97844940780269 -0.576592095109897
1.37319353131799 -0.406143832732386
-0.912600884939335 -0.522928665231783
-0.399076487942662 -0.283941442487008
0.493334639387946 -0.495270946962405
0.377342355602335 -0.832990062155949
-1.3525246799345 -0.627282858916679
-0.0669809949585679 -0.928925186884494
-0.844559473113616 -0.588224984344656
1.0844502234863 -0.252427867905099
0.732204977162384 -0.268070523880161
1.66583624954757 -0.356599946173214
-2.43039145971847 -0.506683561351362
-0.777532312718297 -0.702222142850738
-0.606707047656322 -0.80275666032337
0.616326421700629 -0.730954831281041
-0.571847166968725 -0.736038480311595
-0.309615652659509 -0.882982813660736
0.0827773551980725 -0.545752540350088
0.624238999067255 -1.04805021740361
-0.650105131582779 -0.764386520544111
0.500846187747266 -0.637561617161196
0.33627903331234 -0.409558841328901
-0.269521224812696 -0.74412948596142
0.427441202944642 -0.968432887502188
1.10637186825917 -0.366414378033034
1.40144979229127 -0.480599459093927
0.975584810151889 -0.0605827382250064
-3.00774264110388 -0.895072972440337
2.13528712824897 0.106257028858467
2.72508309878397 0.478551627837861
0.236718267337104 -0.469715986784311
-0.523232447033788 -0.969302214180912
0.623743916162557 -0.574101421286386
2.85392780138805 0.861642539010148
1.65261552933737 0.188072480553989
-0.363772967642519 -1.25243035179235
0.644464878981201 -0.845084436016844
0.106666821566782 -0.719749134148787
1.79071949411538 -0.0234541809818233
1.66425909201405 0.0169744363716235
0.969452514878246 0.0968255457255962
0.622884503892899 -0.839450033449596
0.321230740221731 -0.437209176762411
-1.32455567455073 -0.720392200816168
0.0976071385978838 -0.522320437594495
-0.999238360018774 -1.01260114260203
-0.0361801918557042 -0.361021084207523
-0.406619533320619 -0.858452216937197
-0.0102415416638834 -1.00701868362606
0.909707186317552 -0.307764178782929
-1.22187823420574 -0.74126427770853
-0.703581479106034 -0.788165829174634
-0.27993703579769 -0.926124300031319
-0.535641816082261 -0.733834992604468
-0.896287561594401 -0.704523411571084
-1.90394719818211 -0.531481957145691
2.35699763093607 0.291287035897396
-0.773435729668244 -0.599599133503041
0.578216232812582 -0.544923510837078
1.65112888684533 0.0903936004635672
-0.370786982051576 -0.562487600436009
-0.94839077716859 -0.613932543692791
-2.87406752533989 -0.577427806296404
-0.266342681791224 -0.849610506049457
0.840581599129603 -0.340595105742413
-0.785135428318448 -0.917854641054932
0.701056301307119 -0.535101489671376
-0.935986161680964 -1.07927128780912
-0.387380373826846 -1.2374864419177
0.61755865189399 -0.570366124688805
0.570372393829889 -0.211479592676966
-0.280269909843054 -0.600755319615341
-1.62248318705531 -0.709602515291639
-1.44585523780274 -0.530930560459985
0.615898062991525 -0.403422711025368
0.236933131618903 -0.915655841525756
0.929611509643131 -0.451986425863254
0.792863060031104 -0.559190521541998
-2.99100740518755 -1.26979152348504
-0.200661518403746 -0.803719727263695
-1.11441203025858 -0.789519588811901
1.73572866573692 -0.45880187653765
-1.90125608473893 -0.591605719332942
-2.18895819517757 -0.743310753383758
2.55218128899867 0.179923816606251
-1.51195113835486 -0.022456648556209
-0.137141325522961 -0.192355366774641
-0.000226233359883416 -0.514071791012974
-3.61730110683727 -1.00294468565417
0.617257902016121 -0.548077132922964
-0.0409699193288848 -0.929218020642364
3.69040388055952 0.31579279434489
-0.885444668451649 -0.72821890859696
-0.351364724353128 -1.11872585730743
0.429270709090974 -0.40904143017118
-2.95660398975471 -1.14254652070002
0.913911442517181 -0.272807990355524
1.56359405515254 0.127754918088254
0.645574486196143 -0.676329631469535
0.241192061201547 -1.06894217104887
1.61385637817638 -0.287198123617851
0.0730218781470854 -0.733201675430274
0.171486102947675 -0.76584888752864
0.371878843936385 -0.373600494888134
-0.360757056752361 -0.604841021038022
-1.83725730347531 -0.689674450316651
-0.452315897492361 -0.705702630153179
0.857935270694574 -0.552718086703885
0.742549973387119 -0.755297701852151
-0.925011977306672 -0.500994212618147
0.375261906797872 -0.379971814333724
-3.21585405268868 -0.89380432126782
0.227553691353749 -0.615235298210882
-0.374920780605076 -0.774088420406878
0.701941065486404 -0.685993392335493
1.81364621074514 0.530631591081968
1.02595105902859 -0.403569389363203
-1.32541996774336 -0.426414784075342
-1.20230770964346 -0.86051654325848
0.71372911079173 -0.155164673127505
0.401554586561534 -0.62883076197802
-2.00213911551071 -0.504218843377691
-1.26706819825038 -0.549224637629817
0.278833411147129 -0.522632760386189
3.10325888015286 0.903799254448972
-1.15904879723065 -0.546285908607905
-0.647948115494672 -0.789447107836234
-0.235975816310589 -0.72585981474566
-0.150518240924137 -0.860110351450855
0.776402178678427 -0.594914611405196
1.52502982667088 -0.293966807668833
1.09506058443055 0.102493356673201
0.0910775268812403 -0.599569401728892
-2.80494476893967 -0.890299333644703
0.145114221218301 -0.882630741596756
-2.0815332213178 -0.790212531618781
0.442993233795994 -0.700562028884791
0.542694847354307 -0.0730391279244883
-0.6015966826633 -0.756945680868575
-0.209951128521284 -0.484524561095396
0.987913759456754 -0.470060420986623
-0.342905350302914 -0.945508121123353
1.54881407171846 -0.444083496360953
-0.0406078603871077 -0.696028590467176
-2.81738585376278 -0.736682200624635
-0.75845187474193 -0.599067877439619
0.583922981361801 -0.537191571919061
1.66464752804935 -0.331397809425873
-0.445189865940681 -1.2328187979756
0.89901987410798 -0.577458779634675
-1.78904542543955 -0.661041645478888
2.51059511585844 0.328330528149395
-0.383736535458004 -0.745437148795304
0.012488860037422 -0.590505967091506
1.10727068392711 -0.298418806614324
0.0408943659837061 -0.717957857742142
1.29367317126131 -0.352823307423378
-0.35178673352536 -0.717543400163898
1.24813330837516 -0.691433484315315
2.27346060238607 0.473143242804637
1.32052970696017 -0.321013084223215
0.627225986272541 -0.538357617938604
-0.0942848030246573 -0.757898592064032
1.02563395549337 -0.756860293251715
-0.207487549501591 -0.573489744165987
-0.286920909297197 -0.810380848288555
-1.75570307253302 -0.932299267706948
0.132411410387878 -0.520789756844124
1.39071560936795 -0.533703148839893
-0.0998457452093841 -0.533265875795816
0.0454515919964454 -0.862319820971598
1.85873342638186 0.00746546336613135
-1.98775635950533 -1.1778319263684
0.865042346578196 -0.492586777577984
-0.0834070956241749 -0.312781363432905
-0.565057794917827 -0.758265353505105
0.394259162805375 -0.889298457368497
-1.60779789662092 -0.442048471029928
-0.801564114124083 -0.877469506758875
0.0386245015209343 -1.15652498075434
-0.541981036480358 -0.659136338183429
-0.369127668291023 -0.389157304846745
0.434312500025591 -0.569478760412155
-1.80849117226418 -0.906789523773673
-0.780755736195898 -0.696374757419906
-0.238486980176357 -0.564940154256112
-0.746787507551822 -0.957221828846259
0.231909298814398 -0.722221812076683
0.465233272597732 -0.523374108765706
-1.45624353203635 -0.892842896117771
0.0237952376956267 -0.612067444889057
0.124301903338399 -0.898794518687311
-1.72873580100983 -0.861929793592269
-0.461593359986865 -0.764748457656101
0.275065057186791 -0.543016527204237
-0.525112074009944 -0.59816989461176
-2.75952668622417 -0.828546846215182
-0.0942690978447477 -0.572394705515485
-0.468038739860017 -0.304484238538331
1.26620242348272 -0.313200824061167
-1.49155708200668 -0.436900236125021
0.608531841161457 -1.2556957053284
-1.38598939303693 -0.771091141430375
2.22570276249909 0.616865928273121
2.14737138250052 0.71258078634928
1.10922223017136 -0.916593597751862
0.287760363637486 -0.918292012577192
1.65588461951556 -0.41664921336091
-1.37911511562492 -0.211710561620337
0.708080233746977 -0.498789819638345
-2.26986746447076 -0.741871089356257
0.81257349545266 -0.759726690688608
-1.32197373477605 -0.879117657400016
-1.60569742111092 -0.929039352789543
1.80010876340172 -0.196033554539609
-1.38355766480153 -0.781715420169508
-0.0372512497643496 -0.497990435218377
-1.44909130314364 -0.852760679574483
1.25319077576712 -0.370442645408455
0.105347543413794 -0.700310955311845
0.938486937507089 -0.286109794979508
0.681322125730765 -0.545373880967118
0.348742389412935 -0.676899622276402
1.05651939827118 -0.776750048066534
-0.547573870204693 -0.95553185802307
1.38993532407322 -0.455985336569779
0.137324272249233 -0.613854164504579
0.492139626263927 -0.604120880767257
-1.4165281522425 -0.783230221151835
-1.3233381256195 -0.715697881995308
-2.03051506178035 -0.956974965870465
0.00585596363546706 -0.947392995364352
0.116467410295926 -0.656168599850826
0.561672147658917 -0.750390868687219
-2.47688861079962 -1.19895253218753
-0.716533572095109 -0.724120330149204
0.0239022448964539 -0.887924162051319
0.824919305946587 -0.457606507935398
-1.28814345310115 -1.14795978084415
0.781948878037078 -0.822318037698758
-0.572917000552606 -0.526892482069224
1.92354368026629 0.0500627136617308
1.92477188418317 0.0615084011129758
-1.33390147047489 -0.781251264243221
-2.41266133299024 -1.20807925669318
-1.61603919677158 -0.593926090121995
0.0692994184786043 -0.181025142772834
1.73397418577848 0.23738199950359
1.12518524047763 -0.486331440497463
-1.68381382614208 -1.50760712782768
-2.91606618150723 -0.708283095741874
2.35386485516783 0.0173461579414653
0.239398513978875 -1.45208230070017
1.34647691778899 -0.388928126027409
-0.388268975463089 -1.19932343257863
-0.815586211516895 -0.905160203316236
0.204322360166564 -0.476808823982466
-0.81918899738373 -0.470555845560802
-1.20700763981646 -0.817978766834687
0.633053804005794 -0.640670626615696
-0.167426140833817 -0.746146814860726
-1.43149572230197 -1.10048467893616
3.00610402921829 0.682448220552364
-0.297774217352986 -0.708983855961981
0.144682108793914 -0.825312239334548
-0.870785014163992 -0.550860660009945
-0.141568405019553 -0.666948177979534
-0.861053996255088 -0.430110487368599
-1.03452231303851 -0.898769172352281
-0.19117789395301 -0.814825885384039
-0.131417768049335 -0.455973328001884
-0.334145653483526 -0.531059450828313
-2.38447196307691 -0.741647927505758
-0.224247507986897 -0.521229350871121
1.76730492304454 -0.139911585044645
0.0258877607695178 -0.376738345528942
-0.946156413452269 -0.812192818766863
-2.69732497711389 -0.750782184867206
-1.43253230242651 -0.607711424232123
0.249997309323583 -0.610841040312799
1.85145621003291 0.631928754201625
-0.914290641002044 -0.373182610784303
-1.93204796163364 -1.06737087385717
-1.01549808003648 -0.761859445261947
-0.546938459092933 -0.804547342711964
-0.970447096393543 -0.384613534530545
1.56227895106142 0.347907505135126
-0.665677251234611 -0.833567939863859
-0.70424516078438 -0.541644234203013
-0.788849790188639 -0.890543585023995
1.19361348291556 -0.224655301701541
-0.00456422989731699 -0.724679793204426
-0.72699292360074 -0.576700842745731
0.251831337176111 -1.20457154924315
-1.30838713517502 -1.24506260914503
0.0101437171452467 -0.780118992020739
0.0244461575658617 -0.380505546150795
3.43798122901034 0.851235903132522
-0.476507862311784 -1.12735524936985
1.35906237780975 -0.405491680617838
0.114144130191965 -0.872073216110462
1.27099036413757 -0.475695939427401
1.13915088765943 -0.309413025744454
1.48636690749511 0.0505109053681934
0.88252170642398 -0.653215349377706
-1.85431081201197 -1.1126481898232
1.48807401863141 -0.581963854489346
-0.544227503171005 -0.455211427303558
0.88359134712685 -0.773134147684075
0.0339634460667816 -0.752911396128477
-1.48566227839982 -0.8380734510037
1.94910907428942 0.209209204540144
0.803259815358187 -0.608515328407912
0.54240574677558 -0.409215615845074
-0.292075396219298 -0.862364471509995
-0.460057607436824 -0.375909583562102
0.245355855736066 -0.422262284398994
0.320956321626257 -0.439340495590542
-2.39854726380484 -0.505710529980407
-0.807372431731701 -0.776717326707128
-0.00363824675968534 -0.29113027541025
-0.164556165536361 -0.641183870301301
-0.821243768330468 -0.539726390690293
-0.253490592333894 -0.375771181600888
1.69325875090353 0.141328521724146
-0.29059535990357 -1.06416040224985
1.31383449526336 -0.169583144172827
-3.07952088594566 -1.11466288706275
0.722285430604481 -0.636762209269962
2.80508443651213 0.347079604142572
-1.42943180889842 -0.905814346873742
-0.282411165436958 -0.693438881945911
-0.4565501349628 -0.749623139506436
0.518888637297738 -0.0603748689190113
0.423394864846002 -0.607981337272176
1.53241927296254 0.0992663811876651
0.691172856098964 -0.568484107050986
1.49863030970282 -0.38721159413042
0.392481213069404 -0.881964623005063
-0.530572661371815 -0.829909428807656
0.800005061675342 -0.500312167129139
1.20846836528689 -0.251120318063953
-1.80451985451088 -0.920865555242443
-0.944105178200194 -0.483027578911448
1.1089788389729 -0.860259052160522
-2.15397342328534 -0.549892453546924
-0.0018299234705224 -0.382951593423104
1.20454402970125 -0.162678513923681
-0.517443492382037 -0.914837680133417
-1.07480881920996 -0.497652275950597
1.66363215248775 -0.374919277841451
-1.01202553488395 -0.657947543770161
-1.41109473912746 -1.67643230393176
-0.765469412436642 -0.823479581875751
-2.05351330382274 -0.771401626769253
-2.79111555056416 -0.70710420612083
-0.0799291104622439 -0.503425568506798
-0.0907709506783522 -0.618403880559971
-0.848359347175343 -0.7311598167084
-1.10069916370935 -0.753646673606373
-1.64927340394575 -0.952701986393145
2.03402738652887 0.384301059480805
0.12705681943952 -0.894457582526899
2.85273641253905 0.670194623082438
-1.06334318602698 -0.780563215132024
0.140002320017677 -0.854700156176094
2.10799439705224 -0.360207822631801
-1.94397208265375 -1.21170333171666
0.545749519669974 -0.644623012246905
-0.474739799061748 -0.39636726638672
0.111538040745951 -1.02420918824774
0.23948796598878 -0.376987602167112
-1.73177072540101 -0.689756496382577
1.10641016730864 -0.54919486569351
0.191151696214115 -0.843221444028703
0.306636059570441 -0.466849645313401
0.764309351351193 -0.399353610691083
2.65309808663621 0.711256116585704
-0.512012361332086 -0.25679173976493
2.97110044043907 0.0772953451401722
0.782282657249875 -0.600763584346341
-0.709141822823683 -1.45547576576828
1.07006006390727 -0.322876061364677
-2.6846112983303 -0.938067703293527
-1.69409136398667 -0.86277480124137
1.84405170865683 -0.213972474888431
0.54783328144096 -0.892112294627328
1.7606378194007 -0.145475730130516
0.710449518115947 -0.406653034055995
-2.13173244998373 -0.68127728272956
0.0791996720485581 -0.508866776342676
1.56985580318034 -0.257325201276798
1.06282574885929 0.0108267205216627
-2.42028145242604 -0.686095361164961
-1.14580041715401 -0.946729722019104
0.21729224045796 -0.63516666316103
2.02305862260862 0.303136933628646
-2.60735712196461 -0.719416406665563
-1.21384586366322 -0.76699981959426
0.374272406213538 -0.52809943774126
0.844719141034712 -0.581699518015931
-0.248452058596244 -0.769725021967295
0.857679859232081 -0.440725445871683
-1.86979683161798 -0.800649856513751
-0.875160081964871 -0.607352436161872
1.94805205098779 0.345896840057244
0.916407791630492 -0.394412190739561
-0.941119785488197 -0.750895284363317
-1.39778846624991 -0.734791721040958
0.918378641353915 -0.306938028908345
3.23730253836644 0.626310315842589
-2.66060457607182 -0.870643654560992
-0.911112206497025 -1.01844471454182
-2.38950038406658 -0.78092895817491
2.81630017953952 0.429094711997618
1.08255478967836 -0.556493304112727
2.85489048480377 0.780496287648034
-0.517461186559913 -0.755013636522306
1.77283251562645 -0.0818514015194739
-0.181998672323196 -1.03547809314566
0.615178147498442 -0.510368414795428
0.0566240984024204 -0.677454842662994
-0.76173501807382 -1.02144831587759
-0.9002589784645 -0.711097681765566
-0.189850872396451 -0.990140680304681
-0.739070948924306 -1.09593174516151
0.711815177927542 -0.238160180148282
-0.131913306956257 -0.6262130919392
2.24446572111031 -0.403338872003807
0.128368522343784 -0.445789172496045
-0.0880744815999792 -0.603669201401257
-0.864824175099554 -0.775817970037106
-0.726091933601192 -1.06922724630035
-2.06873862511134 -0.202818444376726
-0.0277323488550513 -0.295355736634749
0.168138302535272 -0.797826351931634
1.36200454938041 -0.381679387032227
0.755905947903817 -0.115108367936855
-1.23732591854823 -0.867000381220999
0.719421340684767 -0.507735613422937
1.5106596149822 -0.0841844461391204
-0.822865155578881 -0.630879134006969
-0.550067160821184 -1.00824480274138
0.525395932410275 -0.458780804432475
0.320466428003881 -0.538244650979058
0.425645036880414 -0.397433136907202
0.774910933626024 -0.767067189835902
1.16897484920028 -0.871566621225608
0.0320306542960883 -0.815386269902634
-1.48934194365388 -0.960350885746731
-0.125626636235169 -0.928183710928618
-0.967602389307817 -0.459828340073145
-2.13253977410813 -0.295456478746413
-1.68401331179273 -0.639496953978981
-0.183895209711434 -0.4110200955622
1.271959448648 -0.702326032131394
1.68587008358381 -0.208597764749503
-1.58186520254976 -0.605157273975516
-0.70772344605119 -0.888616180678796
0.850982013464076 -0.396260979769598
0.629697542125424 -0.441745688097886
0.079872124934311 -0.645980733999701
0.81957334529175 -0.302519370007416
0.405692407886524 -0.844814939014781
0.910342278567381 -0.0869929706082055
0.503960973072412 -0.86665395114051
2.32052867686621 0.156583699752291
0.877460617041236 -0.597351583122639
1.91639015471727 -0.113790062653493
1.24937019912865 -0.458995048224234
1.20016389936204 -0.496219760942662
0.788271228723316 -0.842248319588881
0.529593514323276 -0.785927647875248
0.216396385439113 -0.346467822931068
-0.222421288398298 -0.252176820166316
-0.0787825736226898 -0.42688205453518
0.804319817916945 -0.482634751025076
-0.382820763528969 -0.821724500192514
-0.167621143281577 -0.760941840376798
1.42521197806529 -0.644523953355494
0.46258405285983 -0.441042869525076
0.810840905589248 -0.343044913667636
-1.05268379889859 -0.542738061196091
0.461938015136069 -0.688873572975716
-0.962859026186926 -0.769337167370239
-0.156045769186809 -0.701127497824854
-1.33865887530523 -0.684966767142581
-1.58221328917866 -1.20019884609026
1.12258118552389 -0.92019491489018
-1.76854310322106 -0.259465217467409
-0.576697180882024 -0.827974857207881
-1.072970475451 -0.949736030287347
-2.92780726244997 -0.492410904515069
0.685825811382397 -0.35800442902039
0.520549232517647 -0.486148754186414
-0.160849250263551 -0.689451506313622
-0.0900958265213904 -0.481250680757061
-0.611393996728943 -0.535972502398943
-0.515578772752832 -0.974768290071767
0.323978995205752 -0.764578302203044
0.783237117873598 -0.467783656047438
0.450032632478567 -0.943570830842577
2.71406212472463 0.202719009379924
1.21159534456889 -0.618941243131034
-1.37769714978495 -0.930193262744699
-0.56064402344009 -0.550924891463649
-1.51483984289251 -0.446646946695595
-0.401298464147351 -0.639908766509332
-0.280650281656784 -0.207958976394851
-1.85592823967116 -1.07223496644754
0.944849554510057 -0.320231645511923
-0.450651007748458 -0.742246939916985
0.073745386641058 -0.651049422271933
0.593843761425391 -0.317312657232814
0.439766301600968 -0.590969402719129
0.337716805931712 -0.658441248205022
-0.358185467249251 -0.644721874973989
0.832037616726443 -0.44463176658193
1.05551015748196 -0.293516022910514
1.41798074026038 -0.451264337795376
-0.3949439713979 -0.838801556784575
0.277955736626565 -0.932368804967791
1.63077221862875 -0.352655732535095
0.393930853715927 -0.573921873397678
-1.31832912542783 -0.587155553143807
0.471196580387567 -0.490804695390529
-1.69595411172264 -1.22942438422716
-0.89336136594046 -0.20754810280456
2.25028000492782 0.532303216595572
-0.100571988756869 -0.76793828411416
1.04782593207378 -0.499053311179076
-0.286265315844219 -0.518651970299702
-1.33797170390239 -0.293937562362567
1.15044145553107 -0.511351896688908
-0.171096031687514 -1.01178513532881
-1.27993733099834 -1.02794807453111
0.680705916282531 -0.552560615912978
-1.76493032961132 -1.16339358751909
1.4868290703337 -0.305670296053717
1.2493352149267 -0.586349635155996
-1.21668072458546 -1.00240193338897
0.242437450663156 -0.308255494325904
-0.490388945625982 -0.850199566102351
0.0717665676334542 -0.690995633834069
-2.07961134536826 -0.753396048139928
0.444346034610067 -0.0932373959179559
-1.14024089998379 -0.505437081756849
-0.827357093147993 -0.765128781316653
-1.23623912345817 -0.793161459565529
-0.27135072377083 -0.82248476423177
3.41830197043757 0.599616314821029
-0.81227542591496 -1.07439575694541
-0.73356173905516 -1.02513100448197
-0.116216245717272 -1.06843642954883
-0.093532758391326 -0.420710989661645
-0.261565448296529 -0.686939291996652
-0.846517572973145 -0.643219746582219
0.847233299338674 -0.630708560138152
1.79818310655595 0.101729948487192
-0.282430159592948 -0.262878324947459
1.77465360695346 -0.0259919881702346
-1.23070743651249 -0.559397415958822
-0.740678735071937 -0.564970009259198
-0.53565164185831 -0.589642607330444
1.80117591901237 0.0172764642776835
-1.41389185674803 -0.484403125580442
-0.35546630064761 -0.916414586744637
-1.63253074483165 -0.775283288758479
-0.396464218599236 -0.663342827602351
0.108565092173059 -0.655977844568738
-2.00102315225827 -0.80471428444215
-1.12945745922776 -0.722912879203574
1.6899274163105 0.285521245563735
-0.135946474264272 -0.537153116610159
1.62513256835572 -0.816924889989569
1.40724932549825 -0.558890733526363
0.13142520737235 -0.592932106958788
0.156956961410199 -0.662064055197148
0.0145426399744461 -0.761852655118017
0.84473333639244 -0.412895661246389
1.06034051619523 -0.32093700531408
-2.37887418685521 -0.989097144148091
1.10751200337589 -0.683299741947754
-0.224802330602512 -0.693585343537255
0.180767679889694 -1.06697233498269
0.764817479197546 -0.449088906825491
0.428496016874368 -0.902685664958264
-0.155143448637262 -0.880939075918465
-1.45050904355668 -0.618901418537071
-0.747003399302347 -0.467413404336793
0.894453078596593 -0.730066858891802
0.765424826421314 -0.848088761878497
-0.324225695934485 -0.743779669243842
0.936016574423759 -0.560449373442962
-0.159516262369484 -0.485870506367682
1.94588698397909 -0.146749728190085
2.64895286172352 0.384831219320987
1.92539725151078 0.164095415963792
0.937605760974722 -0.693196634157869
-2.09762241455434 -0.773861630793447
0.460527870549154 -0.69107776001859
-0.866848035269426 -0.390565667496351
-2.01570953666146 -0.888361828341918
-0.344400300434466 -0.130229783779397
0.93289674333246 -0.292074287082172
-1.03048957233898 -0.840179974063386
-0.283200072812806 -0.875281511982511
1.4596768309508 -0.233743827976216
0.749420138972837 -0.553022735980345
0.299486640906109 -0.665604206787985
-2.75728885207202 -0.660920832456154
-2.06912641298607 -0.522546852832701
-1.66940159306894 -1.17926918992389
-1.01837719225342 -0.846983351795069
3.17557644116251 0.711749265549979
-1.34622314202767 -0.508280418848484
1.475459980678 -0.0965993249701876
0.198827762789325 -0.723598341743207
-0.0917245436436413 -0.374253716340121
-0.535414989719997 -0.921237289405401
-1.54560009904572 -0.890492054465395
0.09595430502675 -0.821154766695416
1.67593617596706 -0.342620635772742
0.394207897984747 -0.912184534488838
-0.173820828142617 -0.591582829317228
-1.4555866261796 -0.184370105372084
0.00644269420570963 -0.387616414458586
-0.582158550910599 -0.73408173335716
1.58865805292065 -0.169773613857518
2.03167135190062 -0.0547514576487522
0.288024222089726 -0.876279071278584
2.37367125830505 0.215908818474688
-0.310528041828046 -1.00826266580157
0.150395982513378 -0.748864337989842
-0.355402299461756 -0.537460414284084
-0.963785601703339 -0.940448966221895
-0.437160221197299 -0.67668191335756
-0.0935052309362088 -0.5798065173171
-0.315296486205901 -1.01394067342448
0.466624783256287 -0.530787571336569
0.0256416591904155 -0.751926215787298
-0.678553441887285 -0.726014787115485
-0.606879963255893 -0.648518080481645
-1.19784249048707 -0.501370204778232
-0.455913973208514 -0.563045902336723
2.20083055662256 0.302357499112783
-0.382042813568004 -0.752891925828064
0.457651119410173 -0.529541422032788
-0.428918809315863 -0.648699942273407
1.65724524822002 0.0443356741214152
1.53338382025201 -0.317621573262684
0.0187757448252784 -0.692363944311632
0.91530828053606 0.0345876929144741
0.440226307606457 -0.692875049541964
-2.27384904305415 -1.1512566846926
0.0204301506047323 -0.65171179010671
1.31836594677271 -0.394918089426454
-0.550309024695351 -0.9650698334521
0.266501855240125 -0.611931303865816
0.184143595547752 -0.0434387164999859
-0.392999974182815 -0.685084772921599
-0.0835919627159607 -0.662098577205682
-0.327607196701521 -0.800734350478697
1.75116038200679 0.22366485366046
-1.52065853930037 -0.724113548354773
0.414680897366989 -0.499460243766932
-0.425695738984852 -0.306691815378379
1.08442223832984 -0.212153821693525
-0.826743247588898 -1.00160387979507
0.186478689167405 -0.247293480955416
1.2690423686738 -0.626601676937171
-0.123917083085556 -0.811936229465412
1.38483548117316 -0.709890296487166
-0.0656351677318121 -0.230169464878981
-1.86511239819988 -0.876522610644097
-0.130035794928467 -0.63724558563316
-0.714227876219669 -0.73822708596003
-1.89730781076194 -0.695940656593651
-1.25006244861182 -0.755183610123692
-0.413569298180587 -0.68521596927667
-1.57980649972234 -0.748012927553368
1.4276138216583 0.0733347653580541
0.295677378672174 -0.537890673998117
1.14587125095408 -0.279502676941856
-0.233916984351872 -0.99476882628578
0.906036621983805 -0.502856139335986
0.168667632277418 -0.542435617669652
2.82597497279635 0.505221232265755
0.194365119791056 -0.456502132982147
1.19954522736465 -0.253081246330255
0.957538533423937 -0.900283791802366
0.989484707375857 -0.302692337849446
1.19772378361357 -0.743637297896556
-0.181552704400858 -0.626803273520209
-0.935456262410174 -0.784952359053872
1.39098888104531 -0.165319730327167
-0.876763470280706 -0.574856453739799
-1.11598203228165 -0.216429120806241
1.41843573633237 -0.125032632010777
-1.58791114879661 -0.821697073953947
-0.570832203431349 -0.789345794294438
0.681506809417162 -0.755874388179098
-0.844074024496868 -0.292325476204946
0.722641497256128 -0.43815006079767
-0.62872620974455 -0.484210437876549
-0.922300769733474 -0.785555759392246
0.799384794285558 -0.14504448913435
-1.08257470812576 -0.74735769960392
0.020435062118623 -0.82660360104792
-0.674076048657571 -0.743065247518098
2.82489590025833 0.655074600611152
1.17433996907119 -0.20924198518795
-2.54520550346979 -0.227152513603002
1.14291396124982 -0.459112571930795
-1.20706428692509 -0.914575781124221
-0.651126620639084 -0.622099249307691
1.83125173600842 0.0411476453561877
3.61245697917527 0.774843504894988
2.48030687736975 0.561307291535896
-1.88000702582791 -0.784506586509857
0.212954426348602 -0.200715354092121
-0.348689441331702 -0.66991281558441
0.0335523975967219 -0.485385525046409
-1.05539634428206 -0.870655621194059
0.183389598826087 -0.852200842101753
-1.06675458971433 -1.00479744753319
-0.403078707678057 -0.887165361051044
0.531244925526498 -0.184598289924294
0.292629308801181 -0.878243760512798
1.67132051193954 0.154599531089949
-1.33158972935177 -0.581303399523993
0.640520715810883 -0.484073762408883
-1.9094940236724 -0.970288753912869
-2.34626281942488 -0.264683560625059
-1.4867344848831 -0.741223909914451
1.90161649163226 -0.159892664378599
-0.650813112209874 -0.490702498509091
0.967938199813313 -0.535360548734617
-0.125470163540524 -0.631265187236184
-1.1638013159237 -0.90660052314486
-1.46678498802172 -1.12407016529901
-0.784412500876036 -1.10586022308461
2.95390399528948 0.826183729078613
-0.0177025237651682 -1.1784566637036
-3.72897970194295 -1.09828024556059
1.32418999106853 -0.224362275718687
1.29199267384505 -0.439112946619492
-0.551254846846176 -0.918261656897234
0.964758773435296 -0.64057630952343
1.1190945195299 -0.531748813130441
0.683285218927296 -0.380309944987059
1.29577718677714 -0.0524477969587464
0.994847322395946 -0.563856632632672
0.933631085624948 -0.487029853240137
0.109442955617981 -0.395713475932693
0.453212261394435 -0.5322128391926
-0.00445608342033425 -0.197330854146129
0.242970578658817 -0.949154779042217
0.00259440209741421 -0.629352664735359
-1.48603582566892 -0.645342341079524
-0.412442804857882 -0.756038065085527
-0.648635901000665 -0.554137912840353
0.114160380948187 -0.747973164940001
0.421311864177386 -0.273572591684402
1.77675919970925 -0.178601817811532
0.867541143498174 -0.812305527050493
-0.419370967883122 -0.863266800283544
0.796133361562844 -0.741585417400753
-0.530987352705752 -0.61115922416907
-1.71659462814015 -0.950287102014936
0.490724047864478 -0.657065663318977
2.47112529227792 0.184521679410212
0.230006986042151 -0.8439464449362
1.67392722019209 -0.0450025277001804
0.444856377071285 -0.559686220457066
-0.483826834454428 -0.580744910436007
-0.836570580837882 -1.07379737583426
-0.19636431621889 -1.19179585260115
-1.86732495093918 -0.633481301979417
-0.563205058195562 -1.2625697918911
1.32410052700115 0.0291262584678577
-0.595762042002112 -0.718885227196001
-0.525047573559998 -0.764224629268785
0.354564686555313 -0.287682164277216
0.0140607488271114 -0.455812020908555
-0.20680273119776 -0.82547185061473
0.358068820130532 -0.507412649897139
-1.24641795529066 -1.20020699964431
1.35873632353348 -0.141707286992244
-0.239135560427975 -0.8279456836326
-0.522029921077649 -0.563971927451347
1.43660070669557 -0.438912407404696
-1.89307724654216 -0.846542157050679
1.61114684637414 -0.302161007632734
0.345404018430455 -0.64413138226215
-1.40756684458689 -0.424777187314066
-2.46143891774736 -0.680912881613282
0.602728952179121 -1.11097767058691
0.780862044775853 -0.912880140307285
-0.288528619969086 -0.723986950473985
0.528002033028177 -0.726588077678598
-1.75568742637289 -0.715177303893119
-2.28984075438311 -1.10146862051605
0.953857212057972 -0.282334908252492
-0.62455936592183 -0.421576083780702
0.840725567562642 -0.640382270941329
-0.149978201367645 -0.103723115451974
-2.53151797725842 -0.891723707263533
-0.683260349463047 -1.00306524224464
-1.45919368906814 -0.411334475865685
-0.66607102477327 -0.95177325332623
-0.612499737141731 -0.532703582017606
-0.382883661797967 -1.14765442615572
-0.228058981839232 -0.914405273761136
-0.7817053856743 -0.918220455885269
-0.0463004774249142 -0.807917576113632
2.02862550242406 0.0669110313362644
-0.0792810219472368 -0.773898770644499
-0.584454923911444 -0.894326131106511
0.495518015907154 -0.337264196392749
-1.54920137060544 -0.752419343199786
0.667925956912504 -1.09363728564153
