1.53547908337393 -0.904345517483167
0.400423336401283 -0.771994915726321
2.68281272249769 -1.24099074261009
-1.6114156065672 0.717262682059139
-0.542448509191718 0.30021642051466
1.91351436069073 -1.35174194907263
1.08144050157438 -0.633657338120462
-1.75332370288545 0.799425832850823
0.990710700158768 -1.0423953327951
0.916668857733511 -0.964358337220952
0.684520480721663 -0.633658328595623
0.302942443073118 -0.740313199850599
1.71070506760613 -0.553709437426393
-1.1236130442019 0.575113044624271
-0.801658963409028 0.599267267902015
-0.445815030535865 0.407273150781556
-1.10665671463985 1.22150707732108
0.311778431015736 -0.561791580107672
0.809657883753077 -0.925147945749561
0.743110139230694 -0.854235417425951
-1.03382951194967 0.737481436384017
-0.765919950833432 0.776119317942783
0.294020226236297 -0.468404834216718
0.445086969686526 -0.971717361803138
1.12937532588441 -0.851388227570332
-0.480306665611275 0.0220597644483848
0.611900337175691 -0.843695119695148
-0.920029913242769 0.706968087292634
2.49713364982424 -1.47675268903174
0.949083909858894 -0.753716600539507
-1.49023551025611 1.00086284802868
1.17114845549142 -0.935661398767968
1.37366547262068 -0.924329464794658
2.78412592266305 -1.29484184002871
1.36201699548101 -0.917808310174814
-0.536890079543962 0.091169154452384
-1.23314989973017 0.702057613027489
-0.514401359011002 0.119011785915539
-1.72226049403572 0.747321583257457
1.81066146738678 -0.73166282861283
-0.946546593532971 0.400990137315424
0.882761677896541 -0.934268047650116
0.35688174023132 -0.966838007040572
3.6145205081197 -1.8079015381886
0.991302409838189 -1.11196696673132
-1.87870789402952 0.947341636818687
-0.287966102024283 -0.24562200692198
-0.155325478661708 -0.152789339786016
-0.414771827251246 0.0725905874584362
0.110235268440075 -0.453062752810582
0.241841172522982 -0.817023930592304
-0.423710712590429 -0.098483387748007
2.9326705449399 -1.27813329660194
0.136210443710769 -0.472024253365396
0.279357896307075 -1.06019781329611
-1.61000118183062 0.892818145951479
0.367313708518925 -0.354135487768701
0.521207208081875 -0.713560844418406
-2.58803925170978 1.11348582613323
-1.90521094827833 0.862372284712728
1.22112064170485 -1.04102646061559
0.641137502909137 -1.05562464339856
-1.402847525455 0.53365529565132
-0.306863289330039 -0.310656169105069
-1.56025107592019 0.679466734398579
0.762138304837632 -0.747439763452643
-1.18830734825654 0.700330586346059
0.943019769370423 -0.898565135555405
-0.940237837558242 0.904854178764787
1.52361973923406 -1.23916928153825
0.00890837359755883 -0.964527643110042
-0.405757874977873 -0.00666883316048116
3.64829385050807 -1.19411872087001
-0.254689846597093 -0.28872192864949
2.26822051835431 -0.352853935194537
-1.84525443939043 1.0869447295341
0.893973424366032 -0.881954838496063
-3.46626206025789 1.13944985666773
0.56466155612802 -1.54941873323847
-1.55798046064413 0.623261086055413
1.07390704783822 -1.3241315966224
2.01673849480289 -1.25201815549448
1.52024082289921 -0.585928360674925
1.91535310671326 -0.484285608720848
-1.52902557802013 0.521489119429863
-0.165027530448945 -0.233707522653325
-0.717810306361188 0.303862037892915
0.98347862279921 -0.946863036027442
-0.482622902547605 -0.10221009793039
-0.270955566445209 -0.177818462844152
-0.848308249724758 0.0931321175010315
0.0850983580559243 -0.37114578057669
0.107592428882847 -0.711714380645476
-3.60049010120354 1.43089959982792
-0.0422833121715088 -0.149306020642463
0.0468362777479671 -0.495507834161873
0.512406459114227 -0.882091499489928
1.6497470190896 -1.54450355985751
0.278011453599613 -0.967201829578059
-0.202805123577995 -0.350336809287931
-2.8156064260113 0.549209259733298
-1.71606557530816 0.790453139773251
-0.401385656968905 -0.0851446089139649
1.05606208828174 -0.727975419622819
-2.40403047611861 1.18454521029921
-1.32859558568181 1.19997042477454
0.14317280560516 -0.150098796739718
3.56138328503486 -1.05887766086215
-1.13633694934306 0.692113901623203
1.18539386138688 -0.828780735589965
0.0699027414926559 -0.515702407313286
0.595246465880216 -0.74515689885548
1.07982443858068 -1.1514121977351
-0.159428208024325 -0.433651944404112
-0.300508128971267 -0.595145155592906
0.753272533682508 -0.661173609687503
-1.77795627022073 1.00444448196196
-0.234752297140915 0.0644417096810425
0.463430606374964 -0.391034759212335
0.56438632087705 -0.62923205391837
-0.602236449546075 -0.446045101153821
0.575777078207978 -0.741907778628695
-0.218118174315397 -0.680144465442574
1.17336645644796 -1.16846224024405
-0.212457224479822 -0.381234566536646
-0.307302177314973 -0.0268514224599957
1.77503889700138 -0.99713044335844
-2.05478729664876 0.679273965162318
-0.492859256109566 0.134365330644833
0.838794783964094 -0.780924283807877
-1.11190843008308 0.690143429336305
2.3253391190278 -1.02960953747629
0.926580382925228 -1.36955842294892
1.94948773779783 -0.821060142534507
-0.582130866189196 -0.0120750546028011
0.357648283965316 -0.163475434386829
-0.341954518672484 0.229838468602303
0.0409221789389455 -0.455531950504249
0.0262611133837597 -0.333719513080945
1.75005790502251 -0.653121813513754
0.107572202536615 -0.2608153796004
0.528714037172643 -0.737667020239329
-0.5207407273103 0.774125310249938
0.512367138342871 -0.460215939028037
0.401553646949802 -0.979426007240392
-0.618337514063564 -0.0730244171934969
-0.997296788533546 0.662318641362996
1.95192053691812 -1.15700217560543
-0.0282450213460748 -0.737737801745377
0.614384563709751 -0.903968325186071
-1.81013680160339 0.687573184917441
-0.869016835471906 0.436557401029012
0.861132238599606 -0.916065718854752
-1.41907987115406 0.334523035965306
-1.08158042881227 0.618640876398129
0.137993496129553 -0.211536169604796
-0.735891237394962 0.162750762004526
-0.240041325628493 -0.482503519397378
0.0143691164828987 -0.509459994674122
0.184505723841521 -0.521597639268085
2.55084535584418 -0.996694033833229
0.628987478735534 -0.531532202907216
-0.649870404043399 -0.0844665213769294
0.325498637074543 -0.808747186743202
-0.499793713581401 -0.141573982225149
-0.201103013308521 0.458485245308338
-0.699199396958275 0.910098571041078
-0.433604959421643 -0.258385905196688
-2.00625226233121 1.06640797216085
-1.48012675313731 0.954454038026463
2.10942301512168 -0.587278814144244
0.96076703111202 -0.335175618654725
0.125780241195534 -0.857071588724097
-1.35959977246105 0.595816627364944
2.48809881153902 -0.724232923966172
2.14993347823367 -0.754933637518194
0.229855551618942 -0.174852977467741
0.357149730994024 -0.858450806966655
-1.50135164236829 0.890166874636945
-0.903579269286572 0.392704873574982
-0.799764136295217 0.171159607852837
-1.03949359984827 0.697030402621145
-0.181533898729531 -0.304336692796219
3.07543613066424 -1.02476914104276
1.95624947326521 -1.02334092475911
0.997373089955307 -1.30012604960304
-1.39900201099723 1.0998854729024
-0.152554385735341 -0.447090890558687
-1.10152478790868 0.693457025418275
-0.367181024954586 -0.513804833823667
-0.146359950182228 -0.233353608162049
-0.569223469064423 0.641780052684776
1.8475611805648 -0.88419509628164
-0.337974547255956 -0.0439495044949503
0.373405377056713 -0.387191100696099
0.468916438760602 -0.465772481574752
1.05641543995056 -0.983412900397084
0.950788472236037 -0.705156470353352
-1.2899932226469 0.406937899872385
0.391470793634765 -0.641141580649591
-0.994799807643404 0.600781643804085
1.95962445542884 -1.18966766413445
-0.307667183486264 0.097743366604692
2.80317222078997 -1.0703002759894
0.480755410376687 -0.768615804553073
1.64067215286216 -0.906543581534776
0.345287263179202 -0.975395769875288
1.60696165973911 -0.773275070637073
1.85949610931793 -0.984295189935853
-1.22660300810179 1.10597865943065
0.431572639088354 -0.73747602568267
-0.683994275874849 0.299681835408496
1.17002526763659 -1.15244158910032
0.472787110200467 -1.05438670622582
-0.917963843098541 0.374416927405037
-0.661234167357629 0.361565345096095
1.02823817251973 -0.860791002544126
-0.779729698125697 0.523266373952098
-0.340771617055856 0.137052256763374
1.46733641267919 -1.01975695026858
-0.109788241824046 -0.609530173876887
1.24541406353464 -1.26092033302813
-0.87796757819501 0.450432071613233
-0.37934373383206 0.162563573600618
-2.92894815352224 1.07427585804154
-1.25065348223277 1.24680859052542
2.46298368333019 -1.32605744592573
-1.42033602994352 0.939501930438789
0.677077975973368 -0.814325414405701
1.1212274158511 -0.584973120734805
0.0739948221597293 -0.131152724521653
-0.419693567082804 0.0209000580475656
0.892027144507455 -1.24865131288368
1.53486652207565 -0.892271325829354
0.403678879301305 -0.470273799362616
1.90805822041364 -1.26987026870811
-1.05438930807165 0.761361131682453
-0.273358654690144 -0.109113498543485
0.802777814899404 -0.984731438120044
-0.60996739679261 0.570885232558022
-0.737681624784791 0.520955621936192
2.34702021078197 -0.886860828229505
2.26210663141338 -1.44178065332769
-1.29581937516247 0.74582635453906
-1.87488618218358 0.284028525851201
0.16571876156294 -0.61548979360849
1.45596760734503 -1.30066664911622
0.493281663298045 -0.569582373700305
1.28705441587945 -0.923477154558116
0.71665423713576 -0.801873723165455
2.26132225118093 -1.18200626758549
2.41613116750486 -1.27842085001867
-0.236711165278107 -0.085585854597709
-1.42444362394201 0.681993154302196
0.554192043490771 -0.846800075212846
-1.73537224164358 0.660181489742547
-0.331527006148434 -0.410577402796791
-0.185239968028217 -0.194109779295885
1.37865759287677 -0.60398667735621
-3.03312936755136 0.75436324310086
-2.4610982556616 0.881707806731927
1.42656360218789 -1.19590875063224
1.6733650159452 -1.00638436145549
-0.900023980672845 0.399652858132664
-1.70197129214223 0.798348050246641
-0.992918742739822 0.655494084740635
-1.46656986040539 0.969954812562754
0.579726617220486 -0.696732096168451
-0.334720381575843 0.0569623451666767
0.608303336604918 -0.848438624539554
0.564317437975646 -0.709515307246287
1.27701345173483 -1.03537444357412
2.27770051306662 -1.04720148957004
-2.1996844462816 1.106453956927
-0.0739431689797524 -0.529021022097318
-1.75813128997315 0.553352004028473
-0.553400328619152 -0.195697128160368
2.1153538041045 -1.21312360360897
3.07834488666066 -0.588759362183293
0.823560336459484 -0.477371112764559
-0.833257489815712 1.1764934501916
1.05762704474281 -0.789742140790352
-0.354623913212467 0.0481672650554266
0.163104884837202 -0.294534030128305
0.0109011071495563 -0.455514740369238
-1.42579967849197 0.697519962827825
-0.187686797840487 -0.936173766137043
1.62517762824359 -0.912350796957129
-0.215842469750585 -0.0599286808448358
-0.360351911939625 -0.206742343767009
-1.83411347719439 0.94482496577341
0.681896002026366 -0.629074777184542
-3.02074889640776 0.819605827728084
-1.65044649431793 0.643177910115195
-0.439165300388337 0.115664762417477
-1.94898689106862 0.96179694706284
1.71327223538596 -0.919888329708816
0.960948182824565 -0.961292038646023
-1.48729984485924 0.597254784613336
-1.91020517536572 1.33685511922499
1.98616727652825 -1.21137029412451
-0.633827378308821 0.0567214600823884
-0.0210844217648279 -0.601636442444048
-0.223663505741605 -0.00503915683546879
-1.65178777218383 0.539653361001338
-0.577947237656952 0.525538341539873
2.40413612220589 -0.761370542700348
0.374208541470448 -0.663886959038598
-0.175561732307365 -0.318455789278747
0.858136042820123 -0.586943892692817
-2.12546024299486 0.969229794525777
-0.610485860226414 0.283693243543377
0.250267481689845 -0.601712030475657
-0.252086288691527 -0.233382816732315
-0.569351968655495 0.34333631344993
-0.254320068941505 -0.394271574851054
0.152244740474189 -0.376892221191675
-2.25785211959623 1.13709243100961
0.207738086427725 -0.396950222184007
-1.44963866893277 0.689289465056714
0.431950252373976 -0.865929919620091
1.12112984635948 -1.20627873884926
0.275106556769725 -0.854380877622709
-3.21231653703659 1.30895248715486
0.564851719065826 -0.56077165983172
1.22094028569579 -1.06553333639582
0.923171065869583 -0.558264617730672
-0.132606957529653 -0.272102012982557
-0.874699411058088 0.522204494975884
-0.108780894968955 -0.301262106861501
1.61304057141474 -1.27984180154367
-1.10219494885252 0.586347942350478
-1.5667891082351 0.952963191278298
-0.206994265473881 -0.0712005260161356
2.3487237802326 -0.776518277137914
1.32734015476691 -1.08914223171594
-0.74940928757296 0.463250258689616
-0.238126852129394 -0.522961175261288
0.939631939399459 -0.44382823171573
0.848229471043381 -1.03307427025546
1.67748317448277 -0.958307689476295
0.00698650753043034 -0.341458049472893
0.613121773645388 -0.800127977747072
-0.892583130501574 0.492704601605016
-0.452858086726734 -0.126778793139806
-0.962281334786984 0.221677404454075
2.52696113701826 -1.1786556330698
-1.51484324955059 0.603950836686752
-2.27250847730176 0.606288037034846
1.27002788837365 -0.768946886234256
0.720964613502823 -0.695983137361174
0.388028945938303 -0.453662417510232
-2.59451666195279 1.39767508170969
-0.540345133439015 -0.0882354822583579
-0.457952653903483 0.200530563782724
-0.444614495199665 -0.0365100601892498
0.760312846576142 -0.258604180568025
-0.304423370412672 -0.356772230499994
2.66654990533978 -0.951353886572066
1.60754354604569 -1.19237476349103
-0.731355630014949 0.409296203688479
-0.0636332862820824 -0.351297356795801
1.70032174074848 -0.827150390288366
1.50210729909057 -0.797463661097505
-0.559201394845128 0.241396460786616
0.731637070707058 -0.858307366055195
-0.1231940529069 -0.186525876422484
0.338282471351951 -0.835414943492898
-1.03754168235259 1.04085226658711
-0.921167042432054 0.745205909556735
-1.0761240766346 0.381562226398334
-3.1717944017993 1.35288724347873
0.813836862887878 -0.921128211639443
-1.29243949677416 1.06458153913578
-2.89952983751877 1.03756996514873
2.05092183888333 -0.925025521269311
-0.0577751162110825 -0.179936696196394
0.850766036753139 -1.08821278272019
-0.581735482644361 0.208007889311966
-2.54045131653979 1.37322839636809
1.95472368060546 -1.18215952290966
-1.4177359473452 0.987158944968908
-2.02661463524588 0.899230067362605
-2.13766641050826 1.0546632564149
1.01471375429986 -1.22858886587753
-2.0393803168482 0.835674308932221
2.02270926120653 -0.942075696896815
1.44881606888673 -1.11574026629658
0.0642688599713411 -0.0685333614833281
0.115515868579048 -0.593273227559504
-3.64977642130295 0.906398275942372
0.200771852017627 -0.663946710939383
0.891798028786921 -0.240753816473842
-0.0449003371171272 -0.283069430634889
0.342606988272233 -0.80383103130087
0.549434866955805 -1.15066055741509
-1.03901292990675 0.481292935132746
0.803072638370287 -0.699702242592519
-1.10406892528413 0.467396215430861
1.95074350703316 -0.931466458972344
1.45046491937154 -0.58283149238354
-0.882947655587885 0.763861309219516
0.253889777739523 -0.577550655252268
0.869780187148586 -0.870082450303985
0.480447847344735 -0.802963078991679
-0.0670679877815719 -0.335643452345022
1.05766027399532 -0.697126599249182
-1.59620180140462 0.885778866397296
0.139018931650448 -0.487398042770344
-0.671074539979744 -0.130945347987668
1.13965071182583 -0.813552485948279
-0.168188149692255 -0.400160492893879
0.630446278053919 -1.15421670748191
3.34384454490021 -1.29688404911189
-2.54828919002166 0.672815245659717
1.79832455461096 -1.40815608240242
0.37907400700659 -1.01111285765114
0.516090043613154 -0.461491967561135
-1.23172343474643 -0.0747051521454657
2.18032444946291 -1.56951373756521
-0.987090525222886 0.744735512730927
-0.382716319736213 -0.0257308185879157
-1.47195721444798 0.766030791748254
1.00600225725676 -1.10952348277402
2.66222813459305 -1.07976744536617
-0.774323807235767 0.17563000079986
-1.81150564302817 0.889364286909007
-0.407244255106709 -0.124126337459065
1.68713470389963 -1.12862249423614
0.280932327105722 -0.650844527812017
-1.62222326434417 0.796348695996945
-2.1648475965296 0.78356587214295
0.968867573622193 -0.860572857107292
-1.14700551086551 0.674898864781646
-0.463944428115026 0.215804368256711
-0.950561807399246 0.40141883271728
-0.443643992395605 -0.190495125639225
1.8927062008939 -1.53500175029518
-0.351793038686179 -0.188589174458851
-1.49334246732494 0.876588512116275
-0.0615308163981023 -0.97433717896434
0.653461942616713 -0.849519705903602
-0.201273407145982 0.0548185420455347
-0.819863306874101 0.187784582823433
0.55370663137617 -0.217656161264035
1.37016414733809 -0.903620916955822
0.170321342564197 -0.146848966910764
0.707124327958256 -0.962989572779374
1.29689737273814 -0.511427345201888
0.298907648600365 -0.769692521844631
-1.44407872236029 0.22331486298348
0.376497166725007 -0.732534991793873
0.171418050846872 -0.969223070790368
-1.1375593954792 0.381022300416224
1.21756092711075 -1.0367443218414
1.23194873626268 -0.793847969006307
-0.691417705032387 -0.218326458524043
-1.86430576724797 1.0641943379276
-0.955363715011802 0.082297724074068
-0.196929403961116 -0.154629083994316
-0.302337580199562 -0.206968543068887
-1.3050208004332 0.459223255180082
2.04485008907249 -1.18335450162334
0.892606927678132 -0.851031199351929
0.667973530848871 -0.797879854283016
-1.05780490960818 0.0243053776764661
2.77884453386056 -1.31159815891935
-0.183203429270005 -0.285847132201896
-0.357282573238255 0.10411410445756
-0.222384408709353 0.0338453804930086
-1.08234582490508 1.25763426512969
-0.450008740025353 -0.159001343516047
0.726605542861624 -1.06720265618964
-2.08603538037596 1.17714446614643
-0.333422175413673 -0.305400099395672
-1.50167708330444 0.835183299984399
-1.94003783443602 1.09383587530263
2.20506396692724 -0.876106997996487
-0.157063226924854 -0.583830421788374
-1.26158268696981 0.518003322071813
-2.16657252308768 1.05871534399191
-0.817130929527323 0.361385348966112
0.419598063357167 -0.3437428101627
-1.48983458800522 0.708141441759616
-1.04468897964629 0.433800322683701
2.11013278608708 -0.721758920328232
0.0993899633925269 -0.578303638503694
-0.643364564465684 -0.339995021767778
-0.280419718027971 -0.0461528770321227
0.390237892160217 -0.459364312017931
0.0033501504625727 -0.488721788580203
1.36855257988956 -0.45978999303332
0.546183543642246 -0.937263668269512
0.987318269394978 -1.73897245885743
-0.387799381681099 0.206807593612198
1.93263855948589 -1.04047697004046
0.701694688158007 -1.07184257961697
3.29073736872908 -1.43095110010321
-0.685138170840665 0.0240707926795746
1.73991876041972 -1.01308627831316
-0.512019035324967 -0.0282737234629264
0.175286705603814 -0.194373031239067
2.3013267038561 -0.832512463277519
0.184159147523033 0.062821032198183
0.509730768230509 -0.608303390269885
-0.730995236858734 -0.0931115828655338
0.220667870421468 -0.818707918327207
0.704267727341782 -0.790786147166788
0.148879616104381 -0.588567019455617
-0.424028852928062 -0.169070922815633
1.20221081451649 -1.152774463777
-0.604641072695148 0.500222910885141
2.23294995228749 -1.0071960482397
-0.841983205003518 0.401533762088182
0.672120747425285 -0.758038980378774
0.823289906062418 -0.640655910569226
0.973798765269135 -1.21240885416638
0.181330569276798 -1.11536513095436
-1.71330132036973 1.28045174237455
-0.232236422770858 -0.239476693100736
0.951722488410908 -0.613215225152571
0.188582408009263 -0.491993144930801
-2.38854253056887 1.31292899721702
-0.544707362600681 0.0903325902292778
0.919855687123129 -1.43751139109367
-1.67931609773835 1.05733021871361
0.4286640154552 -0.602082140234956
-0.538528712838975 0.195600081647768
-1.4763283080936 0.518545375472377
-2.17711935567892 0.297232636129179
0.18834816107742 -0.404700846798764
-0.427028029578297 0.220330688700267
1.43545698342134 -1.10562084785321
1.73457381301531 -0.832209563257416
0.736730468811921 -0.81373626029826
-2.12571099567308 1.22049598437078
-0.211734625630269 0.047806346222215
-0.94248239465483 0.473263878844743
0.188142086205444 -0.578879311693773
1.66000918183492 -0.612119419078738
1.16026089589088 -1.07212214096866
0.102349297180609 -0.292321724998819
0.592834690611458 -0.589196292491874
-2.17662897984071 0.967400937630126
-3.60327060427103 1.45877823179976
0.962163532819427 -0.876564381141535
1.53360962614753 -1.02352520831118
1.58956468255751 -1.10705026574542
-0.562369177938939 0.661020628587937
-1.54584399256271 0.806995099215538
1.44302948299466 -0.943394707093581
0.306979878893781 -0.507436742844803
0.039804788248695 -0.707087105252621
-0.174542338769551 -0.188968924451889
-0.242552455724744 -0.122722929230369
0.563338706239106 -0.880067991194093
0.125623065385354 -0.671027304035063
1.23615594967977 -1.07511218815795
0.0340258415459838 -1.00088881842693
-2.16341300528765 0.85953982766842
1.46582749033194 -1.06003812644732
0.931804070802025 -0.799265707583273
-0.307593199135823 0.265063591002237
0.155884683271198 -0.30869097473142
-0.911373827652339 0.83110707592487
0.747900953149071 -0.699853387240769
-0.404922764971023 -0.127584661226648
-1.81483654647252 0.964929226837035
-1.16547992538046 0.654077391801372
1.4208035395706 -0.801876173610156
-0.839119873037621 0.375404626430874
1.85380889496786 -1.05328803914411
0.538191005908411 -1.07246814344793
2.38239012674342 -0.844829548142074
-0.383933495812001 -0.376241281010607
0.347617172787635 -0.996186942461006
-2.02967254653959 0.806211312288516
-0.376176122399845 0.503838044294169
0.0240117148532648 -0.520614871152565
-0.293610147034329 -0.446635498768758
-0.559244380330236 0.147009496155732
-1.78297529498266 0.683294367542167
-0.753782198789319 -0.27928762197311
-1.63010582833364 0.802510930487409
1.95352394747247 -1.05313990888617
-1.65161549289676 0.987516390719315
1.78782578643111 -0.920453572220798
-0.0509828816394013 -0.512943202795749
1.6285222490807 -1.01639573734843
-0.817042210934742 0.345899611159146
-1.47011676099472 0.989420918278366
-2.50423696829444 1.64932974161291
-0.135829065739706 0.141791997164347
0.770901928203098 -0.889243701984664
-0.283268110840555 -0.249657421046197
-0.214540868721173 -0.325389017910009
0.22481926799003 -0.713249392864795
0.96247015213637 -0.446800730665438
-0.402068239344193 0.207435036521688
0.630067536404688 -0.674839868879487
-0.538777251846215 -0.189641502686354
1.22198268743365 -0.832521618967782
1.08359750917502 -1.447467949342
-0.419945499458598 0.144678644063083
-0.000904828195494059 -0.43959249876889
-0.668225621325742 -0.0837119068495726
-1.85438096943074 0.947558956597258
-0.443626096123294 0.436157332750497
-1.21863010223147 0.613753750449465
-1.44259410781313 0.772710317837631
3.31108198508893 -1.27078281437119
0.213762649986751 -1.05558703848338
-0.746692362673071 0.627007135971436
-0.328568090169364 -0.389541048458809
-2.11483867710822 1.14336915257441
-1.23499845151387 0.908301656351969
0.832845521441181 -1.01868205626489
0.131066226657271 -0.671875533683289
1.32486050089889 -0.964795771316004
-0.621773767429204 -0.0593798613087016
0.50776095005314 -0.91641626301659
2.80693892886962 -1.49999526404416
-0.671795335250921 0.0664338311985225
-0.802791632629044 0.54587967848795
0.444887353718033 -0.731495462627178
0.532572888392888 -0.705949349778904
0.292010421089028 -0.782321093335024
-1.4480126936273 0.615493456667117
-1.76124812320924 1.05331498699204
-1.08361271834774 0.897924677194832
0.603290157637703 -0.660704415542177
1.74035150127411 -1.35381224265792
0.986899381369122 -0.909349125871505
-1.99087125465119 0.983021900916105
2.13829592765289 -0.953055982570394
-0.186495045009711 -0.380429640752939
0.0559191232012472 -0.377336576883124
-0.270243446601487 -0.328694406524935
0.441640983281108 -0.259629772611014
0.929594173649613 -0.978922992224296
0.0683512597846739 -0.35480201073963
-2.06817107578926 1.21015946751992
-0.0466884126252987 -0.639703909682353
0.388872558094053 -0.741204025852613
-0.10163991237882 -0.205352286878359
-2.67963008144074 1.13605473625024
-0.919076300842777 0.498024561016476
-0.557546130147029 -0.26087049062626
-2.20171167159598 0.95738460171635
-1.69136897843374 0.847881611652679
-0.582853294166048 0.168568577241465
-0.576047954456955 0.321410161865943
-0.182235526628436 -0.208501085296444
-0.691880978626595 0.36266777245986
0.201657652478865 -0.400286595482165
0.792073557342122 -1.0135854944678
-0.680472349974163 0.114514053416266
-0.214686395110499 -0.7514348883121
-1.08093757127546 0.683117530798929
0.835172005215498 -0.68326879567648
-0.454204664688924 0.402975203866611
0.234966468552353 -0.969014691254051
0.964243416683424 -1.05090502624656
-3.4630412946897 1.36101950517299
0.0723930506356056 -0.490674540796335
-0.207213012618936 -0.749705659614081
1.63664784780064 -1.43485619809798
-0.0319125478513456 -0.638965214380165
-0.0565185176308938 -0.12861424296744
0.163477367463479 -0.194339348042143
-0.306859494981905 -0.47656012408709
0.886488298046533 -1.11587986457775
-2.25499955412577 0.735315630530821
1.7205285818544 -1.25414663369541
2.07532617449307 -1.56656182232703
0.257766105066387 -0.653699381963599
-0.348476936236371 -0.841767877737744
1.40663318169644 -0.639107585144883
-0.448098474778291 0.110732279660022
1.38747296969048 -1.09337780060332
0.0293168780229193 -0.465940583702234
0.0970599604469417 -0.709868044206911
-2.89543890151192 0.822989886230828
-2.19690004057657 1.17861839221138
-1.40712906309691 0.315807407224709
-1.46436093499693 0.799318800391518
0.645920534435988 -1.05750006489935
0.245073753385472 -0.438129578141843
0.64754785032636 -0.409567104523686
-1.02162812605449 0.503414823246071
-0.456658757643014 0.0931676179577578
0.174873234386718 -0.782056796922319
0.295175646973689 -0.782948944853126
1.09050161770623 -0.739698425196776
1.41011999647501 -0.870250305263198
-0.500831214043429 0.404216585026064
-2.0969502342604 1.48899153399457
0.408555577436787 -0.960256625789578
-1.0298888916402 0.368890583075682
-0.860987118330213 0.138325907658172
-0.239976640506373 -0.179926650182438
-0.0304605719121784 -0.448143747678772
1.60312127409852 -1.06329742220899
3.61550495164408 -1.52170018598329
-0.265457479309555 -0.39182419631999
1.24897845103219 -1.16382311575889
-1.07780424338027 0.52957046163991
-2.46367839259967 1.17538540501151
-0.277840430321568 -0.262260697028091
-0.24358042693372 -0.385028744687331
-2.65181102074131 1.38416995292434
0.965783791299371 -0.932839622178745
-0.274335372761561 -0.645875411539194
-0.914998466029309 0.729022797368456
-0.30492766336362 -0.166826722357816
-0.537878603012731 0.459135566599405
2.47199927471609 -1.22711158330621
-1.46291328207542 0.735133481729416
0.250858765906791 -0.43061934458768
2.3575745549228 -0.948327767388589
-0.218259334013215 -0.798226876279667
0.880127822754824 -1.19082635248138
-0.853977731277919 0.511914439686738
2.1953627711808 -1.33758180225923
-0.822921482841885 0.504373826615265
-0.797586034871955 0.0378081446580327
-0.320826071630314 -0.161347025226949
0.134552400461623 -0.622576478099428
1.89027993035469 -0.754887048147908
-2.7209504292057 0.992397892751744
-0.844516550587696 0.602422248484671
3.22139380553654 -0.790126729940262
-0.869237088082272 0.414313384672537
1.08484076912776 -0.733791172288565
0.690712177404391 -0.803694083633354
-1.30404958694523 0.452343615245064
-1.33518471086805 0.391884950955025
0.950458210497515 -0.793549808023475
0.962069421664557 -1.02590313066274
1.22325074209334 -0.914801962384282
-0.466581949097299 -0.0105907685880069
0.356962152755115 -1.06194399419233
0.237752413668166 -0.841577804119774
-2.08934489051626 0.876435171644171
0.770892978062557 -0.55003466952958
1.72290684574978 -1.26293849196352
-0.500043784679431 0.0309660614141145
-3.28343797546774 0.863012992505304
-0.197733167008683 -0.402313090319457
-0.791790853066709 0.501257242892425
3.57545302361212 -1.27913746879095
0.637787231326117 -0.394202796056926
0.00947916439337838 -0.466964919727848
-0.754524849591816 0.0750307024802356
0.947874406451504 -0.937393702517924
1.01987042104884 -0.997284502660322
-1.66571594143178 0.848705258571447
-0.0860459436919345 -0.712231838890147
-0.0166193972670448 -0.834402271975166
-0.163580805533395 -0.0758298213372414
1.36338193733879 -0.774280586864785
0.564303325037454 -1.06710061688415
-1.10623044697812 0.55018360761912
0.378744055935323 -0.436630065008757
-0.733103835351911 0.220184891766609
-0.559649769092497 0.600436392379225
-0.365210329939535 0.116472659249932
0.210060225723041 -0.858131358179484
0.780409069147616 -0.536507910069368
1.28484234809411 -1.14585554832129
0.992559082926078 -1.07292465135461
0.135697197878747 -0.589324771367147
-0.411414290767447 0.0637378362181153
-0.787205699619202 -0.196618626239827
-0.856851074617907 0.191574185393692
-0.311198983751427 -0.000286442519560837
2.82564965095796 -1.16438632036707
-1.5952561943857 0.446104950878584
-2.99801001837824 0.948183351798797
-0.653104367723942 0.216430119210153
-0.59399857969042 0.522525982940307
0.812468205865285 -1.05316431133742
-0.355142937698056 0.156120394505965
-0.953857834020954 0.423769183429251
-2.03699107554851 0.308504838023855
-0.142062218742913 -0.398919750166122
0.998995807440584 -0.504306751837792
1.18833754589225 -1.14549831207757
-0.373415853587505 -0.314649557101135
-0.783644017476041 0.145348468998708
-0.030387281187996 -0.50419049722886
2.42609675030744 -1.15358244141886
-0.232406371005245 0.00461927742522389
0.752566797964126 -0.696519705777446
1.99009617133879 -0.951682978248505
1.20771627741435 -0.744733051287894
0.0774713743556016 -0.437472157804462
2.64128240941676 -1.54015078462026
-0.227781721842698 -0.399486838951876
-2.00600754934444 0.67377234626628
-1.10918016280834 0.459194937755485
-0.104952979116603 -0.321670059970641
-0.275025164296201 -0.347437278798541
-0.810908487419173 0.563372385279677
-0.106351283209929 -0.627038116765105
0.882127871482392 -0.912151228651036
0.954574879995215 -1.06025058496028
0.398285910166578 -1.36071746390506
0.108092055403231 -0.387619192577635
-0.263474860188051 -0.424199595930157
-0.961706300908958 0.145493749411849
0.230595219940042 -0.494914878935424
0.252392989487812 -0.53267989721644
1.71904174290071 -0.901304967429125
-0.698566888466627 0.0222423181073243
1.12107078111302 -0.786505664216448
0.583216094828912 -0.254047909644846
-1.25224040795134 0.752043491885629
-0.691592118385342 0.459783723245115
0.320411811728891 -0.924931105437153
1.10540887304301 -0.81234597973363
-0.802321945097963 0.617072867248272
-0.907227969150728 0.414282471359863
-0.561797125437107 0.147965536305754
0.249477504556389 -0.746938086757913
1.24203543070023 -1.01258344499019
-0.388785869791576 -0.328513158859426
-2.51863711974234 0.864572859716695
-0.925974170877457 0.654580345948715
1.89755045756375 -0.775542933689212
2.06749421680518 -0.588132579904398
1.06372311801572 -1.02419203904755
-1.23374624236944 0.550561754975101
0.230021325723811 -1.03423779838972
0.224969095607738 -0.565164898999267
-0.328353091371153 0.0929899902124119
1.08644224057694 -0.91676862177103
-0.0119338330223144 -0.288419770182258
-1.47861700215468 1.15938201596126
-1.79156400761212 1.11853254293477
-1.42685438163036 0.741515512302594
-1.71803010232254 1.02078051568932
-0.718691982194136 0.372187806514322
-2.34554145902371 1.15782991237284
-2.1485243968501 0.539665633817624
-1.31672284064147 0.808738193562236
-1.62232171776703 0.581031171075986
0.659219378403665 -1.37234252096171
0.245823155047082 0.0122970529444568
-2.06894307776163 1.02820804602971
-0.236033541146915 -0.353598741018087
1.68899860918195 -0.819675401340988
-1.73797998986584 0.966960413556811
1.03483265692049 -0.297332565582918
-0.820891654138072 0.415060644842474
-1.75127983647506 0.963622245403072
-0.634217750716595 0.0856368082070243
-0.506471020454441 0.458993325984107
2.81747361514685 -1.1066362402227
1.5335344668128 -1.42345090432026
-0.70594935928488 0.365026188953835
0.443830966031098 -0.765733122468634
1.66059569113914 -0.795537242946359
0.769512332984027 -0.931228738064247
-1.79643945787601 0.935293030190865
0.587363050538755 -0.788648014515492
0.748666184090742 -1.07061530948304
0.785114912401821 -0.852513258584916
2.3769656653145 -1.12774082384415
-1.4191460869986 0.758352441780261
0.847213425893579 -0.688174159193491
-0.680165697894059 0.131133324382388
0.55025896545731 -0.687079205330427
0.657711729044996 -0.814139199634874
0.693519356675362 -0.950606905259647
-0.667495030575789 0.414526080874689
-1.28834305907929 1.1441940793174
2.14448156733442 -1.40555263418575
4.19153340353826 -1.07926494715575
0.431200876451864 -0.72373612762722
-0.342917768090493 0.0757114755859379
-0.353794434761979 0.16101168100948
-1.27034934263494 0.457181689449982
0.347294502638129 -1.12567773166682
-0.75110397940711 0.610850900735884
-0.834708170203145 0.548167989339752
-0.893860937169692 0.719833318831537
-2.78261488418178 1.21765303921367
1.84338318212122 -0.851855586411768
0.425275495961593 -0.491249612532201
0.708986165354996 -1.16264548295454
-1.60060504647532 1.01553282132915
-0.923902169563482 0.486372596696966
-0.705105540624913 0.665018479280854
1.34402221003865 -1.14597172607983
0.301323110399599 -0.173954391464646
1.2048279206783 -0.889041138033981
-0.385475675282068 -0.312918194658927
2.00285836658623 -1.13454402477501
-2.4785302516452 0.980174493376283
-0.479791382044408 -0.00180779543369215
1.07332934123755 -0.784814111003141
2.15844695508361 -1.199873488563
1.56661355028102 -1.1524406028163
0.751280047196155 -1.07669035396857
1.51910168660452 -0.786203907069709
0.587952348096138 -0.728811582871792
-2.01753131024756 0.886631042710828
-1.44277343279947 0.770797535746439
-0.252143454879651 -0.541548551779445
-1.81068174156096 0.511054175187297
-1.06937028957296 0.632390855638999
0.887554935753523 -0.805237146562757
-0.232179283189231 -0.235487237727125
-0.2867652761408 0.248960515800208
-0.0109325163026488 -0.786823551974309
1.95141145888843 -1.08307512448398
-1.0830766947996 0.801022517126449
-1.43300857404624 0.231039437003584
-1.18013581498807 0.81459072380727
-1.13654806158605 0.877059013879272
0.393835508711883 -0.900465221806939
2.87586081809932 -1.13478888315525
-0.413229402675093 0.313846777229411
1.11504873842556 -0.579831929498436
-0.601243631156028 0.681667804955052
0.162109827993731 -0.308452545636904
0.424913735329567 -0.298577468549937
0.115203637128503 -0.589868513173457
-0.457236433207411 0.315094381634472
-0.142411170494368 -0.727854819571879
0.0409015789202006 -0.560320758531502
-1.12548713558679 0.457229607204154
0.265597392791765 -0.564124013977981
0.524413475351811 -0.169090944820619
0.511559220289494 -0.735678193814441
0.0198701153868225 -0.474109983766695
3.2024233489408 -0.894047561213835
0.459570027699102 -0.256512639366384
1.61652784339093 -0.737181639952645
-0.650654237454204 0.041734942201506
1.374076656663 -1.25945755512517
1.00617102247706 -1.35952047073878
-0.672930708127952 0.351095125509588
1.37270075974837 -0.97542214634739
0.851136347982157 -1.00663454745426
0.321103577498593 -0.552016546290466
2.07860697917999 -1.09399306144291
0.0628024305205848 -0.414301700074918
0.785174956176876 -0.433392899263394
1.23870018519396 -0.822984855243564
-0.0449176134007818 -0.29903028904675
1.56569602762066 -1.2551211505689
-0.102931278575005 -0.459593014575316
0.24336303537378 -0.257280502830288
-0.426464906396612 0.288105962123541
-1.38038185155506 0.642252005358636
0.191202464698217 -0.780181336291102
0.760307403518257 -1.1174041351815
0.00466949145972396 -0.785268049015597
0.052567216290586 -0.290138593506172
0.883865603250877 -0.734549430041539
-1.25195942254406 0.785053035086862
-0.371896798814666 -0.237175996187047
-1.24597806545402 0.451239931793888
1.54760215850641 -0.719426171534579
1.37416055913598 -1.04620295841279
1.88526815932793 -1.1621986363577
0.288855089850916 -0.708207866953092
0.991323626063664 -0.698494490428092
-2.97807527070402 1.06674799284744
-1.72003896662007 1.30672067461857
0.120834872365621 -0.312981900835373
-1.40052442345341 0.749494664171478
0.953590121945338 -0.737466412209791
-0.597718479289822 0.509124617070826
0.632243919927745 -0.845466556919295
-1.05942413515248 0.741164805896359
-0.191250682133169 0.295858564907278
1.40179733829969 -0.697727412553552
-0.0957877863949397 -0.0897331422593668
1.61356112078739 -0.726300014951732
1.64690845091512 -1.38758608781659
1.97436321299306 -1.23313297237454
-1.17203178044326 0.461569016256154
-1.32262123041404 0.685145360387094
-1.64281871822644 0.855470289483599
0.876593239825943 -0.923783886289014
-0.11485266131897 -0.0739048300018302
-0.660088449007182 0.359057398208941
2.32924083124077 -1.03308426987849
0.518386051977971 -0.474144024231359
0.554388370921653 -1.04817753758457
-1.16807133034336 0.856091421283478
1.95151133057771 -1.35884872808814
-0.607706524674093 0.181648578584761
-1.25400215475932 0.631154411495642
0.378174823154758 -0.405835696691048
2.2566566891805 -1.11555183099289
-1.39585355930947 0.657085902959732
1.4204290124645 -0.935661507059273
-0.0872144074776443 -0.110859451628078
0.0837589586925373 -0.413360834532087
0.00129982290248324 -0.637532564050411
-0.498059183978488 -0.221939499734476
-0.97438964026279 0.673005187820735
0.570065480919549 -0.718341231410789
0.376746530979842 -1.04066391211928
2.87544546123671 -0.949941806028268
-0.795917903370678 0.462016491866425
0.952183643654031 -0.760300316478268
-0.0629037714892636 -0.61463157141419
0.0291141569524535 -0.0704070063838063
0.599771783609975 -0.487171250272983
-1.32724138048927 0.620166549161063
1.52502215813291 -1.28583202574865
1.03745430889682 -0.801792746408851
1.92807763886602 -0.741726364175091
1.43838883152262 -0.791912948015142
1.21310587837257 -0.356368633525204
1.16546537567022 -0.58054677940125
1.03174775778789 -0.881636660126009
-0.276079850568899 -0.164641956521436
-0.6064199846307 0.138231984831829
