-0.277173806249274 0.898092535344235
-0.396583294261357 0.928238378983951
0.350684593508011 1.3114372283308
1.30651507305545 1.00171496366889
-2.47267791809025 -0.717713461358814
1.31391752506659 0.846225262953512
1.63669882448232 0.864819073966518
0.0815328157580149 0.515853383422014
0.44331912064001 0.977340564670087
0.147279160186201 0.558015444329638
-2.36058361561203 -0.310520181250649
-3.17821670812704 -0.57313330505088
0.453598066271275 0.901444899168776
-0.295319851560758 0.285241741150565
-0.535116210325252 0.676741277293193
0.74609999119929 0.887013722413795
1.88691730826032 0.822054321225241
1.21315669720383 0.76151696642587
0.0212058415043563 0.540295628013577
0.827518561315678 1.35411579476177
-0.559813894672718 0.131515806716616
-1.24899224329998 0.0705547609131466
1.3241311630949 1.13878057507999
0.0952982063699742 0.796017149025151
1.51968031222914 0.828826833296658
0.690890658104593 1.02959693273065
1.34570437436193 1.04678582752343
0.433034739122739 0.779396701870836
-0.606158117066192 0.677587818294773
0.302406851071722 0.59265103054795
0.278711636648588 1.08836850853557
1.73053003605197 1.10456536798685
0.413839342162179 0.782605094325808
-0.929136749801488 0.894744451018082
1.17249059834217 0.767165695527573
-0.987844176230853 0.00507602238480559
-1.18858783466479 0.0912206604749612
-0.47317650574759 -0.0313613363363897
2.51142237980551 1.00668561096611
0.148847582297273 0.650722308214186
2.173253793006 1.15441549033529
0.167144734632417 0.419827831449579
0.548265451774946 0.994042139686396
2.55120887524583 1.01262221772104
0.565700832075628 0.813252817627401
1.55406921125328 1.01737895448384
-0.467600352320628 0.612501065634051
-1.22141808641603 0.475453318539556
-1.07821520656822 -0.0489134979484901
-0.508643844153441 0.67597828148713
-1.04100401271411 -0.292562310305595
-0.483522723273767 1.40215491877991
-1.09103983271117 0.416667711909225
-0.132582536652007 0.453209817992644
1.27617711237716 1.41873288928495
0.809878324540864 0.846956438213148
2.83404719990875 1.24946432224991
2.13109669363382 1.12880457845998
2.07039831537636 1.32938874106488
1.20897036088277 0.768932276367586
0.258413305817102 0.705158332154725
-0.823481410081331 0.833049175424821
0.265546079449404 0.731516272833928
-1.60458485640654 -0.13570745947116
1.23298389043434 1.06473515625012
0.795159190025778 0.88088079428429
-0.0605212271928291 0.697115618299533
0.771571032087948 0.981262141491211
1.18168290109212 0.772979630514369
-1.66372283671529 -0.34618040684524
-0.596471471817255 0.9786045998874
0.738810424082472 0.81032712198661
0.556337963658105 0.703322704344055
-0.303676238894024 0.771394451326884
0.389755979135125 0.650167805925537
-0.000497420273588395 1.24188621124354
-0.779555350633998 0.557569928584179
0.248324202944087 0.697229588833678
-1.39522493723994 0.385933517865069
-0.38044289249873 0.891955690101572
-0.75812897728892 0.760646428458563
-1.71356889708504 0.240242827928046
-1.10527793486424 0.369337721067944
1.1931935339695 1.01241191903077
1.61410841422902 0.304348837768809
0.921481295446917 0.672491805569431
-1.15357412854268 0.548524048831987
-0.451445696761454 0.389614679137269
0.0789210932096894 0.947079485091489
-1.25193763809448 0.280426501701551
-1.64856323253327 0.0447845441465137
-0.74914784158467 0.496922402938762
0.0852036256502134 0.986195441442902
-0.985689993056391 0.164714760461778
1.36229308751507 1.28121197197847
-2.97613279551889 -0.431659292070179
-0.321981366215329 0.914778166493539
-2.32325750784293 -0.168420524488788
-0.702677124285301 0.590367413102639
0.873295526204687 0.437611690002136
-1.16887550495754 0.529616178196921
-0.119595862148407 0.930156206050567
0.151121163074258 1.04709401038281
0.475902314173858 0.999054548136125
1.35328504485756 0.636660488670733
-0.00939053021132404 0.0475545788930519
0.572932278157697 1.13600542885934
1.18711708343703 1.09443483815788
0.837042917986907 0.866457004581183
2.32097795601442 0.945074336662535
-0.071876648146574 0.194090752827768
0.132759152397703 0.530960685014245
0.815960943080908 0.727042119397115
2.08252092523901 1.27729805684501
-1.86494136139864 -0.287048989968007
1.14263380278344 0.562231489227752
1.43219454716454 0.396959660205783
0.454675757840385 1.19550280367796
-1.34374340869257 0.248114249780668
-2.68999704026776 -0.557113572729281
0.871622051057627 0.820794987906688
0.0933423575014517 0.755163826960956
1.51488855823399 1.27304858831952
0.232641812147296 0.754658409220602
1.55430916227789 0.822171380279916
-2.18639283751349 0.124549963017786
0.245073532894761 0.820760267302179
-0.200326473653586 0.630078133404972
-1.81053695972004 -0.000624108047871663
-1.50895318230528 0.279369146667199
0.908590813962166 0.717213670620502
-0.847679452414137 0.680965849517738
0.0593745703222814 0.880305936415872
1.47904644312093 0.98131719445499
-0.329069046337816 0.53987545310058
-0.776585845346775 0.520448308519382
0.766329378874147 1.20048132493193
-0.0477459444358899 1.04548063004227
0.715560768288965 1.08002975066558
0.0293251961627185 0.931416355697795
2.19439737643417 0.780095459316176
1.96296566585263 1.15692374641514
-2.67306361058579 -0.18966248063123
0.366038330794164 0.942822030165885
-0.202769670471652 0.404969147314391
0.656898421821738 0.704967720572908
1.12478962309024 0.975999816515697
-0.718798295205496 0.66811628114339
-0.473929813371166 0.76728438445578
1.2486004985796 1.03923110149804
-0.409627042804742 0.402837900316868
-0.613810134376913 1.06696842806486
1.73002297914536 0.746232015886046
-0.620194701122409 0.478909038038575
1.62108899100421 1.33138771616194
0.309024951889907 0.867166765635303
1.60307256681433 1.1671782623981
0.327988960274741 0.598143240964599
0.991157476518427 0.668813229970102
0.963365803394071 0.823881483939556
-0.712559280349295 0.164773831672318
-0.403954642441563 0.607691333190996
0.799053878956701 0.869027004005294
0.829140406236761 0.692521431487103
0.938215038383152 0.801528597140023
-0.293719908186877 0.290956866726069
-0.262675591834515 0.741328120224759
0.891005031725358 0.799374026862126
-0.0412383303867571 0.538580550476461
0.331869720082205 0.617134083358698
0.283253013004996 0.599762743774529
-1.26963417068666 0.506406018366719
0.284032659256935 0.573893397136454
-0.174657076511354 0.858314917092926
-0.855987950093841 0.162205297416756
0.0153042872915215 0.658030795581256
0.949327198517426 0.861458014756289
0.489813066414614 0.968771779387659
-1.23323532162253 0.483627074379823
2.16340988021418 0.737503582024613
-0.844346162673699 -0.11692059109658
0.0443586584110434 0.575567427232722
-1.4279000539059 0.101776458965447
-1.11630112141859 0.553703554195457
-2.21268560655895 -0.366882349216194
0.0672018142873658 0.646041180069939
0.535825030757745 0.862250006559578
0.840856230839567 0.815183064548241
0.544431343760353 0.78475922497396
-1.54356799268413 0.140912190242843
0.46369022957759 0.695490952520937
0.0733191408518019 0.554284191634876
1.244219985588 1.10066530184479
2.05117773201652 0.476230738400442
0.451122627395907 1.12245477689989
-0.287944702768976 0.274935821917094
-2.02329917145458 -0.479435684297347
-0.0953495311582587 0.525368603379093
1.10694433041066 0.831422734492141
1.95027301417083 1.00760354036081
0.868679732856446 1.2700741712056
0.636225723529516 1.26658763211349
0.98327104100121 1.08167908369379
0.684529530006598 0.954129462450482
0.402127638174461 0.500588645326715
-0.573748888792233 0.54298356343957
1.66929745241424 1.12624962525751
0.336638928605866 0.376381745685851
-0.239702505462382 0.753103841926764
0.218732543685283 0.345461759466543
1.21824917553062 0.997624968986438
-1.05752426159065 -0.142302540284559
-0.777767358353449 0.54959170649171
-0.495196618351595 0.833745595227093
1.33046531151134 0.956478614980136
0.889978502336941 0.803748388619307
-3.62956856157137 -1.00965501668257
-0.778019488110592 0.571476974231363
1.55391558714685 1.00313238723473
-0.971671505425621 0.75533247513471
-0.964040135402259 0.567421309558183
1.71062462690048 0.633333157581298
1.13779232344548 1.01328501270605
0.411886251880691 1.00299762995401
0.694236808709571 1.06138648686861
-0.390441395172953 0.8247789363047
-0.602478567522041 0.835342636576605
-0.105118301335596 0.785790279131378
2.20012499429292 0.690534205778122
-0.491607500741709 0.591367938930168
-0.050272818179132 0.82121654152273
-0.702546925781342 0.637180242755235
-0.420874281887508 0.329026989864878
1.99132630897703 1.02061610947055
-0.403802003623145 0.783289865195782
-1.32802105296335 0.205222993885097
0.701763847446462 0.755917577117326
0.970059298272582 0.859157737578007
3.50990304121808 1.19083909000669
0.874128446494243 0.545117478090621
-0.0656888419369948 0.994992380066186
3.33816224368814 0.985606044069479
-0.46835958928487 0.816260342430083
0.805198699886305 0.759555063447873
-0.182203476383802 0.637914835743949
-0.198955108905425 0.80125589522774
1.3062008925622 0.982421750035085
1.5718251191576 1.12544689782648
1.20653857876918 0.887297883994523
0.562955513412059 0.931720830949761
1.97631532721686 1.1653892483532
0.246786465195411 1.04919114712452
1.06948862680829 0.641607459829863
-1.58552571693641 0.28348957637326
-0.201707642272287 0.615109603804182
-0.798786251371875 1.20115214800744
0.119293635998019 1.12039901747549
0.00646179868786574 0.62871513025126
0.0466678846942697 0.964235682750676
0.670936063096741 0.757839754536488
0.431052879519927 0.819222645302099
-0.554845289407605 0.112727343530874
-0.810687399492973 0.663703468009762
-0.800530953635201 0.742322101008918
0.835446595269244 0.681145952622983
0.634858781787865 1.08743123643643
0.952165948330005 0.911495126182398
-0.502803853330239 0.561873588836828
0.0164354932490959 0.615405593272602
-0.956891482347538 0.53387632542339
2.44287154277772 0.635870813846538
2.08224594388831 0.609384666645025
0.351477834976619 0.547324079516363
0.605869158452013 0.902951547357615
-1.15707754089032 -0.0876470126313251
1.38183217825818 0.874364964072788
1.11163226544117 0.841513981981358
0.523229533001449 0.797513841752749
0.426263215070445 0.957361631497137
-1.34069137033342 0.161547383949011
-1.5018044855149 0.200943140021194
-0.46767828627782 0.32057192385759
-0.870927228881365 0.516016417017474
-0.312375405575879 0.866513227538447
-0.231883862331993 0.628864016256559
0.75056810139848 0.611816287618868
1.00167089446131 0.645265431822611
-2.41468432586499 -0.362200123537691
-1.27221643868797 0.203703442696102
-0.932750362913729 0.005790049761979
-0.259349682070914 0.639785179276287
0.150304272820986 0.997500826594422
1.26355856454883 0.768056572598605
1.47404230712743 1.33367023416169
-0.781442789253744 1.23436733468714
0.565884117334306 0.485308003838975
0.79230764254505 0.757408929463153
-3.59920999607567 -1.0751675083689
-1.71883997235228 -0.382803898866714
-0.94866095860379 0.838613473059982
-1.32331872641352 0.0802252957045154
-0.913674773111498 0.610698972838414
1.44832575506995 0.817276385669929
0.53836574204878 0.923285872267629
0.346428101905454 0.559025443825615
-2.8897130221597 -0.779707353524458
1.42344444954869 0.785921028261438
-2.32422192458023 -0.306060761164155
-1.33892559764207 0.550554530484268
-0.388804368200717 0.761978302199912
1.66446188692108 0.955172571653145
3.38745455602606 0.713183764622566
1.518088492898 0.972763152424286
-0.842669489786657 0.673730412283002
-0.606881066588945 0.425082441890431
0.0672711733760716 0.450882416232955
-0.696243826967564 0.25934855019718
-0.508281224932537 0.894421398929591
-1.54055953932294 -0.264463610973415
-0.634239281692658 0.3035077344172
0.455607668309835 0.736354808440687
1.33384320618753 1.05106947568731
0.0385697063786862 0.519653948082288
0.489491045073843 0.588079468840526
-0.00814893728927642 0.613361100985205
-3.62875707189531 -0.813926489811199
0.197463203579084 0.395894568944245
0.417306308410015 0.779167771681088
-0.558741301737352 0.582361177353404
-1.54946320793446 0.357544326864976
1.05375796594138 1.09747944698857
-1.16659361985803 -0.124719840301921
1.48689082437087 1.77142316934892
0.484693008164903 0.642040100568715
-0.545186045589855 0.345489862353121
0.247215904552376 0.90249065181165
0.767289015079063 0.867760320002732
0.512883201414298 0.575022008217724
1.59406132197835 1.00761924190945
0.394810158711914 0.39444986955723
0.716335089836788 0.485277985032709
0.276143724115472 0.562273833806362
-0.791442144837874 0.55730572042921
0.152159431809282 1.06392597253031
-0.222586308754601 0.797367920778661
-0.0645346392545618 0.668034768973049
-2.34595878849536 -0.806695787369062
-0.256456614631379 0.515226862864297
2.53958328602218 0.620959882206649
-1.1527788600093 0.164408287657346
-0.170379921565758 0.759822462164281
-1.3483975484163 -0.0490904668463562
0.203082012811893 0.34523023595596
1.10680820531478 1.05865680044061
-0.775346274097062 0.314011342772769
-1.14476824427075 0.190592749080416
0.809529804406949 1.34381737975119
0.245762734085448 0.895373966199733
0.239421653259032 0.241763213439116
0.944718714741501 0.738587462190595
2.70786907986313 1.10870520240398
0.553252438730494 0.968785426578174
1.85871422402685 0.718092333406191
1.04972085889092 0.575423774259307
-1.66807694471509 -0.0589663013556477
-0.510849222416389 0.495710806738354
0.117084858687564 0.637612710985997
1.3781041247657 1.19629771754041
1.58791635162596 0.847979219173384
1.09138224436539 0.96793647564428
-1.72154975442121 -0.383151146179092
0.383820731158841 1.04297375775158
1.16579065858444 1.21329819956596
-0.724909673356857 0.799087405973725
1.56752436447331 0.748706914019995
-0.778260883784506 0.830481550560399
0.982146128525559 0.713595692607035
0.121279254288158 0.633682748394868
-0.260386230215871 0.589009234670699
2.28147441887556 0.67431789678783
0.185239783024559 0.795092466641011
-1.20592483086037 -0.057116485944211
0.856241572408836 0.896349315071041
-1.03229839665967 0.380430864806265
-1.16633241323956 0.547280216362722
-0.881477783272703 0.424680211841379
-0.759849465823942 0.472205995635269
1.76188902924922 0.887543633574206
-1.72782450798256 0.0541135158943391
-2.65237358140124 -0.223455204884425
1.93048148397913 0.653781781812321
-0.656020599919649 0.559337961098045
0.128317929441236 0.761192708894916
0.776230518652666 1.0533129721148
-0.0361623452520857 0.730167260833029
1.11462153245276 0.674990733996182
0.506051802531575 0.888513448031948
-1.30126357869907 -0.15917114579681
0.405486419879269 0.96189532494849
0.403456181656668 0.709581889204246
-2.30701433661919 -0.272746627068605
2.66235610428252 1.04508003083628
-0.373815566197661 0.38769434739351
0.521682748588391 1.34928130315888
-0.821161465135946 0.568226564187153
1.19595463278199 0.747993299276053
0.577683213096845 0.672982151225983
0.938835191318917 1.05359411167123
2.12381759394727 0.858631345812069
0.810460880181721 0.945714705792297
0.409077247376827 0.736717221441525
-0.5691056729561 0.524388125028712
0.564152385247062 1.49600645796335
1.37635969579578 0.541725250927593
1.72064831146662 0.967909421615148
-1.02433925863899 0.750060169351646
0.757121340118127 1.03642344569679
-2.57433846344904 -0.622539138867551
-0.84849660261106 0.0804127770804862
-1.03835526249845 0.332696556366978
-0.280757624902861 0.62350293248596
0.385632162407656 1.03881367253537
0.0369466218347712 0.200920514497124
1.24674346642641 1.15607401513778
1.5002536144953 0.680133432924548
-0.280743318138005 0.479517655673521
-0.792639818471776 0.559096818144134
-2.72907314413498 -0.891956589708399
0.376954097527511 0.543028334895536
1.38785180241573 1.07714857590369
-1.17984159426624 0.677035058542782
0.63335664156269 0.65042799995848
-1.47981860443071 0.0886132865616943
-1.03330607926404 1.10581513404931
-0.717649948262753 -0.211098778250448
1.71461871029638 0.947836714392031
-1.12598893389191 0.570985787503091
-1.622886690313 -0.274714500057235
-1.79576933356951 0.30209174245784
0.342281196993048 0.880488506418549
-0.522007017947097 0.769153049685253
0.275807110187817 0.852160556474129
1.21983651643394 0.904002526558007
0.200219993097066 0.876302955025666
1.01007508951926 0.999378130192887
-0.660880944558465 0.214786537244261
-2.46914474680513 -0.558249276682647
0.980547666486039 0.765544194637113
-0.0815155272165769 0.750319512023181
-1.76856802893362 -0.43492207622924
0.500534741166639 0.584674469252176
0.411069741135209 1.05613818723952
-1.08886927742918 0.114814962167055
-0.554006798919292 0.535820502861975
0.0645879212853549 0.869541502497293
0.334037864473405 0.602175925583264
0.152468243538411 0.978342475550679
-0.500433176975542 0.869136770400892
1.43358382957469 0.641439909628636
-2.65921407518134 -0.255581633072906
-1.70571730062001 -0.26408808531917
0.283131841488238 0.776800903038617
0.588154015072265 0.920453989006606
-1.01155886079616 0.508882507583742
0.173662762372997 0.75946095021434
0.303207752298226 0.56609430317006
1.00489816844668 0.818382403170801
0.356744308039083 0.963061157938154
-1.4342221546926 0.17216609948726
-1.15870836386217 0.43752293784241
0.0963876829490151 0.680003763508368
0.73299063932294 0.844407039767209
-0.674017982014697 0.617415943201613
-2.0106876094258 -0.759585804177339
0.703421707632588 0.28182615762673
-2.60741535178659 -0.958003178293499
1.11107736381063 0.943113778639759
-0.17658103183846 0.961510883372189
-2.38498802582307 -0.450039445859121
-0.64347715843352 0.600916684424309
-0.290873127829383 0.436126073561265
2.66606262816265 1.09606276721128
-3.08184208203539 -0.701201821123088
-0.850147615408888 0.468843000632763
-0.225392741067633 0.82047608640902
-1.73646649396757 -0.462235483344853
1.26093367793172 0.739184550170046
-1.20293454964307 0.204496480594443
-1.39284859058908 0.205427589601114
-0.715583280956743 -0.0295890590841333
0.64661507871943 0.774634307682066
-0.770776644112322 0.533986352176931
1.33217240531905 1.08740561629806
1.24306202885965 0.994965249596789
-1.01537052304446 0.234322508431261
0.905184285965015 1.11761395529188
-0.871787003747033 0.0365739920892464
0.10443505220063 0.734159311367209
0.0555158982135193 0.161690447270929
-0.460263974945489 1.33316554795129
1.06956631237465 0.997416132373743
-0.472334333060339 0.534633212435978
-1.6004962748429 0.390186144179221
2.07404372117022 1.12844989717737
-0.381553386328671 0.929590028404551
-0.187050417953323 0.59770011164224
1.11630252836351 0.831662709060534
-1.22319439620431 0.367382857640079
-0.753556968697754 0.76427241353666
-0.73939640973226 0.650372671131623
-3.58538702060775 -1.2362295207333
0.889514769756378 0.9805743516293
-1.55663253711415 -0.237110798438404
0.708191151460028 0.986987494695479
0.886167271999539 0.868634004276924
-0.286669875528838 0.965562273794816
-0.167077135878102 0.18264648044227
1.12490466049884 0.859182899478759
0.50253944292762 1.20679374611709
-0.375874218359947 0.947160550655106
-3.04965859550291 -0.365704646096816
-1.99762191349793 -0.0841228305750318
-1.22344832288299 0.497666033417591
0.371680887640675 0.770045440193451
-0.697460172494588 0.532570013817129
-0.244317060530084 0.274944344906744
-1.89575018380742 -0.677041367338656
-1.23145163438213 0.587626202580281
0.80724218141386 0.654734043967448
-0.331872507496576 0.635904968432554
-0.500573368568838 0.524069337216306
0.0866564001663718 0.745229562475955
0.608037952571498 0.948151880161876
0.132673543324977 0.598368362704245
1.36269973464648 0.901654276661172
0.232785582609343 0.678118655286835
0.294028773997856 0.642231850542318
-0.907915867964596 0.356079160477543
1.02119302855591 0.930587121270188
1.00159245552732 0.761518089841223
0.533680176781639 0.668718007185372
1.04593336306607 0.696464091686617
1.17037938730527 0.796004743487418
-0.234531730927833 0.451752395255558
2.08705205524615 0.994957127495171
-2.00823365810936 -0.286097708440845
-0.957499682844241 0.265012279346744
-2.31694504936141 -0.411017643350062
-0.0999113824744968 0.879828341769629
0.35338135880595 0.815145302777181
0.116393141963568 1.02139065357559
-0.224432859586277 0.467732231268448
0.618483808268603 0.899339775155295
0.118233162241218 0.63658326482823
0.435926426147877 0.554697265141942
0.254043802374438 0.934242955235769
0.917589781374306 0.849301374726306
1.2439902141496 0.922421900736361
-0.847990658719595 0.984953137590571
-1.1519672284524 0.425906075543247
-0.386605931549059 0.840171878732138
0.138120943835657 0.856488520584863
-0.148051755084462 0.754613182364932
-0.46922267991829 0.448820171290092
-0.0667565355050029 0.826036143899479
0.653959996626201 0.639047034208173
0.492044870788858 1.03895589384519
2.02026348731334 1.57230473720746
-1.49618135712015 -0.231200771579084
2.88608614137183 1.38250995823271
0.194084735358282 0.618523110609264
2.45403587273427 0.803503796060413
-0.235360685666453 0.458025084155832
-1.62529848011997 -0.0491306606617661
-1.89746835076758 -0.29652743835646
2.74350457022786 1.37995765810211
-1.55519940285408 -0.171204865430333
-0.142084694780843 1.45239430723641
0.304603231725225 1.307855523341
-0.471544293837623 0.420040327091432
1.4209766718499 0.794615185839629
1.55618398281122 0.518270109722564
0.190666540265397 0.557575725200152
1.06493425234997 0.937104445156287
0.394950499440694 0.650167941425775
-1.33581872282022 0.235123516781042
0.191091752068041 0.777951687199317
0.917801997404667 0.595016605979983
0.782100443694597 1.00030804473974
1.29959547378383 1.38509864988457
0.601522854841228 0.96249690318356
0.909162324919822 0.960875308825821
1.99544423487918 0.752921235987624
-1.72275979032005 -0.141088226122919
0.697843108351556 0.698326324182209
1.10062538356106 0.597007477234429
-1.0675921672963 0.258835435805048
1.50889592943995 0.889492167851514
1.03167443549489 1.25679139181265
2.55789894542759 1.07579394216662
-1.72237003671375 -0.197447938185621
-0.35999613771019 0.558092547988837
0.0665453446329354 0.804121620418242
-1.85923351123405 0.0119806004884815
1.05490307788136 1.32761061260664
2.62426733727601 0.805441385475124
-1.87079853870552 -0.37490120137533
0.75781285582374 0.989907392153653
1.27899974446503 0.79806775206753
-0.922429117974287 0.273855323635049
-0.644146815494854 0.980261205683857
-1.12965920806367 0.602365695016704
-1.12734699460577 0.319725857072128
-0.45056064882823 0.426750931890867
-0.619268356304766 1.10842472167876
1.51765653485134 1.11671990762013
-2.00518060854281 -0.634450789686832
2.25087217068773 1.35172931890114
-0.762645435460492 0.764057696532417
-1.22938627842123 -0.279027145791222
0.872231044463188 0.399252619771815
-0.0787436213727628 0.800867243358533
1.59891944424767 0.894638970013975
-0.74203738974586 0.357816655568866
-1.86785452414876 0.128462236793142
0.0890659257972512 1.023039781492
0.44606005850375 0.860872509735985
1.06252087697152 0.76716080743
-0.603511954755567 0.525303369447634
1.71519275363215 0.882321097878744
-1.12580959290045 0.433935581256917
-1.64400070682096 0.280416372191764
1.78795589864944 1.293564490644
0.647203169580283 0.809279675143345
0.671700944788518 0.64124751366669
-0.456044438732038 0.978734338858608
0.499881339032022 1.46444857123689
-0.393898774518729 0.193956911164632
-0.730002662478896 0.214856251066124
-1.4209376209692 0.495327523126845
-0.951544266052792 0.698361118325404
0.133643653524215 0.890929094746974
2.52392257138376 0.724975330888537
-1.62281356837544 0.408264828442119
1.11228163886655 1.01819415424263
-0.937764779456303 0.0862180162143864
2.32008620807332 1.01422767339987
0.554777806767473 0.431009626363494
1.08118799529456 1.39270407683722
0.606803492581826 0.799728088972182
-0.318283138560981 0.660160626146367
-0.631138135736915 0.457019779704123
0.784511056854762 0.772481317534023
-0.0564485994115542 0.876004732181938
0.959602122073841 0.778676685675577
-0.179398956552879 0.406353329081639
1.25578331649193 1.08088910096861
0.316314953445243 0.564501499111924
0.0892804414741465 0.456204413433817
0.865601790188019 0.922630367271474
0.54690285582142 1.07454261080807
-1.62544080345778 -0.490226161710947
-0.257690177738855 0.165489236433384
-0.34676499403054 0.81311141102614
0.614851143858097 1.38098494187426
2.43304419567472 1.0248631735744
2.64810851219912 0.893657056510397
1.11260214854019 0.616998802217321
-0.064105696086488 1.18857678811476
-0.486061678336801 0.67282869509783
-2.55251754530465 -0.596613952615536
-0.357020039788688 0.689310498036613
1.22747281434379 1.23915422864122
1.77101157413257 0.944136903392069
-1.78638786660524 -0.206784488064046
1.50010560647971 1.29597159151045
0.694204832881985 0.619813666326117
-0.791526788847506 0.349567775899155
4.04724178398807 1.24214959594005
1.81803953463963 1.19902681582758
-2.08368740754554 -0.569416404021355
-0.778200991117069 0.684926929701523
-0.738482240554556 0.60467115074413
-0.691635521063628 0.333099143839811
2.56745264383533 1.13124796966993
1.26762798747206 1.2889650154048
-0.947221795182105 1.19078425180317
-0.657152592935408 0.473191531939485
-0.0397191266329574 0.7037871743725
0.320376117612052 0.403409759893022
1.26288076518012 0.838682164997198
0.653809461248259 0.820526214611682
-0.512482940750159 0.574963962342078
-0.425419130323477 0.93452183161164
0.32101520684654 0.689694329052282
-0.286865891880932 0.413115644761032
-3.20400584993859 -0.423093267512277
-0.779972793943972 0.17258881207039
0.370338467735607 0.703315012401074
-2.75360685381387 -0.553315570035607
-0.377231153329682 0.51765852129499
-1.13139896269669 0.742343620369235
1.86789161672229 1.0651022213994
-1.87156631324163 -0.236107376386322
0.962528613153913 0.850554886328045
0.285314946104255 0.708044515252863
2.78303468408507 0.79055042370041
0.46584560725719 1.07256839230885
-0.863467479427618 0.53931090759003
0.142840201570236 0.632839442049913
-0.678945116290291 0.510859142329764
0.425007087508349 0.853715208186358
-0.441949656823151 0.191893861498439
-0.0491902487002731 0.659872394086051
0.458644128999794 1.05823766950177
-0.130777636722317 0.706836480789908
1.0299656149167 0.831110518100177
-0.678174944821348 0.586331754175221
-1.58212435125086 0.114805493005465
-0.118004125789242 0.810415870659272
1.32236922669086 0.843217554286978
-1.85541006386603 -1.03178722983033
2.60785830543662 0.649239336658984
2.19768845359202 0.90185248573246
-1.4709432532427 0.143752003969122
-0.551088013873551 0.795512818335184
0.177867286934644 0.803785683215774
-0.896898697079864 0.60002827955902
-1.29256775655787 0.557564783719666
-0.486478140341308 1.07694282503451
-0.808457682591976 0.241412653455091
-0.0576385021697898 0.277513011941677
-1.78254257968293 -0.13045960645757
2.09947436935757 1.04833502267552
-1.96313151149349 -0.274760716201552
1.50536174905487 1.00242253516479
0.575610254580211 0.637652522894986
-0.580285281870096 0.675196829963277
-0.70024029200198 0.673494485143509
-0.59179201588907 0.641636737593388
0.403337034574205 0.659584572120892
1.12810256183419 0.974245028295555
-1.53100204264386 0.563553445918323
1.08971917988109 0.452952368829134
0.743766933883511 1.43484179490574
-0.669698620755574 0.408020792004079
1.14203464940618 0.842629133840139
1.13816084041419 1.17771508914129
-1.30473176543215 0.402196979727809
0.350407573177888 0.737843794145596
0.394324370281223 1.52377023826527
0.783175284843554 1.04632944688255
-2.36294139450564 -0.325502892306178
2.20264655115458 1.35074890403542
0.338600832258571 0.669171787773424
0.611901311945769 0.752317486432894
0.706571008450948 0.860342649327542
-1.50737066564963 -0.0353011149783063
0.319636150291228 1.27374038470859
-0.103581665669405 0.771195245892978
1.52531567876618 0.694982484089425
-0.0894538120066679 1.38457636994878
0.247426961412634 0.727012955482576
0.169710079521531 1.02307538737477
0.457621578377667 0.83593700402989
-0.871736437559782 0.148759078360343
-0.342390795358668 0.851825129022179
0.592046844442546 0.870977653928616
0.318826761701912 0.173314693184795
-0.469988507315125 0.509388698862329
-2.57389844525607 -0.357922726722707
-3.88318399669635 -0.979751231796381
-1.0193865538867 0.35426166396306
-1.83711492747034 0.0148780295909525
-1.65723937620256 -0.215595904492261
-1.62097858865219 -0.0906951468225954
-0.655025822589279 0.557452808436889
-0.193609039085101 0.76547498842994
0.786031226767488 0.624860865606822
-0.893963678841371 0.20390077396541
1.44313524577788 0.859074376974929
1.44570974426234 1.12310835003103
-0.515602290855202 0.309810661974811
1.62224702207477 0.675650830257686
1.93388950021618 1.29940801855423
2.36297937871235 1.30097346764407
0.928686562837968 0.313816766224357
-0.964347788913612 0.402021175657014
0.901933176255638 1.29542978802659
-1.7325257805302 -0.153388729799192
1.40000675991611 0.931851275375251
-0.614721095666115 0.290917704667671
-1.43683469248505 0.488415653218773
-2.69976625506933 -0.591346093226337
-1.45384471662152 -0.15635002969915
0.0546715557530824 0.58510277212678
-0.594276060525296 0.387600480815636
0.822183056102421 0.950365048464563
0.479565857377586 0.573775783594048
1.44154534456246 1.07494885602445
1.03271300752579 0.224848136514287
1.30295367777897 1.01162236800228
-0.00871407211401632 0.804595385778132
0.337850166967519 0.405413981615225
0.62810864998781 0.90941943026605
1.23310339767896 0.573992514421928
0.839550337866364 0.710362344982242
-0.0698280032760432 0.617930180236069
0.615460871197712 0.717729950125087
0.57864570170307 1.40923068979453
-0.94587445874196 0.175981723757917
-0.540921038746492 0.566896862870142
0.704387017529221 0.908036823686424
-0.633356967306715 0.847157993134697
-0.123867781663744 0.512631455943637
1.30176576950988 1.26614863201917
0.893218836966614 0.877698441327849
-0.264184077981511 0.700917475784379
0.534847865686239 0.533628935780446
-0.830137625306974 0.552355546237997
-2.502063206054 -0.567653760364207
-2.6463537863762 -1.04226990187935
0.585544320725588 0.944817468662269
0.0894370760694911 0.204500625713421
0.633853515073444 0.897948603278028
-1.04106395827844 0.79100414054056
-0.50282563842018 1.36374693668517
0.645365882231217 0.771531335432618
-0.37530925297958 0.542480416014508
-0.239649930177636 0.65341670523377
-1.490002697583 0.100697987538709
-0.19432076807971 0.171461683782131
-1.04139730338553 0.187435658663623
-0.463908896850375 0.670844075049088
0.390719541526299 0.811871681018495
0.297856151961121 0.990767138680021
-1.58864195862229 -0.0127594980721365
-1.57297535644332 0.0296214703707495
-0.133078475792519 0.920184737921155
0.659346717684635 1.12644592733791
1.57622823981106 0.59006387372293
-0.295425859714635 0.600179307582839
-0.572657343848412 0.599322541398987
0.148645009624824 0.755177151252294
-0.833006264424901 0.227644381376411
-1.01584905327425 0.28358908775868
-1.78288709845236 -0.461771629437774
2.56539754695224 0.94908998238718
0.902678234548691 1.07054356689711
0.699198747000618 0.827505543114959
1.06014122276987 1.00882543722814
-2.2195180045935 -0.274128470662034
-0.626230462314527 0.75422161692786
0.706136017568939 1.25521100382195
-0.808247780517465 -0.0249959392515097
3.69919597255947 1.67005653549679
0.659817324653245 1.01342587342067
-0.70662738060523 0.128670709130287
1.412361957581 0.886732688343839
-0.726685750792365 0.513274637666606
0.242403555190072 0.584317835489755
0.918917547400254 0.968413672796601
-2.08926884221002 -0.0908232206341442
2.30621464819409 1.38717937751217
1.19596315350626 1.27552808649539
1.50973806838519 1.0071492004291
-1.59840564181731 -0.0292067034335066
0.513557103070029 0.884097355846074
0.884343808976588 0.863132967872126
0.546717722698274 0.974875477811517
1.06180911867282 1.16177956581361
0.674577785288755 1.11148719474346
-0.918681319579617 0.620114761327269
-0.859608187678598 0.438160914104743
-0.645602866404643 0.266995080032065
-2.17701294794131 -0.520032571545416
2.37088101422078 1.07072599524153
0.564010132825004 0.607210213845281
-1.69497489570208 -0.299781078964731
0.820434399749812 0.911487822072168
-0.241361548564217 0.740024924537755
-0.976353426719674 0.394039248840647
1.15155421790551 0.910721606987813
-0.270892051261878 0.383812046102055
0.53240619476721 0.952003247439822
0.868121516073986 0.632590278357498
-0.677754359350473 0.709355168913328
-1.87850986606524 -0.239690648529461
-0.423888038649288 0.235525311385867
2.34734914334748 1.2760175294224
-0.715453258623102 0.232324571624856
0.968652805522822 1.18266583204501
-0.616462490947307 0.764227621965672
0.670027346790181 0.474246596894514
0.467397184484043 0.648159952445076
0.560661447441902 1.20236115186943
-0.955117820693125 0.804370135972828
1.22988016787229 0.205798082148699
-0.355721374567367 0.500284702436154
-0.498438618299014 0.754276495597166
1.02091539774087 0.81636974612111
0.0958709429033991 0.545943462720938
-2.67955469327926 -0.589283339096794
0.654465609655995 0.892359422595351
1.08474590672527 0.709880134081034
-1.66765540268633 -0.342247346698196
1.05014347486328 0.851578284815171
-2.21241500723604 -0.782588165034092
-0.937653565397791 0.777596132716941
0.364668895834051 0.511173666481666
-1.15423987201479 0.418563932456942
-0.881230790046558 0.491877522737931
-0.384849166710825 0.871197742424494
1.31043579143809 0.743268844049075
0.0371467573483244 0.852663029397422
-0.518263687383236 0.455922057744066
1.60411459149472 1.02322194239294
0.416012431397571 0.980360018660915
-0.546092154895877 0.648946527264741
1.14317374744164 0.753911172172466
-0.0925086694443145 0.75348176487722
0.293762055054098 0.804086164595317
-0.513363897994316 0.410578608237099
-0.250330445037962 0.563212856587418
-0.258567382895622 0.86238727165165
-1.70987815148018 0.215481394832263
1.83010309543172 1.15897087135481
-1.94960163517514 -0.406516001870581
1.18461813279687 0.794603825372173
-0.0957225057517792 0.721745838886762
-0.133230512732563 0.747979486623417
-0.543546731897544 0.389131801879437
0.308172817611815 0.904236213303639
-0.445674403443779 0.525773255082973
1.39706183381823 0.929379277850669
1.93961203453196 0.708464039161416
-0.366594887285771 0.0678722613501799
-0.49956197395119 0.723747659905793
0.294714682224314 0.471085137708809
2.1556331047466 0.767935640987072
1.80766156824422 0.840192339500018
-1.09139325043787 0.696211621321277
0.393338717702815 0.641558857217308
2.01938043195873 0.998944241154687
-2.78400939564602 -0.701829837159062
0.218977869691875 1.06851065919233
-0.127850635272734 0.504013721939188
0.276600234600737 1.53396897956837
0.980023497160074 0.728595417104379
1.35909375787048 1.29827273689048
-0.0978185157982824 0.882133680027353
-0.959565286500289 0.395940873156555
-0.310788361953221 0.560645307229511
0.974699362245345 1.06816476743634
1.19620694892832 0.933496662403918
0.761649911633506 0.714003612183529
0.523668629110476 0.859305729528675
-0.393065796535902 0.614980328110571
0.208532617396551 1.00390913000492
1.01702042234908 0.736230166756455
-0.830526632779958 0.463799557445216
1.08623946829101 0.770434221354544
-0.823661680160146 0.894956377973403
0.898599315022913 0.948233492806059
-0.788604243267805 0.659269853936064
2.75822063814351 0.856814536344381
2.78265635243213 1.08761005258475
-1.45560825393986 0.526117917966074
1.93287459038802 1.15007021004095
-1.15906205764767 0.167757984767027
-2.35203284340001 -0.181613568944584
-0.502881495803865 0.745781885357379
2.55240335346692 0.935739914658614
-0.0714868186985653 0.700928740950675
0.270863454363057 0.64549538549768
-1.04547592085352 0.203709654601618
-0.468441548588375 0.676668759130902
-0.0522384929719466 0.454195567092515
-0.89272117101449 0.842547821530706
-0.404684243611437 0.490742037201843
0.17408928823266 0.714881866855059
0.952642901431216 1.2520944914799
-1.13644278640114 0.583685068999651
-0.932995978269141 0.755659228917672
-1.09444540012006 0.445003012622407
-0.663404549367063 0.663083776925348
-0.306486680552123 0.743153524930658
0.833230371811905 1.25063919487813
-0.177965294110535 1.04080988690776
0.908797730989824 0.866631317030869
-0.337777452625093 0.707636891347034
-0.0747941311827999 0.886413790850014
0.283298212538182 0.565231661527036
-1.06883201883171 0.561382459368589
-1.64479716991348 -0.29541324082377
-0.383054353220261 0.834938103684794
-0.284923482725885 0.745652265658193
-1.18954115461168 0.299006095112032
1.4785262772357 0.746485174768808
-1.20280770386287 0.219150193746899
-0.131141292113933 0.465223177066705
1.35311541114157 0.423975629338048
0.750010351650242 1.15287272779553
1.40992552952061 1.00384363341923
-1.92579509784148 -0.530083886265916
-2.37358871671523 -0.288357446517246
0.984452601092246 0.933057545383957
0.520753305597063 -0.0505768508187944
-0.661769222069694 0.884559702633827
1.26832943409806 0.866950693866913
0.840450164299226 0.92865066050386
3.14006739944434 1.0473674114084
0.0665100427855797 0.931564082304583
-0.57205970335419 0.133559816241335
-1.03420284983928 0.68876671726649
-0.973941846183898 0.147283084488546
-1.47441710197026 0.114366499559628
0.369446364179 0.656754924353641
2.2585741887912 0.729462196403574
-1.39050873901486 -0.0569219347791946
-1.64208362756616 -0.239426371044678
2.08002928328122 0.938638363278742
-0.716465046823993 0.30625386336085
3.18590002350492 1.09587295780535
