0.391061520363622 0.484668654078166
1.49169984926645 0.90085570243594
0.183448042972051 0.541042652862913
1.68369004976068 0.80308442128996
0.310070241948955 0.479361263855886
-0.435351041342854 0.650801126081989
1.88580658523786 1.47337313058399
1.52094020501799 0.814036553972566
0.127138983711992 0.431699183681055
1.37356088434443 0.850858879279773
-0.499743432139602 0.474005883405141
-1.75019060796143 -0.424362372485455
-0.391494412130837 0.447631052149231
0.74270623726973 0.802258131291627
0.057223176176016 0.846896808303302
-1.48683247912479 -0.492783109286385
-1.04165506672576 0.438695991865251
0.373121967275416 0.531920802598575
-0.811631256594247 0.347069420645263
-0.306791484370379 0.785010300795922
1.25257363766468 1.11393705354145
-1.29312331065109 0.0510550806707316
0.237668715307908 0.767267695181109
-2.08189378198872 -0.912574744189831
1.43673873116975 0.984095209205309
0.00114382233873966 0.189865457940466
-2.62269401525789 -0.85034544520632
1.53251000269965 1.03028265583605
2.17796266403282 1.06681740431822
-0.219013938620897 0.953679365862376
-1.19957858888977 0.286442403799974
1.30767876743592 0.909727686099354
1.02834366834917 0.940648388280668
0.52631860614579 0.888339586481881
0.671052654518147 0.745819473464103
-1.51437251405378 -0.724823657434145
1.12007048916251 1.01113910553467
1.60242479325371 0.632285112752178
0.179026934513919 0.734479892751042
1.63943569264616 1.0481735223557
-0.501605769910556 0.472120040197946
-1.19604381622974 0.0711681498027052
2.23641502996059 0.727934767896877
-0.865082696876277 0.209186699647591
1.90061639271471 1.18269260339145
-1.38114876298055 0.390849808328274
-0.0639317112272696 0.441803065589181
1.37914162615476 0.625044802738908
0.912545159589022 0.511831463570736
-0.0361513713825399 0.919144826157732
-2.80481090297233 -0.813824623100768
1.79500982281106 0.989679265523166
0.843741367626825 0.152704250815549
-0.334678673150185 0.282364518651458
-0.700099358556374 0.150987094635443
0.72361243035709 0.922388297927813
0.500877771029639 0.638000854050215
0.52662629616619 0.827319881009529
2.00355071960752 1.06169502134544
0.0205659902817875 0.965743835157905
0.0558864008530595 0.542269877717391
0.81715955090582 0.468800211684155
-0.445628966095158 -0.186506025957417
-0.803679033977796 0.259052599640788
0.164498562094904 0.799383278816271
0.173098106994074 0.827853529253973
0.835717156731631 1.06204232624852
-0.129242792067583 0.191066149159744
1.03875572113346 0.941395851887982
-1.2103381285613 -0.034876461277996
-0.864291155825119 0.358386777611489
0.0760365234616295 0.255828978493219
0.497553633784156 1.05188270453826
-0.0821780703638388 0.665100325488551
-0.0369144637432003 0.558916443903719
-0.0397743680873101 0.707161889723371
-0.408351585748916 0.460977236972126
-2.03115062109321 -0.204676726559208
-1.8374512319848 -0.492208179868675
-0.991537195521703 0.686126603318812
-0.802849345901698 0.364045283947733
0.790941274269038 0.952898233536502
1.28777027161101 0.901991612632011
-2.08027376847742 -0.713095006303966
-0.915790865541386 0.611296897422099
-0.101757031944907 0.5847833033722
2.11123360111494 0.863263164435757
-1.00289669810993 0.13953655941595
0.237967004318382 1.09287011840208
3.18901774876639 0.9351330476065
0.768875023564861 0.491048830839888
-0.0793976302156706 0.461854247822954
0.249276443925171 0.658663559294054
-0.901012705633032 -0.0184200719243698
1.0449919586066 1.10319483005524
-0.0963356885277938 0.694429029003919
0.2345027275666 0.887270836068579
0.295676841409821 0.693317558848767
-0.634166226033927 0.662810226903408
-1.11241783019486 0.361792206439349
-1.90964271030099 0.172005910061669
1.66225837092423 0.609581890249416
1.09422300341212 1.0356589180927
-0.93317535618277 0.383102866423345
0.971655703174699 0.832880992226801
1.59648106938243 1.00781580928683
0.61217209470631 0.791694693845977
-0.868246096205921 0.05052961500416
-0.783350439396799 0.972924519361984
0.47635578810025 0.498974114723356
0.0922969898608775 0.690870599058792
-0.0319310501409404 1.04217691241378
0.537572209902036 0.947710801236931
-0.596257855349847 0.46874242011347
0.283870758687157 1.04743735500042
-0.578321666836753 0.638474420028547
-0.438778496413693 0.667577786168101
0.0885874256783541 0.666797621811758
0.0236069339322335 0.501134710359197
-1.68218730231194 -0.289837384523647
-0.913638901121145 0.232504504498103
1.14346018480299 0.60633608366201
1.93309867741631 0.578453404841781
-0.624897504351513 0.895314227616904
-1.6447125870194 -0.446491249798116
-0.348861346468394 0.205179441999622
3.26389556288474 0.485986225901352
0.958600616508592 1.09592204723138
-3.15102337676534 -0.967383868966087
-0.528045719675701 0.39492788432224
-0.285644592823874 -0.010318263639007
1.40659725310507 1.16564313714463
0.386764387177951 1.07644395157912
-0.0612000185362841 0.645253897749545
-1.3266819214648 -0.15584512756936
-1.03229021637083 0.0464720231716287
-3.13564240491817 -0.843818528362387
1.02645782041347 0.99440882927819
0.0489593509203663 0.609401041708873
-0.141696524304966 0.449529030015137
0.475442030790639 0.993180672290771
-1.23566528031247 0.22254625533103
1.34624920654744 0.388945709292984
0.093038462842604 0.708704477400869
0.998295424245066 0.96603060455443
-2.25608599367585 -0.547386982961305
-0.304316350090027 0.411536222911787
-1.3702902901121 -0.164091371222285
-1.84048260570276 -0.878662939940478
1.13576748311902 0.972181024403052
0.230120636902852 0.50540070582051
0.214482481733589 0.784777651811533
0.960729885401166 0.708306285082202
-0.490034953013316 0.500224229982153
1.48081569046926 0.739540393811766
2.48066759175709 0.952306047394515
2.10449182754599 0.912814503611937
1.01320561860223 0.852351282481797
-0.757138883216691 0.564176669855499
0.728287892524914 0.939660028917118
-0.0201282078647435 0.551154685876275
-0.869694555712899 0.391396219157689
0.299244321991788 0.682080187102908
-0.425311088115304 0.700367573042498
0.0152791771415875 0.830226429963989
-1.46534509714745 -0.189137912895613
-1.19879290552999 -0.17792032423968
0.271136358505352 1.07365896556252
-1.85389340781588 -0.413469345694975
0.191484865516514 0.681230932126503
-1.32218228161412 -0.0933551168217276
0.260481881492235 0.540553447723656
1.71707759545649 1.07966418405343
-0.13790551569904 0.522317880735309
0.110449969974354 0.79368857837806
-0.412742025642705 0.751105021787242
-1.63845033757892 -0.615752171598338
-1.37347414120949 -0.131139853222092
-1.60448414989934 -0.513139133508323
1.65952486022355 0.806823934877196
1.69750450469548 1.17683493441462
0.83759567738896 0.95589269109016
1.20528635936165 0.591856929079448
2.39469824115126 0.734564348866295
0.52085484895121 0.991487291233075
-0.00474831179094809 0.429404087259102
0.714479010153145 0.966674866200702
2.43103788502911 1.45205197167862
1.22806963005107 0.433238353577787
0.538349014458926 0.266179297078265
1.87048528740319 0.777393189308371
-0.30131375376533 0.541298411834073
-1.41103003412833 0.00340238205523044
-0.381067580741256 0.424503526366125
-1.87113559726595 -0.725544893027913
-1.76046458941352 -0.364954434459914
0.810634196564689 1.02650063805885
1.69497101493729 0.591184508853621
-0.462383517283047 0.46517453985198
0.805031878406989 0.768179700715265
-1.66657163502424 -0.273609029371423
1.46830337751877 0.361320614891254
-1.8907666423129 -0.322859069727404
-0.545739874841426 0.294022368377627
1.13535617943163 0.537014559359705
0.0822846482743693 1.11510178268839
-3.56216024151086 -0.855779916121437
1.72478133181362 0.922403741333218
-0.701386784780669 0.32605223814219
-0.549331465123445 0.905797023543291
-2.61084460522405 -0.50198255517836
1.7002681863907 1.3805682840803
0.302545260362029 0.976158848705181
-2.42308524085344 -0.56177112228267
-0.985861706590458 -0.0427245756028753
1.44876155301785 0.972175303518576
0.133266403122008 0.702369929405372
0.729410064638428 0.715847529054457
0.153215680445226 0.695219858107906
0.529098856878925 0.569561134682637
1.56713920228085 0.810511703143262
-0.696686225109315 0.888974020529873
-0.532017287752042 0.392155145105744
-0.60497615490445 0.568937297989858
0.613240024970675 0.845097872951639
-0.869054829575012 0.375703022177025
0.0425102523821389 0.968594488432608
0.349545470730767 1.13708894910376
-2.84358197911064 -0.658204804650496
0.680556920511333 0.904241498277508
-0.115166682692588 0.828097454383269
0.649231633870355 1.03744896542579
-0.45283170689059 0.745735559779059
-0.326622730912302 0.681717894940127
0.375847812780338 0.540911015683649
-0.567660140522593 0.571778235140347
1.17687799737661 0.762339750187562
1.36008467009511 1.00347844022905
0.813300931526875 1.41209915000381
0.431585779334222 0.996689995589696
-0.710378443933386 0.368463327152091
0.110932751848037 0.729814992685652
-0.428744709227718 0.512268177405817
1.73364509364845 1.20692979818831
2.00841445674792 0.757739470750071
1.00641858818965 0.496229612595287
-0.481461841097387 0.329100782501535
0.434939338300934 0.629064033511631
-2.4978223640235 -1.25879639291762
0.674149276214677 0.332048872315997
2.60129029675683 0.771546647879274
-2.53776942396512 -1.01425574980138
-1.00549332819353 0.649627229384
-0.534326085840582 0.569386127075437
-0.596372863853619 0.310663275726417
-0.571855792634796 0.378282475843001
0.715149818276937 0.487726154599958
-0.585501046681186 0.50087905750295
-0.246597321717064 0.601705132557566
-0.619099949632464 0.9075049799873
-1.10714300172247 0.247274678810202
0.117899961780736 0.622920266097143
-0.479093533054189 0.728233908799309
-2.09213114960978 -0.181718307565501
0.591794547500784 0.879522253749958
-1.01315892819292 0.377623403373169
0.901272589542247 0.261501496066487
0.512551950747411 0.399087034262705
-1.79153639777127 -0.103976344041635
0.512783945215059 0.784762824010497
2.07986456955124 1.1049736244332
0.868442382409681 1.0350237163161
0.941015236763291 0.965791841250152
1.00762762234269 1.16270455854222
-0.201812540373186 0.318308535185094
-1.5403672043468 -0.410105370211874
-1.14172095057065 0.0871537835326447
0.288011921757748 0.59406589817082
0.360243067108249 1.12824919493042
1.00428200616124 1.06272685207648
0.467579620578092 0.918482797852172
-0.740211930332564 0.303666968967799
1.40421534679214 0.722138276767218
-1.11741568393538 0.0271473850778615
0.456647958105976 0.936161718168317
2.29237301655099 0.546443314743845
1.09480243444871 0.889161293663335
0.378124042657999 0.988876228979278
0.128484689758509 0.719414613101606
1.03047179172331 0.734258841905834
0.594644555802729 0.786315521139745
1.3897208618583 0.979850775610259
0.133081179768358 0.431617255090366
-0.236916867036601 0.585308554537731
0.150907477025981 0.976303565754004
0.829282608305884 0.565597629426401
1.666798067051 1.24662454229209
-0.357562988067198 0.856836612765591
0.167539212372721 0.500969563561426
0.348033063594271 0.722057153946699
-0.884852586180683 -0.0222554505308983
3.60039131139473 1.07905706569279
0.975870602987525 0.663964050299009
-0.0539280844186839 0.340948357469785
-0.218049369839329 0.444112154637783
1.19566856487104 0.762875032169055
-2.24879591434336 -0.198294729252117
1.69042234877072 0.889801422174922
0.140628475642884 0.466744643382777
-0.535483411172549 0.500321873414491
-0.276743834816787 0.487004545251041
-1.91529395377654 -1.03833657340531
1.03871785020143 0.793509559370236
-0.520572990151639 0.329297256781035
-2.24229857095232 -0.465423439197487
1.12462378352856 1.04415391318694
-1.64555271215749 -0.430658589221654
-0.300054399527942 0.391311455184933
1.96317871045417 0.334252018829698
-0.242534016566317 0.24249069867185
-0.820423671789593 0.278034920548355
0.356220736628436 0.598820113255625
-0.982127738045757 0.218645454166908
-0.0815272711107601 0.733152408734263
-0.621825308099747 0.229015887916259
0.558057355265706 0.933947198888314
0.899320769484308 0.277241296133522
-0.0405009247308846 0.708747276603465
-0.693684200659845 0.619356905446626
0.921423348741741 0.868065320590306
-1.76907839753131 -0.525450438821546
1.67311639642418 0.953677062084229
-0.26763911826867 0.574684138352979
-0.63184461378532 0.44143727299928
1.10080606225871 1.1313244173484
0.505683604656868 0.400003008328927
1.34317869576677 0.985443316834771
-0.973291903170447 0.707368244395094
1.78649254768974 1.1778612035969
-0.798031634051481 0.350267087847892
0.0370069919682156 0.476372182129619
1.19432395582288 1.20072798952496
0.826842150906515 0.666377519822284
-0.376831397990045 0.689656129004189
0.376992913111844 0.816204443526486
-2.15704935808185 -0.829663277934793
0.690245163710565 0.776562872778603
0.348311126109575 0.614798989203309
0.535132341219415 0.86515232211294
1.84625719871293 0.946499428545539
0.833660383374414 0.39621263937595
-2.12707903676847 -0.463595588579881
-1.53986830736532 -0.640861575476701
0.910152572306992 0.8144357301934
-0.338995437636988 0.490336401432358
-0.945385196784946 0.160725893608826
0.759972530292152 0.735889212019166
1.39453949020506 0.871587972233634
-2.73296982744942 -0.762092052502313
0.652192924100037 0.706020405810421
-1.2637296214286 -0.131118415454737
-0.162380111389336 0.67139779253682
1.29869292700657 1.16916235957513
0.039840468909743 0.76304063469357
-0.647783778422265 1.0521121520224
-1.37354705724867 -0.141869807141381
-1.27187654733655 -0.0320749459363301
0.405145641126054 0.403411522443902
-0.672678314083631 0.577326259381174
0.0182104570737784 0.40109376074802
0.0898135418361128 1.18988736028343
1.29197167271337 0.94356993827859
1.72253867860797 0.953013319782323
1.49571989486418 0.957914583188455
-1.80762509870258 -0.740487574036391
-1.50240003863852 -0.284165248156628
0.69753159903038 0.762448053861088
-0.719708197585563 0.607010252893066
-0.381860784579999 0.547412378362745
0.349895132033708 0.445857325575432
-2.44683088612895 -0.336024219616879
0.23652343584246 0.813002728370903
-1.34808073632807 0.407868969639389
-1.12273803450981 0.220337022253852
-1.00617095593289 0.104790662192005
-2.01657825772869 -0.409504093868259
-2.04431524501239 -0.703410929732325
1.51057703478429 0.532586805942762
1.93673277706116 0.785746669153555
-0.757062749568156 0.07443470970629
-1.66396937278158 -0.271478259948018
1.10149434864994 1.16078834679362
0.078025320962695 0.819441976521325
0.147848296747003 0.432853885828396
-1.03174165305601 -0.0204966671052574
-0.365193091917305 0.391733110063986
0.228039776798362 1.0850117280291
-0.265803867560275 0.42962941412335
0.0318702235784037 0.992160931614587
-0.915685327653516 0.0403434255747569
-0.205329312629897 0.442524932307213
1.3010936212818 0.730793302447376
-1.12557332103726 0.110212338479937
-0.530434383267165 0.289709628106554
-2.0865510268315 -0.42660837189833
-0.0373100159001547 0.834370067078149
-1.03835600134776 0.177770650910953
-1.18162848468994 0.215641007786463
-0.61399525408154 0.370427357557579
-1.00340486707788 0.25978813556097
0.201745313452604 0.992300438054633
0.153794228461862 0.952588668587822
0.425970950884923 1.02030706566972
-2.42141490428983 -0.159795792774158
1.12482797314958 0.9001166896243
-0.176098418864259 0.710310320206873
-1.1477126109708 0.167838910391114
0.201314098840226 0.565635019784161
0.629564560439786 0.743879868677758
-0.902965638920134 0.509838215717377
-0.604445196027204 0.493157377578721
-2.67374772145448 -0.122647305519437
-1.90729412001624 -0.592791009036896
-0.292469473603312 0.343261701648248
-0.663898353464047 0.880575651531425
-0.57176895983607 0.693003189187674
-2.42461628625751 -0.0448062017078235
0.204366188326839 0.525754445040965
0.0567345662259702 0.651823617152427
-0.897308013356758 0.126469702608463
-0.460630015975516 0.953095121506
0.0483244557322297 0.852928219996049
-1.11287910839592 0.104907919994228
-0.409281500979205 0.120427161460262
0.119673126539668 0.347736517988314
1.11688871393218 0.361183298778847
0.622002261084577 0.153683829402821
2.01299550263531 1.12107902468901
-0.715392773721838 0.409244635563357
-1.06781757363684 0.431851678067152
0.575235812634542 0.742409827910881
-1.58057103189308 -0.283263225952011
0.774481129416128 0.936045141453783
0.785882598420441 0.840308241294063
2.0837563238742 1.23735403658061
0.0423313502778917 0.632944696756053
0.304480975518224 0.717986346257234
-0.913371965582926 0.643112409104061
0.836787759457826 0.587844866277524
-1.12009078239789 -0.0889943299502633
-0.130699575785205 0.637665827073384
-1.5544320697772 -0.178285940148225
1.10471831751016 1.16668650122696
1.93545307649973 1.11229359093777
0.73195683877745 0.739266152170675
0.691860116792699 0.516030280730139
-0.120195451633776 0.81446800659168
1.59855363506768 0.716188916229988
-1.45714795993642 -0.340089617211581
1.81573588521926 0.761878299959329
-1.052927906277 -0.178976191069973
-2.02054359078116 -0.566198528449672
-2.67872849361468 -0.596686560375218
-0.219770037516084 0.701231706407074
-0.710101999340812 0.683894579710035
4.3865149301259 1.20162050933535
-2.52386859010119 -0.411599246367852
1.77072994683203 0.768041110678616
-1.633290948653 -0.784887972271508
1.97847945331761 0.692514461736588
0.817458825453247 0.409305732943368
2.27937183652057 1.12284877774096
0.0678977514289418 0.353435053540576
-0.219211430132893 0.406697931462455
1.70820906542284 0.988280940158791
-1.7560021297311 -0.474129173076082
1.13295526508833 0.99942222339828
-2.26815611971488 -0.71124330468925
-1.5156759673558 -0.326832745256289
-0.0628962958901969 0.930255907646379
0.798074985746427 0.835588631618192
1.00481597261381 0.544611798803601
0.49554284025253 0.540408338732864
-1.49140901517778 -0.00805675213173926
-0.991414941852002 0.249034206515139
0.527047619568723 0.999314012514554
1.1998887916511 1.24026037147428
2.66846813450986 0.545682177089432
0.234859870066185 0.36620417732135
-0.272790531435093 0.473415260034693
0.023358984816376 0.773992961986244
0.663027691055149 1.05841768094203
0.711923434385228 0.978609998243581
1.34472373935741 1.01783513927973
-2.83479738009982 -0.768595416403629
-1.99817482852607 -0.513840089402085
-0.771272818793595 -0.00469897292633192
-0.0660328526361821 0.634987725987904
1.02036008823011 0.812634303371822
-0.240112857817403 0.604336198991149
0.878754589783713 0.800966096356262
-1.24280635017597 -0.277239519843308
0.588681857956969 0.984154524972514
-0.642349752685626 0.210727053070398
-3.22581116104611 -0.613807036803382
-0.016477223894585 0.602867318361485
0.295793937909161 0.585327976115951
-2.85554015580557 -0.783099533409736
1.32416644101712 0.709011416741417
0.723962891395788 0.752698589912296
-0.353784056028854 0.567411099725435
-0.475633782118525 0.177953725915761
0.161866919681445 0.284148699726846
0.0266851577435775 0.379532958510262
-2.17825074621087 -0.705325455900177
-1.96264153988116 -0.462974127905295
0.221338001763813 0.693471965372027
0.894443559821345 0.295086821807525
-1.35855198944694 -0.385688663168429
2.07054331473835 0.853387354621305
-1.54534194217315 -0.559501136370653
-0.0946099074450115 0.852230844567155
-0.155407648526334 0.894578939150127
1.28087976986074 0.711640563881592
-0.00703747660275309 0.3399859592593
0.59895918056039 0.648782383424155
0.225567411977739 0.80415654117025
-0.419813605281723 0.406245589430314
0.814644068860062 0.61223501421455
0.268837856822808 0.313887087789597
0.660442642390052 1.0495391417974
1.66583044357968 0.749056246022515
0.924757579005561 0.795149341667638
-0.24818906879976 0.759737118578028
1.31347181033442 1.02729562220691
0.297024339431541 0.606748318752521
0.0365508387463343 0.374663512197925
-1.25356709975019 -0.251740885092075
-1.40153229760702 -0.0412599807767201
0.442741899039746 1.2163719313583
-1.10397579405947 -0.157444776143632
2.07705939582467 0.712222682269306
1.13462288779956 0.821991634904439
-0.881508968909678 0.52566762136564
-1.36388091478027 -0.154672648518729
-0.961219608116773 0.468778308812644
0.787357648111649 0.604667527271376
0.5266571801257 1.29351396805199
-0.366215433048941 0.267785248415251
0.63625224062858 1.02678939888441
-0.192478795478877 0.710235480131523
1.57764524958688 1.03815695431404
0.429155357736395 0.980321694786366
0.575914127240244 0.73606328851032
0.315610930612197 1.05867670191916
-1.88957092068534 -0.920054938745055
1.87978211347424 0.407894501248936
-0.109186540625242 0.943568501774209
2.45463581227141 0.670772462528148
0.367331510213973 0.531047080232744
0.573211006218404 0.672282640116589
1.824440180715 0.81172528487005
-2.76633928984238 -0.823785293580607
1.55142503973697 1.04369091823491
0.377309153467079 1.11734192720857
-0.69560594080416 0.137528271180923
-3.05831667935967 -0.276075850519074
1.52942925779107 0.82056281568232
0.713484346966146 0.85666088211691
0.717189154508851 1.01617885308181
-0.94976759775105 -0.0154784405401602
0.602120295099799 0.624675832702949
1.17238052747754 0.919242467236975
-0.34875060535538 0.40861552240098
0.168816665471128 0.624284761190868
0.813010461580086 0.388978000717114
-0.0541452105205821 0.735048028858273
0.550199903614134 0.935497969150319
3.03075274035142 0.80982742522609
0.873573905516302 1.18616377287171
-1.60320646379959 -0.0902987877379247
-1.01328646144974 -0.0590294536355498
0.838043892179942 0.814840841412625
0.0623847279543596 1.07457219314437
-0.873420559473053 0.301458217605693
0.323075993513919 0.764149199836251
0.905394638382772 0.620038627474845
0.0616248012986283 0.734518253370618
-2.99945231049585 -0.680705300464856
-0.351844315416487 0.43876876997328
-0.291149337363438 0.670524291996119
0.539056062489946 0.813221528861437
1.24845831293363 0.709108046370398
-0.667938218365487 0.181295386029196
-0.771740801874781 0.444852990878264
-0.388251513052733 0.628931811536192
-0.298893796120327 0.346909482291737
-1.85952987367691 -0.318390048943713
1.90906764126677 1.05210410241456
0.503721750113393 0.803602355604372
0.507860404744421 0.383736096613389
-1.50154018154667 -0.0817898048496429
0.547707232457707 0.969392103335874
-0.272632451309596 0.655692437527589
1.12761815087753 0.748148322421953
-0.184170400705623 0.689704191745022
0.201345665040313 0.926060236751346
-1.6126772380016 -0.174013777841605
1.40274453187407 0.842292111126341
0.857874790065436 0.837737056831819
-3.19970768289812 -0.341167329991777
3.08207324117048 0.634480932456819
0.639554262712378 0.751681746827886
-0.191761847257147 0.429963528971949
0.210412629997221 1.07347848595643
0.305182011833444 0.439040045292008
0.226325750871444 0.948887836100973
2.10490178805898 0.918806094417872
-0.0253774525868908 0.893904626157438
-1.49540985435249 -0.236973102480758
-0.19403547123137 -0.0591754681061263
-0.0446972923251538 0.967161218554721
1.14302527913871 0.461327704112774
0.108845689457829 1.15493280426169
-3.76227307122138 -1.24032494616471
3.69732179336958 0.613409817611902
0.598913472307827 0.412984176288116
0.384415238489143 0.859533638085295
0.126400630745093 0.457510383970426
0.170358549585369 0.772588610824595
-1.23516941290679 0.305865657717759
1.90590066360534 0.605014563844188
1.17431072125997 1.05043771258576
0.359519131545024 0.561756660623496
0.952576075162844 0.762428098542257
1.20424419377856 1.06997576594376
1.49116045288931 1.02543019773214
-0.306919324472656 0.844846272361118
0.122509325566568 0.456580234472196
-2.72873352793925 -0.9942696664611
2.81725649103695 1.0214740854577
-0.667399757313207 0.576115089010138
0.0943188335803957 0.28317760753482
0.448652763499553 0.944164442679766
0.907086471237756 1.38617509245146
2.51877648946101 0.901350345275084
-0.0100694512391631 0.289302267871591
-1.62735030357537 -0.337180659611013
0.215358442049887 0.537159900071847
0.0936993846683723 0.52410415083812
0.983092127823886 0.670697486093133
0.404973835625399 0.630772161299137
0.703223604541127 1.16822485004536
0.466852272273318 0.904220437667351
-1.22690252884839 -0.181824179735828
3.1632498682663 0.76364831833209
-1.21979931707106 0.193689078109593
-0.807946366751486 0.43439889983961
0.614773774109084 0.68002322336614
1.56996272996319 0.778909137467583
-0.317204111136607 0.706263088844052
3.44228830109895 1.02911141617935
1.02628303403371 0.682629176242806
0.138481219677005 0.96263203380219
-0.774952168110595 0.330643735584479
0.0318014420476209 0.764251600192117
-1.24681483672918 -0.235667723376226
1.28131990171653 0.74490648930885
-0.453381632414369 0.582821608995269
0.0813236654100668 0.556621369606514
-3.29525318160629 -0.381314689693363
-1.39970192554125 0.464466832158888
0.493532098604433 0.717060216524997
0.779065158617821 0.650912453087489
-1.59407849964268 -0.271901027438252
-0.869172105933718 -0.0742132384637395
-2.11683897493848 -0.814301938007923
-0.807515415388052 0.608349617335744
-0.029597466960838 0.504879209572219
-0.189411814250056 0.343888625119658
-0.0785411485983052 0.721256756854712
2.20316264355906 0.547099149780692
-0.878378916807323 0.467461005959513
-0.584223113784108 0.58443268030815
-0.000980831438692737 0.158837271645684
-0.361505696261086 0.495923249872423
1.7304920737773 1.09637876491704
-0.940100351713506 0.595779682266147
1.07093792623084 0.591496003166767
-1.07148431697399 -0.184598556719311
0.401088234932429 0.47189923174121
0.949270178013348 0.98047456567122
-0.00777155954091391 0.551097817620157
-0.719328074744037 0.199528143163646
0.755630026898697 0.955512968220734
-0.431521890551862 0.288015432927231
-1.28604147050002 0.203294164755257
0.981110109576015 1.08425439969015
1.32410204858658 1.09082124088959
-0.591957565062169 0.355296378447209
-0.957144090768628 -0.199102724057885
-0.476584632725707 0.144877741378745
-3.11139431434905 -1.11015809131325
2.46552730792827 1.2789115678893
-0.590804160346734 0.535896205619708
-2.53345299935919 -0.721567011474646
0.321681340153083 0.124056851529995
0.598381109327869 0.971040695929042
-0.515854837619813 0.292821629619397
0.0190234501526901 0.95521139969426
-0.139197525354603 0.353787493931562
0.67248797166406 0.83286714390497
-0.600433555450052 0.814933220656981
-1.90245091686565 -0.182316818528948
2.34590621401442 0.742943322616568
-1.39741728498604 -0.561981536719068
0.896858713316545 0.98663151333614
-2.28700983873474 -0.801022699579887
0.819028067051542 1.19367221033678
-0.213926393427694 1.08879104884381
-0.884398073491712 0.0335331960736718
0.74773042183741 1.15473482267142
-0.25996677196855 0.960620158347471
1.75371052020415 0.521979525104384
-1.6792298400238 -0.0687434013550209
-0.779277051727288 0.324102539295439
1.21575361499968 0.981340701850129
-0.0369487173590649 0.516344931110664
-0.816549080632949 0.250823375487869
0.563775999724713 0.804196997087452
-0.696455940407613 0.286399160678245
-1.40346466127442 -0.335363770862806
2.67336980182016 0.784747069658937
1.7975793269575 0.70185700837785
-1.3397267314146 -0.349985051693036
1.50287290801114 0.996612542883984
0.865745300584771 0.249399329529766
1.09557752592387 1.17963887927003
0.230434206336892 0.97379974491978
-0.489596200662648 0.623858145506899
-1.01353856633703 0.271555830741943
2.19182471785729 1.01057700866812
0.652852134971285 1.20785924944838
1.84185999429973 0.466363588036625
1.17226866126341 0.538609969864865
-0.552844032037939 0.528973446983524
-1.6174575256131 -0.536532709477483
-0.272965422604589 0.718826285390702
0.699660266940553 0.702760835144649
-1.69723886839755 -0.543330545372455
-0.306881520113914 0.487923280795425
0.12894647583372 0.478159833921268
0.179144912506335 1.248566751915
-0.924466183100812 0.612658226867741
0.490581779403681 0.698592777179159
-0.184738739184652 0.522086493876904
0.42120560705486 0.738075088963831
-0.463780511940342 0.552805580395189
-0.437822210686271 0.657830757945187
0.421911086915184 0.566247242646213
-0.280576707085841 0.78713379649256
-1.91733614395566 -0.133436838376447
1.52199510052216 1.05839526458456
-2.5794084497799 -0.714264231446166
0.0169878341424595 0.861117723579967
0.518871132655762 0.699569123880812
-0.589730025513677 0.520550862340683
0.920183683097269 1.02441411460155
0.60870113377758 0.806317748881369
0.314889769978485 0.503827993637879
0.914668617309413 0.927150701146943
0.30418114983134 1.17836629415267
-0.706376473330101 0.271082492435637
-2.51087768740967 -0.688685682653746
-0.217851442240652 0.628792704280155
-1.40427353951929 -0.359481000868799
0.756763483978481 0.761182362888936
0.326056945602076 0.816509314884514
0.904461446230759 0.788030804834254
-0.223140778429144 0.932568635311017
2.0788656699546 1.01391385009062
2.59657416706844 0.48606345918125
2.97286819222822 0.746353587200907
-0.502421824501998 0.330358517913071
-0.226038616686145 1.19171686363657
-0.112765506775138 0.405919796673677
-0.964419269626526 0.347074669859206
-0.0806066715332631 0.444407260129171
-0.0140655411742172 0.707597715284924
-0.379436682839464 0.933207535184817
0.713571021397985 1.05265274111805
0.892766018826245 0.896749971848013
-1.65366299285285 -0.141828040525678
2.15346383109409 0.910801703150841
3.09707830872803 0.828007351348408
-2.06843236608721 -1.09225157949657
0.0895191621687772 0.654183445440878
-1.65392000164841 -0.391337712914992
-0.401577660964079 0.742898720506133
-0.937616344201765 0.447704080944482
-1.86951130788734 -0.101979906397213
-0.32119973803101 0.688566129130891
2.03480241481932 0.575913959465668
0.216147385395336 0.753312682515032
1.99027937574181 0.743036342643487
-1.12746507265564 -0.076960720303839
-0.921541025859065 0.291889421769182
-1.11015198310917 0.355881560123748
0.613520711192209 0.265945764992143
0.383011288610333 0.922368029150712
0.839414685134821 0.690779118769974
-0.853000099049092 0.12366714504721
2.89289903421576 0.878169334867456
-0.470112394178291 0.661777522503771
0.81800468543485 0.952172299782072
1.718443954517 0.59451655130544
-1.91533471587256 0.0078197535930542
-0.799194420235409 0.444987351799574
-2.07305241400267 -0.328251888343642
2.86352678186868 0.996694366979654
0.0687054809793818 1.17478474837789
0.746288478914383 0.577435641869085
1.69684866943807 1.09262180024398
0.561312452518876 0.88680083692424
1.21127363527203 0.881199227274134
0.843676386765802 0.773363213960934
0.70368489045566 0.792684324149515
0.753421174995506 0.821499894509588
-1.1941359627476 -0.0371407051132875
1.39759748922553 0.962156697101418
-0.0920650452567037 0.307742460597621
0.751017994780135 0.774911463671015
-1.33706084556992 -0.0965661266605974
-1.39924620909565 0.0790099039636464
-0.681354166954012 0.481877608025719
0.720058474932233 0.710946175164991
-0.55830218691809 0.294474495882134
0.85822796415536 0.62997076951792
-0.0313555545378719 0.612964248340667
-0.569971604245629 0.913089636947441
1.24053250744508 1.16455797238102
-0.59071182605919 1.06904331134814
-0.916768460054176 0.40187651286141
-0.411661687357496 1.08646979245131
-1.21235389169725 -0.23975408553047
-0.00927314063105297 0.307972528426644
-0.435752385376154 0.365046730415818
-0.504330446703137 0.226467591810012
-0.345766204914916 0.633854790453721
1.17883889878015 0.717900631599209
-0.140697292085476 0.499771748423067
1.16295305613267 0.788879272553413
0.474916843863537 1.13435835726678
-0.952025268854229 0.0406822985861241
0.898172172354239 0.901640208785238
-0.276640908264478 0.671810928997658
2.73395811509776 1.24851241755695
-0.822935985356707 0.398955955517773
-2.14191275723238 -0.474362516122039
0.195402756113389 0.670802694117673
-0.528562952599379 0.219138369583944
-0.582245828081686 0.281124304633453
-2.36935889136506 -0.00271143183998312
-1.58828773508346 -0.0968671652510465
-1.32380956364264 0.0901251640105416
2.21298062049865 1.17138721233388
-0.236369836193422 0.513194655846268
-1.16695887333249 0.420311887626374
-2.17038944946694 -0.739755969341378
0.0177273932355847 0.612099593889755
-1.54662218992918 -0.507734960404179
-0.819709588175094 0.315821858884977
1.52274181279151 1.0207315431852
-0.629357105253546 0.0949072731863072
-0.560124591956719 0.0585672290628188
0.92364622625501 0.546834702367878
1.73673681265241 0.940148418815434
2.26612192945221 1.10706419791716
0.447234032717681 1.46214721282431
-0.505636540352306 0.363515715436899
-0.179253359105039 0.663528323980433
-0.276617917325354 0.531813843984836
1.51851492836126 1.33468812622818
0.734230779287241 1.30859566397465
0.742068140052763 1.31620059080735
-0.0469488041789593 0.643665339342165
0.233250200963914 0.74585718114535
1.5892731378834 0.887741406200097
2.53331048139638 1.19123155357973
-1.77820474510508 -0.273692794524394
-0.209493114721195 0.462423660254015
-0.0805486468680306 0.366293618624539
-0.399612669728337 0.751083557358211
-0.31380244763281 0.894607962254584
-1.49303874719082 -0.65940742362133
0.883955412079861 0.797040718345591
0.182535785127158 0.455850648791901
0.0474420374698867 0.573292253052715
1.61255775503602 0.616288546560145
0.711036711715363 1.12430013518796
-2.04230645616234 -0.75799521003024
-0.198403291803504 0.188669684072844
0.829665158389704 0.874080570964601
-1.04002645777176 0.235020755801383
0.212989073102663 1.14022358584636
0.68787494711634 0.277925894179135
1.15754196184047 0.71491476708751
-0.289559191764926 0.81513966510048
0.473813455046187 0.524627567702722
0.729543783741892 0.63931461263577
0.942159705844439 0.895732797731178
0.173916438352912 0.562053573539593
0.00299796175172857 0.556197910254456
0.385410314740592 0.741789897299059
1.08571353780576 0.519315241637297
-0.438429380986256 1.00627995580318
-0.751790236559419 0.501520878106564
0.00350517816120394 0.387511671544365
2.07401979455667 0.866255656057137
0.525338011742069 0.585451743147242
1.00046360637884 0.296023520349429
-0.242068164754493 0.33404002595309
-4.71279408583115 -1.31576445583717
-0.48883151788159 0.234827769205122
-1.42169828441667 -0.00656793674494158
0.0915591895309118 0.442443672569502
0.857808676129548 0.826496622100159
0.111742894911831 0.431980549287027
0.562630128849706 1.002899338173
1.77975027994284 0.963646407099931
0.777825171923156 0.869481702636654
-0.467593841025426 0.583221001226448
1.15778853312119 1.16266651113809
0.82710038739466 0.589647009277082
1.46746976310798 0.63906379803107
-0.953772977255564 0.289430472542033
0.478139311511729 0.728881145790084
0.997397415238578 0.887698704230714
0.868814000043432 0.737936465674408
-1.13584270285663 -0.098839844954146
1.59625382618637 1.03182388675467
2.2535244255886 0.856144209879969
0.992239883692598 0.996351889690178
0.307810829547088 0.856263251459951
-1.88411598261173 -0.436276971810687
-0.40764911031202 1.28405209755958
-2.49845534802107 -0.95330644956504
1.58476373829188 0.706695635356072
-0.27143149384354 0.357478628617967
1.75155893568279 1.27404076535851
2.95641431610123 0.490218007476403
0.6048634776333 0.68422699305394
-0.845326445249546 -0.0375631425665743
-0.562166432442354 0.917523345786887
0.7211634272533 0.650406270016555
-1.49286871845288 -0.112104156713683
-0.824353622025843 0.416810820376399
-1.54773643384077 -0.289185788435761
-0.0154902893826552 0.782198994605058
0.878551665750845 0.832933504457623
0.621626876945036 0.782627433839757
-0.177132626478418 0.972546162273655
-2.04761051484939 -0.328158904649118
0.961513225870161 0.898157341707099
4.91312128523746 0.86862017249772
-0.902379103819598 0.822281470927384
1.18458374570922 0.72570516204911
-1.97963592063373 -0.407480892472015
-0.934812112223154 0.718971629338896
1.21717331877559 0.434943554462078
-0.416580478978741 0.770128378333349
0.0482812415666457 0.830416634764836
0.181279337841379 0.974006571962487
0.250336003474697 0.645695008020772
1.28822771798863 1.40264996861615
1.66215564380294 0.753700519044233
0.253619014149526 0.703358073622037
-1.01845007592259 0.487144281635429
-0.0901113018977148 0.785508458035572
-0.00209477586398253 0.726982554014785
-0.667868693126112 0.387221282552254
-0.898803081244364 0.29192904695149
-0.412355751879101 0.565837199323565
0.594664688491773 0.660188993170558
0.429561171190777 1.47140938714314
0.16053270857214 0.16813158521635
0.67655370746621 0.715467416755082
-0.440168306002135 0.531873148579128
0.634949639001433 1.07861681018475
0.256552222110064 1.03160969158882
-0.401763244181895 0.94899593719161
0.330189838238411 0.235796270550638
-2.18677121463498 -0.544193650968186
-0.355095328134362 0.809918277301129
-0.653700627404455 0.73879416197282
0.853766223827095 0.789601510577778
-0.584531630102239 -0.0682806292703246
0.780886546974963 0.988276141126641
0.774737703180342 0.809087245578794
0.840387068310313 0.596424445880303
0.167507359629097 0.602547794800387
1.12196335328881 0.99297589913714
-0.262778102754899 0.353694209107151
-1.03813804056681 0.1159632040179
2.15553030848043 0.939507307640044
-2.7394105361045 -0.898776693223086
-0.170883676910385 0.655548367865486
-0.271314778651682 0.878710510051451
0.337444746690821 0.661843288062231
1.8025002178739 0.974660097010541
0.688620357970782 0.726493995945573
-1.64832795668854 -0.172559311035141
0.750505404593017 0.549351188876237
0.793801347848873 0.751860332417304
-1.08346642270797 0.0823959245420358
-0.121648856110117 0.203733269451356
0.220582758504336 0.511687051384029
0.87641045442252 1.03688339775513
0.593240457107285 0.735610508594527
0.926772226716174 1.14856011323482
-0.924747685945821 0.326995647648886
1.70472778015211 0.583336063704271
1.40582570721947 1.05661649706633
-2.00250661014446 -0.912188279485856
