-0.455176790969816 -0.777826547034832
-0.660835959239163 -1.00318593299174
0.832889887559119 -0.918783760245508
1.65036499940813 -0.123298074937681
-1.62618391551616 -1.26697629962569
0.34632086438255 -0.520424476900446
-1.3258982087591 -1.3116277902972
1.45585198905303 -0.436622102137252
0.748084950815363 -0.504506955414621
-1.62831429516426 -0.799926005311658
0.0846556701811145 -0.851998485118341
0.62445349955448 -0.761314662141161
-2.44237130703694 -1.00885017356584
-1.47623362094967 -1.08876806946925
-0.275974246988687 -0.897210315132784
-0.356557386146228 -0.842536829457778
0.13742790079042 -1.11686517706284
0.136802899084464 -0.833240647385631
-0.285026723650515 -0.847699090349208
-1.70544024511994 -1.22580658256712
-0.899452753913916 -0.943347064842175
0.841686002079718 -0.76352193200396
3.27278071985811 0.874208264363834
-0.647520777613506 -0.736057744290884
0.0426814296564469 -0.747469864859629
0.129024044682793 -0.773345978502892
-0.587165276803716 -0.669475382714012
0.291024486224057 -0.782392684997924
1.333433713937 -0.388850808802193
1.47476945019063 -0.467638617546864
2.98007180478731 0.410681487513081
0.0854491973844168 -1.05777659207139
-0.177148388483232 -0.759885045182337
-1.54678524209438 -0.822486805623415
1.1412099614474 -0.624748720975341
1.46637108367733 -0.530188559897189
0.772665322968477 -0.360683345132574
2.34135484669529 0.733368644195929
-0.372841815996641 -1.06528907512883
0.389060902411687 -0.950916452698014
0.564407915509168 -0.505444380524678
-1.15637308899798 -1.15080774869361
-1.70675639987769 -0.926713382644474
-1.77074357115318 -1.12915706104418
-0.682521609225557 -1.00717480805365
-0.266254853611457 -0.661464120949874
0.56926801267993 -0.592192866679014
-0.682665536358562 -1.0743619579492
2.63509855071652 0.603597938387063
1.51057805729654 -0.302100908868521
-0.0434493046702406 -0.464183144343323
-0.534369457950276 -0.656111073409165
-0.84720167534159 -0.930445144496366
0.0701873234804194 -0.804183788198436
0.805197225592251 -1.15109579515788
-1.89572298183573 -1.17180509829597
-0.38778854652753 -0.876618008407229
-0.858537490942035 -1.08199525620323
-0.018555788924828 -0.68305314765028
0.0864570435417698 -1.34659339785368
0.589803162170668 -0.870303709432558
0.0900218858862612 -0.249347907141702
-0.825584157864919 -1.19208428746898
0.162419909932323 -0.824319008826314
-0.114223230700426 -0.952089700568367
0.598286968996282 -0.940028267642664
0.286801263490064 -1.11010782150636
-0.153207933237345 -0.877708012870219
0.656296378271308 -0.776094213584398
-1.02112387409529 -1.60273746417876
-0.114273504416973 -1.23057016022219
-0.725613571778727 -1.08036757583075
0.350001342525611 -0.844740530045564
0.110126239828873 -0.524295117910279
-0.125859107347049 -1.03811844999233
-0.299079166776677 -0.969008491758655
0.492342913233685 -0.840903932320107
-1.9343914825836 -0.938368797434222
-0.259814013611089 -0.635641498749178
-1.15091311032164 -0.638392868559429
-0.00340617459877724 -0.971425444519891
-1.1724317988879 -0.803451817811476
-0.868037162026199 -1.23239744762646
0.463043838548794 -0.872433560299819
0.0249871544694172 -1.23127170971967
-0.463511246610279 -0.920835440322887
0.211613672422951 -0.408700664093275
-0.457608145206642 -0.607044491315216
-1.05181774684475 -1.20723012029167
-1.63761778154899 -0.962498139590151
1.44453096590289 -0.426695253715376
0.50655965741775 -0.423687167083091
1.39687481432861 -0.621746641318666
1.00049857394435 -0.475904047745816
-0.432926036244246 -0.646171755054917
-1.37497540959436 -1.47619845941221
-0.148960139651103 -0.966099022770566
1.54452203638368 0.24895546238715
-0.0230550936280953 -0.897516536877929
-0.749784777318693 -0.652882942737612
0.14938633829263 -0.719462426062259
1.39711373332567 -0.523849150170079
-0.136558943741729 -0.866262918050645
1.00604502610984 -0.585946185043528
2.27525046706499 0.413916447429947
-1.16163632043125 -0.96446042019184
2.05571693693801 0.263306324141343
0.461248991993548 -0.496528191087085
-0.660501700387725 -1.21392211741565
-1.29490505076654 -1.11842249944555
0.585616920290078 -0.570183965930608
0.587250880698393 -0.852789382458288
0.405198727989901 -1.16239390909027
-0.717801264193754 -1.17084665347305
0.270953235329954 -1.09524674344928
-0.191368716043222 -1.08464171482292
-0.689161438633927 -1.03812922332605
0.757177512409512 -0.583192426455009
-1.46586518403016 -1.38757106359098
0.709098630098878 -0.726462508603659
0.223230661661446 -0.0988749564968801
-2.16640519499853 -1.04585134734569
1.84314284339126 -0.329703183935143
2.1102412290854 0.693478124952144
-0.277739248485092 -0.968218983015622
-1.46571465307991 -1.19901886741534
0.533004713064175 -0.38393231497806
-1.3242451809689 -0.916541210585097
0.210594085617112 -0.793312250336606
1.41251245050084 -0.764055534463784
-2.07536335411059 -1.29491552553512
1.00952952030186 -0.431935124358467
1.53947339448238 -0.280251902084941
-0.0514495437523965 -1.28604562803476
0.0963220823883013 -0.68601555331424
-0.765190484524651 -1.10159908358232
0.106464777939949 -0.369692836859894
-0.707514883454341 -0.934689122651086
-0.507971956460635 -1.23202351405886
-2.06791153501017 -1.39528386565122
0.308645320197556 -0.719941217405021
1.00137550619718 -0.454268945662723
1.30618565676799 -0.408839035924755
1.29293907331057 -0.389936365515943
0.171601483159312 -0.86666859552022
0.0034574348342962 -1.0226270635982
0.810460669028416 -0.479184244755983
-1.17439520466627 -1.29697332121677
1.67987910233202 -0.422769076777477
-0.861261759738067 -0.933787854045459
-0.916243047114492 -1.30276136610473
-0.919594519602695 -1.16073230894798
-0.369539597148678 -1.19111698533563
-0.918240528651686 -0.851792944304492
2.01661130123183 0.268626842422224
-1.37168309629604 -1.49347164184871
-0.065835809927289 -0.542260331757104
0.243536951648114 -0.97781345761914
-2.62626064213621 -1.64212467142422
-0.952859476876775 -0.627323968297248
2.0344127367528 0.29803928707199
-0.781829721266034 -0.763430642319106
-1.92021640974187 -1.03756076266003
-2.6877324558705 -1.1673500138745
-1.03703466877647 -0.645137047717006
-0.427083671128366 -0.903216738298069
1.38987616640208 -0.0163120244821087
0.117814185853285 -0.538143544428985
-0.413639894117777 -0.716070701200381
0.0284872056638296 -0.906529750057362
1.23857989278288 -0.302658848560438
-0.963176268678369 -1.16521154178734
-0.334393109513405 -1.30652107421176
-0.0550648347367704 -1.05805415695808
0.303107086877281 -1.02946062459321
0.267870239592944 -0.610296741965646
-1.27981136560007 -0.988110978695117
2.32757929386425 0.553843654389865
-0.279510248072462 -1.04651103392022
-0.708139876543379 -0.655546027890198
-1.64155900636874 -1.60700258309357
-0.421908643237106 -0.836644241203197
-0.780798774881718 -0.91418314440674
-0.968808208534349 -1.2557661311005
-0.995783963793371 -1.06782246356449
0.336707314853699 -0.883699012185046
-1.02582211937286 -0.791059439064738
1.97469772983238 0.262730688284583
-0.749070557974117 -0.670064617348562
-0.0070269632822622 -0.701551073444824
-1.96244824845635 -1.77989492682746
1.10010018195386 -0.417597999616785
0.621764032752038 -0.72972686914834
0.784089006627053 -0.605017695553673
1.23980622946192 -0.560030833572959
2.01400651589059 0.454488658893868
-3.25760472855841 -1.07736381635888
-0.0202744330201968 -1.28882093225152
-1.08554424661064 -0.482918544511884
-0.11635151667888 -0.468100685467661
-0.334161091018875 -0.793149750503885
-0.072233799009913 -1.07763273382934
-1.45969907756582 -1.31133218181445
0.758480589403831 -0.650250598364587
-0.787900579859642 -1.23276444020405
0.74419981447412 -0.957332459106684
-1.57005021692148 -1.257880898067
0.338703706666352 -0.725312309553789
-0.615013986981049 -0.307792984611422
2.23938210163184 0.493440854626582
3.37599644229218 0.537585475729097
-0.14003939154061 -1.07226214896954
-0.858407358677282 -1.12014362768509
0.31616618744179 -1.05838683635427
-1.00329682247253 -1.33327320346932
0.670253676678181 -0.744495628630707
-0.942236627976124 -1.04166702090747
-0.66661436573405 -1.08066851357521
-0.282766396345575 -1.38155217370114
-1.67064360336133 -1.04539624236075
-2.035671827649 -0.763430920295897
0.745669721891087 -0.456058438049666
-1.52913182735854 -1.13066094155009
-0.25849586920268 -0.92506027736751
0.815731217032556 -0.854547961057396
0.73726697484978 -0.310410647945645
0.323657934223757 -0.657118188476937
1.51738234349387 -0.0655167259517304
0.770102853784282 -0.371578319359209
-0.350693750518842 -1.00437121021506
1.38762355674417 -0.431074856045694
-0.50048014052211 -1.17026970172492
-0.749513123753689 -1.11176120924789
0.0805385069657385 -0.949635295538674
0.32722311230721 -0.637472617542181
0.380550662358362 -0.955291981694896
2.11334661884822 0.131904994953504
1.53967203988327 -0.186961288111056
-1.6313699930478 -1.1892995189615
-1.00416488457114 -1.15384944214804
-1.01054183313915 -0.944455983034382
2.14796657204758 0.245398802840696
-1.7541758431391 -1.01901661297621
1.83691923997261 0.0969829598652772
-1.45498154277621 -0.814397585412819
1.36605394096977 -0.298699913324999
-0.587354273069876 -1.29464394165084
-0.723008861777805 -1.1002184661429
0.438228556268028 -0.933040549754929
1.05575202560228 -0.736420024559627
-0.787917814454704 -0.940538327094335
0.954071048039116 -0.691546715362922
-2.27295243486814 -1.0926127771367
-1.51195220265996 -0.984677067733386
0.989340203945309 -0.77912330551777
0.0924398272399251 -0.719125621591533
-0.234056990468884 -1.01389538786645
1.09984198436257 -0.439116411526519
0.110261895229934 -0.936822790989252
0.40502870529157 -0.669608093534971
0.0974075521038374 -1.07022345093622
-2.60591230030761 -1.29885160246407
1.85281825066856 -0.10259619242178
-0.0052672565518153 -0.836434742298186
0.760667770636303 -0.473918069145166
0.541271768119545 -0.560373648933753
0.451973652182305 -0.527326733609222
-0.477913099569767 -0.942796204744863
-0.264421260929079 -0.856914711362219
0.182980009206759 -0.620774473920672
1.34850335946866 -0.214472104214384
0.513540006747877 -0.266271447184422
0.572628793127606 -0.704583174225287
0.544809562042595 -0.411627183196543
0.933050400645065 -0.762096111289018
3.78000123930105 0.985174572209242
-2.91410965497638 -0.679963507253844
-0.609773224188141 -1.27368175747974
-0.301342974873437 -0.611182741530853
-0.689502908651793 -1.17269743205365
-0.229141283943086 -0.759642201720161
0.462920987294822 -0.904636763775619
1.27646587232863 0.0806486487315641
0.847106724049261 -0.410674351515103
-0.715652274123118 -1.16712290093436
1.02314453045052 -0.32433156466391
1.02824038149115 -0.970178517241945
0.143513405452475 -0.694551204699089
1.82454585314095 0.0304241218996896
0.0430393053295013 -0.644197896376132
0.12044318105493 -1.09686922286833
2.63594383056251 0.882375720352384
3.07944274586987 0.637716450477405
0.842306526362275 -0.447961186166805
1.14804327316588 -0.524587376605997
0.330675583128425 -0.66813498100141
2.06237021398639 0.385415464680356
0.158701875669344 -0.618711091334687
1.23483552154503 -0.652077707405554
0.801836133422672 -0.664834472308746
-1.05526196072292 -1.04007283189617
-1.19619894810752 -1.02948714932335
-0.438677720907794 -0.792689238071506
-1.91866132048857 -0.921264576461794
0.830921761773454 -0.549695655953418
0.624237199692239 -1.15407715443337
0.834411981159344 -1.17781742030213
0.921802170865605 -0.282110137273369
0.556582775013447 -1.13568851083248
0.576008735282753 -0.691894901276865
-0.111645202582102 -1.03868449739388
1.51086580484063 -0.684766927364024
0.86653448917143 -0.660015659242555
-3.75557245112797 -1.22574166708044
0.858538445903509 -0.504572006474429
0.88669337475694 0.0408282891471279
-1.58645851412943 -1.22325420519932
-0.31767753088346 -1.1134862095667
3.00388102591963 0.550189416673432
1.46784940290597 -0.196764380224908
-1.0529843329711 -0.484246494842065
-0.837389451808774 -1.25795957321323
-0.900326337335607 -1.18468139493548
-1.49832650060845 -1.23818223455659
-0.562861048618293 -1.00581685605867
0.482982686193383 -0.549456168567003
-1.64164545042901 -1.25618255436188
1.296461069634 -0.595457563231811
-0.523074558187052 -1.1336224615719
0.0593818969066508 -0.796099685466736
-0.644074788968353 -0.932328518019202
-1.20368296350453 -1.10736440553844
0.655533639740287 -0.822955445684587
0.325435362339954 -1.07485980301725
-0.357796202783791 -0.670444626941352
-0.331448044711192 -0.391530606540475
1.49120911809402 -0.158271927018177
0.554151169582545 -0.932732309826051
0.69322412435009 -0.859790813004315
-1.33440908011949 -1.14620320027391
-0.849226876319823 -1.29999639158382
-0.0533295171250536 -0.547378397846653
-1.60507294855735 -1.04391463572429
-1.21437200518419 -0.863750815856182
1.83165798050223 -0.342370037212744
-1.85950314338798 -1.01910285362408
-0.568663914376834 -0.742495429795099
2.23067949987878 0.227520038225764
-0.544892527495662 -1.35838198589693
-2.56844020205261 -1.01198844753518
0.249648603179695 -1.10333380742436
-0.00251204213390048 -1.21321830277616
1.3740853940884 -0.238218034683895
-0.41013226066468 -0.980887767685245
0.287565752591342 -0.272663169383911
-3.10202891886183 -1.08455356591852
-0.876364966865803 -0.659392096237834
-0.32042533639248 -0.562166042029592
1.48390012809288 -0.0745236653224708
-0.588873593894339 -0.837687755695585
0.00129038294211995 -0.839302674032792
0.226312503424144 -0.576261854304021
0.95656891649639 -0.806945965663242
1.81424922384856 -0.164145579483686
0.130842103857015 -1.25777186267486
1.53277595205286 -0.325062609454911
2.06056602567045 -0.0460512325233212
0.211822736393082 -0.852035476533764
1.10709098475358 -0.786498854886505
-0.148928613731448 -1.22721145283394
-1.78940702326115 -1.12216397694089
1.23460270344886 -0.572564005310349
-0.24123557878206 -1.01464601341512
-0.858310009578053 -0.707221292659608
-1.57040553545895 -1.14247582984759
-0.0998434218125167 -0.620225238124191
-0.146886869730994 -1.28484098101381
1.77396135575813 -0.361776789563473
0.563359254200976 -0.944045977763657
0.237462451165426 -0.600226375085321
2.038166852669 0.788698043600057
0.948640165399275 -0.674992447238787
-1.64138405049869 -1.10779064507314
1.75740371111685 -0.420933297635003
-0.968718327215182 -1.16737239542119
-0.626408601134015 -0.463975894562924
1.92889116778174 -0.00111223730270064
0.478352184661409 -0.249359288437241
-1.00886964636174 -0.966482600046857
-0.272194969627009 -1.48388561062064
0.522993385536534 -0.46288433489251
-1.12683518531628 -1.03291130944551
-0.227766503636227 -0.97351974985682
0.0690195033245255 -0.930241382204267
-1.19620791798417 -1.27367701690005
1.24863970621755 -0.697419321888557
0.992260218629672 -1.10603371653981
1.58028102048579 -0.0538774935258691
-0.41800739882924 -0.997214264294185
-0.799539716729247 -0.807087551309682
-0.65507310360654 -0.91329168500235
-0.468305615678129 -0.869138213403084
1.35708887015111 -0.234042939727485
-0.420475009884217 -1.06140419245254
-1.16983620867228 -0.942357919483111
-0.0885403939511522 -0.385035386722566
1.42939116357617 -0.660102008914419
-2.1981767023933 -1.2891729679801
-0.200196408945601 -1.03690987682558
-1.08517517024442 -0.998885214313634
0.578716116031773 -0.553977806502223
0.638305621002676 -0.580393409458521
-3.28718637026249 -1.04941991396014
-0.820225002037545 -1.01661541920761
1.44565046511506 -0.228508479904787
0.462671963845898 -0.915026956863046
-0.109091120664039 -0.990648587529703
-0.769183962405706 -1.30951104454644
0.234557237616955 -0.518019725619424
0.98053184274346 -0.329383326279906
3.69571917621037 0.801661561919663
-0.0419257555083012 -0.699485601022194
-2.59189485830705 -0.838155263940011
-0.53279361684405 -0.698107868931561
1.33745832268612 -0.268947203292364
0.364730841032243 -0.515106395948397
-0.303286597061312 -0.882163760897689
-0.857261024989152 -0.724103648732189
0.227290034756563 -1.25401440950965
-0.0527071228333191 -0.760757557176568
-1.29961691443639 -1.06008205024575
0.0743637168148482 -1.16431577032786
-0.563400710251877 -1.05821702543547
-0.935707694837658 -0.927490660807005
-0.949647708161987 -0.958083664769487
-1.58317723240862 -1.33869519433812
-1.25683782806946 -1.23663948533273
1.5898801390657 -0.330213435949393
0.611004471994262 -0.499124402977744
1.85603346953478 0.233704830162431
0.673832250358945 -0.373554341746613
-1.03546741248577 -1.27692722295458
0.297659027440867 -0.779820625254285
1.70407776656544 -0.441435023166065
0.382924179206401 -0.708247162092403
0.710488217428519 -0.652821282516433
0.712086471839566 -0.640874373836231
-1.02941636591328 -0.946612187788039
2.63951741521273 0.523041566583768
-0.125265248677174 -0.683649527870837
1.40634824842867 -0.186987071608374
1.4584755580397 -0.524215010648196
-0.428887480489597 -0.72771640655446
-0.670248854882522 -1.58516438677656
-0.868139240738506 -0.916340377415646
-0.909318769390342 -1.10974725480328
-1.3381148760977 -1.17221472292937
-0.341488909442292 -0.405011666205851
-0.474752811152761 -0.923578047188658
-0.338049053444733 -0.830622199042902
-0.113002221317997 -0.958099937301799
0.112527452356051 -1.12658979666504
2.47135321415987 0.676090105400657
-0.162338803158513 -1.08017990981732
-0.472966809015844 -0.924193065259078
-0.80975624818558 -0.931716655499113
-2.50060910499791 -1.05482103615688
-2.00327999193785 -1.26678820389761
-0.223611013425193 -1.11416642852145
-1.16937756119801 -0.785804829828405
0.666649126054293 -0.778080193112067
-1.94880619406485 -1.23187307391779
0.529064797604382 -0.766356448909508
0.536918222715532 -0.928807858476049
0.683564056353703 -0.717658858263244
0.608390594867949 -0.821359664907365
-2.25970129832933 -1.29080556760918
-1.06100400268883 -1.20319736869046
-0.0806109930710119 -1.21251327578873
0.590334495431497 -0.184779992239758
-1.6599508461182 -0.918800650540378
0.2796213028541 -1.29342024759779
0.853116895734725 -0.562531914319434
-1.62558827527944 -0.868967573265669
-0.499711797017356 -1.43616407864708
1.63207103569694 0.321189104769333
-1.09541936491527 -1.27929020775141
1.44137860715049 -0.0785012014628287
0.023098508324474 -0.974837958537745
-0.578748430072254 -1.29211942648313
-0.44811607630659 -0.392887411259893
0.092368049921364 -0.89510245544637
0.625651757537702 -0.808364788676675
-0.24157568827549 -0.729313842700198
-0.0385335559613262 -0.777665893918821
0.857831040275591 -0.814341124946303
-1.2165926189307 -0.63551389418176
0.710423396686346 -0.805978255896075
2.12254627229302 -0.000120058313477167
1.62717748125175 -0.312239418633013
-0.354913971013893 -0.751577046227781
-1.23150984189965 -1.19837181179347
0.449622924830999 -0.55577507362153
-0.0656760334221431 -0.992240123233902
0.995010318756679 -0.96343497012071
0.956731239798248 -0.0408370998925747
1.92596731450264 0.143224168650902
1.56787501354568 -0.0356898001640173
0.873089192782358 -0.559958946362324
1.61320780560254 -0.240181551246128
0.579989850897696 -0.534304575442767
2.01910865773884 0.257409529748348
-3.00802084118021 -1.13813803831574
-1.88802942106281 -0.672836185820282
0.145458579606798 -0.39130652793135
0.226746995580906 -0.973505127526545
-1.34397179744343 -0.903883196568957
-0.403230282305031 -1.07277324295124
-0.393222494520874 -0.83207936388817
-0.813925309392622 -0.946836743190964
3.2717142520986 0.901436691494296
-1.3393577038223 -1.33169584697411
-0.174848724594471 -0.987047077984828
-1.55187671019115 -1.31305976259328
-0.763917150431056 -0.733406484884505
1.89668587952163 -0.12044786993692
0.504304027871214 -0.655666826949298
-0.111146056803081 -0.988393947257966
0.0651691410025017 -0.836572065419731
0.378549853660591 -0.665327458581119
-0.661541828194647 -0.863372254447774
0.119111912077517 -0.896612285237649
-0.855977097493456 -1.26875228880413
-0.9109610771273 -0.916880527647727
1.89059566171256 -0.294577373970663
1.17126822114843 -0.361085165071211
-0.223856042901277 -0.69851644768274
1.44922477093932 -0.0758408265974945
-0.069587898584906 -1.38791803488411
2.68785075732065 0.311263783697177
1.18147799398292 -0.387242214039178
0.0869682806416029 -0.591111966718417
0.240004444398555 -1.07570594021165
-0.499244709450888 -1.50726267318599
0.533455490725517 -0.705903495207106
0.855158047489272 -0.740705566673126
0.000452332883713466 -0.883724089949335
0.15451365755284 -1.17747349689461
-0.576271133424904 -1.04527588078314
1.14653102202165 -0.341465440393281
2.04580024459383 0.00952822607071205
0.361496382583377 -0.592863298482258
-0.139083388651554 -0.250662961365177
1.32964282714311 -0.503435348893249
-1.30797239717929 -1.06696405993641
0.690562794715342 -1.05203877800312
-0.423659389746299 -0.852114518406036
1.14719487941251 -0.816272574978697
2.25446260153156 0.408929034397694
2.56656255261052 0.779117395577807
1.10657672813876 -0.495362898583193
-1.53909155341164 -1.17883826469469
0.739465714757192 -0.471904325595616
-1.55499881991718 -1.32588977278865
-0.142431263371827 -0.759736738006036
-1.427689128269 -1.57698921428619
-0.681727207973787 -0.774360693283137
0.248451600064837 -0.513887476899984
-1.03054852537437 -1.03554175179706
0.553846998042736 -0.631926393799808
-0.782310542058261 -1.29425736498569
-1.48627369952278 -0.80589672309812
-0.774632287177527 -1.06982661328037
-0.242208993841764 -1.04623628238932
0.530577426923955 -0.754242399700197
2.12910011788921 0.294151825878782
-0.905540574950601 -0.868719218415221
-1.27216472190563 -1.24705205899574
0.647854817251411 -0.512574305795639
1.16396335662963 -0.745213270049584
-0.280426379087238 -0.666922174082017
-0.231018278531121 -1.30352143746387
0.155036470206487 -0.732536582444167
-0.61682012435344 -1.19082406850787
0.817991581749132 -0.445435392441943
0.616386000991195 -0.412478435509798
-1.70757956984542 -1.4471931276271
1.15809315626131 -0.123258548449083
-1.32537399672319 -1.51766003270595
-1.53334767295669 -1.06780703019363
0.201236570127786 -0.492638762730307
0.954176815002981 -0.625587283624437
0.847000675188816 -0.847122823785676
-1.19964581526155 -1.31718267163716
-1.58305009491367 -1.11974733156365
1.45480502219834 -0.353529889907019
1.37094577280963 -0.484333503457036
0.825193850384123 -0.53560012557453
-0.724354061519374 -1.30480280739686
-0.379559261388052 -0.733372919753899
1.3008245914359 -0.656050158733064
-2.94360372910619 -0.946686407678113
0.123786273066329 -0.510940755730904
-1.06727860067876 -1.07510868008624
1.41946142796465 -0.43968842382178
-1.28417372070355 -0.853993975702973
0.416750581326397 -0.512771146758632
0.106867824975136 -0.819497541486746
2.73611267827027 0.164281524416817
-2.06705595145111 -0.649258096278373
1.04210019166032 -0.283488707940404
-0.0912864289864824 -0.750862656432711
0.974635785475634 -0.470919682094485
-1.22634435883079 -1.32904395630893
-0.0521697146752908 -1.00307761288323
-1.68140039318062 -1.31840297199655
-1.28453250605897 -1.1044463983378
-0.361778373847553 -1.05308483507259
1.19596931233571 -0.270601208485646
2.84904871952652 0.691378633838595
0.394644541598034 -0.583343614036116
-0.74578850980175 -0.876797262354458
-0.124541511275422 -0.201508119909647
-1.81095105337042 -1.13854490312666
0.0851953366436112 -0.808367542713396
1.27670048670181 -0.517627771614823
1.11732910873042 -0.591213734009658
0.311494962420114 -0.902501511973415
3.47265112858724 0.568763720667834
-2.03525928539241 -1.05473530330018
0.28555912344609 -0.369699628199314
-0.475184049788049 -0.984447700437502
0.41308860485372 -0.644806528692263
1.7361309625634 0.295656189824663
-0.484304302465755 -1.13240819204153
0.778769905190445 -0.341483764892924
0.789086561543795 -0.323709785140893
1.05760718491978 -0.272140099639911
0.717876166745911 -0.896167418776033
-0.960691900550277 -1.21581294018276
0.528810274320243 -0.506047486789127
-0.553432452250896 -0.76185536073392
2.3866113780051 0.248890923212666
0.106675071936816 -0.909914416787815
-1.02696403418084 -1.01292361165216
0.328133674085997 -0.748835083231621
1.00468502916212 -0.779859557816621
-0.728292750673865 -1.13882720270432
1.07675827603887 -0.692878683910031
-2.08909298697872 -1.40029964888858
1.49482467012292 -0.303599810348376
0.598533105830738 -0.622452411159079
-1.20002987493504 -0.904910279788791
-0.574999585373674 -0.723859912085203
-0.67330304195761 -0.959720500323471
2.65187737045558 1.09104317058266
-2.1601293363474 -1.20775175011455
-2.71694481719815 -1.69900251071856
-0.50398791416146 -1.08815735730643
1.06071837515398 -0.618421717399033
0.984834495418182 -0.240777387609672
0.383435671252723 -0.82425794803732
1.41011480763858 -0.403306826123358
0.174238400660938 -0.748457596868947
2.4535290375109 0.389717876321346
-0.898738974109302 -1.24641638070102
1.1228112135403 -0.31141529740202
1.79699797046266 -0.243276852150409
2.60695791403878 0.178040395429601
0.344722598491647 -0.825619124144195
1.55344611567133 -0.374582178510462
-0.685833075838664 -0.98985168980503
-0.363918785602628 -0.972228219659887
-2.17224342718844 -0.832389311833662
-1.80464035791863 -1.47047678487978
-0.75998164036337 -0.978923680752519
-0.270350409868925 -1.07019706414342
2.70327419769467 0.948216811939033
-1.27150540579987 -1.45966477592217
-1.64408998388041 -0.608956953813793
1.13639691101261 -0.415563318973868
3.27703289238749 0.554723006938371
-1.36606826922018 -1.37262659654981
0.477961991294645 -0.804691873853797
0.53134866831151 -0.502417295860347
0.292988228676147 -0.843598987708187
0.852421237478636 -0.793885746625461
-0.00527602424779527 -1.03558055997744
-2.08843018816993 -1.49038312155539
1.7946849179449 0.317219944496033
-2.160032064364 -1.36788792840257
2.24357862085441 0.643775763303187
0.334440841234689 -0.494505959302016
-0.249451308864556 -0.935933271456389
-0.974443746083251 -0.895128529560106
1.13307147954595 -1.0995618093418
-0.441726327526226 -1.02205268083573
0.695378620879344 -0.909964713737858
-0.114357512064149 -0.717378924226401
-0.108744947489925 -0.758254505124924
-1.24313136643583 -1.24193097839982
0.596592212183069 -0.753244786697907
-0.261400415919548 -0.737617985003733
-0.705681520986592 -1.14162343772025
0.928122340387463 -0.866774442845442
0.371411214299988 -0.766923762781605
0.260628919999368 -1.15211770982167
0.29549546416042 -0.91858797427453
2.35163930907035 -0.0797905044676018
-0.273381743974248 -0.847499387937543
0.433652501781325 -0.727722081879055
0.929959020194131 -0.866607032579265
0.260694933739697 -0.982246170192305
-0.878646019354009 -1.10651838452182
1.40707046908921 -0.296730548081539
0.62945677448474 -0.09621425189976
-1.33897800423488 -0.533863397579684
-0.0629784334868971 -1.29802588825578
-0.373541205823342 -0.808623953975887
3.05068914652134 0.630232340378148
-1.16652726325736 -0.858111592717043
0.220884167189309 -0.942601643455915
1.73286600919007 0.239273048324517
0.860245538300598 -0.762883559317101
0.655209287815571 -0.946448589122057
0.303129036500499 -0.395930782366032
-1.01412024507383 -1.22328722121712
0.759581878562089 -0.722160803698515
-0.113677913306651 -1.04090354142702
1.2453440554781 -0.201065798190865
-1.13884778900845 -0.619383211030852
-0.335722382837409 -0.772600545982983
0.103995196302322 -0.63648873842842
-0.3156621019803 -0.674700154122474
0.850586382586563 -1.07343851348796
1.43518618730441 -0.346517103624039
0.986655962949 -0.674164540275346
0.856687167770328 -0.527476011267023
1.75082482345147 0.397898265138477
2.35225532832589 0.501759326103892
-0.253229578837203 -1.40417560147481
-1.0157812228977 -1.3534688068354
0.809096513213683 -0.497611627301143
2.27415839622141 0.170201835975599
2.22898646764628 0.456203323864645
0.0783814250284204 -1.18680156195757
-0.983564474574599 -0.988039821594549
-0.738723833249161 -1.01487584096952
-0.968242247321439 -0.994559936667988
-1.58069127187552 -1.08369062530068
2.6016788308248 0.0702581311053165
-0.138361005263608 -0.910674601345793
-1.21357612867234 -1.277029936133
-2.04505410804343 -1.51635449852322
0.0535046804594631 -0.616624479153745
-1.44683326423543 -0.96246076822169
0.250282909527111 -0.683522290513586
0.675981346037781 -0.454765069663125
-0.572217734748561 -0.880955255686083
0.807407254208857 -0.885557684151917
1.0878616065674 -1.04676213461048
-0.583530642129977 -0.733788413976999
-1.19829328922438 -1.78116082157622
0.0300258834493414 -0.66157268505494
-0.608453749453424 -1.22622211559838
0.335116124389035 -0.332245464476654
0.752313194017322 -0.559931232212393
0.716094549793481 -0.148926381061807
-1.45052505780461 -0.745696166738824
1.69346844356437 -0.150252380857255
-0.441513559985611 -1.13917340643513
0.404167065287364 -0.685659452664651
2.67168575483441 0.572922797226742
-0.117921592757988 -1.29124559161789
-0.498947822078003 -0.903885610302798
-0.418908101719315 -0.642998762286865
0.432511162522026 -0.433514323165575
0.461835758249361 -0.948090678054035
1.05029846998185 -0.434590366340506
-1.0016273063374 -1.28524210079088
0.436317540438203 -0.701509089587429
0.997814149971016 -0.153005016353787
-0.393438693533866 -1.10735542972759
0.745269381190679 -1.04368961952092
-1.60470170653377 -1.60396428861065
1.29197784088945 0.141031352123177
-0.189984239333964 -0.632710489300743
-2.04865341635993 -1.48819966522578
-2.37820868716114 -1.3357844378747
-1.20907064102386 -1.26035038099657
0.382506704500375 -0.323600680704424
-0.680743261748589 -0.657557075830629
-1.7118045154933 -0.852466960713559
0.464587444441412 -0.902061816932117
-2.6958501830549 -1.37757043692654
-2.31258794467971 -0.88429678211337
-0.516830244817611 -1.17237138753059
-1.12904410223825 -0.896902434224362
-0.952353747733509 -1.43962174072908
1.14072873676421 -0.530909694362371
-0.258578801597792 -0.803435166488841
-2.55529426204761 -0.790100393976511
0.432637686808913 -0.64535693013124
0.0293671598793065 -1.06628578499092
-0.614149591904504 -1.00733855520078
0.413659489931589 -0.496372183363971
-0.660369479230436 -1.60728311931996
-1.79683093600841 -1.21395999031849
-0.534965901156164 -0.778660120704516
1.04081874682443 -0.673446303827502
-0.317660317727507 -0.981182766383271
-1.51487454686588 -1.42893362922584
2.40332372821167 0.631963547944941
0.874468242722354 -0.344188705585846
0.115938273416041 -0.909395856912935
-0.0992263056360956 -0.962890152872932
-1.61591827414686 -0.888879133779847
-0.0061361659790148 -0.631110151867627
-0.887437296194519 -1.39235637916358
-1.44196893177816 -0.628759357984448
0.211228316076034 -0.703470505768649
0.15504706305859 -0.600475685304245
-1.1183650786645 -1.10189362992054
-0.249151597555924 -0.779263176824572
-1.5963469895408 -1.4216791585695
1.13719192140354 -0.492005839384926
-0.182618955835334 -1.20354871168597
-0.805816043791467 -0.822494558290935
-0.875278197305482 -1.19061909969421
1.95913196820295 0.341584281713733
0.470621631436164 -0.168813877893827
0.0283873346422916 -1.24204097594118
0.42688792505195 -0.734945104501362
2.07044533916514 0.314646646698146
-0.956714609165955 -0.848898618456145
-0.423456763787708 -0.963709225618426
0.406491108463515 -0.468194587053223
-1.01263436864808 -1.03435627653025
1.41346876405664 -0.266846791475438
0.137633806023167 -0.726959101703332
-1.67609896911215 -1.30079689739246
-0.0976987861724723 -1.21510521587041
1.29245045883115 -0.584560771295417
-0.533586343496773 -1.32647262031853
0.542979945420363 -0.488486579843925
0.336632949209941 -0.750513442835619
1.30609756181308 -0.49973432042952
-0.451065583731766 -0.623874550705983
1.26506841055444 -0.250614374298449
0.0848264662700104 -0.826859199319225
2.5955752312648 0.401675735778543
0.871783648389633 -0.719031688485626
-0.0464400634934611 -1.23301470642631
0.583895352738283 -0.653110112208984
-0.306292338304745 -1.04876584005201
0.783827599139122 -0.873764298884653
-0.117615662172389 -1.08464979004853
0.638424010341332 -0.705870105269262
2.07374461751389 0.135342274702636
0.546177699833269 -0.498051750292709
-0.480374328425406 -0.848531178029111
-1.71514964321727 -1.35542400877323
2.10921962686014 0.0271224645130298
-0.837583030100531 -1.17093548977854
1.5337962530788 -0.277886459087994
-2.48374150613053 -1.02932210646623
0.441559004160081 -0.153264425184235
-0.982107346772588 -0.998016409819396
2.27825163321083 0.0987700815121818
0.42459080785671 -1.02228516350303
-1.98037316370243 -1.0387973083536
-0.845616291186451 -0.994353865458391
-0.495521399016489 -0.952514214574166
0.267755148865805 -0.882107924831069
-1.0967441885956 -1.00657144679463
1.61671174435851 -0.293570683465074
0.490546544672315 -0.693210685141538
-0.10697522232615 -0.890639361912187
-0.620980137538854 -1.4555920380084
0.0329848206771284 -0.84426945101737
-0.492290958865335 -0.715356692906941
-2.23376518488976 -1.20102767530615
-0.186684448832328 -0.530391468601539
-0.852148831443093 -0.962535870649711
-0.10129210988877 -1.04085795709412
1.43490211590592 -0.469602120170891
-2.04049947550288 -1.33717041245932
0.13488731679767 -1.26975784187776
0.153357483865415 -0.948787267576534
-0.884180043113998 -1.33355466747151
1.21584391448943 -0.294739985117973
0.446640062807879 -0.211792355785913
1.77205256723894 0.115018014071632
-1.30741460658768 -1.29329310966023
0.475148189420157 -1.0252012476072
1.77569616153627 0.0832227885252361
-0.0566492019474422 -0.84408641323692
1.02221454283249 -0.407510846490442
0.356494285898753 -0.911819429045527
2.11262194807417 0.244620413299803
-2.7414402273186 -1.00107948707411
0.245291227227109 -0.963694137112035
-1.21461818324065 -0.773038473530587
2.24842958515161 0.608055551454614
-0.50927084394137 -0.700457396064371
-0.715417613460008 -0.853337883299465
-2.04094886146136 -1.03975904335751
-1.50399817093249 -0.939081468326863
-2.75747707506294 -1.262212388258
1.26976223599333 -0.805717323809417
1.11366261752722 -0.387096776775832
-0.0062738920462498 -0.457748278364807
1.10356215273936 -0.672403303841503
-1.46697364927529 -1.15981813263961
1.12973162122822 -0.638533492901549
0.934664324759774 -0.764424027006565
0.297898073691917 -0.94515042955309
-0.444959822632316 -1.02640242672242
0.419087363132439 -0.57059785678411
-0.776543137573832 -1.47330142987022
0.741408390703635 -0.661438375613153
1.07167879875048 -0.388041289934636
-1.99477125282388 -1.10479388654894
-1.11210868969346 -1.18331408974894
0.869373827677172 -0.610024110835942
2.2658171380692 0.463179280789946
-0.656384291258226 -0.854191506509416
0.0845514679900441 -1.41653765770855
0.653429452660837 -0.584190240236949
1.0430539174225 -0.696624383243432
-0.739169668832269 -0.856219406703491
0.049234161181976 -0.77576097592612
-0.987859223209364 -1.19315458635507
0.980526990796744 -0.762941614226807
0.184624643882567 -1.0382016370347
-0.372964925098163 -0.881085496986387
0.251319495865665 -0.898362286389963
-0.31310049578116 -1.09687394203991
-1.82310222930923 -1.26914858908888
0.6467172968805 -1.06626835242779
0.620462122818092 -0.481483218006282
0.196786621236488 -0.805954833821092
1.4665593779887 -0.365664738166945
0.961418268531397 -0.690713254372018
-2.63161014319271 -1.16469098584268
0.20286542517163 -0.847218221878645
-1.83789181346047 -1.24772927162052
-0.81596734792628 -0.887924824654895
-0.731183300100996 -1.29121848917602
0.448217267437342 -1.23392477247591
-1.39638843377204 -1.22210734213416
0.740856593382444 -0.626978672692621
0.541445608082252 -0.360675613601067
0.328994534622576 -0.907458409989466
1.60483606864017 -0.0645921715202219
1.36665193753953 -0.344285702531753
0.84812457319793 -0.512771092219862
1.17501536027831 -0.134608788679172
-1.93985482865948 -1.19653579664471
0.0404843867881525 -0.842670986381077
-0.609753845049536 -1.024568425144
-1.5979115133306 -1.19956470682687
-0.152616800788874 -1.13240479624007
-1.43729772394385 -1.68277417170624
0.296772268943146 -0.897545617104438
-1.38956838043263 -0.966420280868019
0.230209023342659 -0.678483320567811
-0.275064232482204 -0.843004411806683
-0.242713761900107 -1.16478073212686
-0.721229476996497 -0.418968623867903
-0.09559454547644 -1.05235794596418
-1.29858035453923 -0.362339194942772
1.29115208733497 -0.371796902552764
-2.7850072234906 -1.00980260924668
2.09847197528049 -0.00351480500942558
-0.129855977566617 -0.692634443571176
-0.0180073768928262 -1.05496961086317
-0.320661512086732 -1.17816288256102
-0.235021056018456 -0.805314231786323
-0.557708758941403 -1.16039436307366
0.814071837443986 -0.6634382099087
-0.503508890438617 -1.10425936431881
0.631290015538208 -0.789624961054819
0.642313400948761 -0.0372596928205957
1.27848697111793 -0.554326286188686
0.631418333909715 -0.560331157188973
1.07189366800483 -0.841985015232744
-0.307059447869575 -0.667267523043365
-0.813091008803328 -1.09469562531914
-0.238694623852482 -1.28162264818268
0.393316396666351 -0.266427479668501
0.335346205785801 -0.896184108628827
-0.523915733764861 -1.06972261316506
-0.594801536938691 -0.855184523006958
-0.134593538166814 -1.07883327933538
0.826614583511426 -0.3112724839202
-1.51680674704075 -1.03107382062542
0.0744710967007444 -0.597176298294969
-0.57910568321869 -1.40722158708028
1.09920601658063 -0.567422089968168
-0.609866404368049 -1.05211615970621
1.89995985001949 -0.0501986675482148
-0.119944964857389 -1.10132159183883
1.00158625089374 -0.24885551829336
0.393702470383029 -0.505288729357817
-1.34968208165134 -1.44639078969824
0.190026272082559 -0.636800086557681
-0.13400076249176 -0.747769351856969
2.21819846102209 0.0567193882534968
-0.567998397424344 -0.988470283602912
-0.487820819629978 -1.18103040218114
-1.04148788698433 -0.662697160703068
-1.10097612085506 -1.24225605350153
-1.21777040315051 -1.07226420661494
1.72380228890217 -0.02370417885883
-0.292380198087523 -0.658956186595138
-2.98699327461882 -0.991188544327057
1.44403380769211 -0.109866778917261
-1.11383207917878 -0.910551415385159
-1.76376766236954 -0.963779386147479
0.10913007947913 -0.786499476501635
-0.550842786981343 -0.639070379021883
-0.354106948040646 -0.46363174637227
1.98312965438286 0.597575710234752
