-0.507282251574498 1.20718257037184
-1.51391567744809 0.302922292820265
0.439037781396667 2.19464249080165
0.893965325511831 1.51508073667832
-0.383108853744649 0.693787293403152
1.62008723304455 1.48288046517729
-0.0698316582226048 1.39214850321662
0.227665760821235 1.22543316890006
0.36360496695359 0.843538973122197
2.81155306107649 1.61680041986224
0.0700754161700821 1.34785332793942
0.156042034770052 1.68109647454735
0.34596411860482 0.979233696965094
1.88237900330685 1.99273209015878
0.651625690142125 1.30646704844153
0.817996450080982 1.4738887501443
0.525635044496207 1.49071676863353
-2.57646492266973 -0.754372672178947
0.932041583722338 1.57911411812903
-0.0292315752582416 1.37020896347168
1.32657467813157 1.39487279781973
1.0648031048296 1.41558091149112
1.6480654290072 1.96025337510491
0.0880190143400407 1.3964317401723
0.433711916539569 1.38450183694105
0.407233016740396 1.54643206930342
-1.79709921297868 -0.424608042766621
0.72863013038736 1.08053520187986
1.12877705907305 1.61223327746211
-0.0760580239466302 1.17673719458502
0.551876774498762 1.71718743786589
-2.07156879607545 -0.753435008660111
-0.167815882056869 1.27194238445297
-0.932330032535933 0.796882553875445
1.03772537740466 1.63234713274328
1.53579883818977 1.61183536829438
0.787551585798293 1.02866144380345
-1.58688969728241 0.273317991405721
0.41841619803274 1.55198819435622
0.312435522959909 1.18025878922552
0.176634549469334 0.921353254682719
-0.489374051325779 1.15674929284587
-0.588786219219326 1.31517191134829
0.917362297208194 1.1775095272016
-0.0891108767911983 1.22771325977336
2.24067605067143 1.4471002369295
-0.877531832429835 0.940874086864944
-0.950630766441815 0.304347125014628
1.425669978364 1.59347519064088
-0.47798033076984 0.814143385553435
0.191161845964944 0.981929749193302
-0.710666626008239 0.9846396318092
-1.13023836765153 0.849439683154855
0.766996835247099 1.14848102141847
-0.0676869980462804 1.6164257537017
1.70275655168148 1.34437284638958
1.57088103628928 1.52152882196597
2.02763217317972 1.71585359775537
-1.09783033105765 0.751609135368149
-0.112098062145277 1.35006715819853
-0.0174617750222397 1.14855942585571
-0.959271582180507 1.2097409249197
0.891546619779405 1.45960511544008
-0.0108169280710804 1.59625991771709
-0.00239758599265096 1.52679991475266
0.0652405998503924 1.00908031358796
-1.21327067428952 0.669326095895062
0.302294604146009 0.655472851871478
2.14869320172216 1.43232020882601
-0.973315685063969 0.528438750643427
0.260493833440086 1.05171042674426
1.02881227292283 1.33726147239545
-0.128524293106218 1.31317829816061
-1.69006679626239 0.114848695172417
3.12533008647003 1.26893843406709
0.740651752691288 1.45316850232824
-0.732606998217476 1.16327453687401
1.1410143498883 2.01310153627367
-0.189521218697496 1.72766626298018
-0.161694265243698 1.03789318674691
-0.935725612274467 0.91841082685712
-1.01685284177249 0.712507660147188
-0.371477691160581 1.01799529948642
-0.470548986147103 1.12617519351316
-0.0608154482008732 1.16362506048494
1.59514181545659 1.511701058268
-0.146807067923123 1.41693232957644
0.864284252629249 0.753614590794404
-0.84304711271175 1.38012939564173
0.568078265388837 1.47525403457786
0.292497711586668 1.21570066014987
0.174572237270175 1.29890419035662
-0.794465637572965 0.880723036085418
-2.01084059210704 -0.404749228464794
0.909840168214835 1.07070750466272
-0.180428672248941 1.43784286930987
-2.60057158220766 -1.19428047515844
0.991561729776839 1.07792556213255
0.880817685175332 1.12411465987145
-1.19314538641459 1.23704916934261
-1.68818465631026 -0.0170134171266561
-0.448768134728521 1.04611923033024
0.64153920158554 1.44741051041082
1.72145909400421 1.02138325125805
-0.153140154653294 1.51575787462502
0.0316124214502105 0.834123533606494
-0.172842815890224 1.39889465932921
2.36877286735773 1.5175308257863
-1.6567294178781 -0.149749737748665
-2.19222995297442 -1.10699556810485
-0.627323632491252 1.20241867118727
0.444955270748729 1.2099254749594
-0.00538259098660285 1.14933371641785
0.359655738780543 0.951260468954974
-1.24437008780898 0.339532845454992
-1.02062408804786 0.802970026094502
-0.340094905601067 1.05375670063283
1.59678969723395 1.17019918181423
0.689941526440405 1.55738430673434
-0.872844445742751 0.944468273426457
0.37960777296121 1.51215770577483
-1.71428029794617 0.297912211770002
-0.242557745446445 1.24109782097267
1.33158618477309 1.09955142905388
-0.880648425280871 0.977863596869612
-1.49477886764565 0.593995240931146
0.940974309313267 1.39896007272786
-0.902869250086137 0.978654349272034
-0.101135323089278 1.23300066471825
-0.123879443700539 1.18054154165241
0.199321322254145 1.39812279993465
-3.58186464436573 -1.57884561073951
0.693370099614627 1.51231534649178
-0.471615949135849 1.46919300161558
-0.724555071345961 1.42169319062541
1.04727901558886 1.12087066232822
-1.3775085916702 0.39331106199736
0.270067463613608 1.51369870717213
0.0343804479246062 1.63665200409457
0.427142290233705 1.35306478492803
2.01790711889056 1.18532575498774
-3.34921287320723 -1.33809902929739
0.940864630496649 1.44238699377456
0.409356156237461 1.29662616162738
-1.30506242815745 0.840831695139882
-1.41926443381377 0.627836580437818
-1.53088604591756 0.279509900465887
-1.6947610229647 0.138492868034146
-2.63492660984267 -0.799662056336089
1.77869406980038 1.91027822522555
-2.01084896668877 -0.526754776762034
-0.643695009875685 1.31085602845644
0.468191817992292 1.46353716910761
0.312602644731807 0.837600679297664
-0.683736031385781 1.41497401149152
2.17038550819887 1.45400203917259
0.982787564768259 1.79272542946744
-1.46858859834232 0.616398485519124
0.164001693193645 1.42742618068801
-0.0971739140810033 1.06031969749391
0.694885721973528 1.42143221103002
-0.92298400366515 0.721179837185792
-1.1468430766516 0.411432186699109
-1.41662767593108 0.841289109461165
0.199769367973002 1.37485133748655
-2.2032535905555 -0.606611429133061
0.159291883299748 1.44502587893429
0.74281453939295 1.74683260120481
1.08648846062256 1.28044767614186
1.41426384254523 1.39203544146911
0.705667754026879 1.27850088653983
0.57643406130166 1.13645839122506
-0.99624623638878 0.664040047477498
-0.904696608076803 1.11061651720286
1.22398646501092 1.30387336031351
-0.915754744268664 1.54625786062703
-0.769504073028309 1.0398080053258
2.4690785143307 1.50788339657929
-0.984552442333698 1.08666525116472
-0.823850045293761 0.752581795887315
0.803763044402451 1.3757822911446
0.538412160166652 1.58714093630771
0.218150883591583 1.28192402280932
0.197234690866872 0.897073188077877
-1.60155021402211 0.724049105288125
0.348171384239273 0.931979624687606
0.52650297491994 1.90530364375937
-1.02663670273039 1.32063791286301
-1.63536586035062 0.25704705800346
-0.5984827049066 1.26323759294365
-1.12571295207395 0.762218264484312
0.294107572493515 1.10098416422874
1.54699451115402 1.31461091719062
-0.652392498588539 1.02182095642452
0.961293233608298 1.89613074867058
-0.926739541570912 0.616130985036518
1.05439948881307 1.63869847377623
-0.450949636125631 0.770823969950593
-1.51485342721253 0.490292062322116
-0.00389542250186289 1.41870886279934
-0.685490339905322 1.19917236269721
-0.847829967434188 1.13383820339168
-0.844257350196463 0.745335903336493
-1.37906701493581 1.10730815930979
-0.740528268750537 1.14417601828116
-1.76057190224253 0.145326026362448
-1.13881697130422 0.815802729934731
0.540429088884016 1.64728269836692
-0.284275526802376 1.09708702610502
-1.24402034800934 0.937290031518747
-1.52652948139941 0.182336630601124
0.696656788583432 1.56339635631712
0.899154655087811 1.35522866380508
-0.360086479325327 1.69776931361979
0.347144252647678 1.09094767321855
-2.13037524978128 -0.8297421000546
3.25441320636665 1.52912164388197
-0.554052193498115 1.41280788657891
-1.07761280148754 0.908545536432978
-0.0165375914387171 1.53384870703921
-1.0378074983614 0.443844276788844
-3.33879960704675 -1.54404780076855
0.0992407167575309 1.0656900110621
-1.74080349629528 -0.336337875516899
0.614264386966896 1.30175870765125
1.01032415688834 1.15139036563827
0.440699534297687 1.07532438796499
1.06500867349442 1.38019184540132
-0.471185686013258 0.834039174575086
0.297005983240626 1.05397983904384
0.982304732543426 1.18826425565815
1.76905990009825 1.50260227436305
-0.531216927585189 1.53101722687399
0.141499384885387 1.00335165068997
-0.746624581389046 1.13278031040615
0.37518789164015 1.42604776091895
-0.830944183424634 0.872337554290178
1.90996210148539 1.45234226800295
-2.46123107804961 -0.850987133451763
-1.03738094115386 0.805223252115297
2.14918984600985 0.984872790522045
1.08575064849262 1.65916820517423
1.68489448332361 1.33846024335001
-0.520405442537222 1.62003612957128
0.134079261921785 1.04046772912741
-2.23186261161672 -0.830348689252643
0.650292095055691 1.65731634448271
-1.98584785921159 -0.629747167876943
1.61619468612487 1.52477640177205
0.792529669817652 1.16124201993212
-0.0235855792559611 1.055867467001
0.638567842543869 1.31224617137957
0.133734351889509 1.31143963351824
1.95158257201221 1.50932062396568
0.649744905673932 1.44395452501366
-0.551820476004035 0.770380555256431
0.258525384271814 1.26486032697317
-0.580493273481044 0.959444810633064
-1.18907196935799 0.553279330736085
-1.50591406251961 0.423586624248664
1.53814940074803 1.89764678662853
-0.795859500551836 1.27466957178815
-1.49120995791371 0.589461245410713
0.120652929816423 1.65209187085162
-1.27575118694707 0.370535401380385
0.145285861825809 1.31956797478677
1.51269796303162 1.13421325917001
1.60889926852473 1.39417832428161
1.07516503875609 1.2408296811823
1.69736339643313 1.37770054941231
-1.75574248682022 0.153602218770057
0.283920003629837 1.81387131322455
-1.83123029269948 -0.258770660730673
0.176628772873278 0.775436441378655
-1.5599613679026 0.144753663124537
-2.2348262663577 -0.803341892092967
-1.05544265518758 0.968571490906072
0.346479254735077 1.47554915359248
-2.00634009019767 -0.796454149968883
0.607572439390959 0.79285356454201
0.506197456962662 1.73993079757832
-0.0684886782167823 0.985863646340638
0.54456292072804 1.60761359833784
-1.30305665571086 0.43818917035013
0.176243852867375 1.3020772765656
-0.854888051263067 0.638619814746996
0.654441896378553 1.59079890921075
-1.52281313675638 0.224580055607252
0.723366716649448 1.40140591389984
0.0942191207870175 1.3892494725652
1.14389463085618 1.63636911492774
0.303160018130581 1.45217055103345
-2.10180057927182 -0.83313725134471
-1.6491529820582 0.177280797042395
-1.13862763306667 1.13504907407841
0.141463769943403 1.39030416521703
0.438345395140302 1.2114226044809
-1.98166455765426 -0.476668566980089
-0.592292796589703 1.40644490072116
0.870921469981356 1.56903223572447
1.38247565690737 1.06572933159558
0.316235217175673 1.60424471218544
-0.0197513639366921 1.21967939728673
-0.606258694454211 0.957327305671596
-2.15760597365443 -0.692540131871114
-2.9940544671134 -1.02962545108742
2.28280499353592 1.30625383696231
0.12658151559967 1.52648242704107
0.410266622468994 2.0705988163428
0.574497096438656 1.11854979668804
0.721147226797264 1.6710959655164
-0.887779138948345 1.38743054942102
-0.368952126625219 1.20445271680475
-1.1623925308968 0.955166588917863
0.578766989200999 0.998896153260976
-0.900543290040294 0.766562029411984
-1.51136502879222 0.279385491439233
-1.81654967145338 0.140087580598927
0.504685816139944 1.43802128179346
-1.66403246254805 0.109722187308822
-1.47843693290279 0.520332566308056
2.25618624169223 1.64766015730418
0.794684634204555 1.28892559483343
-0.497210358403845 1.07488875018892
-0.391645408789563 0.779998397730331
-0.266694778471458 1.03775369809922
0.212639992677007 1.53620983519792
0.831082322682541 1.41152135012607
1.6747719909212 1.38161285411109
-0.291400559387383 1.20347956019132
1.41753684152593 1.48330032674912
0.169959314671972 1.33976093078106
-0.407474400348952 1.15134504294795
-0.755733406672257 1.11062905233838
0.0276938603533179 0.992709722286623
-0.670627635444254 1.02403660008442
-0.0108435585103745 0.81319156274525
-1.26401587324036 0.616981626717481
0.312147866700274 1.12327173725199
-0.00794603603610874 1.46479630760458
-0.440399431923393 0.935094306746927
-2.5216953439087 -1.12898415715096
-0.00233575318311839 1.24262930059558
0.471162039283724 1.75063008510276
-1.62636852853289 0.206737541660899
-1.35804783266733 0.466031805221495
0.523735342817219 1.11802800516847
0.544923251846353 1.19443608853164
-0.401648660294128 1.65673631708968
0.578041641676913 1.41150283558186
1.06107716785792 1.1416398185849
-2.13389232588462 -0.82141111443358
0.98613029038737 1.56772458403668
0.663816914310656 1.79991633284232
0.38871225081116 1.22848165907547
0.118306592607501 1.44359902012614
-1.8138446380192 -0.895827188667155
-1.96051605117619 -0.794572586732429
1.71704828190997 1.66697370610336
-0.38334316755287 0.832877267890031
-0.0209955397334701 1.07882968020694
0.0412767225365717 1.36016963342465
1.80226222481519 1.17487636344227
-0.365040814045238 1.38225375130043
-0.850683344085185 0.819804277461377
2.9349735548911 1.87997969301719
1.40411631954782 1.25213708433515
0.243704091692194 1.0814422550921
-1.75332102472801 -0.0253091983217657
2.18057655966499 1.31367308516194
-1.46432201472674 0.386877641312467
-1.69241122976069 0.2178769797123
-0.959958695907138 1.43134119345093
0.232665321556269 1.28762534502895
0.335027072567816 1.27164085005653
-0.244873073375709 1.14542318763035
-0.830550326558812 1.00983806609306
0.0937503394541854 1.30158931672286
1.20306364555533 1.32987675933227
0.15521815924216 1.15363226021937
2.42385675985929 1.22661347896277
1.19292161914535 1.57420869921173
0.947923416596007 1.58121333614794
-0.237444574186644 1.36199231411235
-0.106129164621999 0.976853070362992
2.28946670054629 1.82257758048061
-0.368544867349862 0.966323205569768
-1.17163708428841 1.05138021321756
-0.188976975703729 1.38177467475855
1.21626733719331 1.5053910390905
-0.631457825046043 1.04221917689322
1.01168813708079 1.57948484514599
2.64997891074262 1.38842934008902
0.800717466881235 1.29512786799104
1.29542237125356 1.76241281328936
0.16165093752884 1.24651861954965
-0.122743263254172 0.988776204655408
2.78867556857958 1.53062935216531
-0.0666959154544214 0.701949765010597
-0.262998885266911 1.29280599336056
0.970891214745551 1.19302012714924
-0.657387806784141 0.610158729402139
1.11913521265514 1.39801831822931
0.140423154273647 1.53349544042526
-1.19204780628637 1.00694577331282
1.76808292328551 1.41011019911847
-0.74231460593286 1.15694402796683
-1.49709971277812 0.676303402600319
1.16859640927435 1.25573562761102
-0.281841244506279 0.871739048219486
0.870126686134968 1.17945969817674
1.37885753816795 1.19008257924814
-1.47166046973941 0.160644339535826
-0.574397862843416 1.150231811416
-0.137688716069118 1.24990461165914
1.22380395070529 1.64206225549679
1.64921835913734 1.47356053856992
-0.788780505613998 0.972052851950806
0.256209836186294 1.40008070875986
0.00387034876134318 1.46303050143224
-1.97413301963422 -0.608791247840181
-1.90024224884788 -0.515170684413011
-1.98107997023707 -1.01638353448724
0.781459758834443 1.43375867084464
-0.990693888098888 0.682134347434103
0.204570539290765 1.3197214413711
2.7702932757123 1.52922194337096
0.0711040878560853 0.850770537567547
-0.832566457970596 0.790730314455104
2.09364974703614 1.235348023526
-0.283198380203028 1.15788477465417
0.372977119107504 1.0396234793598
2.23600647662877 1.70628385161145
-0.0716188788294008 1.67847785329188
-0.76464790939369 1.05663775328687
0.583008212892098 1.61565135741364
0.321935148012265 1.20351747305014
1.0235890148813 1.24614820543393
-0.129883174778207 0.922099650448738
-2.02649211250842 -0.405124404019969
0.133152882832859 1.19758543536394
-1.15716809716434 0.794319081992823
-0.602600436214726 1.07232724744922
-1.32834910988377 0.641192553892775
0.962244541411471 1.01568329573456
0.830227721102703 1.62687551685328
-0.120064058496466 1.32838457109241
2.75459499913606 1.2674598694055
0.0164632696770291 1.38695967985202
-0.793167055178127 1.62468240794374
-1.30094274174324 0.55379592109
0.0401748070196174 1.10472118193392
-0.254706562490673 1.23807588566064
-1.96862954849641 -0.565104671252165
-1.97216821134808 -0.626270507844464
-0.234306391923131 1.097331058622
1.73695587321923 1.83858879628587
-1.33917069252724 0.380369946818447
-2.03857783691099 -0.460539731203923
0.0769361227946666 1.55786140994586
0.0441322247919664 1.29528611751236
0.422440849949662 1.16839967106695
0.624162603155859 1.23753699473746
-1.37967412291983 0.31689789384533
0.01940240838217 1.24964709853484
0.16998909362971 1.04161856089068
-0.0143514124411111 1.5337834227768
0.417277530631418 1.30471361254721
0.309273505895593 1.3140021399757
-1.47317056654997 0.0763988392691303
-2.30794061025656 -1.15140853944498
-0.598834196253175 1.12518951491954
0.0486785798245583 1.04027397644167
-2.31294225473933 -0.805023728646359
0.351350915443585 1.45842551412171
2.06489928361185 1.7236564900289
-1.24975594532997 0.854289750329832
2.04106826298614 1.28446316433533
0.189245591863756 0.991894703242705
0.776781879066645 1.71784084228016
-1.31091574368697 0.743905340360883
0.0459428745747033 1.67062701743261
1.30737241706546 1.55161616187792
0.324267866808076 0.893435814809866
-0.605984277797588 1.18431055743343
-0.179831623732654 1.15766060794113
0.168288823008439 1.01139639621058
1.74355945999637 1.06699322476746
1.81653398173588 1.45736096850785
0.0784867843112711 1.22443548791468
-0.358235944866301 1.05379332275414
0.766291370174569 1.91744021193566
-1.47833086802734 0.0379697014287379
-2.1347299247055 -0.847856855916479
3.14976469656795 1.31941836604469
-2.07100132894418 -0.672254758851306
-1.13413201328666 0.656819803219292
-2.32224055782673 -1.11918631875534
-0.635250043919132 1.01937209571291
0.980813650218109 1.62046121913316
-0.113720072830817 1.35747170918619
-1.19556522267231 0.531649642357078
0.647072722750381 1.00061399018717
0.840745601320086 0.8082271671592
0.316237995490089 1.28873841879101
-0.578818967103659 1.19801460957904
-2.36286277438425 -0.832302565926932
-0.138845209687108 1.29467205272197
0.200278980832318 1.27646304557334
-0.329088397608987 1.00899350033515
0.361989194480494 1.36422026230719
0.567274356464833 1.25429275124481
-0.621963029994872 1.45749469098696
-0.3621203599637 1.27858709485567
1.07776507746863 1.30948003323437
0.102346474873122 1.21538552009725
1.69692626370658 1.67809770308419
2.07470352763985 1.76136007697215
1.0843481350696 1.66885754880218
0.00354886634449839 1.69114620840196
-1.23630443828678 0.614900426122563
-1.49920076504902 0.427219201565392
-0.295507585133745 0.833548544355947
1.28403433174071 1.25319476581645
-0.935439861747235 1.62230148427139
1.69604913747706 1.19105374986737
1.29265553463352 1.28953375311122
-1.60845025053748 0.214254236465576
2.79145875197399 1.63193455700341
2.58207832811604 1.39023057710824
-1.11382832756614 0.19979842963738
-1.37202228976265 0.788970687050887
2.25611981147008 1.45302931643809
0.258626215399238 1.14495785955531
-0.617870506506194 1.16462654677683
-1.30177669015315 0.361211398677339
0.484843048242219 1.56552121024251
-0.995925329503259 0.799140053817559
-1.37663009643875 0.334099490288215
1.18177743476948 1.07712434066317
-0.364758798974903 0.831804977995338
-0.441611223535616 1.00046628984766
1.30803369483604 1.54355420244845
-0.967720869147278 1.24930353422879
0.447539475873887 1.36272375094331
-0.212480785802279 1.1047536351492
-0.0826746546640666 1.00370462865083
0.674717333945467 0.938250205147651
-0.314656928823162 1.10840231019907
-1.02720692072074 0.933805792347535
0.0880567139197569 1.28849784346504
1.47158954378085 1.14269165341801
0.223964176856689 1.1867992626359
1.45046303170641 1.58999481985855
-0.629029782918701 0.725034220020166
2.20236324265739 1.6256557005757
0.67886649688768 1.58896413274578
0.214290994512517 1.2180275928734
1.82320441737558 1.61444670877519
-0.0101806752687178 1.65378211758209
-2.52004660188749 -0.826182938724831
0.607392472551107 1.22466165853745
0.75394096879681 1.3834390556973
1.75982209241083 1.53020650642041
0.185592364446347 1.21802317414489
-1.66101287355373 0.0665709188179777
-0.783944245961412 1.04258163660035
1.21968465913533 1.34802263659623
-0.530937554069077 0.899062054007954
-0.210596008209082 1.04409085186973
0.654797636650236 1.50736718069752
-2.17143618917218 -0.608997082149515
0.16918066794569 1.49662589827161
0.864391284540482 1.32903022256244
-0.498164171464806 0.930815467635269
-1.90069707838557 -0.362915021624669
-0.554940088735301 1.04785513171408
-0.148393947061101 1.11816864801834
1.33425544013991 1.39321963115975
1.22976054474257 1.51277156499738
-0.295937469159799 1.1328099467943
0.974450737257536 1.66101389099791
0.201983026267365 1.20400904066441
-0.574757165487966 1.3393633923119
2.8245041758999 1.64119027381983
0.325899462702992 1.23063817576452
0.545070163391399 1.71048944643631
1.23049017997136 1.4221345877279
0.86312111948362 1.44511055867126
0.916157530648898 1.28135602841699
1.31962472655072 1.46384210357076
0.291080624114989 1.10225914919896
-1.87685573471407 -0.185370411636526
-1.80739393510584 -0.168854694046301
-0.137362462295572 1.29201079617776
3.46019696110362 1.92024849703776
0.816666458105665 1.02350152798763
0.0980775091092166 0.849587005589293
1.13397079919947 1.26472168676793
1.60270492410252 0.892899100561068
0.289789298150955 1.13769403347921
0.795732628134457 1.24111470651868
-0.223358602692238 1.1258162050969
1.73141013532516 1.29927571948867
-1.65448805754007 0.244369015272951
-1.67802094850504 -0.303321075413999
-1.11514554771158 0.815253843087527
-2.84653371226422 -1.44686683609504
0.616741629421243 1.55045131030323
-0.007324142147604 0.80862418036252
1.66679027861091 1.55076928877077
1.11292241189293 1.3228655650965
1.78689716340021 1.84664714470232
-0.105340008857593 1.29109738895091
-0.504137025028949 0.992102416507582
-0.405165646190018 1.31562043081225
1.1990090451049 0.724947734320989
-1.18857235699937 0.62734363244332
0.845248848814025 1.66424115584024
-1.55038505420987 0.369875888556178
-0.191865235171006 1.37351807729861
0.515491076820702 1.33504179041386
-0.708274407161415 0.573765581447455
1.03957089546925 1.30236438011835
-1.72012812336538 -0.500544390602429
2.53519145827793 1.7436694077892
-1.7157481186384 -0.30812493580237
0.2670270011937 1.85370770342651
0.983527197012607 1.27128615867595
-1.12169853505293 0.716088591254309
-0.685521717269894 1.78624840021638
-0.753298641422754 0.745962327149664
1.43821327989323 1.11272206795376
-1.06471019543485 0.69636668519209
-0.405434799991564 0.859113141415335
-1.04552793901476 0.317028501487729
0.696756564583647 1.44213987324475
-1.37749748135204 0.0590887873518005
0.631115418805696 1.28864964606294
1.1103113354378 1.48796449214882
1.0862699398375 2.22598361796885
-0.689791428447178 1.01690766650302
-1.76219747100578 0.229755146143784
-1.73730507694412 -0.0925570090754458
-1.31576559090815 0.680189531483865
0.255840602236314 1.30193160100344
0.577153240299064 0.976944358614522
-0.202194562724956 0.827748618174074
-0.825694917182682 1.23609928360373
1.23242860861542 1.75382358920573
1.20408586329467 1.63488482609393
-1.18511828725435 0.678366914075809
0.127542183796333 1.53871890821029
-0.0793605758951266 0.903143146168557
1.61457370185304 1.13693352132338
-2.92144592259251 -0.946895622781087
2.00471450668585 1.29859769223399
0.421457143008933 1.41741881788961
0.070967162818421 1.06506808097519
0.217671116019475 1.29704048747599
-0.250256365244142 0.761288797154996
0.590675919409815 1.30942839596181
-1.83640483725168 -0.243743636376272
1.44083441564316 1.4709721545129
0.138768926101426 0.694338724245044
3.00705454349808 1.25292845960121
-1.11192761844838 1.19794190729127
-1.25207920846586 1.14524793134787
0.406570876331858 1.09861655068993
0.713863548596868 1.10977234149864
-0.102981672655182 1.1455053091274
0.647780010010725 1.04733770321171
0.541980172443237 1.61238450525481
-0.717943399287788 1.24216739238289
-1.43706184800172 0.277825903048684
-0.21218455007171 1.57139310184437
-0.384226226951001 1.11278546360522
0.684641503105322 1.3659011596586
2.48198123609965 1.84148573128263
1.21631930423996 1.46107178418775
1.01676728742637 1.17766899845862
1.36171747794031 1.66530348641926
-1.10126763837179 0.545062455525939
-2.2864716977941 -0.813961377241611
2.44435620430672 1.526353185364
-0.751451818684554 1.0135539056393
0.296541826003342 1.27385307644029
1.04110577763557 1.40442744348507
1.61860396260529 1.26199067873031
0.361550319851682 1.10051684628148
0.997865533147058 1.79910014125803
1.27516786752989 1.71143191594503
-0.675755425365516 1.26642731605408
0.902855416633512 2.08590807238307
0.744612129466279 1.16346850519839
1.67601662963052 1.48925106151577
0.390675522544169 1.22296379051585
0.939154687930989 1.78054115139222
-1.50614063147136 0.530018056895376
-0.515734153645052 0.970377672979126
0.818791578964359 1.55906682254488
-0.702321062177955 0.701550837371204
1.70031978155513 1.40761728944604
-0.182832274741674 1.22287784886106
0.11488761372355 0.823993095969067
-1.35518663453872 0.853256566342179
0.695754419030512 0.990860454306187
0.863607500932704 1.52422634276756
-1.37094346989151 0.133616652125173
0.668670338749605 1.11522731989577
-0.341233042506196 1.37802446987965
-0.804453959961722 0.768276824803396
-1.72661356739228 0.505176838004465
-0.319673259277088 1.14000438305597
-0.319292489659499 1.05690781760185
-1.20713864773764 0.546176763554858
1.07723516337471 1.49623776161997
2.56271194934922 1.59166059392284
-0.621821368757777 1.18020006873368
-1.26905813941176 0.481006983273046
0.456203650838859 1.23634779155789
0.367450251288635 1.51957779262862
2.82340756258819 1.60451159141845
-0.324174910008716 1.18743036048212
-0.382986378291447 1.18764438018672
1.84850617218771 1.47337053155324
0.183660557401418 1.48024904155442
2.30697285869095 1.36953915994563
-2.54669307339911 -1.17928123350217
-0.668857854815998 0.975902723565617
0.0795348293152553 1.0403648049751
0.270870922133995 0.908529541555077
1.96291659854152 1.86120758163199
0.847762208958519 1.0650505258756
0.12965982165156 0.806909124714063
-2.15926581718616 -0.745748543226326
1.2711142693538 1.36944520761697
-1.39554256153069 0.130632218795142
-0.150526965243661 1.27814892775405
0.423573709086182 0.915533876257681
0.896081473155294 1.59737202470998
-0.686946679841722 1.05922980542105
-1.06446444768239 0.448413571973682
0.179442642951246 1.06825856457934
0.494031200505116 0.87042778155594
0.24334893779413 1.39479574056041
0.784620140903373 1.17013659038695
-0.179060294883846 1.61876276374957
-0.996261299420873 0.87804969310698
1.07463773283242 1.12415709725458
-0.130610027235833 1.03431236240683
0.850420526402433 1.18787887039255
0.969052531240063 1.64757279053629
-0.828136819047033 0.877118924195675
-0.39147618869067 1.53342301408581
-2.25150525359295 -0.915779977344018
-1.12556884268762 0.954612064081406
2.05281581222989 1.72515314191918
0.070760363126829 1.10756082649785
-1.62257755379978 0.741395754156936
-2.18306484953134 -1.05176436154497
-1.22704746425319 0.467765149269867
-0.892819092465371 1.29127524347776
0.862695308883316 1.22425729815594
1.28287475288547 1.27744978089591
-0.63742631285882 1.46977132379355
-0.359139958065942 0.986320194592661
1.37765102522591 1.33966785106101
-0.397442808395589 1.06862058093589
0.295172617951433 0.948805574274239
-1.05186359376694 0.95174217451728
0.0650339929658038 1.5191617402481
-0.777075350641369 0.99905810073347
-1.40758758024115 0.925688480921732
-0.168955216080927 1.07487261113487
2.78047570364561 1.92863982892617
0.730967688888574 1.17405493843338
2.96857340641167 1.54674951641579
1.5843064123769 1.38306664954362
0.91874347718993 1.31923836600194
0.0776520827080578 1.20266955700846
-1.03618095137464 1.17496010414047
-1.7809350883111 -0.538020217138048
0.0333374623498138 1.36558706502144
-2.24960773101537 -0.684792453646862
1.4546548706925 0.804926636786937
-0.445780433251929 1.16177658008265
-0.128900217859542 1.18362151920107
2.57595876022219 1.725819468309
0.985420454785738 1.39602058872776
-0.421682372054488 1.40633318585366
1.04871945906058 1.57164720620111
1.34263666264493 1.991760222541
0.757639826702334 1.65256313651859
0.926379854281872 1.47788945287289
1.52590507844497 1.74213891743104
-1.1243043342175 0.646552561591926
0.919225944158505 1.48020954346835
1.74087471271016 1.5951723948991
-1.59382289097139 -0.0191347157473669
-1.36155571525056 -0.140833886289532
0.575955878041794 1.22097990810038
-1.12853852276665 1.03458570278603
-0.0743566198178457 1.64957782151544
-0.890608394224881 1.12019759122804
-1.05465920828929 0.491136101053134
-0.0398700512752086 0.731006990946946
1.76124965603278 1.64192638838892
0.569037546242307 1.12516117746838
-0.274716403448582 1.49889622130722
-1.61730065151338 0.17550664548303
1.04481740689164 0.380524134413395
0.466400589535346 0.999994410653156
0.516757294825202 1.76082320851033
0.682778227458751 1.1418227048498
0.132536996148869 1.48916870730015
1.16077450070578 1.19856751360007
-2.96522940725494 -1.6711672632302
1.34338522516795 1.3074254194467
-0.717214538831811 0.928304273133054
-0.805636626404978 1.36114654261928
-0.557239348827328 1.76492254501829
0.129638569354176 1.31945724486201
-0.108437408176219 1.45684407188093
-0.719190936638421 0.9684560904687
1.23875683134712 1.33552031057827
1.98272912211514 1.5695619788876
-0.339889298356332 0.807739951460067
-0.67069148632469 1.17522547245765
-0.0885373261739866 1.38650962484853
0.321696128194078 1.46986669293038
0.934671195445001 1.15086108467723
0.217446445011081 1.53810259854728
-1.93240363211317 -0.28768313447725
0.10309455962804 1.09675644144404
-0.266582691676165 1.27526653754136
-0.547623030952421 1.01135092901836
-0.341704093551893 1.45696260965737
-0.211162029330458 0.834167943993946
-2.14165745539146 -0.882900575038654
1.02348737660275 1.39408228141037
-0.531278935509812 0.706400586838493
-0.0460280501957928 1.07169804539499
0.186874401977197 1.303925425823
1.3493008437127 1.37310820474374
1.75071734226791 1.26760693786198
0.626352839656911 1.29477483129535
0.839118735906674 1.22806474591085
-0.67144785537632 1.14234953348532
-0.776178994128972 0.982224403926779
1.27986005370901 1.49990271487155
0.1620147733485 1.26350259879655
0.608069997643604 1.16433859628549
0.914417473045777 1.38260996984015
-0.342782789490919 1.17192184614028
-0.883242831224671 1.01969170678272
1.22234626415861 1.7357321268524
-0.61536083024672 1.09092800687757
1.46264281911451 1.57760863363151
1.04529861062055 1.45280021494465
-0.328922923452824 1.3699745421794
-0.905652528928255 0.694459795576211
0.95547055569689 1.09309483791291
0.853242636191846 0.963008331909275
0.6951529823458 1.6688071848399
-0.214140490535337 1.10531148903206
1.10719992717751 1.17338674420677
-0.20271049399738 0.686648342891607
-0.784795711752233 1.19523861437202
-0.300841654201415 1.17521268059741
0.0500352412708132 1.03547690061638
-0.12718098952507 1.50170214438722
2.01842722748472 1.56638184682399
-0.762286227509396 0.672645066079616
-1.17879805064344 0.776800747287866
-0.330366396376023 1.09895022250253
-0.475661911082969 1.33675110164529
-0.1049182116565 1.06145030251432
0.128824462572297 1.05966327266328
1.15793000651141 1.24308832255616
1.80568565480559 1.31880663675323
-2.03738883334345 -0.666822435852307
0.329679727333186 1.01692001124649
-0.272711833120672 1.03029544388982
0.32072685703098 0.817837773371014
-3.0547800739837 -0.825964725296853
0.392947735278945 1.36851497046108
-0.803536317416802 1.16995777029784
0.852498643291735 1.55849602219302
-1.54709049633607 0.531311165584938
0.599217481860824 1.11946321469163
1.44031944524654 1.29466734913872
0.990838049721974 1.13918252087665
-1.42738805022058 0.616992638394477
-0.569062037531059 0.864509596301088
1.54671519633646 1.39347637526912
0.33957912066189 0.92037098659868
0.781298390657313 1.63002147485382
0.242087866194255 1.39568888409504
-1.19250903589373 0.736504029415769
-0.670174805343868 0.993165222485488
-1.02513863144335 0.963044737742429
-1.73862984333341 -0.0760514201328777
0.976508719743877 1.48322307554256
1.2692050056939 1.63162342289727
-0.946672200463081 0.85861495492609
-0.299704138443092 0.835976804470101
0.322137123855096 1.26856525860756
0.0881157293403267 1.31788864648733
0.0116023766858251 1.47122658363808
0.645457269393582 0.882513185887765
1.2655409315695 1.23838187769011
-2.06243023527705 -0.900053863036059
-0.101491365645402 1.40967623099354
-0.681046675705696 0.810103435393173
-0.584023516633662 1.11094001014008
-0.488627902626581 1.25136535384531
-0.260752399574255 1.21866551654546
-2.02819455308312 -0.641271862980269
-0.668016499311859 1.25193886766845
-0.935037809203465 1.37293896399798
-1.27008270577019 0.46147840406959
1.3284028446499 1.24216956151332
-0.159787360055528 1.24199334711376
0.139916786397172 1.04988585555491
-1.3574452044082 0.52194105681465
2.05227674775434 1.296271741621
-0.22210531201074 1.26831598640656
-0.0392448035179495 0.827929483678158
0.529977747094162 1.23470003365253
0.457777884194024 1.57319093809915
-0.000647846321354146 1.00000083186641
2.14937704597995 1.11089035727962
-1.43282620090245 0.229236035746505
-2.95544232172769 -1.39877144958729
0.870550711708693 1.11000852075447
-0.722329244791815 0.854058145702032
-1.06009526082561 0.762977978576334
-0.649325635179379 0.838131699436838
1.5509237361825 1.59033546026761
0.642258778896486 0.951553742592313
1.01920038384733 1.26259179638451
0.202035422835694 1.28283277031469
0.535587770858915 1.44767776888077
-1.08567260069027 0.718415085780495
1.34414326949028 1.35986953417446
0.226952865806301 1.20359143483875
-0.239418282742557 1.04956749389075
-0.323025885866034 1.22513657504636
0.734941071323356 1.66102689083805
0.484574380182082 1.29893703918129
0.162106483956347 1.35871388029444
1.34751306900138 1.27880306318223
-1.55321162142498 0.655352748346347
-1.06362351986473 0.738551863481632
1.58799999070969 1.26081018109433
1.6797977121038 1.65319591443966
-0.62163158079727 1.1005858859244
-0.747463956909453 1.16093623151679
0.554168786900043 1.48470754041255
-0.781505558030158 1.26734519630591
-0.607783766731653 0.852658883955471
-1.54410070049218 0.453493052326599
0.515429879035276 1.65923615879027
-0.576441617587299 1.03453982129737
0.234341128722756 1.21561076119747
-1.09079255976639 1.22686757696721
-0.376963610938693 0.98588447398408
0.870969588346793 1.18968517245646
-1.59967488639494 0.475497125178244
0.529226971613007 1.47530034672935
0.592044750900672 1.505564398375
-1.25280503944325 0.729665927363364
-1.30658288721553 0.868787119850199
-0.926866566541674 0.756099865299497
-1.0941242640195 0.806413807468136
-0.781112929364849 1.31541191170565
0.973561616921095 1.41471406054441
-0.480924108760573 1.52097382816777
-1.45390499528306 0.173147894526906
1.19692765692701 1.21884455602
-1.10283104119743 0.774954986361461
0.928134681869343 1.82463030249312
1.42005755692571 1.36266408825391
0.570332410681467 1.45465348223746
0.166345221661456 1.46428156842353
0.56093384485539 1.62624626783448
0.00891359545660905 1.06853984099408
-1.13302965131459 0.509520283991247
-0.631403203216783 0.949829068884204
0.748509698393587 1.73321879273586
-0.109581938189468 0.998747611596956
0.987395867929162 1.3759059633196
1.37701883788528 0.982729404727632
2.29118666105806 1.39284219311061
-0.277558475625808 0.778242592279941
-0.215667675145821 1.28197878892618
-1.39488089094338 1.12770686797469
0.590837162424544 1.25631164801127
0.560591629859661 1.27202460226114
1.65203398178443 1.17462706005523
0.296202540886999 1.08630459039143
1.72866319503166 1.45626475963097
1.63218436452077 1.46374239035698
-1.42789134287049 0.705058323890277
-0.411112635352437 1.28836543959817
-0.510039957702147 0.802484084416217
-0.633793654719583 1.5776992019269
-0.548104971269697 0.95215566503101
-0.0443418669934326 1.21562553526917
-0.357166186199956 0.90117097077634
-0.84573380314816 1.08136674114209
-0.0964872849934354 1.20659111599539
-0.920608410723234 0.689095081400161
-1.63378588831922 0.444568934564168
-1.64186637100241 0.133531867292198
0.172412129848955 1.65377216067791
-0.109905527809268 1.0325864936269
-0.0686664614521065 0.663831991059137
0.610116510079645 1.48677778289911
-0.936709248414504 1.03713146269674
-1.30388553961832 0.590262636378026
-2.49915100844894 -0.866900945505876
0.36366121544916 0.889485145860352
