1.30941304487631 -1.14618630153968
0.262308549358862 -0.992674691740369
0.927946882106555 -0.98066035286202
-1.52387465698175 0.22169531156194
-1.19856647900086 0.214068202376759
-3.43651650585938 0.968213569574134
1.89482776741854 -1.66246576438799
-1.04377237865503 -0.270145120925695
-1.80877874673174 0.177373528505729
0.8049181396474 -0.833706110907479
-1.12054186553959 -0.287159296515734
-1.3206468744111 0.0100115561524343
-0.483995287001433 -0.642058237196874
1.43040728252769 -0.416466050975055
0.858305338743166 -0.856378957193064
-1.39191226528126 0.0379339366271826
0.672817671267897 -0.925042572815766
-2.15578336824853 0.816854041219688
1.41014023426728 -0.705505069160803
0.632536869051638 -0.576785094383052
0.924993881811979 -1.11450241533135
-0.558787734951618 -0.395831893987061
-0.267536229581449 -0.896042460107623
1.21346766051004 -1.03952390992789
0.080082085843722 -0.549805531989139
0.612302581915824 -1.27286019266184
0.718086586301409 -0.852404699636919
0.827642322337565 -0.6938840770265
-0.13332692991889 -0.720949926700461
-0.206530136682261 -0.341654835133476
0.334003607646296 -0.487746207123253
-1.51261050077941 0.443154278614453
-0.145903805283248 -1.16534485295193
-1.39254086340269 0.68908187703836
0.780310793341071 -1.23466519959094
0.377396037018698 -0.955586068865101
-0.6221701188852 -0.309456894493736
1.79983576945663 -1.19480588257452
-1.18952428477568 -0.0931943870532584
-1.09263886825246 -0.353099210136325
-0.0693548489692914 -0.60785860590379
-0.319957261940721 -0.893044495345291
0.383162390558617 -0.866612240908901
-0.415118668028553 -0.92435949920353
-0.700191085293376 -0.418321892874257
-1.50299478535354 0.557956504949399
-1.53540576059939 0.17802257289911
1.83231958644415 -1.18131817760416
0.0246004317987072 -0.658208702389405
1.30992245761342 -0.664216534286988
0.367393655475346 -1.33606691170522
-0.210819407269996 -0.461135305346184
-2.17942853555226 0.132246814401148
1.54672632877512 -1.28294978993522
-1.27461830571638 -0.0786066089987967
1.34195751302655 -1.02618902604652
0.574234644164571 -0.832332187195064
-1.45652052518458 0.155921537254872
-0.497922586564025 -0.598918717745664
-2.8773968853286 1.09765374693914
-1.04976099717423 0.238238498607639
1.30978969096782 -0.407689481412025
0.648878199321576 -0.871642660409175
1.44663829085174 -0.745096134835232
0.707655981025557 -0.698263613728122
0.899228907723527 -1.08324151266562
-1.39399194992082 0.0250352959812208
-0.99563184563554 0.571943185690293
0.275595455961845 -1.28709517250505
1.06863928803365 -0.951238844512663
-0.0305226116307729 -0.841766124511615
-0.172361251139849 -0.681933348629095
0.130340731951539 -0.39301405281668
1.13209643844903 -0.858264118672419
3.04856859759628 -1.11235815554158
2.32110283497586 -1.01377062998468
-1.23201810148556 0.422803255810314
0.495630547089376 -0.592793348510361
-2.05589818121478 0.8033943443914
0.53547122057589 -0.734243406851426
0.226852099314778 -0.603503232997544
1.16302913170622 -0.792646612353848
-0.420400487376579 -0.512077786098879
-0.397824843110504 -0.765349551951958
-0.804969486867044 -0.457885232975144
-1.03466681841601 -0.0287437641482593
0.868476054142353 -1.22401095379771
0.806886560700926 -1.49175850914603
-0.567681689733284 -0.507513847817077
0.520726486624274 -1.22048801975585
-0.224077007798877 -0.820781438078117
-1.52779990744551 0.33960996252537
1.39881091694506 -0.926977210602008
-2.73680706485769 0.872695006954804
-0.929879752132716 -0.272570208685786
-0.267404081119552 -0.464038691694309
-1.42679777381686 0.189547633031189
-1.52118512194673 0.425243496187823
-3.08515104658043 1.37069644954298
0.066333912687507 -0.911290116843687
0.00527296069534145 -0.533997361529258
0.228966974844616 -0.732057305396602
-0.872273008206532 -0.154593813241561
-1.27132829446741 -0.102895638840253
-0.028236045056709 -0.647858164274464
-0.457451775539893 -0.540308779348954
-0.318792584879873 -0.79061858279129
1.43081043000395 -0.77310614847192
0.882210163501434 -0.739227185087008
3.29556181719371 -1.09801315383066
-1.6913151104823 0.639165631710499
0.288768805928752 -0.567955510307754
1.20912964018668 -0.74353449228551
1.12611196397437 -0.718426309901503
-0.114531281117397 -0.637574798152508
-2.20358699261403 0.586276167709337
-0.591444459077666 -0.390748949586006
0.855006193346571 -1.09078836811187
-0.0731289408962816 -0.480859706698888
-1.49979553268847 0.0838521104190882
1.04803881155851 -0.695395327362448
0.0857267637782996 -0.811183237092617
-0.0695994565623634 -0.91017196801511
-0.449143442546084 -0.732592277544386
1.394079989422 -0.656995243535898
0.08654076069123 -1.30475329080275
-0.368265625514972 -0.679941650322409
-1.59480674220981 0.0915927123360097
-0.491702151974997 -0.628605710494185
-0.116118124296368 -0.619105342220333
0.23659114577562 -0.524202440916699
-1.41515433560809 0.417996053969988
-1.51763492988662 0.049545234285364
1.49018800468731 -0.791705359536601
-1.23037540218943 0.135093196946724
-0.521206910506852 -0.803812452319213
-1.56731045609359 0.370685115226059
-1.75813877702498 0.380712211098918
0.427782093092405 -0.728002309111981
0.83242458142397 -0.683959083512662
1.43441704384804 -1.34820787032993
-0.0342467314300234 -1.16349945029124
2.06962202160945 -0.838034659636368
1.04796442316477 -0.983264654120099
-1.4304479400706 -0.146325712090514
0.0350087282670057 -0.836192299840106
0.149048429298135 -0.659175455695093
1.34942878252968 -0.983038919171807
0.840706999481321 -1.09556782444457
2.90501829962182 -1.43076474514004
1.04403493977959 -0.677717072870812
-1.49306500973861 0.576677136934419
-0.60055292967676 -0.402440915460604
-0.254104148917694 -0.512145131959475
0.166895629354583 -0.692218774399615
0.00267759729547062 -1.01318871189961
0.574079989906447 -0.722033383042794
-0.596100867153373 -0.884090163545739
-0.388059519379844 -0.594951527028707
0.0199828854375974 -0.657749116133701
-0.0324136438176372 -0.860024507142424
0.0844649719194516 -0.945837331646363
0.222099066699449 -1.02328473406561
0.689389943493667 -0.56269262571953
3.19261154630825 -1.00679058717588
-0.0160152450241144 -0.74424019470235
-1.44605057754509 0.372293560271752
-0.998228661831861 -0.15609989406684
-0.777802122106888 -0.223435106374947
0.130147606968748 -1.00729513545746
0.752909583632724 -0.843751188835858
-2.15024634567128 0.754747479978877
1.06437452484861 -1.01806361830371
-0.783352082369143 -0.470845751633168
1.09676551373787 -0.682824269799802
-1.7571498920136 0.955593407199821
-1.0478819174947 -0.41320005041483
0.415403279117104 -0.597650932576028
0.501102829809521 -1.0806149074298
3.298149663673 -1.14534652501617
-0.468019159613778 -0.164321740412185
-1.21116847304964 0.364114355485225
-0.373308665983446 -0.671779124858106
-0.0291990743642689 -1.06042938967005
-0.469535834476274 -0.560126193583539
0.545352745964709 -1.31429322731186
-1.23677443857975 0.29986729419383
-0.420646466147159 -0.982779643193063
-0.306517509246144 -0.523372630503621
-0.150334625682613 -0.292302160243302
-0.511435304536533 -0.668484134697944
-1.6956277332311 0.327683757722356
0.694013057012526 -0.999029611643084
-0.114851940392956 -0.724355598545466
-0.0467694905598915 -0.974611913174146
-0.217447690445421 -0.311440354304629
0.884131408195129 -1.14185903601128
1.46516402697529 -1.39176838613775
-1.81189984846638 0.468171164880862
-1.31220748008082 -0.0830742897974455
1.04087578104535 -0.768873277888315
0.519856089234075 -1.11792188069573
-0.0940967278658802 -0.676881194890697
0.0463927375309696 -0.689681464820052
-0.0669031114822859 -1.15989923728721
-0.117974317455268 -0.699065831320354
-1.37832488648209 0.252637730823768
0.251704785058429 -0.886440876331857
0.363663680437226 -0.558243548927634
-1.3468645301252 -0.298364675052831
0.185789324222935 -0.974352845330994
-0.512433935065123 -0.198975288066982
-0.621046221916099 -0.57954430380046
-0.216617557276616 -0.457708813928763
0.621186238913235 -0.796387235555929
-0.255972480562891 -0.967667063265138
-1.98163106278757 0.290899197996265
0.807377290903036 -1.03614437970261
-0.315596266403549 -0.17380005793293
0.476997654636237 -1.13249768597531
0.850652477134893 -0.711407527524844
-0.551930817812725 -0.786131067610895
-1.69341060055558 0.556908061770924
0.328665813037822 -0.557854033949543
0.480747297157021 -0.941092399800841
1.61187269392811 -1.31103410932196
0.0461379891085061 -0.648681642515723
-2.18089946441559 0.49648738676695
1.12646001800843 -0.749101115694112
-1.36961026674508 0.179141447073472
0.0918452028331236 -0.480881884375276
-2.94725036219114 0.834688425663723
1.68013795876237 -1.01662641351977
-0.644675105385412 -0.228710413202335
0.845434620963179 -1.02940295713068
0.415577927482764 -0.841925193826571
-1.03458432848477 -0.204955530851406
-1.5884282698779 0.317890788613571
-0.284727090510334 -0.485266785749177
1.25536782747198 -0.965486241717499
-0.316266294799437 -0.703651488379421
-0.336931051549348 -0.399553967982849
2.11896612633703 -1.16282680392746
-0.0249707817862501 -0.329905075193527
-3.4884641263861 1.25825815541578
-0.996487182292589 -0.291386652167228
-2.52865418319398 0.882583545363919
-0.262595441967793 -0.705253257580634
1.28660320624168 -0.875228224501942
-0.071859693967917 -0.824660918589549
-0.977815490089797 -0.109161983013736
1.62000203768153 -1.29455025290793
1.63762814006364 -1.25439070920015
0.682516983961055 -1.29647854676691
-0.05236121710407 -0.709494717917239
0.522198857209443 -1.06856854433648
1.15690463776303 -0.917315039078295
0.449152463297514 -1.17982046303588
-0.544837512413271 -0.325944799309677
0.67450669415504 -1.21683338223931
-0.0640932602827116 -0.426408975668469
0.75552145756405 -1.08780828667566
-0.86000908547429 -0.426848253317003
0.766768566114231 -1.17008075708988
-0.667825177421684 -0.500730201460262
1.18705771305344 -0.768962030733838
-1.02880911741113 -0.199180854472138
-0.305205354706568 -0.521868100662416
0.200568636634251 -0.495158757330979
-0.0964863659991904 -0.925884080441807
-0.629880431380656 -0.46296097473769
1.04703068351266 -0.854626916979616
-1.13136734460035 -0.0774108964851583
0.595091149505081 -1.00201382444897
-1.43797442505762 0.725502252298198
1.13407758761544 -1.35766153624109
0.098389131320242 -0.678957443256617
-0.995119934950948 0.248095624358324
-0.368450358351261 -0.742407603753049
-1.72100816157767 0.386863094130113
1.03205204070997 -0.995296344964682
-0.635095295862056 -0.899236083812615
0.487119688966025 -1.00706361392897
0.893064333943106 -0.671117109601927
-0.949571545422971 0.191695021531997
-1.48132467673446 0.141906322037227
-0.156895339503793 -0.950027429323096
0.0569217461326452 -0.385682971587302
0.218959304399296 -0.660937434237631
-0.669159258749252 -0.383227326694766
1.28449502870472 -0.92601588767803
0.485115722217559 -0.893950978916095
-0.382078673556466 -0.734783437948471
2.09650798699018 -0.821478596634474
0.714737111196949 -0.782485441038304
-0.0373316681481942 -0.765095318301162
2.15988555291423 -1.06416617109142
1.31330456783993 -1.31563142531146
-0.366099222979944 -0.155598581350191
-0.736747969073734 -0.805414073875032
0.951016763568673 -0.698393677721186
0.227811371309286 -0.854719337121458
0.170524161657212 -0.789149461410543
-0.704558903805912 -0.455917884242887
-0.104597428669375 -0.909075612094865
-3.0019989899623 0.593027746529637
1.35300071402973 -1.06655969058088
-1.1345726811905 0.341112900249182
1.64490699538586 -0.8122837633826
-0.366783045905411 -0.0798067462440882
-0.384413976203225 -0.696797751586307
-0.566295441590327 -0.828733084222603
1.28315909619954 -1.02855102622459
1.15613182738923 -0.960120242036408
-1.20018861665654 0.0855507218522726
0.309129367930569 -0.996742876289796
-0.29262113380905 -0.419058321765588
-1.21729315163482 -0.259106577769505
1.78083162927068 -0.76136241651573
2.63904886425366 -1.07034238242345
-1.59592163448208 0.376126504117078
-0.681686552921061 -0.848662767317471
-1.85935781947296 0.341063097068499
1.93344212680092 -1.06800301555804
1.7741881749765 -1.09717583286644
0.0479184642556969 -0.931992537638141
1.16428966913867 -1.13314923719929
0.00611026166405857 -0.983606195700857
-1.44254220383114 0.320354869029883
0.251979870759108 -0.911362861245403
0.582605133521518 -0.769132628270665
0.453906203597904 -1.51462388501579
1.78237349384478 -1.14254780706493
0.062430991966726 -1.03348823696996
-1.26084318916169 0.949562929361901
-0.728095339382452 -0.545088124243635
-0.422073226827204 -0.193492608475421
-0.062304131355858 -0.692979266958282
-1.21710119723672 -0.00599406943491081
1.9345316579412 -1.38368334252165
-2.68944285993038 1.2162164805795
1.90536195850058 -1.31375706555509
-0.127004863351287 -0.488210816716753
-1.36068263437013 0.310763685840158
2.71013457151206 -1.17152275972353
0.456758495314889 -0.355097986831223
0.350129362838544 -1.00567974139572
-1.76480153287517 0.149151271765121
1.73778851940143 -1.36537027202783
0.442077826989806 -1.27718831176985
0.546606921248202 -0.761355250338704
1.51481452677338 -1.01226671090254
1.14375344359192 -1.23625345281767
-0.387875000859142 -0.946461470300391
-1.13430836306832 -0.0309897334203884
0.128484955109138 -0.499819716506413
-1.4530543106593 0.0047172875754935
-0.173002964228677 -0.704436429145908
-1.31135171160663 0.183007025709025
1.47319915917867 -0.684642645115098
-0.719422977340308 -0.211157458750361
-0.794959013171753 0.254103881432372
0.263636950704345 -0.283390249596453
1.03944214927306 -1.1617149063464
-1.19003125930603 -0.0815613701988027
-1.43880053035748 0.175256689556376
3.34186653740585 -0.83070449687709
2.1372432852669 -1.5471037444153
-0.819018996349014 -0.147278849586641
1.2799737866106 -1.03017366689052
0.967529329768872 -0.657413785254756
0.540900442200933 -0.872508086301668
-1.58913443918694 0.520172427681426
-0.492044980089053 0.022230821785734
-0.0869547848314899 -1.29767216985624
0.299996325742603 -0.665024994130555
-0.216586998983935 -0.262648535588256
1.47868305311672 -0.768659059468193
-0.489721489336053 -0.642327877711477
-0.370278954326768 -0.812277223751216
-1.2439785306208 0.35846238142871
-2.0150974066217 0.47588230515781
1.34914356251733 -1.03386082949014
0.253101858566263 -0.503594186282228
0.375772023128435 -0.929601118761665
-0.858385268837845 -0.512887025851999
1.09794851342839 -1.06385594991434
2.04409827648532 -0.934586867927233
1.90126506093937 -0.79150213253823
0.141210257092477 -0.221725516049801
0.0139399449485056 -0.70604531639867
0.863010313220847 -0.733224822596295
0.513803977972693 -0.774762195236368
0.781833822579629 -1.12809230032872
1.94772180655476 -1.12895345818987
-2.23689565234406 0.566059300085551
-0.401469652423881 -0.929761173983308
2.84910913872972 -1.43641547191159
2.83410534931523 -1.17504001285533
-1.26066504088618 -0.0749025811810673
2.67655593612153 -0.903338908219233
-1.59685132039433 0.515689654837244
-0.805739579023082 -0.13802286350474
-1.00080169365797 -0.206169572148655
0.776684950807913 -0.783126305838918
-1.66988371658092 0.493135655065533
-0.679773330582859 -0.814701586307388
-0.411825555253009 -0.62929519815667
-0.473656911562619 -0.46825980295099
-0.413385426287772 -0.488692125946148
0.110531974014346 -0.940912785447165
-0.891713489164629 -0.378234641006157
-0.683494810315587 -0.664026447269779
-2.15187861837919 0.646187188698035
0.20789667542827 -0.759460744417605
-1.06165703207478 0.0305437466504845
1.25662372752062 -1.10335611945808
0.276917069385441 -0.710461322293593
1.90783735138743 -0.845627607123784
0.0624890934446157 -0.749998801716689
1.0544132161188 -0.913119306829203
0.236349333175112 -0.838230460698525
-1.78065379247055 0.107888883158553
3.04549028058014 -1.26708959787591
0.796930976582181 -1.67146285819363
1.53007381466281 -1.09605493273332
1.70760438780756 -1.04743523573544
-0.0757284017149724 -0.758835989880872
-0.566366797018671 -0.261667770993168
-1.07020106099718 0.187823150893985
1.52804500166635 -1.17235601011046
0.0657824492043123 -0.800479411016755
0.964403336525976 -1.11567713234311
-1.78584461539572 0.649018623513337
-0.2702590263521 -0.811338964340267
-1.10782869790493 -0.111262444168546
1.63381522430196 -1.31287463297761
0.878054887958903 -1.30651465746837
-0.885445958419748 -0.208145800337988
1.08020547160148 -0.746706604668496
2.36412910060074 -1.17609972039944
-0.64823982405165 -1.02659545961445
1.62365953649318 -1.00049724649676
-0.589734664397491 -0.341430063195834
0.460488183729625 -0.631115727766331
0.906196697286056 -1.21381479209666
0.934015377835578 -0.643074090475348
-1.14256078153687 0.000321629374272166
1.39714937996746 -1.25605184514116
-1.03264222040027 -0.0649216408252937
-0.400264375927965 -0.196555154586407
0.00417044241702373 -0.655931593383178
0.0616522727693768 -0.418332101133811
-0.172241450188195 -0.56506604034385
-0.12093526270268 -0.758474148901995
-1.88671974675931 0.525161508590433
-0.595925382085525 -0.431453818628066
-0.909597872530331 -0.148660012733442
0.199711181001244 -0.748701326735705
-0.277621865334794 -0.751272088485259
-0.454421552050605 -0.0921254780308552
-1.7359900935736 0.736258550475473
-0.227580494638357 -1.10012984952608
-0.0316012853020004 -0.773097176263041
0.0132582663862107 -0.822722345728957
0.116767723711573 -1.19027765380844
0.856412388615388 -0.907253235637472
0.274215817676658 -1.16653385602636
1.2865410795122 -0.802194648570122
2.05257306575435 -1.36750236186437
-0.58866169843135 -0.12004652432647
0.311028660459951 -0.572356381131507
-2.29856962039424 0.854209943007475
0.925040860729568 -0.895743114033082
1.35334305188016 -0.842624822964028
0.210124224929047 -0.754604350824772
0.448845106103734 -1.16700580129183
0.109522732408637 -1.65287036071474
-0.085521762484011 -0.508046522668395
-0.145272572510199 -0.792547956091835
0.445594618087202 -0.509566764205924
-0.801546550605158 0.0225658312204517
-0.738875314530545 -0.174833158004637
3.24493942019776 -0.621829049886159
-0.299278840064348 -0.950353330996504
-0.530164097801702 -0.67915091631326
0.271361362648117 -1.17527461268654
-0.557362866238491 -0.549106060555966
-0.440454197044377 -0.676955882218363
-0.792850313697933 -0.0967077461003083
-0.453854004492126 -0.596083999020797
-1.47168751639368 0.34258341720211
1.17364504621477 -1.04907430553546
1.09239243978555 -0.84619644012181
-1.50354597391527 0.369140442769141
0.439601713941128 -0.956852999943353
-0.848547487756168 -0.216600852617235
1.24512885534677 -0.549077947179574
-0.381966567022391 -0.564955429286657
0.288862544796172 -1.36286713342479
0.342003619326794 -1.07631379983218
1.03891484343175 -1.19799247923687
-0.568517063891091 -0.528118887947462
-1.1290077666881 -0.214521912352167
-0.890330291577849 -0.386829544797841
-2.24119264703475 1.12013883851424
0.0803028949770297 -0.388711973691695
1.42166208702423 -1.10399995621799
-2.97218896850128 0.932209067398641
-0.727978591835575 -0.401300471847116
0.544804638900827 -0.639357900293873
-1.26114645028667 0.0612955052252729
0.656662620213948 -0.820580541237846
0.646370087199528 -1.29595829103071
0.366322331756856 -0.673814054272934
-0.243720534761473 -0.984112976828493
-0.211626154301706 -0.904539102676478
-2.32879669849609 0.902240026301639
0.801497089863495 -1.30100018358592
1.71929740934774 -1.243364101294
0.403339177979074 -0.932385816000172
0.0688214625917216 -0.222323946773178
0.702320256215673 -0.63554076958899
-0.0605376307474956 -0.56201131535448
0.221704316638401 -0.773461526753383
-1.43574503618425 0.309690895878502
0.950897462680887 -0.748539009983401
0.228743926744851 -0.813863357823296
0.494485635504281 -0.939699046374438
-0.424075422273213 -0.681418458142013
1.41481347542233 -1.02630889574263
-2.34620930185331 0.621683846405718
-1.51111503502326 0.61101973065821
-2.08166122617399 0.641439525870839
-0.523401771502421 -0.335319900020994
0.0896371573792647 -0.840110102995719
-0.956229965918886 -0.485161536439312
1.3115927999277 -1.05077566265777
-0.749500527481147 -0.210535508693952
0.462226931727441 -0.850781092561467
1.1704215753941 -0.896674509823643
1.33919969073812 -1.21635301510884
1.55795582420743 -1.19117011534293
0.0550475582762923 -0.437980551565439
-0.272840674070263 -0.905005287169069
-1.17609272584535 0.296811117760529
0.627992955003324 -0.857560971653262
-1.44837236939396 0.63938716435562
-1.29802935172707 0.382407393345221
0.624391492566262 -1.22913793079994
0.413256562372992 -0.888113623073919
1.10760429362972 -0.974534202105682
2.20132501387099 -0.954792666446325
-1.36392473949054 -0.12672171766955
-1.17272416385286 0.042470858112336
-0.819049233645536 -0.277597030182073
1.44797139019814 -0.958808852257403
0.988691366013248 -1.01035348699419
-0.0825281086370306 -0.657779162145461
-1.99096808852826 0.522999787174711
-2.22907837536836 0.663749754157004
1.83936825748777 -1.02817858707305
-2.73857375184315 0.985478079972267
-0.58399357950488 -0.814485161403042
0.0379980429037716 -1.00788684798907
0.326474149152675 -0.768233515943412
-0.869121515620885 -0.116752138715494
-1.19730829310234 0.0608371243167999
0.62880005485756 -0.902178092978337
-1.79515012481739 0.425189497860231
0.541072702997073 -0.933077680295714
-1.27667260463749 0.15623766764642
-0.271543928480755 -0.854996046407666
-0.419549217206516 -0.493005475458445
-4.03335016352828 0.807789929904477
-2.0687105743168 0.833316580747981
-0.0677038635475524 -0.179558636110194
0.48602691918281 -1.12615610869013
-1.38332939246941 -0.581925160370629
-1.65481659381644 0.605101718960089
-0.681908885158316 -0.249082181406275
-0.218393825414876 -0.55596712521982
-0.07056409734528 -0.645081138390934
-1.03167384162758 0.009858335115973
-0.0542306977781343 -1.17293547704261
-0.100255122228971 -0.703200607563775
1.05743372845038 -1.28157845525422
0.976230922523166 -0.903757012213804
0.789542037038449 -0.857559879114849
0.669370711379337 -1.03268218200111
2.69761025935249 -1.30634945967053
0.73853760558643 -0.999894629183993
-1.02356324693461 0.0341925065906285
-0.696427622787615 -0.183259960914946
-0.423421291687673 -0.687363711039694
0.642909814933603 -1.25863337751222
1.95255390079533 -0.977704405238338
0.831289610501951 -0.851660347910138
0.806263012656372 -0.995708168493006
0.833935019310473 -0.655593228346686
-0.310133577406218 -0.593973530584404
-0.983300107749602 -0.416313535370789
-3.13251772699787 0.761054567500079
1.42002720783671 -1.28899108325148
-0.296867796635025 -0.532897265283848
-1.68832422302354 0.655019209327616
0.0620485926235991 -0.672080473433615
-0.214438959705758 -0.766791099781284
-1.74073708460679 0.882220215222038
0.0807330394447432 -0.503869094612809
0.393592876391145 -0.633627230924209
2.35983045264419 -0.917420935677054
-1.11258054526869 -0.0472532351647279
0.272666249111631 -0.593454362238163
0.127581082669971 -0.657004552169702
0.775296730062886 -0.904611273671219
-0.128384719074135 -0.567996210482119
-0.303964608511053 -0.0890616919630617
-0.18054256617186 -0.359393968679559
-0.436537282917497 -0.557110050817181
0.255479315896608 -0.878812925688572
1.17359524891324 -0.962560107531152
-3.05455892511442 1.17709395958633
-0.168103253680057 -0.113234062580416
-0.529123096408583 -0.646353824885814
0.726945193588491 -1.26464602577693
-1.12279538854941 -0.369363859693462
1.30804600411058 -0.889818462738592
-0.349950948981732 -0.593043973138742
-0.825776734403373 -0.530010155404373
0.0881572782222704 -1.1275162745131
0.473696054118408 -0.827892087498745
1.14874138126027 -1.01642800955987
0.549174608554183 -0.763194922759208
-2.67726831453263 0.793173799576819
-1.696790628159 0.255041069013206
-0.0403305483535844 -1.08841773862737
1.14105160351681 -0.979902888029052
0.31352411954295 -0.892094386993798
-0.591925855446654 -0.136343034097359
0.0607236540036675 -0.929560346760907
-0.0012419419355322 -0.625530568922655
2.74419891954093 -1.30054833728007
-0.535883456911207 -0.812399592379833
-0.359201231720872 -0.536396579022145
1.162926789902 -0.927889380053989
-2.08513869881672 0.772309417637631
-1.19979205876221 0.0534607162970374
-0.622106004142049 -0.608057689969678
-0.92178135055608 -0.0299329724057731
0.892482675585275 -0.803307637088943
0.456285692941855 -1.25160741142631
-0.734832445359355 -0.887164930107999
-0.938310266292786 -0.938082303706017
-0.877358222543059 -0.258615324344166
-0.825013937702437 -0.259074573064824
-0.507079794556185 -0.403962455370118
-0.419941753234509 -0.910892514901314
-0.0942956686630039 -0.707218751806542
-1.17056462950233 0.0964238902645562
0.197690922991582 -1.00111350514967
-1.72272104010105 -0.0266427941219501
1.43942973615657 -0.959421183578976
-0.974248123154384 0.136974397371337
-0.211601449823008 -0.783915291974088
1.07401659668003 -1.14528777505104
0.754990246866857 -1.49590107300155
-0.920180173540479 -0.637131318540935
-1.07090326185762 -0.371524052412215
-1.06076405145336 -0.169383321275608
0.296642577934482 -0.900312770737373
-1.25715781751349 -0.0525257761519273
0.593456482030468 -0.284843522590872
-0.199697277678332 -0.601557887155656
-1.53561068875763 0.387626812418971
1.02733521746158 -1.33459724328667
0.226835662929637 -1.0443774781439
2.22672294171085 -1.38840125567817
0.228153897868675 -0.932907971328039
2.36373173361543 -0.809066887717484
0.244835152921495 -0.86261418925341
0.888208477927672 -1.2241943904525
1.27676597909569 -1.15915786015703
0.680087195484737 -0.198971015286658
3.39635899414452 -1.30348875640857
-1.27247838983502 0.433120634228404
-1.12321711860536 0.198380311241536
0.355750980231841 -0.533487037920557
-0.25158497912501 -0.523930448268845
0.805252080295489 -0.798533808747452
0.58374445316105 -1.11196560492601
0.753814883044202 -0.684568776251434
-1.07698124509407 -0.318844141762044
-0.137284823054135 -0.293506421617337
2.81826136922615 -1.07757288255888
1.5048405273552 -0.9400557623594
0.444171727817166 -0.789034580784538
-0.258926478497014 -0.824573868498618
-0.524592037537786 -0.151379691541701
0.981741657791981 -1.03729689508583
-0.109679719032393 -0.494136080498081
0.0437050800933185 -1.08028417856249
-0.341539707699975 -0.534679569654353
1.38881163126284 -0.617954367536648
1.2958502280136 -1.00074918379893
-0.667321595489043 -0.563845357231469
1.94614985214494 -1.29653829194907
-0.0759256790666826 -0.907947228676379
-1.58926900844712 0.921887851397148
1.00028107056428 -1.21789178807389
0.992880611926877 -1.07896898800148
-0.404241840961487 -0.478282018967444
-1.09537276886421 0.229497690094245
1.76889573757469 -1.18243202079281
1.10193225843966 -0.813345873394846
2.10734836941191 -0.603215506726409
0.0953592469475081 -0.758773795041701
-0.711038522173149 -0.668743099210563
-0.0791394903427655 -0.862931066657117
-0.75565016611845 -0.272478029037883
-1.5025298529171 0.177444346905442
0.442976625754285 -0.730826265161798
1.96731270870349 -0.920223429679341
-1.23207927674438 0.348353520184279
-1.34081992770574 0.422869982541286
-0.350146242383419 -0.33841036701906
-1.85207752051393 0.536981345795082
-0.328650231756039 -0.655040086480036
-1.04587578614225 -0.280548591398849
-0.213062316589943 -0.282489141564219
2.78713538834984 -1.05181608079643
0.409404454082908 -0.989701360133966
2.77914735272195 -0.995614224322977
-0.750223609946989 -0.952265079867514
-0.0321149635350698 -0.665126930162239
1.14789681564988 -0.835370546817993
0.850675072586293 -0.965717237843144
-1.25023367532459 0.240803721848073
0.0184501078339573 -0.938567149570294
-0.163777477279255 -0.512479071452771
-0.143166622781319 -0.876787224437725
1.49884170981683 -1.0504578676179
0.822922631169381 -1.15545522720025
-1.69926451946756 0.535627667873242
-2.38858966304032 0.780280058321082
1.01483757382463 -0.826386772344681
-0.392519920354145 -0.609789689863429
2.22672168223941 -0.250397280070008
-0.537804716004444 -0.591339263519562
1.70373181316274 -0.793190159342214
-1.40999389678142 0.0787598082176311
0.40433885748554 -0.96828840570021
-1.09592434446057 0.0615129566143222
0.844622862888013 -0.734870183503439
-0.319586974870512 -0.225232667614827
0.862798260183388 -1.00261226762415
0.0134849997221421 -1.1828263767998
0.112050766357722 -0.626528728120801
0.786297185543323 -1.1063259626583
-0.598876155266722 -0.427627027302257
-1.590688262662 1.22909465512105
3.09104759032204 -0.853302459351874
1.42164285042633 -1.14705967265631
3.0137668930928 -1.00946106532509
-0.451839815738926 -0.437478969737847
-2.45612573486498 0.748337405933461
0.396985564857382 -0.883903262036782
2.02481037830843 -1.02807500726837
3.2558621681255 -1.16978956917599
-2.09314401449307 0.21402333819868
1.19796514449693 -0.916344517607728
-0.0808600684069821 -1.15132414183643
0.251577932041696 -1.04555198195037
-2.39376014815479 0.940875520636386
-0.607468573032878 -0.283349161939673
1.42444109992776 -0.701756748783577
0.796416422623984 -0.549081643236239
-0.345094792796921 -0.864755129397112
-0.10797045676704 -0.343727785275866
-1.30594789693775 0.0320863409851007
-1.45349220333491 0.0346226103045857
-0.650211083020127 -0.838359434727455
-0.449142568995076 -0.753015145771937
-1.07098437931604 -0.220715197927845
0.425618751647889 -0.780822924944063
-2.41721361179845 0.877708344582413
-0.266103403438394 -0.183744711603814
-0.205556632793153 -0.294436574421397
0.113375081523193 -0.677426730602899
0.448811015832708 -0.830714475925347
1.23230253665574 -1.17740700601995
-0.972778135931938 -0.315794000778081
1.31224606159484 -1.14388597114181
-0.0994626497230195 -1.07080318530835
0.153501710877478 -0.967744807398403
-0.358444749552965 -0.730146643652238
2.84728181264608 -1.02487593793544
2.01577741068231 -0.730099408599713
-0.833627264418323 -0.211150056549194
-0.421146129507194 -0.554392350654135
0.465420446540237 -0.880611078643729
0.74610176806342 -0.469549958715807
0.113523476713249 -0.939367698346207
0.393087385662687 -0.612950320189559
-0.489818066349859 -0.93903520677158
0.828620462379565 -0.773524518413068
-1.33728145008881 0.322901912774082
1.56457121793516 -1.072548540636
-0.372462733979266 -0.570130942965417
2.31997187747751 -0.944639137420583
-0.215170566737084 -0.473898405507784
1.30765231848516 -0.798066200709303
0.311503467144596 -0.986365632064756
-0.447644366180456 -0.220491778564288
-1.45136913883476 0.374452383400981
0.982513175067759 -0.79983254412532
-1.00702819930592 -0.541075073137858
-1.17542709694751 0.39457199703616
1.89384579134197 -1.08620620542524
-0.896251865062398 -0.0166828808584294
0.967054140368779 -0.797403468371974
0.984198700862437 -0.842821234573066
-0.450531717091219 -0.637137662369151
-0.224327251465196 -0.460133846168384
0.882878449403155 -1.12648996888786
1.09941279914261 -1.12809703957647
-0.431223730360488 -0.771031373007304
-0.290654010101522 -1.06301916856985
1.91088057220567 -1.34369337179709
-0.120320354759375 -0.729419510976481
0.167239926486461 -0.735291699061634
-1.70103086704393 0.67765807897859
1.37618717166195 -0.885489707615341
0.381821314272682 -0.896274647033421
1.99976790010274 -0.896958858959101
-1.26231249562863 -0.578989652036442
1.05850297654978 -1.05385233332278
1.13838292807641 -1.12643124758679
1.07390192445192 -0.841433066786482
1.91443722356859 -1.46283388384506
-1.31985608584476 0.629837783428518
-0.23375716068806 0.0406502538951685
-0.983916132933989 -0.226415528390529
-0.557433825611998 -0.795420211492465
0.832963561313466 -1.00629017267237
0.157634389618755 -0.980698301083239
-0.465808717508869 -0.70258170451972
-0.0406921975416685 -0.371287740272333
-2.44782144043526 0.63695373469377
-2.0409854037953 0.733595263276583
1.27277302019765 -0.775860258895581
1.371380142276 -0.792161233018023
0.763812732904505 -0.910523750346514
0.887242374829284 -0.86059791316709
-0.850007022168365 -0.271508473114127
-0.915092960596531 -0.305176693594281
1.05389783014845 -1.38388787122966
-2.05042379004441 0.68287402046927
2.97620541634643 -1.25730575819579
-1.56982795133984 0.425708669601168
-1.83270987100272 0.21093211263402
0.0587424045955683 -0.455580033276945
1.29582066350677 -1.22027242772687
1.19739807607207 -1.18788718532283
1.40911228744813 -1.2092573757033
-1.18764379609112 -0.0298144269093436
-1.87120388822806 0.235995018366357
0.778735134607631 -0.964202077493684
1.26528266175027 -1.48373702839821
0.635755840655947 -0.824310583200608
-0.83902219972135 -0.0839667414359398
0.456354504580483 -0.432884647593137
0.0717729115874396 -0.573322285630274
3.23756556228909 -1.51331488627087
-0.546233091878776 -0.613553370008236
0.816824559797322 -0.95890289722007
0.00826277274776038 -0.776932575682225
-0.820813280416076 -0.213345455404626
0.687068371063302 -1.2225127884386
0.00474301165773015 -0.72267669595168
-1.17054346631384 0.478907772831901
-1.17723676043097 -0.146330390708148
-0.501608827142662 -0.875768041873687
-1.56144698774941 0.498392259123148
-1.65280225655745 0.467273866055809
-0.903720869746255 -0.600325451811345
0.467061641579579 -0.383150576846903
-0.0841659072418393 -0.740857442984281
0.848176719511033 -1.47460173206477
0.706990143386593 -0.828697001792985
-1.46521984275007 -0.331493313159611
-0.50342806351285 -0.664547247471445
0.267490254539633 -1.10917174585585
-1.21383440217241 -0.163720384096206
-1.75358597541555 0.245961907670449
0.389947012754977 -1.35014142971001
0.569845022004078 -0.799297363296302
1.17172731801868 -1.48783438767155
-2.62955159061754 0.771099639644239
-1.19205838215483 0.191067186374189
1.17404180035566 -1.09341049798603
-1.61916448283555 0.459525701943848
-0.88384886105782 -0.159421442717472
0.0738619996993713 -0.777372938784957
-0.0562290058018596 -0.629524823466984
-0.808029143944645 -0.652865012472631
-2.41907545155095 1.30276023894627
0.236282295805143 -1.02291540734926
1.47050846768163 -0.909184476407252
0.275272349015493 -0.669291448712174
2.35381296122145 -1.16645718499407
-0.613386564190945 -0.426325064613545
-1.53278860886976 0.229844357150658
0.322192089688271 -0.630921342189864
0.349048318659855 -0.28968402319713
-1.2557974405284 -0.236624411204017
-1.26746065352315 0.304278941897054
-0.397785734824901 -0.82545692345796
-0.232438058602216 -0.96028956848578
2.32044780645761 -1.44603949940425
0.860876419567338 -0.650053384380147
0.923366950653307 -0.602994421365613
-0.159042474408439 -0.467978049083307
-1.75202047684625 0.442940135581003
0.543867496946459 -1.12990114002187
-1.33607970144359 0.348162592313386
1.20137117598267 -1.09386393608043
-1.93610840643884 0.747631956140994
0.136532239258277 -0.685221685225584
0.720877450409557 -0.407179555195443
-1.5052149011088 1.26937407117528
0.171193208638392 -0.940822562214671
1.4474848079476 -1.22813542629738
0.189926037021254 -0.839602489278626
0.213420282394464 -0.784500412928439
-1.59488690780572 0.536725970558447
-1.17612579052396 0.0449041156752715
-1.27397842747129 0.226134452824274
1.42176647045845 -0.948523260922524
-0.991112389722193 -0.354149808644041
0.673399007983204 -1.01966111949885
-1.45973448714678 0.299951165602711
-1.2677408659897 -0.189842477389714
-0.0240748433120335 -0.442600417015509
-1.34777334691376 -0.0606243547710169
-0.538462805341965 -0.480284227757422
-3.37434137276259 1.29753268405683
0.16549344281679 -1.22422706709184
1.84771706348036 -1.14481244660681
-0.817435693477354 -0.679829907782219
-0.410277550724807 -0.124324488887568
1.56550031999213 -0.714847637580461
0.537879589110485 -0.729880210024609
-1.32391182585359 0.0475953913748291
-1.09398298456767 -0.297624051603792
0.788073103253432 -0.899897120718768
-0.572053958513232 -0.792425570152673
-1.11128493219764 0.373607676239543
3.09563375629031 -0.930792747804179
-0.402550720323637 -0.281254294964167
-0.258628865016211 -0.666981682203751
-0.48371038869679 -0.449757530846948
0.600999852918582 -0.629369750864373
0.530646152076438 -1.1653086864337
0.473344736995648 -1.00494816544038
1.05258235577059 -0.455876805149334
0.926123343884511 -0.692666562067514
-1.51319883483369 0.647089177957157
0.891767669508662 -1.04766819087889
3.10791773282156 -0.635291045744826
2.39769009211877 -1.41347941295825
1.06206435249631 -1.08838044083932
1.23212676165329 -0.738872691718921
0.665598599965461 -0.963503428732886
-0.726226302458152 -0.869470529727782
0.692392253622778 -0.988915875745969
-1.29953007787187 0.300615420756082
0.37909342209651 -0.71509443351161
0.0985235918615473 -1.00283158512506
-0.918087964297731 -0.156913707393817
0.35550250977272 -1.07203970328874
2.43296027348518 -0.604580044968417
1.0355264021487 -1.1177741642276
-0.403791700708721 -0.801603521180543
1.53886271940965 -1.2885202703457
-0.458369104240016 -0.390255993861091
-0.766950775695383 -0.533047790835751
-0.532600796779608 -0.411360694804311
0.929555682205542 -1.31264919458591
-1.8635250459423 0.66021560490495
1.14833020191815 -0.752407345325136
-0.789996499462428 -0.220750857923892
-0.485989780864798 -0.463494282874082
0.149390723381162 -0.672266893366075
-0.931851328958837 -0.495438698612259
-0.739732252072446 -0.69495097604154
0.165129667461715 -0.722125995567568
0.964359899512558 -0.927448457056217
1.32527516421781 -0.792873941128281
-0.94513072323201 -0.0189768250842496
-0.917024340463911 -0.283080582335589
-1.54635186443644 0.0647204742517469
2.02374549910937 -0.922123377256589
1.99601626483314 -1.09801675105744
0.0995966079262958 -0.733750263512783
1.68501671883205 -0.708241447551291
-3.3152226505432 0.848654085398671
-0.131959846652283 -0.948894908819309
0.220286514401295 -0.711057711265092
-1.08898547408357 -0.18147723894426
0.250834201888989 -0.612536132022648
-0.866134998199481 -0.895677574165253
-0.757738990226888 -0.346315245673353
-2.8434697004182 1.28080165191483
-1.26597587941428 -0.169913995488865
-0.576714819009638 -0.0585012474646484
0.161214786267247 -0.873815981046528
-1.15938289773195 -0.244279633678974
1.31684249386738 -0.927929234078891
0.516185536095319 -0.335270449781541
1.27717282835786 -1.19834064989587
1.41893192223536 -1.14553484340243
-2.47963818021724 0.738356541908883
-1.92458606552765 0.745598562613126
