0.505728329860673 0.95543943467704
-0.734497550980991 1.21942399914007
-0.523982809068589 1.04006834887413
1.21539409121026 0.484642934979456
0.616141220982311 0.47188223283851
0.0703706149257393 0.838524330162782
2.4189755506918 -0.793910893568493
0.642647050977672 0.971650393612562
0.735253328529328 0.727508844214827
-0.99788860832008 0.634298945483627
0.359709948752579 0.821403986593363
-1.42878900935273 0.91463135223179
-0.0540480612922448 0.71186699694182
-1.3491482371404 1.50898288067858
0.479302186389266 0.643200468467008
-0.122500769849358 1.15826588698517
0.616584756206437 0.725484769813715
-1.66108796912196 0.904669663184923
0.556574602582515 1.21223619722101
0.101109217279147 1.01800877546962
0.81048679450149 0.718052062569968
-1.43769523041826 1.18821843642236
-1.54755074535325 0.90350660322347
-1.77033808220391 1.2604391373698
-0.758513084523795 0.940353618529228
1.79785504413466 -0.111120812577405
0.902416229122472 0.763566027691249
-1.18917340417882 0.641172991797802
0.22355586575596 0.858567208274094
3.19399225909399 -0.673332491872835
1.22407109928407 0.77810689010945
2.87215128854984 -0.548202449388277
0.251253516243332 0.415320083079018
-1.39329713380814 1.37833207661835
0.330377090194928 0.939751643187453
1.07987911872726 0.565965687855894
0.475070480066218 1.0597411375059
-1.6892329459109 1.33566256596663
1.27266957774135 0.131534098234493
-0.017494596936839 1.06713065471346
-0.206407233780691 0.736241080455278
0.106356460735447 1.17372763074039
-2.64233350734515 1.27613205216063
-0.694987381177292 1.16262649624163
0.340882433125668 0.868528109808192
-0.116047883982402 1.05990061949057
0.0362940196403343 0.750046695799039
1.02163717066132 0.390591398735599
0.481516353086901 0.98817561658657
0.317678489478566 0.890193995272932
1.68583530603459 0.238950519823383
-2.71804066249796 0.973979361350952
0.379458519156349 1.17762418152537
1.36962820199177 0.365827973638069
-0.317353186883969 0.404938656920828
2.10760689673426 -0.471380939855056
1.18290248194244 0.279390013455496
-0.629265373191332 1.24953852926916
-1.94699274330985 1.16514177605343
-0.072958867167542 0.940484939675235
0.822389582514379 0.667295938814582
-0.472671173867952 1.15675071563568
-1.09366648338784 0.676310798037233
-0.0571136171564733 0.951989398943069
0.590995720333451 1.07164732937689
-1.97549517318112 0.998622280928849
-1.16548898410448 1.06498295714962
0.898427471411448 0.634173858920006
-1.50786248476518 0.879530249081788
1.19199172873891 0.291838397689774
0.912552579355825 0.819760635006599
-0.571218832251402 0.772767988296879
0.0381825400114003 1.00987724818508
-0.00630968297083761 0.897312337919312
0.781630925152738 0.932859794626418
0.265833300374364 0.829130866156464
1.7286252608752 -0.00193498323995168
0.451573259247048 1.11560608108308
-1.27525575816873 1.26086810926986
1.03971943514655 0.614739111243123
0.219652172399343 0.802702043153563
2.07358377585149 -0.530112272457913
1.13514456736938 0.569367129082588
-0.386966159278559 1.03471292407226
-1.66992670129129 1.25331681087499
0.539853984742762 1.0195671854622
-0.593570513948116 0.90235083572055
1.50039447403033 0.412584262681761
-0.756537194931535 0.841148130409645
-0.699634590448344 1.17715870861767
2.15184537862138 -0.471331356104263
0.317191629470006 1.47891181176751
-0.650814120595217 0.860801518826808
-1.03384373287152 1.04756408789529
3.04442501080141 -0.648522167322359
-0.859576809170311 0.989283188009141
0.628119995954354 0.692860169150351
-0.0922773513163597 0.994741954080893
0.0547839881848046 1.06621294478405
2.23052753346588 -0.478907899612523
-0.229491987965963 0.389737380232672
-0.207724413997956 1.00315281710496
1.03503797126936 0.621764254186144
-1.96236381512541 0.777095880904991
0.543793419493689 0.890472126627316
-0.296737346929608 0.802911871898036
-0.881817621233244 0.78035033217927
-0.994602069571165 1.10935655604768
-0.673436853273554 0.618580571503807
-3.44994651203077 1.68210264251659
0.326098642566785 1.15011766812346
0.123369740864917 0.955583021430964
0.195974254930722 0.839854230354131
-2.17566915342246 1.06776827007088
-0.393539028347791 0.558252863579364
-1.42343026246087 1.17450785132788
0.972415099843593 0.728757740286644
0.218716257219944 1.02166113253851
-1.18247414928835 1.62198544309982
0.487588480467997 0.899797152280074
-0.0339816102802888 1.02001640494797
-1.23114006700862 1.24741252698596
-1.79868816833837 0.95162811325822
1.14670071107791 0.141593288930127
-0.444026662502349 1.00883386319033
-2.03680951215253 0.829096185291991
1.12023742744313 0.675986072337214
-0.943519994808082 0.599243455970028
-1.12168943491411 0.722207404888501
-1.18687118920876 0.868275054571133
-1.05813586688261 1.29395951974974
-1.50310988565449 0.765401604057068
-0.75216455436805 0.685244359527371
-0.487778516499283 0.60652255757944
-0.427529554598679 1.17660121774255
-0.868877377775996 0.903424428654529
3.35242077342002 -0.627113542335465
0.103714154663543 1.0284974433887
-2.29135110215258 1.21269804616666
-1.25994049187512 1.24725378414163
-0.0129145090664473 0.961809077447176
-0.155512800639446 1.09874731077991
-1.54297359025114 0.901233593602129
1.31213493468507 0.359252145159856
-0.15154347282176 1.02971736214784
0.682549128984802 0.862620148161866
1.53702539302653 -0.129560807415245
-1.74509031055029 0.817035040207311
0.297756473639293 0.45474741735715
0.33647387821488 0.906666014062501
-0.490469386741556 0.454792561184012
-0.893579430586765 0.729243077729393
0.304728742044663 0.72457938271333
-0.790444835632444 1.03725270500865
-1.07033882167009 1.03103427300863
-0.0601990980615592 0.692308223285326
0.664108516713522 0.419469778204635
0.442829308022395 0.0898678752121668
-0.0912079650062568 0.858531015352667
0.245454942552164 0.818993810268909
-0.429719189440657 1.31716439259892
-1.68309127561988 1.75384918680979
1.21025617412969 0.91708364844467
1.30729588723462 0.493626564245064
0.237713620116675 0.835095364452551
-1.21209364234923 1.2522026848227
0.447374294454368 1.43182503190628
-0.1120216692331 1.55277144875517
-0.449903268779048 1.35574939126042
2.05598207625214 -0.52501627295554
0.16153826238805 0.580946988193596
-1.9692081698796 1.12530992916497
1.68791493298769 -0.28754672961578
1.35792152345442 0.393020293569273
0.695885482325626 0.532662667825468
-1.50116929681885 1.01021684106285
-1.61866869191596 0.784269115929035
-1.50942561129159 1.08910101713386
-0.514642777345268 0.7879189225866
-0.525448363711612 1.15760268178758
-2.06674847154847 0.796275205252203
-1.21504669087019 0.839423938089097
-0.395700218295235 0.896088101411555
-1.1947788049235 0.713501367624387
1.56560284686899 0.0827326353899855
-0.224848993040779 0.945010593443543
1.13091447499715 0.338938175192345
0.157850575631064 1.15233888926736
0.930103855741128 0.890090224992211
1.12430811347096 0.477155809728109
-1.73685653675823 0.510795027310427
-0.639994987743653 0.858920243836457
-0.0648646092163028 0.897779985616611
1.81514528580493 -0.673779351584386
-0.526021711210676 0.815137509191159
2.07416660426819 -0.594412058712224
-0.0571304004148105 1.01175014798738
-0.0382463214762443 0.519433946967408
-1.50459455926249 1.13683277990953
0.573685966860994 0.278362614900869
-0.14604495785387 1.06327260227891
-0.348344799816054 0.956473405093983
-2.40415218450349 1.03040842122625
-0.796067976636984 0.813818343085597
-1.46057316740474 1.41303473590631
0.907459363932773 0.72005841453578
1.35010155203167 0.558555889001907
-1.47517482559336 1.12488367279279
-1.30334927311543 1.25387365357565
0.916869624633968 0.897801889754457
3.4166094970196 -0.513024968747206
1.06801838531293 0.720321288714253
0.933874676892892 0.720077243086727
0.601921245928353 0.683680438806645
1.07750779827834 0.130116021937012
2.37446575619293 -0.541378502176133
1.11522886291306 0.694728647084702
1.44257814608098 0.499545937153945
-0.382717479069949 1.171537352218
-0.590243033378742 0.82698274514084
0.213047004831072 0.931684543546249
2.88682435184353 -0.922849396339787
-0.247559639933899 1.00751440920508
0.699869221822042 0.107864769015012
-0.375564437668916 0.562037315463576
1.92295177008762 -0.0937402875363448
0.413017053425211 1.00830182445896
-1.0090077097745 0.956482988683292
-0.299343383208815 0.402547831439273
0.106208908709049 0.514977341836994
0.353142788893068 0.830417094961579
0.91455763597665 0.451191877547757
1.83781688359923 0.0510229581714658
-0.108807202816682 0.378624309018086
-0.909774342009797 0.623622113947304
-0.411678609751779 1.4184629804397
0.0780897278658849 0.991487702681128
0.273775564156592 0.836899372494214
-1.06357810957742 0.588573455899424
-0.958270811167972 1.25188073816309
1.39524050368773 0.573342062771164
-0.807813098887453 0.976468831891007
-0.246103624603307 0.846118709566511
0.0398627574914722 1.13912132129902
0.0734902068472811 0.690386610043107
1.25046162621507 0.53189038756099
1.84276895238835 0.273437595537744
-0.838050541545466 0.924483024785393
2.94957129576639 -1.11017139915077
-1.3416156487278 1.0469885506186
0.922506937275712 0.423614995639315
0.35024843941782 0.782319554132206
0.387538234654382 0.617750079139341
-1.76236547915602 0.843241614869043
0.187362649530288 0.904062171171596
0.538376017095647 1.08645696984734
0.085817068122924 1.21236251532672
-0.544921645343689 0.978408359549627
-0.51384552990009 0.987193144466377
1.73327380006231 0.129385648714342
0.69342437146257 0.745036972108157
-1.26376988148981 0.893584256758363
-1.69736240691177 1.27676034892584
0.063777202137657 0.489537265543717
0.019490490556558 0.577319593529718
-0.120836156110851 1.23270737439021
-2.13503199295082 0.811524396292731
0.797853359938089 0.752966293138287
-0.805852829976871 0.899649806991391
1.48927814743238 0.147777579738301
0.249704581713302 1.14625069363756
-0.927542620480067 0.744404493885086
-0.0937366719535017 0.938631182924605
-0.712841348492702 1.05379562898084
-1.15283189281941 1.21357910760461
0.0563880981254188 0.872191661410544
1.62352783640953 0.134292247788707
1.63190838377237 0.1943910254157
-0.0232250104427929 1.17861922308306
-0.138605971422866 0.925878063803726
-0.175200998014169 1.26493747043437
-0.586522297862904 1.19631031262518
-0.189079188232866 1.04842852640512
0.904825562240392 0.789695013961486
0.692774967987445 0.930057547087403
-1.50908525228057 0.973313834254346
-0.100533675213874 0.944822139066096
-1.19171567563778 1.20938359894416
-1.01702918383415 0.974307009101117
0.777872497622093 0.80240402145066
2.12662248190601 -0.329164637207911
-0.993519020054721 1.33565831762335
-0.633446609530804 0.556649980602892
0.917249547361445 0.834689957946522
1.28595721950392 0.66336317065727
-0.206480247455082 0.592630559050368
0.924886546111245 0.288034091937349
0.353118843155507 0.796188430237207
1.27792709901341 0.720407617192641
-0.224310014886485 1.00891544341941
0.696876590506029 0.455816048928302
-1.4918998742646 0.771724809275803
1.26745577288363 0.151628190376315
-0.327550261333568 0.753790807462719
2.28201183017923 -0.394192648987709
-1.2627461840463 1.24349795791615
-0.487358678535824 0.960421545481326
-1.46942221426751 1.27522096306705
1.63704449362469 0.123748049696556
1.02554809698624 0.211255963711632
0.215816171113856 0.912340640926242
-0.0858130602518813 0.926688429560438
-0.286037581543934 1.12409121042574
0.556814804492468 0.78822020168714
-0.39462068525942 0.237594106360572
-1.25735877715923 1.13516620431802
-1.49566839369667 1.19812965026038
0.0444938738590512 0.740300009445696
0.351997461958406 0.868902898627882
-1.33321566494276 0.941047395175928
0.150238393229653 0.96567255579998
-1.03985144943195 0.96454680981695
0.935911294734513 0.702199316767556
-0.95309666205229 0.38265802345067
-0.757829470036496 0.655766639601181
-0.14952456546518 0.778371000613423
-0.452338712625067 0.995324262490309
-0.492624641268216 0.741737483125369
-1.59853550475452 1.43265750275076
1.26593484064243 0.681687176324077
0.53058095091071 0.720415714599077
-0.215199070810598 0.625386818973364
1.60729694897991 -0.211005866068842
-2.23257673818589 0.874833188332233
1.21143956896185 0.56572023945788
-0.728139554655624 0.965775538425341
-0.679508519349278 0.706840204195014
2.31856033399348 -0.246174937074837
-0.508357747043669 1.01714218962979
2.36957850749107 -0.573682874436019
-0.984235342717368 0.96576922715957
-1.5104147375898 1.07031145708103
-0.410512807118197 0.929287833759121
-0.896146133755855 1.58694915444534
-0.0843070003931429 0.726972386139206
0.54517250868468 0.769308666715109
0.651566555949229 1.27218750723396
0.595796520755461 0.474713824854637
1.06823481594467 0.668182239308776
0.00659322424433689 0.78754172399851
-0.979859214232737 0.979390796859633
0.233229048627991 0.54774594650912
-1.30782334119497 1.12709000360732
-1.14102741703517 0.71253768831508
1.30943002245276 -0.0260274323234485
1.17816470341353 0.748526662717633
-1.01864816625237 0.884682329620539
-0.43326787075007 0.825347400561938
-0.680762627513721 1.24643689974583
0.50601490537522 0.75167241347605
-0.796045352632448 0.843341554674732
-1.4199766977246 0.569924645019647
-1.02832968951607 1.06452615499682
-1.30166909551531 1.13297093507815
-1.95022443444485 1.31286070242312
-1.41402579465209 1.28108473342599
-0.898105930067988 1.1002756319301
-0.167364590921322 1.04281940251261
0.572057296701106 1.03740054795635
-0.398246041306411 1.17098103651661
0.409170116843594 0.791718893199841
-1.13002995834439 1.38708421876704
-0.350973139874623 0.972853646758799
-1.1059370340824 0.986766167102836
-0.34012862344706 0.542343836612219
0.132047074945357 0.717419345172716
1.07094759850649 0.88702656148211
0.947521224676191 0.23417603427713
0.30670112235821 1.23145688076907
0.991354363497541 0.930094084946083
-0.544265841813939 0.91412277956841
-1.62157949079889 1.1573781320783
-1.36495274649253 0.652307833149958
2.48058963554333 -1.15170963605772
0.758506117232757 0.889788034881073
-0.199520414327724 0.631942839703136
0.0354899880229941 0.816264435981637
0.641957012698507 0.627903324780423
0.866114127551167 0.734387869796669
-0.168755085771703 1.32570108679107
-1.02070012450712 0.810364015945594
-0.413444811243614 1.12970095931486
1.21319761885624 0.787315453707333
-0.0390731940591799 1.15984984826059
-1.01408249090638 0.747260886511928
1.07221132802156 0.373210876671109
-1.44814341410032 0.842947300148786
0.525143161821015 0.269132040535853
2.02093797483332 0.0167906183371806
-0.727131446937534 1.12519770150657
-1.29608774474453 1.1519728414701
0.701511966053343 0.789147344301674
2.33170516375568 -0.835410086677549
-3.7744794217185 0.685516899827136
1.72738519389007 0.184487623969645
-1.36873949427171 1.26293798440577
-0.254235264183603 0.954122758051816
-0.859065973884467 0.813557409574586
-1.23761423016792 0.776325295585883
-2.64928865725469 0.872429123623031
-2.03333745600854 0.913825655923852
1.26692634109775 0.371166430451454
0.249880952307786 0.845770532220288
-0.329195125454308 0.758104248980528
-0.638855674584978 1.16521763161361
0.178070583231438 1.35562626417788
-0.842540540824662 0.918687914638528
-1.83932761786637 1.0379431446524
2.90587799357784 -0.897603266447534
-0.354277093976145 0.907613422917313
1.33212778010216 0.442117962088745
0.819855441567904 0.761011391547557
2.59768580027871 -1.05965594517124
-0.46373510838825 1.41212054472996
-2.14042129311538 0.972720894687879
0.000556636442730911 0.938784912785333
-0.327692070703044 0.688287243956961
0.021803544800721 0.774188277782697
2.2533606883428 -0.482470727377916
-1.12420639072639 0.791500576144407
0.186144816761847 0.665367126591897
0.171903169981081 0.776170499706409
0.674471817090128 0.510589457457462
-0.145276607617028 1.0100519985976
-0.732187446892518 1.04088250761918
-1.31067489751033 0.605988129904768
0.996138404117306 0.601081573335034
1.85189013545643 0.0190392652516748
1.12376523084314 0.693954455597077
1.00399558019084 0.351604210454833
-0.331818711199167 0.76695098559262
0.242676737530296 0.425708469964696
0.733761657515503 0.834699371497323
2.07119357700443 -0.59390647187092
-0.451217442744468 1.14254898130341
-0.917202072287529 1.18244190284222
3.1549993101263 -0.518924917241286
1.01691364754932 0.759195283836338
-0.305790460490261 0.628480916797914
-0.792218595666874 0.675129178079918
-1.831503635164 0.935278020062657
2.85083790214133 -0.733963902716973
1.52914286638512 0.279946448682888
-1.0550443887583 1.18319678438792
-0.644187918111481 0.889904181579064
-1.43055056122821 0.757749675244899
0.108130115980531 1.05771441763866
0.126203588955866 0.940547859510637
0.494340690978026 0.639781782639436
-0.997550652953882 1.15439189765685
-0.402000475246563 1.30766217620465
-1.65000142336303 0.849165934959358
0.389184340999762 0.439036565398754
0.449320320694936 0.501119268079512
-0.774235882441368 1.39878427559499
1.14251220057604 0.701261427549883
-1.43571185147814 0.888003897755627
0.419437946697287 0.79458316785498
-3.13845415579996 1.0011089093615
0.446628080549796 0.764563237885077
0.635837430440352 1.07339224199707
2.51143290571316 -1.15536676817057
0.19906147806644 0.836645438439354
0.679692546152216 0.478135495751978
0.727411824491948 0.561452001469681
0.282308333221996 0.655241916936013
1.80698975100225 -0.318073042382857
1.24935807342155 0.793487542722583
2.68394098731983 -0.585578503283986
-2.02491421789858 0.929107650089095
0.744594742599528 0.663609285965867
2.52527118012371 -0.775705177232496
1.46126346660472 0.466276684886346
-0.205021987494354 0.415649687948737
-2.0122884518935 0.975093570505325
0.888847118662667 0.679798916712887
0.214696006243644 0.979566439000933
-0.548853202756143 1.09946279132891
0.677167111337271 0.608641112379861
0.265388906489698 0.63179496097092
0.831992316645569 0.779318228807179
0.747692600486985 0.0737726214582128
0.681987429067527 0.550479353343555
-0.382999642122212 1.09025214304705
-2.20306192736122 1.38897127841688
-0.483407986503428 0.474203349358012
-0.194595917476207 0.722313760818612
-1.55707931636796 0.920690251913824
-0.227570548061986 1.07121056796032
-1.14056689950259 1.23907492977609
-3.27419369872538 0.977025751211402
0.111502142938316 0.651294649565194
-0.0381401057581548 0.820291762808712
-1.6182222311852 1.55702788998167
0.20670657002526 1.02926075063684
0.659563982545871 0.999389378084571
-2.37824116121654 0.89395213881007
0.0335519071990595 0.86754162871408
1.92022218308179 -0.363971403764206
-0.905191244214187 1.12013019549542
2.65974459096746 -0.872478673243758
-1.31978106380044 0.842409287482995
-1.78024403625581 1.22298833932585
-0.0300277943698142 1.19805220350935
-0.308228090196796 1.27717769214215
-1.03266132925642 1.36228662642108
-0.0457111434528544 0.791465041905337
-0.271394152683421 0.536851640653918
-0.476856878237344 0.961421893383085
-0.40193174884574 0.920371666693983
0.124964910592814 0.840365026709137
2.01714407335916 -0.488709029461039
0.318240256948054 0.855873488578807
-0.354603103705705 0.695345867806044
0.560031199827436 1.15247859669032
-1.47302841915932 0.698880615377356
1.28366043456441 0.431033541686126
0.337764792619898 0.817268592018689
-0.44573833883422 0.728022891172897
1.07724436552339 0.853139297606548
-0.0661268594193578 0.723543907612714
0.881583880543897 0.648437294648282
0.924650059121357 0.738750061117437
-0.0731515344704114 0.718896952423977
0.472694235444368 0.813341106832501
0.667538657790116 0.613978304878211
-0.246102338259101 1.46483654905773
3.80168571130198 -0.973487612641183
0.154635772697625 0.76750967543907
0.215368425692547 0.712418492085096
-0.713665378325257 0.810028878525362
0.879910143874383 0.500116738324462
2.27811125463841 -0.388567752856436
-0.729118039187918 0.7171531564771
0.161353580459826 0.667756918502581
0.173019986986509 1.16806686883722
-0.725018065752454 1.30573714019937
0.913763483915573 0.241712202181669
0.894705539441704 0.673242993252989
-1.64765519033265 0.876205000104839
0.0488598140845924 0.728487210360306
3.65191230280951 -0.92753457542586
-0.377509162016982 0.906625154207892
0.113531531629705 0.821857392179804
-0.305989837467441 1.00842842872116
-0.374829389983579 1.06129553222894
-0.924561122196787 0.734746415675108
-0.649364711399417 1.17069197165131
-0.911140813040563 0.846965841100216
-0.564782022857424 0.948696129190065
0.751802674172118 1.10859615542156
-0.2333317888314 0.710941776658835
0.838508027815132 0.562864178076524
1.17788358995854 0.160467999093244
-1.67360144253454 0.806530569275907
1.89828405345938 0.465702301682487
1.2355278412707 0.610918348637188
0.16731737284269 0.653405585353193
0.88010887561515 0.908041831906517
-1.59446645371636 1.41692565709966
0.100519205620253 0.542368155704278
0.351286958120305 0.48263420642678
-0.138277488729964 1.01488032697364
2.02326125003393 -0.440709423783365
0.0923818824919135 1.14507695038915
-0.542953279039488 0.87813006156733
-1.59106049716882 0.902038981565695
-0.816581173231643 1.1010993538132
0.993453356873888 0.769597233931337
-1.6335282912255 1.30686460661754
-0.58813550171948 0.946122894806464
0.949647457069455 0.367402179350669
-0.0752830015505029 0.655700131376776
1.54168817528308 0.16638274664103
-1.04414056146539 0.675412319021274
0.864008113885788 0.739488748296183
-0.58618442941665 1.24984500246462
0.383212549425086 1.02534833316567
3.0442261589562 -1.1006495766227
-0.103178620428109 0.779804567281342
0.534650691549208 0.237546140130689
1.18662601631139 0.629775696712047
0.492621198350314 0.395162754925145
-0.633413098459752 0.797523023732096
-2.14056223230426 1.01641508448479
0.656346806136687 0.815360069004295
0.312066512539886 1.13577966896052
-0.214618359049294 1.27896844658626
1.20721468165339 0.420073392765959
1.23362205934775 0.488508359975213
-1.45377261610791 0.691863485694027
-0.747815321112436 1.01338909207016
0.779275399371117 0.687400942731276
-0.622448916668338 1.29113249807044
0.791548237218817 0.839837838310462
1.09356403747174 0.679905922568287
-1.75601777748491 1.17138726839401
0.224012157933483 0.609448602350598
-1.77376979432247 1.01744831222044
-0.684628880824615 1.00408112822537
0.488706616516375 0.703775630999136
-0.655057507366872 1.00662887905791
-0.221733567253454 1.24764804963505
-0.551651494145847 0.910754668208959
-0.331109835351521 0.708825631621634
-1.62984304136954 0.926429631066737
-1.44717891889284 1.16038224672679
1.46917738286068 0.346791780916663
0.958073189935335 0.656368295072645
-0.86964165773755 1.01103277897219
-0.315868547956597 0.982754044248336
-0.972598903226385 1.06828487140183
1.56030939270048 0.488443269128444
0.200772485344369 0.530876386584855
-0.127654144824613 0.51203955455114
-0.811349963954312 0.854257764598049
-0.0834680172554631 0.989891056442902
0.480429631289546 0.927354721057238
-1.93736276432041 1.13380612862014
0.376225357639635 0.923679598125268
-0.565148962932688 1.1851520416086
0.748774325529959 0.73174246875711
-2.07265658663055 1.21115706077371
-0.0229025565270473 1.00408109144324
0.290397732354788 0.726450210503124
-0.426502307413719 0.718528642328899
-0.77970890783965 0.807940279921829
-2.11156612737569 0.529399857178365
0.589834084522624 0.882087466114002
-1.34155437842526 1.00697219973496
0.471678531394073 1.06086348220439
-2.93014675144231 1.1919804137322
-0.874856808104711 0.639856506542281
-1.52378926612699 0.617391280380579
0.991587995937526 0.557037307534652
-0.271290319769241 1.20177979237617
-0.108635248870491 0.637063030503269
-0.529122386211058 0.736745481085465
-0.510488421391692 0.681720927048843
-0.576345846158773 0.840073316392369
0.876273875444946 0.930231268265212
0.0836678416465801 0.689546552231946
-0.10452614498704 0.991862602062052
-0.402404916727807 0.782625091432693
-0.202940956641467 0.780552657697584
-0.154064271876423 0.886538886315723
-0.376776049099808 0.866232248010202
-0.374467327830133 1.56035408133353
-0.768569507126055 1.1664593199348
1.50036724359227 -0.00403764725602052
1.43408323820535 0.556009836045793
-0.620820688219449 0.913296656251289
-1.9344995083819 0.945671975429744
-1.91268071810585 0.977091502662824
0.0976594251323227 1.074420048019
-1.50836567090799 1.10458438190486
0.631646236597749 0.397588072031645
0.1418715847838 0.84230109026633
-1.29241600873019 0.904922958215638
-1.35579341691524 1.38936466648608
0.157262692367751 1.10353381780275
0.805750129658106 0.459845307399578
-1.31849676562196 1.03644916927972
0.334160685318672 1.00637691329383
1.34108770164664 0.930914668838488
0.0273565943164166 1.01602837470009
-1.1993425135807 0.961653466561764
-2.62215322297571 1.28820682553228
-0.918263808913548 1.13328481339277
-1.20984641579903 1.17274796333623
3.41930472991922 -1.16985950360832
2.62192323889249 -0.280472907379842
0.227731868229261 0.489959105198247
4.36151692065273 -0.868411957308832
-0.916191030566074 1.39824906488646
0.00614634983872255 0.773696035861708
0.332897030463656 0.531013329048921
-1.02146857195025 1.04351947675604
1.66426448517082 -0.205806232348759
0.620420633121058 0.714415112809276
0.187065192715597 1.093086281015
-0.441620120105917 1.03573012481823
-1.03719170234321 0.920142812419117
0.713556776781872 0.559321518783044
-1.64433341758438 1.1664157617653
-1.14124789576982 1.38426896620206
-1.75730866366741 1.05933856314489
0.113556278395436 0.785906889926949
1.5928093764721 0.597176998016146
2.08996032824708 -0.434988520036226
0.780319990892374 0.770637630183198
0.446244075980949 0.800120610411309
-2.81553581375334 1.07225547772165
0.105275623677026 1.09666319535934
1.19422640795617 0.963341423746413
-0.579097832819044 0.725631566217261
-0.520506730455346 0.479519928802082
-0.321741956896166 0.888710325357918
1.71264604533608 0.271042188430316
-0.553912346108782 0.959763249266505
0.551583514815681 1.04274741230317
0.0100983825266618 0.93860492777044
0.135317673688003 0.793455076184259
0.774180681526355 0.808985067562765
-0.673075060883346 1.04847765092141
-0.991225217247526 0.725909834131422
0.180219740788944 0.81546401809287
-0.830287104766292 0.459324010789945
1.76052061682653 0.189434008944308
-0.300882382351284 1.12124521963929
-1.31418009899832 0.846441138789173
0.554684611736143 0.557133625581765
0.424737065965341 0.923094642199845
-1.21694548495386 1.04082405151133
-2.37375187085637 1.07975768583285
0.0429556177784101 0.905827153225723
0.0319526986539791 0.667119006438636
0.532862623901996 1.20094021702386
0.145640020809274 0.564635044056777
-0.387205096664858 0.806095447124402
0.440986606518434 0.742335644730572
1.43060814185531 0.645672039874329
1.41438265870348 0.490929462878764
-1.74499151380993 1.45185209786893
3.10527839650315 -0.982558317535899
-1.30545672846759 1.03957697449694
-0.868284562192051 0.728327872773956
-1.22916664596787 1.20294729309976
0.443999770716761 0.75242124215385
0.780199712138305 0.7712611731655
-2.10732457573665 1.39388072372877
-1.18845887048299 0.996484676062162
1.1047644156597 0.75600810796713
-0.571907987123822 1.0613804740845
-0.927823770453416 1.0279461228238
0.742977188505258 0.919684254353673
0.022373120771198 0.539811164112971
1.92596137315309 -0.298572766275803
0.44859352971523 1.10232838509898
-1.87674696069813 1.1347025887276
-1.48241816344273 0.986571942564519
1.32928482279552 0.1564329225357
-1.84233260363522 1.10251714369524
-0.639892275422385 0.966679554360949
1.94255481158896 -0.219710980275926
1.05953408160179 0.754704455160276
-0.667057836357327 1.45272267608899
-0.260602739835027 0.805857302457235
-0.151832849438518 1.1670588368804
-0.039807232229936 0.716989014238566
-0.636152207252231 1.25468717563818
0.998623754672061 0.481102252436999
0.0219529547459617 0.855999712781845
0.855858049600924 0.553804136438581
1.19116103767641 0.597323145663192
-1.49191071157327 0.573114734698994
-0.931630617912643 1.12180460808682
-0.56796645848643 1.00839432090535
-0.677736590495344 1.18246408649526
-0.7784784589938 0.741154689474637
0.299444264698775 1.03782313792934
2.3446771557263 -0.793093530208999
-0.221552247026735 0.856942903365685
1.45393929370369 0.322962239848979
1.40512500849286 0.563451248670766
-1.74044924354141 0.873634287256023
-0.884573618683322 1.1833160721917
1.64602999548156 0.157906118467716
-0.869753319587688 1.09731458615332
0.690947449291657 0.842837027050088
-1.15123102099308 1.0808354755314
1.75064884390764 0.112882047496614
-0.0518949711389594 0.808827136603011
1.46439542431497 0.247026482197182
-0.984630418719021 0.781631627187248
2.09372208452638 -0.337503999982168
-1.95570169494299 1.18774359189096
1.57276328477871 0.398844302330003
0.626959921010164 0.635606179210629
0.112334533116831 1.31165865203309
0.231820484886865 0.794579362849999
-0.939909606657862 0.781641569050231
0.32457630014927 0.645201776719471
-0.37369182514978 1.15121102039131
-1.01825108129257 0.866784063520215
1.05206117039878 0.585038240806932
2.18493849816065 -0.621085700517201
-0.817945544867126 0.576061396192429
2.2290675524212 -0.443547334478934
-2.24675455737592 0.999343435932522
-1.1534153821324 0.631931704910764
1.02945689091568 0.879450266361773
2.67292446801589 -0.417926738459043
0.731204506426179 0.35694103778336
-0.0171562229752361 1.1297196983597
-1.99613921024229 1.00919503191537
1.02200000451299 0.91320887281379
-0.076359518105762 0.56690672495234
0.918922657133953 0.837665586125552
0.938732516840911 0.644812906692231
1.13973057989398 1.02975929423641
0.21339696145498 0.881702080765809
0.865566394125329 0.191918117389561
-0.484040154573649 1.28796448195031
-0.607936448407112 0.966283433943729
0.867069719189398 0.499560776768553
-0.754083730279828 1.07203596721512
1.24916543559842 0.349050001523982
1.03426347030761 0.554919519549438
-0.696370661002918 0.51311821409189
-0.622114366740062 0.526222784004098
0.401547192672936 0.976112739239728
0.285136229177421 0.87914537390871
0.979138403641392 0.236150846180373
-1.44532595064192 0.877620115873877
-1.08084751053839 0.976456221095147
-2.44888449934544 1.16599608125319
0.312266608727271 0.758052582943446
2.4727443329068 -0.675240489994185
-2.08559439937529 0.960749772429189
-1.94920519303164 1.08498282376327
0.902695439305979 1.09270354496603
0.717965200117593 0.681244475192534
0.617216763622651 0.730708956075467
-0.564152631028295 1.29034935351951
-1.29135002964861 1.19619498562382
0.328505224780468 0.825257672289603
1.12317507549495 0.507781617135686
1.82925077352987 -0.174088642294357
0.590078853588017 1.13942637597852
-0.863604747414669 1.11946341724405
-0.918628812044637 0.693674426883019
-0.695165652453686 1.06986379353813
0.0727055483992269 0.985375585554199
-0.680302710601909 1.33945493458065
1.69567750222864 0.0635879986178196
1.20945320233584 0.728967331687845
0.390078703663362 1.01915932199444
-0.699882574969756 1.11448552371827
-1.12549833343565 1.09849270349342
0.269022967165233 0.869210460362558
0.345329661510617 0.695339640667087
-1.45651568317851 1.06457242069468
-1.50905704818848 1.32257242411838
1.15594631122802 1.14914725584891
-0.943850760099636 1.0472468276522
1.94124891326068 -0.554164567914056
0.0573935281858141 1.0141394824259
0.174565096833123 1.15148440446296
1.12528227189236 0.759616986502024
0.448202712097882 0.814293348191548
1.13791782653025 0.867020175681222
-1.35321165312148 0.520205401732598
-0.713756626725966 0.584034984496046
-0.326224749870567 0.507376842348976
-1.79748809303064 1.22211147936829
2.23827212407909 -1.00706389173281
-1.46733686044934 1.23061884038385
0.814081347496595 0.723602876850194
-1.39803113317031 1.25763162081085
-0.37947340680145 0.895495784544374
-0.656468798819882 1.38612599563662
-0.767549613387318 1.26529086023841
1.63734322365764 -0.395493575099766
-1.02712425941697 1.39173308473569
0.431378379417653 0.883121954024443
1.32982082247188 0.705589280344952
-0.483837533011972 1.195602438699
0.472285713525892 0.779920407285218
0.430326029973027 0.576762765446094
0.499124015977956 0.693320970970581
1.7179186653062 0.149136001061583
-0.0521813227552718 1.18969780988003
-2.02804481655876 1.35067295783316
1.94684900212569 -0.214543058152274
-1.77233485984832 1.30189769535005
1.30171690297582 0.69184360265961
1.18658990829332 0.639434489280073
0.295161882971096 1.09935183669427
0.598945694363047 0.775796813487883
1.77089896311257 -0.281306489036881
-0.598602778195704 1.0659091540387
-0.838898537518944 1.04453605347628
-1.67515365027848 1.54232511122592
1.75055236673724 0.0682382493435382
0.547925060485561 1.07771517315353
-0.348716767205705 1.35862169848028
0.564574466641451 0.845590379095661
-0.747287536932873 1.25536067760522
-0.271105012235718 1.01505170575138
-1.79512502945657 0.868747733176027
1.29912030359909 0.666794504986754
-1.71885675359645 0.825518955774197
-1.09085322364359 1.12297243649949
-0.912658794452594 0.859190738672789
0.181311423749006 0.874390706357029
1.05331764765411 0.421695911901805
-0.705406379833584 0.606473774212066
-0.377237028338353 0.37566929232428
1.41639396724509 0.743798070804999
0.887966337128774 0.563001315856517
0.744261507941991 0.297109078452222
1.23677991001863 0.685515089589606
0.104259424587966 1.04708736405772
-0.754990379286426 0.997860439562598
-2.55001972357478 1.25553869879947
0.725438997129327 0.587289405752764
-0.774875069497634 0.663295627991882
1.61585411862317 0.0845043631208275
-0.858861192871249 0.902227557440025
1.67066294346551 0.24309796338069
-0.075135113050599 0.732359222326681
0.439433980260698 0.657936678825773
0.132406679219764 0.966953745626624
-0.68099075181597 1.03817124180263
-2.3558457744379 1.04714120795304
0.770974801521893 0.900983131565808
1.69084699356752 -0.0555063145930507
-0.851012475238124 1.25948583079873
-0.772415988285795 0.823930084863559
0.39021375446082 1.07805318587492
-0.0215710380187291 0.941508216134266
0.359333814117844 0.850171235408663
-0.399163044354784 1.04089228280459
3.02135251527202 -1.30705447416584
-2.32625217134252 0.979565411583742
-0.354628661067556 1.01207318428632
-3.3325362534302 1.31390864343807
-0.880628436565464 1.12419329750385
0.254777201419058 0.723863976263012
-0.624763447545657 0.736566484897365
0.108202975036602 0.954968505121367
1.78050538121934 -0.0375083606421551
-1.59308527215129 1.02619885186302
2.95229566381395 -0.902166019543866
-1.10937732929602 1.0770908160442
1.36810294167059 0.186791049785412
0.124952164064993 1.31386418260127
-1.38369781566725 1.08755846861304
-0.0923475419561825 0.741714326043029
0.38292313032219 0.428039804947568
-0.159963962689745 0.978570760301901
1.78582945948421 -0.207027232395795
-0.822065866007539 1.06732282822212
1.02332611805093 0.463894154539665
-0.536349475124934 1.0982703037706
-2.40721879810423 0.779561456983001
-1.39559139221815 0.971670193799663
-2.05354745191961 1.0927742276112
-0.157202163806055 1.16098380530336
1.06267478931215 0.699869220641964
-0.43954726786303 1.10046993914443
-0.218944699203083 1.27795383632862
1.27098602825279 0.226673665664173
-0.763305534980074 0.966665147635386
1.06296556423266 0.777513149549239
-1.0194942258941 0.96545049962748
0.330006323711217 0.633270862562702
-0.894435124353016 0.790100638285571
1.65084191869114 -0.0356657624122364
0.303819360853996 1.07754289402595
1.74574358715822 0.135151147713636
-0.277456530247102 0.748951851255901
-0.414879774022912 0.962797771211597
-0.241688195272101 0.754410045310136
-1.51110579650139 1.13895186914393
1.09635674008449 0.351294544156903
0.683293851107155 0.338510472989658
-1.79235052994785 0.990930073660646
0.631536316035708 0.734222930442763
-1.17134096169086 0.363033047738569
1.40625510430551 0.150466603750854
0.463707562882133 0.498968850088263
-2.19940107463705 0.825192020817269
-1.37779447260599 1.12797410847497
0.554811148593165 1.03457985748702
0.44382929570676 0.773086141792788
-0.241073898595728 0.535476309549572
-1.06426550931835 0.672850557440656
-1.62565056779753 1.23884138209057
0.624041029675671 0.770165621486445
-0.704621956233461 0.743253413952166
-2.36146389891715 1.21260344096012
-1.45200512118189 1.32951370363174
0.493957449444529 0.954620729456122
0.944477867307645 0.43687400934913
0.919267900346309 0.527840473141196
0.256978759613828 1.21481991053363
-0.0933672469885204 0.978579905464784
0.715908630869042 0.916900075230857
0.835651618841842 0.598301025693558
1.12492415039282 1.00491354786671
2.10155894051819 -0.160610746815946
-0.945052322893275 0.943913045737762
-0.480873889430129 1.07157256273015
-0.52475932440447 0.73104790915957
0.654750584818413 1.03879458732857
0.354723004969037 0.906313866564755
-0.619118118147747 1.109634153942
-0.293168671224904 1.04730300045298
0.108705664769197 1.12614849413414
-0.630495544178959 1.10828137329571
0.622948917770306 1.37003348208886
0.516196674652073 1.00159657906735
-1.93577981677527 1.5098590261445
1.42238341346379 0.844165909653706
1.00955630877264 0.577995390435424
0.0227599434122437 0.433600060112786
-1.25705500484383 1.12352060770314
2.25779938963836 -0.63649834490752
-1.40888941867002 0.58480490752906
0.921546311397716 0.622692645757671
-1.20126495196304 1.08829958577007
-0.721830122873529 0.670338837128789
