1.10609232306015 -0.824417063083957
0.975638925158128 -1.02215205941222
-1.80095162130712 -0.0932028344501428
0.257176533392615 -0.491660351359511
-0.317615978666399 -0.517723158352975
-0.413286855790983 0.148777540680351
2.04627074418769 -0.890470881187197
0.0497478154593937 -0.558961112873808
2.00567354757996 -0.635313829458384
-0.427398791504428 -0.720513320403567
0.150904273160026 -0.594505639313794
0.0516832631178224 -0.895802419125896
0.874874854349553 -0.65434264826455
1.19502981378626 -0.759191447064897
1.19599301534081 0.00927266618758904
-1.03856754609754 -0.323441906694072
-0.0348472804897869 -0.165076911855146
1.13018096868416 -0.748720222754152
0.436316663011333 -0.439729620127135
1.40601268176859 -0.862105840582482
1.50654718431637 -1.20200636568289
1.49150216591804 -0.974037592024444
-1.25181217731748 -0.210234103863371
0.100303049653588 -0.255847573632948
1.25828854308464 -0.738302133265543
-0.337439735783603 -0.620360853995627
-0.525242553638123 -0.363439049822254
-1.51612713578519 -0.205520235273423
0.714839971180045 -0.552300113716627
1.91977366108055 -0.881884865522775
0.239321906136235 -0.734218111398961
-0.334408715322107 -0.699482771637938
-1.41853698520477 -0.154755697842563
-1.33781933822485 -0.0485175748276362
-0.414374346121228 -0.740247888833601
0.129656178900262 -0.896975201450047
0.0402725854481712 -0.687962566391597
1.92413923040812 -0.51144160120136
0.32665587197756 -0.456231428038378
-2.20408230799832 0.230185566615844
-1.09358326716061 -0.458551685723825
1.30079755419875 -0.46692020537848
-0.699880006983132 -0.201185991826655
-1.57012600899438 0.361585512478051
0.913677102271684 -1.0707265580514
1.2340204137444 -0.854366427430569
0.790643796031279 -0.95723204435711
-0.858047103365605 -0.707868701962986
-1.06268680737768 -0.0311858024484774
0.462858020120409 -0.208314615138266
-0.71566862831305 -0.555715794904462
2.36242242468496 -0.56996955709616
-0.042025764004009 -0.612343291301013
-0.0895815492264147 -0.431710961955333
1.27294525964006 -0.711326884040747
0.760141008020652 -0.779066464004144
-0.688107802108617 -0.342070265589698
0.458755141129434 -0.832457570474144
1.69397828757031 -1.05913007619147
0.270028118540963 -0.325391768331257
-1.5260554279789 0.289185427737898
0.421360589085968 -0.377912898653422
0.627796250091842 -1.12728096332534
0.700181367278975 -0.901523089208138
1.6095330298042 -0.739140054405484
0.321625195488106 -0.93948107833383
-0.961438448796393 -0.156597818749519
-1.02936262002235 -0.453453588089416
-1.21376066656441 -0.521333296935869
0.35135044810158 -0.632949213705688
-1.20444380877553 -0.153281227224917
-1.58490255255349 0.341496280907246
1.09951740310879 -0.826673422386501
0.592602683308023 -0.516925838008886
-1.42067732132355 -0.334109119355807
1.03515503780638 -0.524331674996168
1.19353056051009 -0.877556507117359
0.249160253499917 -0.982452596842221
-0.835805231336487 -0.465870159219058
-0.649507080960841 -0.142061697338979
0.0124871434138241 -0.223077763971508
-0.870214405951954 -0.396018758699902
-2.41928992234026 0.410842376973632
-0.0200649399272883 -0.495957904841745
2.04317979978957 -0.667471375574079
-1.02983606884687 -0.298467560870826
-1.73676440418311 0.0154158012486409
-0.176967561809943 -0.524540316907064
-2.27918823194656 0.849421556920448
-0.0753879078309632 -0.805483139580558
0.788596579052761 -1.05888224544039
2.0748190301614 -0.990887187865527
-0.537072258384996 -0.778789654928596
0.535669687875671 -1.00377437500236
0.675452132941233 -1.13791533167751
0.430269485565054 -0.32626726467455
-0.709835846148907 -0.0373147229143142
1.76472039460324 -0.493152840507894
0.0300417260336489 -0.930132335709075
-1.00172617784982 -0.570582746279871
-1.87862224921519 0.316601163275099
1.06779475704485 -0.866877682230011
2.95927223370193 -0.951729222738446
-1.0697147490243 -0.262531150272939
0.155558223791811 -0.61119393002689
0.574558255550104 -0.557873399729438
-0.965285448603247 -0.19209040742749
0.457423941631879 -1.00956502944237
0.920945772240736 -0.512446056408405
2.47820501806753 -0.604072390662496
-0.347682236942142 -0.429569512060773
-0.363365776241005 -0.426778579226631
-0.844840168026883 -0.526129887480465
1.14547715793977 -0.942922456667631
-0.242243721418213 -0.715658237376762
-0.9565927156675 -0.419673746018329
-0.0545218546375839 -0.601225160771506
0.458454236506472 -0.328131796607255
-1.05617762373445 0.0470924918736549
1.14647453709979 -0.818811959883883
0.464156343628088 -0.434668669563298
2.40087157543334 -0.47018579213288
0.129298501434012 -0.83102375034847
-0.455495349325207 -0.364736169038325
-2.88127910150861 0.356370607734331
0.688977842536263 -1.01231540919365
-0.491088562735641 -0.349185442374517
-0.492956868608132 -0.93852863213961
1.25956717104067 -1.10900659914656
-0.00798972490226868 -0.698826904583411
-0.431913991752905 -0.626755179956418
0.927420094838552 -0.865710346486215
-0.439022558899621 -0.891524630219226
-0.978045660435711 -0.139187780759304
1.0739774453282 -0.755777448227878
0.546219438055421 -0.87440126174018
2.67337381549878 -0.733832201448303
-0.44401536562071 -0.449111165763677
0.117970532194867 -0.16477079972028
1.16401598464901 -0.878011117546361
0.581905359994354 -0.214837211614198
0.185790877553183 -0.745222419531789
0.556833096825631 -0.927442847854281
-0.340452260451848 -0.875524986448509
-1.87050739306605 0.588575499319948
-0.850468394297893 -0.518968715105892
-1.57518426471235 0.301458916070397
-0.313359339442697 -0.646118984522719
-1.52422373991086 0.238690652732913
1.36646381285363 -1.09522712517488
-3.34146357688871 0.316029768485681
0.45997110463903 -0.618289145811048
-0.791868639137537 -0.413966448696054
0.713827241303502 -0.704194977699861
-1.74430932405691 0.167050161028046
1.75840473652563 -0.909262703696189
3.22897190404143 -0.740730127519652
1.60602543066141 -0.687877111395322
-1.67557474651598 0.525967356948732
-0.285773574444848 -0.855374811961127
-1.00937072017227 -0.453896221249209
-0.17511548420796 -0.878420700736751
-0.199631828963493 -0.689114032383148
-3.11984753898047 0.330642707074859
0.9596823213365 -0.754158822750032
-0.619646572769995 -0.670263074514329
2.43130145033179 -1.0056066216748
0.843792042174314 -0.311490142374345
0.62847897725383 -0.0539105924773053
2.48057763620867 -0.759947336616492
1.05466998598471 -0.509149371138292
-2.09737993832036 0.258843161578294
-0.0722583266674673 -0.508211810686685
-1.24597152954792 -0.229739302457137
-0.741455430000892 -0.5822513685099
-0.527818754073778 -0.311679091395074
-1.35093776288644 -0.0560842915520507
-1.62667319057605 0.16029217783183
3.08344511492423 -0.655544600752804
-0.387674949672634 -0.501299817052099
-0.0557556589325289 -0.461378558821692
0.120318962986884 -1.33139925789842
-1.04298862066367 -0.401076019676324
0.634832649903983 -0.880774316457912
-0.540667225752846 -0.390725571259217
-0.328553925482909 -0.384710031918486
-0.30944295719915 -0.185556924558135
0.260526635699003 -0.500432209854096
0.310957544900636 -0.769714800707019
0.403111742864594 -0.605614819846706
-1.91707355563845 0.561307046863708
0.427885936043371 -0.43530824116439
1.23124069025457 -0.612615412089254
2.52708242877865 -0.745753058545348
1.67732449133174 -1.22501639923741
-1.85140697646575 0.340788682878957
-0.0951935292709256 -0.230130671788144
-0.716003114722966 -0.804980373667874
-0.268993594125404 -0.395013187059834
-0.385227536358652 -0.596688583985749
0.56998049005335 -1.20409341375344
-0.539358294898832 -0.550537473363028
0.86511671420563 -0.793386931571136
-0.0849753945028777 -0.735581428393836
0.791779226483167 -0.710060328788572
1.4334215654763 -0.780621325253251
0.804678836514931 -0.560753562941896
-0.844719002899517 -0.168021822430338
-1.09831059124344 -0.372978620388135
-1.36928914419222 0.149936491695405
-2.03894127460008 0.424735884868203
-3.49945112415863 0.674907529091941
-1.0204032518406 -0.558665295139518
-1.3891404698648 -0.0775283534827068
3.17056451244117 -1.12589143886942
-0.469084258921511 -1.00161666438264
1.2746672506734 -0.574125290609789
0.28927617649202 -0.733492519046894
1.05282647802527 -1.06634590698277
-0.259633353552999 -0.683347510538949
0.88187950936906 -0.946036558261744
1.001521274253 -1.25522854911601
0.642962951120532 -0.360381506932873
1.32044703933435 -0.837109459479373
1.4546568970045 -0.390707073416585
0.0168046312702101 -0.559070363843048
1.59382310000995 -0.954734983252771
1.94054056176975 -0.866432231934879
0.848129424732848 -0.627507047078726
-0.872140015424567 -0.361730783645141
1.57224052790271 -0.737297205835119
1.01651709404837 -0.577240039683963
2.13068946086324 -0.496177021379694
0.0381099177733206 -0.470907253127741
-1.37639805065685 -0.00600056582385043
1.00285074312988 -0.523193258806544
-0.29714940820136 -0.500298819009358
-1.18680465245253 -0.0148279877378326
0.334277295888617 -0.967792126307177
0.87589677201969 -1.13635332736738
0.760853620559136 -0.640642456279118
1.05853188540513 -0.788684169172261
-1.02464617012664 -0.344542738668469
0.539304174431482 -0.104802125867626
1.55235973828571 -0.525395308365005
2.32262515449443 -0.832121443388274
-0.481540093175024 -0.337356468531856
-1.43646030892524 0.013653362283038
1.0479738849321 -0.958407556679906
-0.0707388094052562 -0.639853434054053
-0.259070028142911 -0.834236262237803
-1.31824114601619 -0.33112160799338
0.533923537862235 -0.89007109221118
-0.508822533725775 -0.220944000927521
0.738794675181167 -1.01314608997375
-0.179901002058991 -0.889931972631025
1.78599194411618 -0.86097887619214
-0.824017405458215 -0.391429096616806
-3.33184859223076 0.463444761015949
0.275003825216704 -0.748142022865739
-0.697847907272897 -0.538598567776106
-0.403793408698157 -0.416095638854175
0.958462346205652 -0.838859565581154
2.67389879336069 -0.635645193502156
0.308987175704925 -0.550267723846847
1.40699105100324 -1.00287515716283
-0.955644606473789 -0.45269333095322
-0.829456760274037 -0.374546436227154
-0.598747615338461 -0.269348913921842
-1.65033932653985 -0.235199030553828
0.448192412510948 -0.682644107619114
0.0126147359234232 -0.245088550201167
0.866524802955828 -0.393546965774011
-0.959977433835037 -0.565242160960447
-0.0329340682828716 -0.796386108757602
-0.47713986424055 -0.518269904602123
-0.249582434904017 0.0447185654348867
0.345614378336287 -0.474513998456981
0.903747664096097 -1.17605808198346
1.9362599035992 -0.764346287313709
0.206181367392784 -0.289608788827537
0.248647828786812 -0.378216769795276
-0.191874070084407 -0.603916699430714
1.04411363241943 -1.15038327127205
-0.874847874109242 -0.506743401458098
-0.707394168097287 -0.334807688286802
-1.71251412854679 0.377632403107945
-0.782178982490201 -0.585217064548095
1.40731218783479 -0.583682703573543
-1.9849389298696 0.339016996285314
0.0200594700008172 -0.383836559230494
-1.04408574449276 -0.311296525443334
1.334649452171 -1.04546888506435
1.61367295016969 -0.768052050774098
-1.17089052694547 0.064196267562308
0.605114324035405 -1.17971395375362
0.18393713648571 -0.622124035859419
-1.01824206074542 0.097302521154629
0.3362706885332 -0.33068802960451
-0.184011134016802 -0.362528374036516
0.498971825204907 -0.917359092151178
0.103270717141814 -0.421694707726709
-0.523048250187412 -0.188369786497901
0.305929162958658 -1.03545561336915
-1.0864982439492 -0.628012981144903
-2.01228287349271 0.659004294350527
0.396083604651439 -0.888948453845348
2.28574177962098 -0.785763346368617
1.57207214123134 -0.63848122299246
-1.09044926577792 -0.393379074703982
0.428266933383658 -0.935394447348616
1.92256353140383 -0.966335808343589
-1.77626989266423 0.205821361997458
0.811993039909183 -1.13954846299021
0.821929278555104 -0.864532250059943
-0.64762934157262 -0.47188566207138
1.77077413444087 -0.61172873202571
-0.652705683096548 -0.297541363019077
0.142499734198259 -0.504282370491167
1.86330474720798 -0.608676276861077
-1.07088521334904 -0.474672163742224
-0.78441820378334 0.0501765499637332
-0.607482720201467 -0.47038464870626
-2.03008522742435 0.622597843853176
-0.272151867977657 -0.521589615251457
0.276803133242148 -0.567280853073684
0.365239783907449 -0.501709437084401
-0.947675845598059 -0.697741497313437
-1.56818122756449 -0.144096952976021
1.27800989506368 -0.389499571197822
1.04725289658008 -0.665445986774052
0.516384910557656 -0.45591202483215
0.255395960154333 -0.719288555647075
-1.52445646723369 0.0958237778626113
-2.19905997502338 0.601995588973973
-1.21471650535172 -0.327195664434998
1.79162245708377 -0.958825291042963
-0.0635474699444789 -0.47157193875303
-2.97587269546163 0.61200077919573
-2.98535164150458 0.569453956898709
2.31090849455912 -0.819086915669157
-1.42108612123555 -0.124595200629805
-1.05527254194311 -0.564076823423922
0.362869201031641 -0.516944726524959
-1.67399036170869 -0.202288655907373
-0.48106075741716 -0.728688655605515
1.36324255373712 -0.658846125062937
-1.84597923100929 0.105301771080055
0.673280101140925 -0.769858996137728
-1.28091617960572 -0.497924235290325
-0.712434694405999 -0.460871780941391
-1.56135616797269 0.158652624876446
0.948031326841025 -0.856237837546602
-1.56143694659396 0.268384978153397
-0.568783387115311 -0.233111353914891
1.7162876859363 -0.739947411982741
0.634652489713836 -0.381560609499918
-0.643691149634442 -0.0798535669000084
-1.15573791318228 -0.292321859746778
-1.57016528588884 0.322328522556447
-1.11893491018362 -0.584495081005694
0.122595228347408 -0.524840757450028
-0.258291326463635 -0.537996816290251
2.21078669480512 -0.86623540601034
-0.136564704605907 -1.11527484411245
1.18491242970713 -0.428457260367882
-3.02260695604103 0.828386440624665
-1.23023989152687 -0.343080725410067
-1.91591033131367 0.216113565707659
-0.726810523284237 -0.33030904564017
-0.566276953942773 -0.769694604130922
1.21557288686055 -0.814468806669229
1.73292373242034 -0.866228564272139
-1.01465214285281 -0.404461592092381
0.268123070659943 -0.38364854778015
0.518353050737758 -0.830329420415111
-2.92304251864124 0.828295965922853
-0.254984255229416 -0.131096871305598
0.839327109137041 -0.493685651484921
-1.03209007190873 -0.31620836373986
0.21314564344996 -0.78806140296477
1.86501507914201 -0.590788525483308
-1.2282749483603 -0.509903079002986
2.2950271408635 -0.644328497739392
-0.950569654359488 -0.358092954751711
0.251579166873165 -1.07131743219026
0.249212582305823 -0.435792188193893
-2.26988473467804 1.00943117448053
0.735063274739346 -0.770600850885037
-1.16394329759629 -0.323007684670543
0.0991334524808565 -0.137700934505521
-0.553671344755964 -0.540685462596756
2.76103945932209 -0.419994112268754
-0.483483321495662 -0.310111456194613
0.387804437275244 -0.25667282700728
1.14253394739331 -0.626083453303137
-0.350649425350528 -0.432116675478721
-0.369910048750461 -0.500174343061003
0.418810271391996 -1.08262510795003
-1.65367810562762 0.365452195949631
1.66589680072755 -0.440004538207489
-0.580389804199815 -0.235112583090124
-2.07486661549646 0.487711735102719
-0.505403918871249 -0.683404774613406
1.4094994067911 -0.520403696576923
-0.789519790384156 -0.185199966795527
2.16006039367236 -1.26514467802177
1.31060326256521 -1.103474149064
1.33647973251024 -0.985778113236549
2.43843358726712 -0.963335746835146
0.302007372969909 -0.229782367109317
-0.988138373955049 -0.644170042822608
-2.01347690729836 0.779234542515138
-0.916592772416733 -0.118827197665698
-0.268105135962462 -0.52054935599994
-0.700564038769389 -0.60240249159744
-0.730921376550038 -0.173451691920634
-1.08952536885508 -0.303072505364871
-1.09816196278075 -0.629445998907948
1.4921498739055 -0.740339293029734
0.398096956152361 -0.646901752141591
-0.449839264671825 -0.316912466799045
-0.655136187417436 -0.377671671869744
-1.91859719891931 -0.0609125217662578
1.17946801703353 -0.255258577906478
0.129086175290071 -0.396726058946943
1.10574739240955 -0.471608543515521
-1.0765521308546 -0.612364504646931
1.64586226287769 -0.925142877539441
-0.467796177695609 -0.794524642637436
-0.6360200376365 -0.207391368075665
0.144453025995467 -0.520268591002089
-2.14195894037976 0.64666098401335
-0.823723909805751 -0.20406485384004
-0.845154818318567 -0.324163899675552
-0.541555605547927 -0.765278832955368
-0.83765210515874 -0.254503244144802
-3.41818133226953 0.64557997521151
-1.09088005676609 -0.278949477940573
-0.865445249103008 -0.51495712765614
0.102840027792543 -0.538515680536464
-0.533735547927993 -0.37178453266691
0.648140628865314 -1.03079871789543
3.1042869102839 -0.76770732418712
-0.215631686416202 -0.655697935472594
-0.490193699973819 -0.658685715764393
0.885016717723917 -0.939964514940999
0.52104163125021 -0.409585987492126
-2.33905085304171 0.609742885706545
1.7428775227272 -0.501092383607227
-1.36508044369541 0.00872586274393959
-0.924990240786114 -0.538510885877133
3.27075673591273 -1.24798280716114
-1.38284341582345 -0.401735106776993
0.235073089211622 -0.389541833239619
-0.436918970638476 -0.499301641727728
-0.646517809349941 0.0514793231888599
-1.62852632233443 0.429392611007913
0.509763851562402 -0.640249382919492
-1.20907417641114 -0.11670042896816
0.12646060756745 -0.908952588090199
-0.723336574062975 -0.47908254287339
1.06403877532191 -0.609956388854984
-1.04311352868859 0.118611064613796
0.909925421554858 -0.484773443045655
-2.80973255356772 0.480142492717622
-1.07900083018232 -0.514791863259388
-2.72426609267476 0.649833639091976
-0.740377547023215 -0.84448738285071
2.31474818796724 -1.02825106248488
-0.871643136591404 -0.184940725152308
0.0204877664859839 -0.342809985766981
2.40184446321204 -0.441796978594399
0.273107573993665 -0.395923434335375
-0.462373627359486 -0.462599204023613
-1.79321113797879 0.406309641126294
2.76003503812709 -1.16728330568132
-1.25204823818252 -0.0928402284863446
-0.331944751197461 -0.498304784887273
1.28155044405092 -1.15258036268984
0.958157354254087 -0.692703739324053
-0.290577019027585 -0.503147080380037
0.657128842059478 -0.935164187890929
-0.683014395746802 -0.715998105689715
-0.481481507849108 -0.172914412942759
1.40868226238695 -0.760661563847629
1.39251692521067 -0.715306701639457
-0.895517595076846 -0.286705451787864
-0.00972286844365096 -0.491747069558883
-0.449484272608114 -0.122558303625163
-0.843280939717892 -0.190203460133642
0.322203718247167 -0.0369770648558503
0.124602913379361 -0.591140990341283
-1.56345410344054 -0.00965760477224571
0.673507169281999 -0.687826863337336
0.444813771053284 -0.360331426473274
-0.731867085661335 -0.411612595099537
-1.38175666495166 0.415028455273824
0.286461742488421 -0.740551210418036
0.663208384214368 -0.162495131084453
0.19935094878025 -0.695051753369384
-0.632711238343305 -0.327763414852927
0.846414145678814 -0.453080083898674
-0.197818527023651 -0.626463918691865
-0.777079535094228 -0.372809833860839
0.962312905108207 -0.879220965796318
1.27798936955278 -0.284419760934728
1.10702715886037 -1.26033115929445
-1.59542241584898 -0.317857950582679
0.782658083759901 -0.645929473662931
-1.82539095720521 0.178116056332717
-1.24512568605402 -0.225530024688231
-1.09513168029163 0.195484964760184
-0.402637287588901 -0.359593339172047
1.84410159930787 -0.814536940724634
-3.22195915246827 0.589192577697682
-1.18885928414367 -0.167860546179799
-1.18634427280268 -0.022832608670661
-1.19482787517025 0.0849227289616954
1.0184095438335 -0.0564563220172059
0.227873891276907 -0.698206501126364
-0.341209888972109 -0.808837692337345
-0.191187301245001 -0.594247398722091
0.111478449888466 -0.735005172302292
0.941670877349293 -1.19774941641229
0.000345141950103143 -0.761823531874655
-0.766152435248719 -0.440579013333847
0.291226815604751 -1.04535606077318
0.419525189498582 -0.649543747913941
-0.0562977420156181 -0.494196110808954
1.27489014068665 -0.691438159947262
0.102620303787937 -0.727418755096326
-1.60807281951199 0.281091192699663
1.89434806848853 -0.855854630617447
2.42013248998329 -0.721333739735445
-0.480024284816986 -0.519889280989065
-0.282691557528429 -0.689237786736572
1.4891632711377 -0.708773057306766
-1.41227498572806 -0.237969809528581
-1.77593831514239 -0.0530436722044163
1.3738342343463 -0.282965904390088
-0.679836344912458 -0.551359462006642
1.18601419284712 -0.58846053427204
1.66802366313045 -0.858451614790139
0.139359337218608 -0.708264748538506
0.208839331362783 -0.548637077750687
0.508588721495613 -1.23391569294425
0.956572511903231 -0.543573008439552
1.08337205434669 -0.619186605263553
0.168248653624764 -0.569408262103348
0.243206950279778 -0.667743833000424
-0.094729365455015 -0.366324685891119
-1.06684143341536 0.203019415102943
-0.379184688080094 -0.210954048481005
-2.52165033581595 0.473752958646418
3.04039686925963 -0.773457772227574
1.59432372212852 -0.640063537904231
1.85729999936182 -0.618253333577705
1.71931600402049 -1.3381861649109
-0.965138828644694 -0.445813467541709
-1.72957018735499 0.834482690635987
0.434397998841817 -0.85377167428835
-2.8870203010324 0.885172935662925
-1.70975957079148 0.0865722653139407
-0.803987771173973 -0.500981462969236
1.00794900679375 -0.740186933744839
0.731123134334331 -0.599036104647783
-0.168800922558957 -0.464499228250425
0.0290804679979719 -0.604460021428837
0.300454157908354 -0.967839130401557
-0.0614485087636134 -0.470538540195017
-1.09476862400922 -0.288707996697133
-0.059195663381916 -0.597793581152633
-0.901211330325869 -0.562883681781621
-2.26771033201191 0.59535904920545
0.606679948403365 -0.58951757042412
-1.14238869953651 -0.218091741245419
0.285923511681092 -0.617774089178444
0.741674706705831 -0.637889094712734
1.0797103121662 -0.744562794506002
-0.835812457088745 -0.71562670064935
0.33316202812446 -0.732226523781506
1.40442213545219 -0.801571422546226
-0.796468253910614 -0.7702258134101
-0.065052602474963 -0.478935412625622
-2.90821528080926 0.451632634923442
0.335153731313035 -0.581301087758131
0.525306754925103 -0.547494506523934
-2.50251097302673 0.572554918801146
0.0677297987624382 -0.424417670585284
-0.411765417084756 -0.374885431248276
-0.396497575591977 -1.54011170632784
-1.02922540327892 -0.530812437130469
-1.24666286579756 -0.0187115897353061
1.60229548839744 -1.08362731338903
-0.22054693885375 -0.711373241527193
1.12903497969949 -0.236775019407409
0.876142748299826 -0.958607849618686
-1.42313613533355 0.0343232689597973
0.998108096111735 -0.851797969119789
0.0331021806649811 -0.534829999825101
-0.59275681420843 -0.165948271167236
-1.34366229080216 -0.0572918249275412
1.10500280218528 -1.03029877134573
0.384246475213035 -0.877030560909755
-1.14436893847739 -0.330973881184558
-1.9042697084706 0.359584719866044
-1.3220060320366 -0.483344482933012
0.000777761021614475 -0.343283600736735
-2.57361018187102 0.372597329232753
-1.08349690597881 -0.0993482219015027
0.517944896443294 -0.769677715680056
2.19094850609064 -0.880476168052258
-1.40498492986617 0.203500395012596
1.18881016789903 -0.853640789188507
-0.667061929152792 -0.632434332159269
-0.392245434527135 -0.72283068974833
-0.448088954761424 -0.764725223036119
-0.117773786662985 -0.589664130578471
-0.420770754473293 -0.142469950343172
-2.20931989860602 0.346749799799912
-0.388556233888752 -0.986726025147072
-0.843636605172888 -0.559998612839125
-0.439443115506839 -0.10224832534297
-0.514204404072393 -0.519506037385938
0.024593986595826 -0.805778770305378
1.29589016415703 -0.982725522745539
-0.394651099020791 -0.766332676771815
-2.08575021988142 0.127441572434335
-1.76499517253205 0.0784903286978589
-0.00529632104676349 -0.296767208634487
1.03256548071943 -0.862150284871249
-1.23287371816558 -0.137597725994495
-0.437567730394053 -0.85026100661468
-0.193748493142866 -0.214125615669548
1.01503144433814 -0.8380143796052
0.309593671388633 -0.355774418144716
-1.923558540066 0.435218286886651
-0.0364513934133476 -0.549255373692219
1.16165406422265 -0.921640085365164
1.72970937690653 -0.714764484763422
0.980102521835874 -0.780386248642893
-1.02938340564949 -0.506935477742567
1.43893564467902 -0.98817267038047
-0.446661626772903 -0.451917796402241
-0.141529124665563 -0.506929602630174
-2.73599073041313 0.424795267761438
-0.00181764248114742 -1.19155383629312
-2.51258774037886 0.747474806673171
0.585739726138306 -0.732793588661214
-1.24991136341909 -0.571916076216002
1.7795681974115 -0.718653924635439
-0.988763880051469 -0.789190104927076
0.609743751916595 -0.892153511940498
-0.0175086090077533 -0.622159533884356
-0.330323566924849 -0.697156051440739
-2.03500619726581 0.739414154274263
1.49926731823941 -1.16677660772863
0.202703233633733 -0.463579584517496
-0.898949597735665 -0.378961098761944
2.73316764333482 -0.876364637523577
0.29241447762545 -0.423868056566379
-1.2258894894178 0.379900270244438
-0.447533100332484 -0.804794078574728
1.64006220754424 -0.355657656226472
0.00393024709176801 -0.126755129120562
0.648089672313814 -0.951774218737072
-0.861184327523932 -0.552997402369089
-0.170878628601833 -0.693038307205477
1.00439996842203 -0.833075808442727
-0.45891288893607 -0.334006796186878
-1.23855347603169 -0.121193278694816
0.155646599522911 -0.702326734143472
0.0371928525315061 -0.681578556246275
1.37012120832367 -0.501370373639023
-0.258861447539538 -0.517634422304843
1.58236694340878 -1.14967912729572
-1.867365512186 0.436674378654527
0.62034752796969 -0.861878658549965
0.950161810968255 -0.906692962502593
1.18926842857183 -0.99980630548701
2.49376976419724 -1.03659006603633
-0.389273449742555 -0.288629732903153
-0.936820115462569 -0.234375201763481
0.793767586093257 -0.627015219093941
-1.27856933844478 -0.273118774297172
1.40619659321112 -0.647264075953308
-1.68892585851298 0.101183608874231
-0.260892702689583 -0.603493347219937
-1.02416899846444 0.236350843495526
1.65369238004212 -1.00202364986334
-0.364322629795718 -0.566428245778993
0.75154001475848 -1.19641726775483
0.119737162182285 -0.550492139984392
-1.07980246232852 -0.301675218065658
1.85010175272951 -1.02160686071708
1.13409799127274 -0.338442111593409
1.3095050486173 -0.946882655992028
0.159504374324642 0.447114802232403
-1.53956639624354 -0.0329374892064629
-0.871905276809484 -0.372127599439148
0.030292252054905 -0.850524005280381
-0.10914773868444 -0.595621113335974
-0.131855337058746 -0.26498505369758
-0.559128904848062 -0.35964481927558
0.932890031310307 -0.935874363301727
-0.0878464576212168 -0.666087645122691
-0.00343412187840165 -0.157047383445036
2.18284951325634 -0.928823704429493
1.49185112133537 -0.685648952564705
0.344027873955423 -0.444439884037163
0.306280627021586 -0.784220289405424
-0.373599678912121 -0.611633433392464
0.080122304373644 -0.0133072586262214
1.16582578414444 -1.1202225022954
0.766072460425395 -0.674019858905893
0.285364141175322 -0.945211208204916
-2.69565412634737 0.677626727694536
-0.343719389411818 -0.78149560039953
2.92589573984804 -0.759988773224429
-0.464168536845211 -0.430272365618168
0.565443756673642 -0.675638092724745
1.85802009750315 -0.492865498120782
0.119230594319581 -0.720350318572654
-1.02345983638208 -0.826463837084869
1.40515991204989 -0.735573895543114
-1.47227456047035 0.170887685940632
0.459907244530757 -0.348317974695918
0.519190012280516 -0.237756015969646
-0.710972705178342 -0.795009524797846
1.02005231731866 -0.188164995588962
1.49234531622785 -0.658097691890503
1.06348130718579 -0.308284296828588
-1.92968825225305 0.373198563948242
-0.37431000158509 -0.275410202410633
-1.09934800777634 -0.054972587853353
-0.707744404031688 -0.420068075282949
0.00807749440009473 -0.370095193627395
0.121337046241153 -0.690171864571993
1.09132624070008 -1.0070800353259
1.1190975327894 -0.530593274428531
0.385730480440589 -0.985785230764577
0.792107701221596 -0.407423811167138
-2.32964293841224 1.02022847503117
0.447272592121043 -0.83100551185902
1.42206288995056 -0.266401260441803
-0.563027390380849 -0.190776399038372
-0.151192340694035 -0.764497850977349
1.29465538293104 -0.780847294680575
-0.0472086720413781 -0.752779093011923
-0.109338444593793 -0.473907656753046
0.824401506359488 -0.438368310289778
-1.7966891206578 0.304522755515759
1.52453173022783 -1.03251937952489
0.868759114915911 -0.765635497914799
-0.923336963658637 0.0734191051882822
-0.503512904445616 -1.10163454263525
-3.0468232985795 0.609685111998295
-1.17835113877379 0.196065843425419
-0.937990888017561 -0.417432570286667
-1.53022400933453 0.181950734212715
-0.315590908597929 -0.881485738162337
-2.53376835630008 0.807863208417027
-0.349265362777404 -0.385585491013318
0.805370565715531 -1.05733142912074
-1.4024424887914 -0.128264441275717
0.180931073098526 -0.636026214688655
2.03514267984417 -0.72573280872445
-0.354250305713967 -0.504075550666926
-0.689951551348276 -0.17321943417875
-0.242542014968821 -0.801614681146645
1.72119320305872 -0.659398943165085
-1.45511446364261 0.293158787368506
1.70787286970077 -0.878051106668944
-1.77760086948984 -0.199625070714865
-0.884338857740123 -0.25372829600076
0.291503316732085 -0.345693234682003
-0.394007870297085 -0.381565753828494
0.357802636288503 -0.566384841035996
1.43805981270369 -0.428084825424935
1.78101211769304 -0.541009210146619
0.662604215093368 -0.373550630120196
-0.511866476462756 -0.382343426127644
-0.611913548225259 -0.538859780217664
0.176341788627036 -0.47964669688784
0.397562700388233 -0.585805591980477
0.00215742607857344 -0.97772473693852
-1.31675853518796 -0.274284206505181
-1.27941459460868 -0.0538260405598705
-1.10204950494184 0.203768998751393
-0.690034765580711 -0.221486547235973
-2.21369731236926 0.287962494807752
1.32019514517829 -0.536049106920354
-0.164767469047571 -0.314729509186487
1.17397477441304 -1.09117008273235
1.71893960852941 -0.53649225042975
1.10401035463725 -0.616457452500474
-0.637581502489134 -0.270408428653228
0.115906075767748 -0.522994971710483
-0.645611554208672 -0.369424030834272
0.262218618630937 -0.443900818949918
-1.9947890626499 0.405539307533814
-0.0480835373491337 -0.513758552023397
0.450817270565123 -0.819752190471098
0.998607753718584 -0.651935941146905
-0.603621585543506 -0.808051653198807
-1.38896131867564 -0.274281790491594
-2.09244505810805 0.486856515243531
0.569607945440206 -0.743742083269096
-2.38092832553248 0.416621127689514
0.244521790079035 -0.931530978096197
0.271514773936651 -0.843883665535972
-1.24383003646242 0.125858322249605
-0.479434137974338 -0.646677533033675
3.07952295236877 -0.800602351112264
0.322304232709537 -0.889564858103465
2.27082096063543 -0.911305774858866
-1.16005457248392 -0.371957946035604
0.752230401501612 -0.76838280089101
-0.950626545637264 -0.0421023796676945
1.53770201955878 -0.729573458459624
0.0450624089387252 -0.366074490392985
0.330998081571716 -0.127883434850963
1.37727028152433 -0.381485476747679
1.33664058964599 -1.04426831224998
0.589245801688464 -0.53703634480646
0.906907253534119 -0.693916191800652
0.873996547388338 -0.642800261030275
1.19646280328493 -1.08469116986501
-0.21007389234498 -0.913244424163629
-1.94772873448154 0.262278564187764
1.62869662056016 -1.22988204885015
1.02758531842715 -0.660888073008091
-0.00348941080136285 -0.582078615721421
-1.00792291614363 0.0317404418016243
-0.148063265780478 -1.07263217981347
1.67971306655431 -0.319653910934932
-0.260160459160824 -0.321555135610767
-0.469408943784211 -0.787107514868731
0.577662293497586 -0.510301398494276
2.36641997920822 -0.723918183391205
-0.872863496839686 -0.438850952889336
2.81940013157944 -0.797679716249031
-3.61717014130907 0.882628259492097
0.299843667917305 -0.546027989838185
-3.17084451571976 0.64155868976522
0.411182109837586 -0.731292197157562
0.156527955814178 -0.356325217087849
-2.36285411192587 0.429210763485562
-1.46890248897964 -0.112848944194596
-1.06650526244821 -0.217826522446527
-0.220027645274097 -0.469876122062254
0.592539580294915 -0.853848539007977
0.748927980216702 -0.888866374865569
-0.159769782812854 -0.627076916552403
4.24429456572405 -0.52317369948657
0.594925031890508 -0.445263125381555
1.81210310063469 -0.824127943824505
-0.184077103089115 -0.788314754256259
0.428421888641018 -0.582994543851327
0.210531849813454 -0.359966804288656
0.411441877901862 -0.652882177396727
1.9291953973495 -0.921479621394637
-0.601468215578287 -0.754618736322156
-0.759701741621813 -0.279733944163203
-0.39608593070306 -0.730641259772578
0.380897194305324 -0.642693167353432
0.509929226547592 -0.438548894918592
-0.164966238455902 -0.698324214430206
-1.55745505079259 0.0930039847903165
0.237419997347304 -0.706924598560559
-0.291700435448265 -0.0869937797521211
1.13952399958741 -0.599666986393108
0.643763841558278 -0.617331318251366
0.555062017404821 -0.527396511080247
-0.352023118823272 -0.236605106948008
1.73279639404273 -0.702684324830586
-0.237221536748131 -0.136856481241401
-1.85879492166358 0.159216855818748
0.54169302409703 -0.515880702160449
-1.38980819267487 -0.344040072909944
-0.677679497418146 -0.878844364589176
1.22817303280786 -0.674264559010439
0.507472431785897 -0.787896565776637
-1.41483707905857 -0.286215331837169
-0.280101526535499 -0.710596381123439
-2.17711552997072 0.319887413405282
0.858201380080406 -0.743687092712057
-1.61176391819702 0.336919822978413
-1.78968757979241 -0.106015317360288
-0.897066803508831 -0.486623102109568
-0.379638984424056 -0.554538279930997
0.697042665804534 -0.869347042935103
-0.216529051287992 -0.835932586661055
-1.2332057026243 0.309259023513306
-0.0132140751249907 -0.646024276841353
-0.11019123791054 -0.691742121698091
0.0932310844385833 -0.612861787441058
1.05387741725007 -0.657075911729139
-0.862176389318236 -0.576016265050074
-0.0270629326201833 -0.467698532788498
-0.155422157087121 -0.191416576197028
0.474764175488782 -0.638635446943752
-0.570298129547176 -0.240295494116127
-1.50096362202055 0.190355804582229
1.64352245756162 -1.03673594591678
1.41888717235744 -1.03949382282481
-0.528061883913638 -0.704949322776667
0.168520263916598 -0.42748524418049
-0.886648299397967 -0.0834238570056662
-1.06532453066891 -0.0641429229694583
0.160158954896056 -0.442818925570632
0.708785137525013 -0.847467255444112
0.702873745878723 -0.636566560072751
-1.7622148622557 0.0819187679559649
0.270287453201293 -1.00344693062797
-0.631246472432372 0.0041154845786564
0.574931843111772 -0.910023643590494
-0.804658945570952 0.153901945061652
-0.0709564442756349 -0.445963116813945
0.159683319817403 -0.827327289427044
-1.39060350115378 0.150004684943235
-0.4906376025804 -1.00799475372993
0.0809623578397722 -0.820333894744353
1.87509449318121 -1.05753214577198
0.166153540890083 -0.299148053859873
2.00372983475794 -0.71949667233121
1.22278700892683 -0.564272186649512
2.00438642747211 -0.829076713585135
-0.155061750210109 -0.619577973837189
-0.230320502838991 -0.708678950933293
0.809060402990885 -0.931303160634495
-0.798217701581243 -0.208408588445304
2.42256631934724 -1.63566880645327
1.59691050475777 -0.704819414766651
-0.248832394539083 -0.541539097483236
-1.08040754049213 -0.288084394684364
1.59621072280364 -0.527462450533421
-0.249243131735563 -0.726250705792223
0.337314186560323 -0.244131693204781
0.241739225381576 -0.925270743300886
-1.33599786108575 -0.573397067110217
-1.52816159744737 0.331727034713917
0.941329183822781 -0.903461045590277
-0.93861502835359 -0.0661535907712829
0.0696355432606012 -0.635925909319836
1.18347081625815 -0.82597769181652
0.049777890260188 -0.432339832773302
-1.20626108910152 -0.542898920244876
1.40000353879408 -0.915285897751868
0.352029243511309 -0.962089819604397
-0.203129580810401 -0.468313670199445
0.763225365983199 -0.641727985226954
-1.36313134149377 0.209351833441131
1.35537648317579 -1.59605381326571
-2.1773150651368 0.54267286200192
-1.14281070497581 0.087760653043697
1.14979160650417 -0.513957940128222
-1.42988895654819 0.156245760685099
-0.899393844179895 -0.62602026083459
0.855222000969986 -0.818947603397046
1.06350159123432 -0.823857043736988
-1.29421104755608 -0.258941275771606
0.323710455401058 -0.512449827221855
-0.375335527227915 -0.435322907729736
-0.625469958683814 -0.444956378943912
1.8104354213797 -0.748706961588266
-3.06221827009185 0.813878259289543
1.13439029481756 -0.545408426678638
-0.954976055831411 -0.832109489580086
4.33061603604734 -1.15808115430767
0.586734171537226 -0.71547162317339
-0.809973784369429 -0.536943693993059
-0.22371798134188 -0.659567688443435
-1.2507166288796 -0.541683848583806
1.69904749841811 -1.16452452302972
1.64580051643606 -0.967494770866659
-0.134481390518886 -0.972774546716007
-0.791399040868432 -0.231565296481152
1.87037481061401 -0.492797718509664
0.536415195253485 -0.73432656531052
-0.558697236864477 -0.432562119437017
0.827897934248099 -0.523170549038432
0.629907211296033 -0.635024302033582
1.2444165107651 -0.90510142685341
1.20189123834632 -0.824595174179131
-1.67473211788102 0.0689536007405478
-1.70754211310161 -0.00348721874981789
-0.836711706213514 -0.444089649148651
0.369208586831862 -0.614168010993897
-0.000164376143647562 -0.876528495812939
-1.09959197231598 -0.310974815607935
-0.10690194648579 -0.751013596564921
0.882807190273131 -0.75319973455331
1.84268846099894 -0.738287955710974
-0.26699550821318 -1.22626726868607
1.83667119014063 -1.40545712180336
-0.56189268305569 -0.531450426932358
-2.29118470096694 -0.115111093928363
-0.201693243765305 -0.550247416027508
0.403231990077036 -0.584600347609972
1.79576931869155 -0.780577911167386
-1.01050560508418 -0.755284461799979
-0.317791526040407 -0.313338933730818
-0.0935963545335105 -0.622060068966714
-0.935373068353254 -0.593133248853804
-1.49654443158278 -0.0210587137515251
-0.133815659064446 -0.15821960907043
-0.206369747508773 -0.970171516554962
0.294313399620823 -0.662599028015634
0.115399279558778 -0.632463004279992
0.792009224044665 -0.820167944142373
-0.187622397332814 -0.416381922611338
0.44697102999155 -0.964640007545069
-0.576770772155181 -0.580364153661574
0.0380131985526644 -0.580567893285857
0.429696331349109 -0.693461136373434
-1.28932372034251 -0.21932744251605
2.25044717310143 -0.938936900972594
-0.691153696821608 -0.521847368125062
1.83683730538397 -0.25812284798289
2.09098459010324 -0.778550602704052
-0.547562079551507 -0.804217453151192
-0.311521612412967 -0.530010862160065
