-0.23897915182492 0.537505821686838
1.33111775416592 0.108766303679877
0.808810102367679 0.326271596054546
-0.193885474762704 0.706038713509451
1.18994159177284 0.136756163440828
0.977853100184024 0.259362762450763
1.63959780357041 -0.0869502877609355
-0.535977298851345 0.370805624492551
-1.08031623618452 0.813803629939774
2.77006852120935 -0.174924851660045
2.06458479009444 -0.188723288144497
0.328425385619648 0.691684157056556
-0.791421244054208 0.692007853841883
0.343153512330944 0.478078582755543
0.551392006944839 0.501217809021896
-0.0148270097882543 0.916074556260868
0.667018438882866 0.0934939850609235
1.11610127003003 0.122540723918975
-1.76296960009218 1.08108934267618
0.313937539700749 0.685816370563673
-1.32738334723726 0.631012630211886
3.12165924058838 -0.779015257184678
-0.555518174762199 0.353155647602412
-0.0501907258939225 0.195293770718238
-2.02343055717495 0.861141012655761
-0.708986272225511 0.248373592080126
2.15106729573712 -0.5533522831398
-0.454602500648298 0.43164397357453
-0.515646922263183 0.394294391021584
0.0754398438548063 0.527844744445047
1.22883541160874 0.348102100814607
1.48686251075343 0.0395232810789476
0.53567399192122 0.377793740274883
0.0324702293869822 0.426338818923224
0.69890905890193 0.0604579845018688
0.0604393300941052 0.680733831017862
0.944425514841773 0.616976396699486
1.09698182557154 0.218098110395844
0.210493222862161 0.1877026790235
1.28171977825815 0.0552055204893539
0.148223599343222 0.897172210463716
0.191407330050757 0.373649890658415
-0.261358972315057 0.894252299798994
-0.4567618930758 0.423316899656215
-0.294709801426618 0.32113595762951
0.337038394669208 0.414411615435881
0.639714836056477 0.151359431770135
1.47277074982906 0.41207759875178
-0.229090332952103 0.636729381185369
-0.593186602667564 0.704663744806178
-0.0376678485040059 0.0655568994872978
-0.306358905098211 0.736817901182002
1.69872574027577 0.0202058001556732
1.34000907131136 -0.326243629281611
0.0481895240219863 0.568272874230409
-0.617493620166749 0.528911295445511
2.06817955605139 -0.220943073204149
-0.710549504741318 0.908059483998134
1.30829909919476 0.595129764931448
-0.715073199570536 1.01945878867027
-0.758528223650643 0.384291562942468
0.502993778018227 0.361487331750279
0.136862118862994 0.42729147094612
-0.456705503054452 0.797473954318588
-2.25249794111086 0.441919054700675
0.0214353832441225 0.675761700848176
0.0528183918940582 0.765482460451234
-0.436628339459303 0.848397686156703
-0.15330269716414 0.677520950791765
-1.16762206757578 1.00777395769359
0.23455140970721 0.380402439371338
0.472409807916191 0.280173415413903
1.35589559710204 -0.0564659577638999
-1.94497429669614 0.767751252803753
0.142403217553542 0.881002433137084
1.67198618487469 0.0782017277545614
3.00154159173501 -1.15332775922789
-0.737705943817717 0.636874788953976
1.04907313264175 0.00808278481226316
-0.182972956837177 1.01106752039702
-1.51803270144233 0.522381015020992
-0.77138162675473 0.850923016775289
-1.21633825021818 0.73183016439651
1.03078225343516 0.43155438305546
-0.939949846867783 0.986576359385618
0.363331147560882 0.469467441891695
0.10414493960118 0.348625679756834
-0.376546590322884 0.949479508856363
-0.201284730318429 0.61229400120767
0.575476959136129 0.506145734305104
-0.328275754534565 0.352739503660309
1.88026967064193 -0.0484602767228424
0.38398221321635 0.176469934745314
-0.261368522027817 0.250178856813687
-1.38971816886572 0.741546378373423
-2.66010837200462 0.99633243244996
-0.259205418352634 0.635300368321735
0.0608661682796857 0.601857458025364
-1.25346396787026 0.845763574343668
0.959123872814754 0.227459634009414
-1.42271639157141 0.566064176064296
-1.98240663878197 1.2814354741152
-0.0767731810343972 0.444446326785469
-0.161115224964098 0.84721409555731
-0.297678519947317 0.935574622268314
1.90961442009006 -0.400899619330018
0.0872448266299487 0.190016942972503
1.60623454177869 0.0701929067162901
0.852871880812602 0.474294190701661
-0.862996704028432 0.711796450346023
0.275175697662696 0.263217926801405
0.487210526372086 0.689781737414475
1.76190941676764 -0.453420510929646
-1.3373505227971 0.569051781150867
1.59433749130659 0.470627699316163
-2.33513695799344 1.18142198538175
-0.979122867527303 0.836589462518846
-1.72023179010116 0.579293658314724
-0.742786807904237 0.491507958738516
0.895470679822448 -0.0175579987378066
-0.852879978473354 0.815415091470772
-0.443244801037518 0.656298112119465
-0.0369902048312674 0.589009496603802
0.776448238397833 0.342690261087738
-0.255318366274526 0.709864819275813
0.551020502738104 0.165406960292509
0.787463633341085 0.233250756098623
0.113600292567124 0.492660040500834
-0.210686032042275 0.240698809046509
-2.12404792175411 0.365254593004662
0.92858057049524 0.375288876747569
2.27875384624825 -0.221990362915887
-0.451686043141827 0.683230625550953
0.426275311280996 0.179671670787425
-0.931410390661607 0.978198124138064
-0.904045931082812 0.448101767767283
1.0480287992428 0.289130520160119
2.95456508744207 -0.696256534318169
-1.05992904852293 0.833408927558545
0.477376628715111 0.588985947911237
-0.702274458151116 0.549685101597018
1.20051206935064 0.244817633971299
1.21924710277159 0.460867676494274
1.4594462021137 -0.193096248434957
0.104174067419136 0.737025510214775
-1.37983159571306 0.607836095609472
-2.1529322616161 0.760749914978738
0.353594118696949 0.256500353834303
0.345031836395953 1.14648716434328
0.141391438780573 0.736951502008693
-1.33468737889458 0.651615808311782
-1.46206384554239 0.67671683747148
-0.171073853579846 0.38652022344538
-1.20795339331843 0.982287043876234
1.18513987899435 0.406078990484539
-0.803812375669016 0.995161909035529
1.41694131132831 -0.10949629270592
-0.979004360650732 0.81696507561421
-2.14465110097418 0.590480686804839
1.38900895624324 -0.143848638206543
1.05675279513794 0.294700719966489
-2.39968414684945 0.652044102771961
-0.910070096602859 0.570590392020294
0.883002287337674 0.6571768864857
2.20977715343084 -0.794863582392902
0.64918309090676 0.580009007819958
0.1592579432642 0.775098556924055
0.11239705409366 0.508776511762833
-0.00635516527461159 0.479201884006665
-0.366141465393359 0.434351552757761
0.0552932579340894 0.613720251181536
0.288190592097484 0.936459414375678
0.660843818968345 0.180591857432984
3.14921672806025 -0.460208743864961
-0.219233226710046 0.801728862074928
-0.394370978992587 0.722045842673865
-0.16949426473866 0.511359702728467
-1.3770576217094 0.42319921067606
-0.899951904367564 0.859313409072332
-0.727280392363441 0.732424398803881
0.344015875089089 0.340292403785202
1.30653343954091 -0.328768852739926
1.31408724066368 0.0648150857245519
1.56357044034066 0.0898021902949147
0.659297997905 0.283827014259125
-0.833418839611622 1.02806834117211
2.80259037730457 -0.325718753688265
0.995540136783831 0.398053917588897
0.580792761975217 0.527718377591392
-0.172649633308839 0.491988494247528
-0.665447740409563 0.726520901854092
0.462602628952446 0.381354620570802
-2.23996501174057 0.387163853869827
0.41538366817868 0.31862922210716
0.372450026584265 0.468054053734738
1.08017471807606 0.151776783462928
-2.02693587237475 0.788227979292278
-1.96087410740847 1.1430276459477
0.731257763217447 0.747641703344256
0.790242845213256 0.368277053021867
-1.22027890603336 0.373453545717726
0.132851706886424 0.872980244017378
1.26749060908455 -0.140846024937169
0.388223078635058 0.420615741521173
0.315764080948891 0.445823549475665
-1.37258869238404 0.248216684184698
1.19592292116323 0.482277557186215
-0.200845860915865 0.215844651922297
1.8160559830426 -0.234455111978647
-1.04880212835268 0.841692349271366
0.335326206056765 0.778177140083938
1.69725992023451 -0.60523829067664
-0.987174760955645 0.485413091247013
0.292527879860109 0.597014498966034
1.39095089565452 0.108368271070596
-0.835315739566436 0.838070605457405
0.16070792397927 0.251874709785381
1.55410914638646 -0.404731724036145
2.47237362132463 -0.745740695258268
-1.16841708043129 0.885982065548799
0.446377604270338 0.474878945504983
0.146287476034698 0.437245652263881
0.838088185109284 0.303671013352278
-0.847530421881737 0.273695595020899
-0.50682901993217 0.6959470425054
-1.30197128409486 0.54384234247439
1.59618023817081 -0.134228949777544
1.3449948727291 -0.0964013710465812
-0.675544234150707 1.31490438614629
1.00355353452523 0.396886916106887
0.21866813733859 0.646738127463659
0.790330042136962 0.180953622099896
-1.38387844507186 0.651573759318625
2.73669824846107 -0.774713837203417
-0.723402460550932 0.933515425342103
-1.54420921029625 0.95620380609473
2.57677153553858 -0.0653939183960642
1.52804377663152 0.146845383921609
-1.17945400990595 0.827551490230208
0.728401450090552 0.095753025304833
-1.37809617961314 0.631262939750172
-0.0144749685584113 0.563827050931572
-2.92053501947451 1.13216461841777
0.705135154147474 0.134591546209622
-0.696166426696206 0.985305604590682
-0.603992708720407 0.661175123356337
1.13899212037542 0.219234887847783
-1.01464660854686 0.661368415608773
0.0430351313138752 0.431958401903486
0.461205939164691 0.794448865053738
0.881644062077552 0.230622792038891
-1.66876302229968 0.505409146090648
1.04212359228984 0.191521474950453
0.275153428135137 0.62169339422746
-0.512450069123721 0.405957987699959
0.808311040227083 0.867363042095234
-0.205775821976953 0.559176594743427
-0.845206411571251 0.540710631273912
-3.24602447845176 0.567551477214385
-0.419765975645662 0.82083879612246
0.263863522328658 0.501452904904359
1.14639564794937 0.133513825033109
1.80426491580927 -0.193579091460713
-0.163248952117586 0.49923766439361
2.11416725458191 -0.648601608542023
0.18285299988147 0.554437927264322
0.0116258463509501 0.246856772359979
1.84264592140518 -0.54406983716489
-0.257297769188944 1.01138874742871
0.113396124462158 0.18271273547035
-1.33576867450597 0.909652955684749
-0.852534603445568 0.674792942001312
0.453119308824828 0.74545566036322
0.771750892410458 0.563915763832047
-0.472833070390653 0.293977065450199
0.656218998272356 0.497534553656928
0.725189307091985 0.0290237470978862
0.845175718934215 0.276294243977467
0.392795295219515 0.835591717233389
-0.920467957513443 1.08727896531452
0.0137404520757641 0.332071977994486
1.11483918585628 0.436620613790091
-0.507242987587478 0.688454537600513
-0.926147152170704 0.33721802239625
-0.794178404440854 0.543827405556555
0.67166726024675 0.485954600179502
-0.449398133571816 0.977596643439834
1.96437804700959 -0.409489737014909
-0.111868706367271 0.453491430309406
-0.997927095672405 1.16593513955769
-1.68543357363637 0.921675860886929
0.903883549804433 0.558659540606395
0.556462830600367 0.513632085120971
-1.07489609806739 0.626137056387246
0.989471761765842 0.33480414954564
0.521564486910186 0.309441988360015
0.108745285123584 0.275644925051814
-0.942302857349826 1.11482932998656
0.307467709170116 0.2559193739775
2.76015687960242 -0.742355549251866
-0.278373142499387 0.539503369399347
-0.183068759536245 0.356605588643822
1.19346747623371 0.515070896287526
-1.05469186712204 0.980605084291207
0.983927780712827 0.637773311111213
-0.290681146700449 0.546029809256107
1.9350902981464 0.198185059033623
-0.862605830046927 1.02072610012775
0.646196728701603 0.463524625975951
-1.2958390628103 0.83822079277565
0.294012996911452 0.497360821282096
-1.03674148849469 1.26785686415753
2.8360555504313 -0.486953706162966
0.702992928325812 0.821204983651328
0.879592492106092 0.130083122575923
0.767734416667641 0.0717275986965593
-0.246766357091987 0.535987613862383
-0.81445010486047 0.520098594204816
3.17600353779371 -0.510204713489316
0.541141205183721 0.861891775932707
-0.0233483671948719 0.700259803917239
-1.52759494392753 0.88809607052589
1.70068077861839 -0.4276700321303
-1.68451377761426 0.442227042533153
1.32752368712186 -0.0160498691411484
1.18807799424072 -0.242558389005643
-0.0279719883283748 0.750348762481032
-0.312440727380035 0.7812283051565
0.972643622362275 0.000928313565269234
2.5565982099692 -0.168467460187158
-1.30422689331328 0.610221188707934
0.387224480591032 0.877853476135247
0.598750891140627 0.617678603969569
-1.23985622814313 0.861874999601562
0.264650932125624 0.389459849414824
0.553270504938571 0.652971439325134
0.628118901457787 0.367213537798285
-1.3713948910986 0.370150694193616
-0.0430683725435598 0.39042065977413
-1.2937182325922 0.492326938468985
-1.31590531064117 0.960334204725227
-0.665166584458941 0.695015566596496
0.739624303102959 0.0879838604092752
-1.18593544426965 1.1545321490117
-0.468324371134036 0.585360363993418
0.688877375104731 0.182602340001469
0.441328631065632 0.482554847673999
-0.353032829997457 0.677182678907662
-0.493227293414513 0.557087157878338
0.825707960063591 0.437133104576085
-0.556249252714427 0.549833881138477
1.05780108817392 0.313422064408053
0.67809939582925 0.0853266692251766
-0.272373062127938 0.903850375165638
0.802347012762338 0.518318941620021
-0.65622241973886 0.825768228794207
-0.679191024609835 1.00700626049191
-1.06418981064662 0.578104137671334
0.238606941877846 0.335044183792349
0.375990896851179 0.707384685444507
-1.08524475934642 0.663744951298512
-1.50216468958288 0.696804262653889
-1.10252533994166 1.24449258436433
-0.320890020562734 0.583949994938001
0.295747852577083 0.218280661597698
-1.32162670409906 0.556130288558236
1.84629522251067 -0.126515498364667
-0.91864711357566 0.714167821631714
-1.04512862479268 0.502276105383399
-0.37354656561659 0.644884975010048
-1.36848065192172 1.12527247118825
0.158593236989178 0.537937030947573
0.051037237821692 0.500148701576947
-1.27099778921293 0.732825150537706
1.68511021891983 -0.666004788358674
0.274211846280582 0.623342713901135
0.123930159248899 0.768902698608565
-1.84242700095547 0.635843719102196
-0.326842759069739 0.4380925160652
1.3039428954551 -0.0570266569695292
-0.356558990701899 0.410046065546477
1.12850941047367 -0.225838436297332
0.0136116695668881 0.813746489368877
1.08821845433988 0.379581729809943
1.48113954227518 -0.0213189329783497
-1.05349148649173 0.703411671425675
0.81630417537572 0.239609632199112
1.36296672235003 -0.466588259078609
0.784379986088373 0.515423402029146
1.02129624342175 0.768140965811888
0.381264949361512 -0.0355605466854197
0.030549091553381 0.113589422457034
-1.91905519381093 0.792759134043158
-1.37411404548101 0.906039892160738
0.199036886338114 0.452208854140514
-0.7472962069557 0.378205528762284
0.350938439018099 0.711102227617171
1.70589192756337 -0.244529251302075
0.57977883342683 0.161807471714106
0.191031998534481 0.593130251986499
0.761849810530311 0.368526395697305
0.0370088064641824 0.277864150880771
1.05471510395244 0.275141517588989
-0.889436311072625 0.826526992184305
-0.38283586502414 0.210440571012376
-1.68754024225843 0.570125123599566
1.04166021421307 0.345786850046204
-0.132810067793529 0.583299338186797
-0.330832509345295 0.57025114220339
-0.387770544727173 0.727921875683144
-1.20803307935769 0.434499582978287
-1.63450650124403 0.7905404488967
-1.24006173670942 0.665639812675644
-0.130524853200194 0.804212140547829
0.526469217073076 0.638080965198725
-0.593174658751203 0.444847549861201
-0.882116585016402 0.801734670270533
-2.41824101908021 0.590579528019594
1.62149704680351 0.121816970599329
-0.660201897183939 0.729194232120627
1.54869339067619 -0.338770259951242
2.08735104042329 -0.470804625001783
0.561442846365699 0.306219388249789
-0.159953491543495 0.763105494896999
-0.195834595327072 0.314726656471369
0.793478093741199 0.198155071960264
-0.600584299709606 0.735885805164147
-1.03222764176388 0.303347132863348
1.13455165475231 -0.126473318338007
-0.57099208488947 0.536259833492382
1.50201199046634 -0.138633487934201
2.54075895414792 -0.663595823981538
1.14013062432881 0.21902742128013
-0.690416439682732 0.897966578596649
-2.2538787694761 0.786803505227921
1.27682170166279 -0.0944216522260654
0.893143795407994 0.674459011183309
1.78696087036431 -0.141356583320198
-3.17810532583634 1.29030696174261
0.801443027897986 0.118381308996306
1.07253029937071 0.138094939447444
1.34979756163743 0.229945885851356
1.02186337985498 -0.205737505174064
-1.28829687075463 0.50698391961796
-0.107195364436053 0.603194826854185
-1.65121130806428 0.511602576261733
-0.12580295700677 0.70025047403983
-2.27195963081844 0.545841818275208
1.46696171328798 -0.290130021183228
-0.778653760808249 0.642395485852713
0.846998058721567 0.359250554117633
1.01393432191359 -0.159614483138794
-0.0679896541093278 0.625549253937857
0.851283108886923 0.64249510922412
0.854144820734628 0.192547830566626
0.658585220597109 0.212943616458546
-0.000882368412786014 0.462323272874382
-2.77353297377711 0.734163662427115
1.44074457926929 0.429345831806278
2.71603701497904 -0.578317227230585
0.534249898150487 0.368833942637001
0.813429611388251 0.0986173583515997
-1.38045339161103 0.995160664237749
-1.52244051678288 0.53541985223659
1.62263939988044 -0.265877838687869
0.313668944784602 0.649141853850292
-0.196547062427566 0.735828103305974
0.481223952963895 0.177370635173967
-1.93301317124186 1.06373312571509
0.191428958894932 0.711321837515794
-0.0274722168800616 0.250947362605542
-0.623573939095038 0.56077494059643
-0.293074977520422 0.656998459669727
-0.525207826569817 0.948739710592485
-1.22248928727561 0.771084141538439
0.411164428653367 0.495864842645688
0.735566582945516 -0.112803139034512
-0.294753689450768 0.78938512469992
1.15314569059599 0.00198317989752497
0.202376266099044 0.589898026224063
-0.621919915301694 0.787559023227517
-1.88531928777319 0.71908064309289
-1.56127851468309 0.717729928249425
-0.631005485272896 0.496259649749714
0.983153724493696 -0.154709126810321
-0.666900990734177 0.696629556530752
-0.122314432302073 0.610365742291448
0.468900657770397 0.477304884643615
1.41270360578922 0.196713979300585
-0.00268799018288344 0.822759849683298
-1.03787729504275 1.08212764874853
-0.956113271721228 0.578842587171242
0.952933681203224 0.307272439768341
-0.945286332992048 0.866403515613079
-1.03037484914305 0.745011890079775
-0.334253986713823 0.734784304826086
0.285096662304067 0.266880927404221
-1.36146579223732 0.852803942112929
0.0856922465159686 0.251427252133799
-1.98794127010727 0.941372748278774
-0.204298409838176 0.398060205425021
-0.372533304047328 0.889563168426315
-1.03916186301034 0.561860900574199
0.888575050126976 0.192173157471717
0.0881171754352529 0.908724847592121
1.08298953477855 0.389063469934451
0.528901057120807 0.153905646214062
1.39447351798701 -0.185228844543807
0.802526481400936 0.5047071097477
0.158846542401621 0.825652004366941
0.31327316542667 0.700343960497732
2.08680814369215 -0.373885722333537
-1.3136504598981 0.291642579778234
0.0169428050507337 0.580357710395692
2.13698139271766 -0.612367139498648
-1.40885826146875 0.867001205447761
-0.403543957481541 0.850599254843635
0.872217893834172 0.082780763526457
1.21027095631572 -0.0205730864988698
0.765543541532098 0.766588419308855
0.129000587574525 0.65848945663832
-1.29573312741326 0.679028151549611
0.671559723969935 0.49330978326124
0.937860032707956 -0.0562926563115185
1.35911849395349 -0.158123144753723
1.71006605990527 -0.524907332965701
-0.791489428804505 0.553241859040508
-1.80915386327238 1.00620202899277
-0.279240744085373 0.753658292017822
0.257141558765011 0.679936857097891
-0.454492374455397 0.987704625470516
-1.07699690911066 0.0938589333794063
-0.266554143537785 0.4838833000305
-0.668117644331801 0.422972117467561
-0.892371991865208 0.606473691303783
0.407539027221037 0.737724121325861
2.97369210250549 -0.596805431817289
0.229579859297271 0.272089202785491
-0.683441818398646 0.783820978442458
0.810940334787175 0.239302243935626
-1.86907975291438 1.10714612634102
-0.57756823077103 0.887073552884446
1.52288217888469 -0.599699986357268
0.31521120849123 0.979167383831733
0.00680296873949919 0.693176800802932
-0.856320406303034 0.0667447564464823
-0.55859912436956 0.676988667919316
-1.86976580058552 0.765057680513769
-1.48343853331682 0.579284468227653
0.77428485939568 0.764875318383214
-1.45441060307292 0.854982402328275
0.300614057651304 0.221572385555109
1.34464133819678 0.0961484142791805
-1.47906842734345 0.64765019864657
0.249496489407481 0.457309187009977
-0.720583940548741 0.798672683691509
-1.32875166593059 -0.007238819066549
-0.0555328834286513 0.608725487836292
-0.242049520624149 0.614420970301906
-1.54031720403831 0.880551077303491
1.40422272250323 -0.0465780806306963
1.39519476236093 -0.09673073898523
-0.784861991089789 0.548513080191695
1.993096603368 -0.207636947131209
1.23686099565324 0.09704134282981
-3.66791127374568 0.821915675882635
-0.0237970903641703 0.485527390218177
-0.123694906032195 0.651972881503235
1.75659443269302 -0.377654421850525
-0.568863265856301 0.394453550237897
1.87845622500057 -0.652345490119057
-0.53296711172125 1.0127932641592
1.03164632676232 0.379751892190062
-2.88385415332656 0.90759491820539
-0.0483650697186418 0.486245488190899
0.434719661552532 0.367614467159299
-0.611579362769402 0.181175574688652
2.18070003563929 -1.06816189633649
-0.13218352080306 0.42197336449537
1.02775220725133 0.026757158065096
0.623183729858669 -0.103043250423885
-0.680189458943673 0.735476583688235
-1.20019681603966 1.03502941302318
2.44788693135056 -0.484323303427675
0.425540444083122 0.563237598986285
-1.18669273315121 1.11388059149316
1.54915218696171 -0.109978199161664
-2.00070024147589 0.458520404481407
3.09318451567018 -0.315525978296185
-0.629935005224335 0.902407442575645
-0.797407893741042 0.708040271772227
-1.36091757203477 0.314433903648709
0.700435905084462 0.20930172787831
0.886835955228241 0.456098168843114
0.0665996384127966 0.653499579155742
-0.88387816313563 0.0436773059893435
1.03728806353197 0.500793780929814
-0.442660458410407 0.951813507934791
1.07309224392358 0.721487402040154
-0.149633091994384 0.345852502932506
-1.22314896081008 0.393000532669824
-1.44928910441691 0.939774416578662
0.716380227537012 0.558345443277748
-0.0233341043628787 0.539492644363854
0.212879328525731 0.802561072288137
-0.861853846332208 0.83320716027355
1.23445641184055 0.0499849519925117
1.43171421868345 -0.0829042220369481
0.636599434121812 -0.0128059477516745
0.345607703655751 0.291099595721961
-1.23527684263131 0.74957162918884
0.0680776010256577 0.281794315144655
-2.6832037829951 1.29626251748845
1.46842982013178 -0.0315075578662514
0.45244691491312 0.607189116879185
-2.25962110579859 0.89528715497244
-0.806450078561495 0.938824461667465
-0.250203317555016 0.516885655962542
2.57018206099708 -0.433942017039231
-0.0932905924682634 0.47647057307016
-1.45698221372568 0.655400371039975
-1.65017713659957 0.861859689689837
-2.55087538481511 0.577094977875997
-1.1923748941969 0.806961149570448
1.18588947725007 0.17608764358731
-0.21551528639649 0.767768235092434
0.916713455556442 0.543976174826413
0.854876115609288 0.199224267479745
-1.40760084620075 0.899721793905129
-0.53098219114489 0.824109504285386
-0.596755696019519 0.537006556034419
0.23861270999507 0.402444916892303
-2.03630669520773 0.568457397232941
-1.18097522216188 0.584105856033495
1.01458481174002 0.137664442521775
-2.1611592916948 0.930198997241601
-1.16971613485766 0.605357088639905
1.16424927279265 0.105240888042419
0.568649668155612 0.667827273822026
-0.583432428731984 0.648215502923551
0.739058756364967 0.0671759696704012
0.578361175957331 0.19536304401254
-0.591810837245616 0.57124724419952
-2.52140822697132 0.802817019180883
1.39238490491302 0.138817499455701
-1.79872148059794 0.263367140271222
-0.724294827078794 0.772033739204104
0.898163491543828 -0.266872132612315
-2.9162598726917 0.594189500496068
1.30073765695253 0.105917061972598
-0.985173316852345 0.732127573124275
0.273821545992593 0.645723966647094
0.144003881549365 0.843021047515694
1.28708820409032 0.274556193041083
-0.130409481931809 0.598178708951442
-3.30278816473716 1.00839132388552
1.62735385944802 0.16965181161083
1.78845249720216 -0.307489399444553
0.95295541238508 0.601825738145466
-0.832411983996459 0.71388152020998
-2.11452944603957 0.850560501955297
-0.152742683405233 0.546657676511679
0.0517708383912038 0.155923567588742
0.384755882090418 0.660194423364631
1.33425177564915 -0.525806390718478
-0.800411930948452 0.958164183616083
-2.12624215444776 0.757125139759606
-0.956306667539485 0.883896237882993
-1.90931110722494 0.567898099286047
1.82932951121825 -0.166551955874512
0.212917275565445 0.423728038742055
-0.396294489008245 0.604473596262373
-2.17814138083308 0.767282714950508
0.166855092559126 0.563610097444799
1.52898238158743 0.334642844675344
-1.2047091701123 0.525377445016659
-0.18180421572139 0.677916647940993
2.14831467393733 -0.369983247782121
-1.35311051593794 0.89445504302025
0.501943173480075 0.61677947332514
1.18424568166153 0.253945585986267
0.717885610819398 0.537240132643935
-0.14369471572768 0.676598627309871
0.230586563975134 0.408570671635609
0.681461837089461 0.646888110605795
-1.76774281856864 0.597893546118027
2.77991090523987 -0.768349545265294
-2.56745399311086 0.603383792353061
2.21869989158118 -0.465303275517557
1.12888021895481 -0.167930655097401
-0.185070348026639 0.452187606228368
-0.760175370572081 0.657137794404204
0.293327889763504 0.472446611007482
0.305413247315799 0.681925339193259
-2.45804514722509 1.0623323274998
-0.40118472584401 0.510890908047773
0.0439082817847024 0.107362420583779
-0.468389353624542 0.552633664937258
2.83522326068169 -0.864712171568816
-0.836964531217409 0.672757392640824
0.45343499399256 0.552067138258015
1.92668737993868 -0.594688964602145
0.32565421086222 0.56331661018351
-0.952898488723423 0.920153036189636
0.865622410014343 0.236871041694093
-0.244347420188977 0.470566601165852
-2.68303544686933 0.698228023119792
-1.73435352420001 0.859172912230085
-0.537399159134511 0.846828311940089
-0.224037840852841 0.569097410454983
-0.080389220141251 0.587105002272483
0.654919411546686 0.60329546402316
0.421197872161863 0.446084679294478
2.80778267915323 -1.28637731435487
-0.240098641354591 0.759705862574068
-0.0578857311490919 0.616475459173287
1.53421234140384 -0.0784802591559668
0.193047091779208 0.816239887887061
-1.14257375115982 0.829463665397941
0.830895490289606 0.368502325725325
-0.21508432430959 0.368189968514335
2.95343012891526 -0.572862833073442
-1.09147516726763 0.996050987392211
0.881419909765052 0.705420857046282
-2.52925434782605 0.734931162959288
2.84386035641832 -0.402579912265658
-0.152708355250428 0.521766152685065
0.187821432879661 0.30074100335289
1.77265265185243 -0.224790261378214
-0.278624579059818 0.63731503836857
1.88975987281437 -0.643154480703344
1.16866556986355 0.11607596755829
2.52898194013228 -0.395994419595769
-0.510960557175824 0.76089936782066
1.28545146228021 0.120090741263816
-0.0629611517551407 0.236834366575389
2.32868264018529 -0.48657486746075
-0.451925908733406 0.546081302498003
0.722062293407381 0.622192026081071
-0.686596417314763 0.658210222456187
0.585887621966654 0.689613557178545
-1.56049140517809 0.894311976010084
-0.831892273543336 0.876994445306868
1.72983220369689 -0.0735013713369514
-1.25724855441209 0.731270127381706
-0.371359494595974 0.525175877985779
1.89850411812713 -0.360660880127705
-1.94264508581141 1.08981530204539
1.99890206993909 -0.256477080994543
3.58844830911311 -0.917989408565306
-0.443925550380504 1.08916811902614
1.25276917744282 0.355382042431549
0.495468135424908 0.460199231404308
1.45441962133798 -0.293850676251596
-0.73001932421241 0.932926597060916
2.41141883472017 -0.244734927660736
-0.295892953944473 0.397253224168239
-1.48881504909221 0.904388201923431
-0.205228349312852 0.810612997931703
1.35068440899377 0.0615340488543753
-0.011856335157006 0.6318307953521
2.48510594174307 -0.298457842255989
-0.924031661776616 0.915218646105142
-0.199146369289699 0.458432915864415
-1.00271887691799 0.2862004869084
0.12871999970973 0.756290478590167
0.260135842656666 0.323065440750728
-0.927081216207952 0.886077491901923
0.268757848719238 0.418158914257642
-2.33341148361139 1.06649423272199
0.0815644393042162 0.378111047555458
1.14962380893233 0.194698339459028
0.627388230176367 0.806855671544442
0.868985527339626 0.309104051853475
-0.362104151987508 0.432333790319574
-1.56283973766586 0.899229950426628
1.54437696444067 -0.173094766463242
0.0198943226558498 0.54059182836372
-0.859708839769943 0.475538757921277
-2.62283377426168 0.793090545662922
-1.14960815732146 0.909449403513482
-0.834365835516122 0.460264228092492
-1.60938462796473 0.66746882481027
1.44094235707858 0.0711752329108808
0.0796957012633536 0.296976701961867
-1.58022856195298 0.976937563248444
-0.0217793249055562 0.428903220677674
-0.571324116173847 0.821500643105384
-1.68723565804729 0.748568270581096
-0.873620891340933 0.70313596815157
0.462241817103818 0.666077060027924
-1.93561360244024 0.711943725245233
0.254980210379585 0.33013051134028
-1.65036703262097 1.3332575886198
-1.67877175417419 1.17050039220276
0.149036065515076 0.835332172978082
0.267404341046448 0.366293503875174
0.901837018208145 0.453776740679232
0.379321933617048 0.167627160485676
0.642512817342858 0.530291217003723
-1.11057652052474 0.651263992279246
0.226635760912992 0.364628640487633
1.76349863754176 -0.285452130782741
-0.73930033895864 1.00045245247725
0.20629045608858 0.509076078174751
1.42278639558044 -0.0952550470750061
1.20850581316106 -0.0857931486471165
2.92396876369736 -0.557734229807198
0.174449958023344 0.156888101242294
-0.990016757096042 0.60475546193437
-0.19872518836204 0.795157011313581
0.672465779845075 0.283492463850243
-0.914415530254872 0.784536390655281
-0.945683011409529 0.221731040236544
1.46322671308413 -0.0538904797820687
-0.370397607392068 0.586005371370383
0.196927867994224 0.458120813237534
0.258400882743651 0.960181436353637
-0.180757072591216 0.73626002517823
-0.58874155961883 0.947489120615411
0.900050313485304 0.756660193228649
-1.13418558685345 0.918291865830976
1.89419799882256 -0.647570635610581
0.406690593086569 0.300442069334072
-1.1827847402585 0.39032845229885
-0.749418853854082 0.661453207377645
-1.53783841246232 0.86578034654507
-1.52554783676477 0.829270941794351
1.48451564945114 -0.317670768640552
0.988485766820616 0.217850715783561
2.38545617658626 -0.350797214409577
-1.82469808519021 0.796692022192169
-1.60296329982168 0.656781681667155
1.29924538528603 0.266336365264058
2.2327184650342 -0.0507795131514907
0.0289400008221105 0.873552793856087
-0.856949010414562 1.34483162191695
-0.371064969464652 0.483621720885223
-1.29568274742419 1.0659280436105
-1.37656002686134 0.80592493165432
2.50510736793403 -0.304214293239532
-1.05108326676018 0.703783552263455
-0.553861964496338 0.419578262014237
0.416848693813688 0.36759852219209
0.157929355912148 0.413165003040331
0.937287059596574 0.477690466028379
-0.842027361193371 0.812056549733775
-0.797155003892853 0.919294588194281
-0.163349711838924 0.282663201266706
1.75705760444469 -0.366693934745904
0.598754189134514 0.350130812621984
-0.0129829310862813 0.826846449958298
1.91999463028434 -0.0680884869505137
0.75788931147687 0.0953824383605099
-0.396106845075131 0.810983206668092
-2.76994077349806 1.12860435980521
-3.40274550176038 0.673720218839179
-4.62455597134299 0.53377227692831
-1.27668438685553 1.00097789141569
0.687669546795861 0.84061256601834
-0.474628318302897 0.682988784208342
2.56193517953878 -0.440065589162285
1.67069675288712 -0.230791470071533
-1.34375341337742 0.719314328585303
-1.54127767437632 1.0808063493565
-0.594666729394834 0.413104594325449
-1.14427942311094 1.00348455872902
-0.310665594510195 0.343726127625897
0.0876483950919515 0.606747153506564
-1.81227154054705 0.658504236580437
1.61500657261477 0.0486695059660047
-0.869393888933075 0.566757308719895
0.271082904177729 0.321533092212624
0.0960130737367335 0.481461152081387
0.22747415761449 0.440555502282703
-2.82362727443475 0.654193116454381
0.840162006381957 0.506388905411194
-0.683427152620889 0.775676649073505
0.189621808307611 0.622902588602503
2.15736713004899 -0.150577404524114
-0.780415593117565 0.444277619824915
0.189206647025737 0.849671921103031
1.87445130750749 -0.177940047101259
-0.841000811277658 0.685577908968135
1.58769365559509 -0.300156730367012
-0.612268772020189 0.654526145814082
0.260963713461429 0.495355259670238
0.418326554665163 0.151202010321799
-0.908917664298052 0.703696305683878
0.964704991456445 -0.0707814638202124
0.568752639084426 0.51578647885462
-0.352063315126349 0.692772019784286
-0.756370540234942 0.631450354381921
-0.400451037786535 0.454537640685888
-1.02838439170201 1.00405883130058
1.50955387369142 -0.247693962577603
-0.770110534284126 0.829666395924408
0.189366050357849 0.652401661090558
-0.330301237401838 0.802311681665021
-1.14458367501974 0.973382528602769
0.4820134320836 0.643491057438431
1.00880687653707 0.0584988856231434
1.51928953450874 -0.223758961733713
0.737644963210204 0.162846087255134
-1.56454936237935 0.916049344083914
-2.22065106269533 1.14498571478373
-1.27784304234592 0.775528720693962
2.26923860231715 -0.560079332658911
0.768968624188616 0.403923578273011
-1.1290695312561 0.835228246635528
-1.69522047902261 0.996119397738661
0.495247366203758 0.418795661236645
0.588513219741569 0.115320072398259
-0.0991632613321174 0.18239217854687
1.50846919090607 0.116938951429499
0.133768080770573 0.256955195286488
-1.06934484199306 0.489917964079308
-1.04139760963605 0.57490982961036
-1.18419127512697 1.02256313318144
-3.11482018680578 0.869383714176358
1.08903556233202 -0.109989024760177
-0.147228090204233 0.84352936540937
-1.00360820928896 0.752559589909724
0.61941901747888 0.739857411964128
2.32705558895258 -0.635764892322766
-1.0759946143137 0.447726967859387
-1.72832492454365 1.10454953251052
1.45163791742708 0.276627083065095
2.07543067788797 0.101619626139453
1.01512403435678 0.0374594649859652
-0.036665733352217 0.599527007939281
-1.44399314563092 0.743416814035025
0.461841432387322 0.563703853162401
0.210209267034959 0.30267920430025
-2.15160852916441 1.05206051180077
-0.578305833475561 0.522651202060314
3.24140252669196 -1.44091320538545
0.560597408914981 0.113954373085257
-2.06455325325086 0.640440566679378
-0.918336458322658 0.831834236909869
1.9282387739791 -0.63676888463285
-0.496545460208221 0.307466290506586
2.66466520415179 -0.501354884432225
-0.711551205969542 0.673814818873738
-0.0760340835986829 0.632910655700335
-2.24888453055242 0.662363790133223
-0.11249310541992 0.404535334035189
0.449216525452117 0.298064966265472
0.253342327710733 0.491545619743391
-0.460946133593549 0.526788917944384
1.48977547235429 0.181713855138937
-0.991874408415066 0.629592515590597
-2.40115447822575 1.16068362760119
0.259706374692991 0.204766628584079
-0.494628200986587 0.592950409029244
-0.417652128311598 0.444508935575958
-3.23743940161094 1.00040372971607
-0.483949099783481 0.507010852885455
2.48390895833082 -0.538506323960253
0.963768749595339 -0.141729412544096
1.27787577408082 -0.063651919739358
-2.36908015085723 1.0090155788714
1.95869392005756 -0.211071229620233
-0.529982518709581 0.366163422506845
-1.23417818363053 0.538327531114061
-0.787179878111382 0.662086560327227
-1.1173280130109 1.61144108473587
0.567589612314496 0.404919415761423
-2.12579799358183 0.90253229065052
-0.0575727963189457 1.04071529641309
0.988313277971127 0.487325743411852
0.359315070416027 0.637677275554319
1.11616744903657 0.0553782910503437
-0.124833161708926 0.640224983239378
-1.46696105712029 0.804021543648739
1.03863302060614 0.243736685944095
-1.28846298300787 0.838599266153799
0.389869741156781 0.736523034658243
1.99444309468177 -0.478728011980374
1.06895125588918 0.389560811497351
0.430394111113634 0.282096879461591
1.86654871178927 -0.168081634278089
0.510691778185642 -0.0166444118048434
-0.769299229358644 0.683138626777412
0.0165106298973255 0.342685565327115
-1.03649023654517 0.687136281666231
-0.0528052748236809 0.489879883886885
1.42017000249206 0.287789357327431
-0.334402613709827 0.384219265862784
-1.75644250150243 0.495208089352905
0.449012701522504 0.38619480649101
0.667510844897266 0.665749662355028
1.55257554979316 0.0518809407350687
1.33738582667167 -0.127711559189185
-0.670874208112776 -0.00402317399287977
1.75657046146179 0.13162963018879
0.730270088578016 0.128933367705166
0.86242136355484 0.504984093825111
1.2165581591996 0.275287547143378
-0.189884679884618 0.398627600465746
0.845517744938046 0.260846134792889
-0.240618340534066 0.404723986231935
-1.19191848438942 0.735638036997748
2.35653502797774 -0.00705957852791284
-0.95869318945533 0.785375740372096
0.20910087234567 0.633906463660769
-0.0153382220258788 0.645250228104163
-0.509621770928039 0.680490978138204
-0.453422782688612 0.649101214402213
0.211616829986176 0.517926744322373
-1.79645343930201 0.64949055236982
1.29872761712308 -0.0731545693341031
0.00510103989886322 0.334350277968361
-0.878387579452535 0.708260589971913
-0.142856724794164 0.662292846829902
2.23683283576803 -0.857568279643532
1.26906270428051 0.195264414426051
0.642940330725471 0.446189691209921
1.9692199975134 -0.607189709436182
-1.16225672961925 0.184625883025743
2.47883987247598 -0.514571562609886
0.138450963021927 0.632803233268103
-0.376183168032863 1.05343238509422
1.07385167738949 0.0963453426198384
