-0.487437514910525 0.146524719445275
-0.739833918938696 -0.140648598231895
-2.2144640500326 -0.733629102887165
-1.79218999849259 -0.294901834992393
1.27969027848638 0.852851746712615
-0.818685863237885 -0.0727497731252214
0.668326795152161 0.323957632804888
0.276093738896186 0.40494754618932
-0.509518610734029 0.0248650932092916
2.3076263908286 0.811483164257853
-3.36028894731474 -0.696840697899705
0.236789160545714 0.425606198620188
-0.753404981295517 0.219833659330075
0.52860079411754 0.677866738403599
2.44628898358108 0.789799530447131
1.38121900688708 0.913646218944763
-1.66050371480198 -0.262708134939702
0.695451204500941 0.799064926840434
-1.3687847206962 -0.157364954659973
0.620442200500221 0.259561503155963
-0.875514680124336 -0.00650498595333542
-1.504373079781 -0.416123797161807
-0.101377558095573 0.249303941460625
-0.344206621100613 -0.0623250621637909
0.69848172649129 0.735400415006238
-1.7385882845881 -0.0984970331827332
0.0792804788607642 0.288552338942383
1.9188205485249 0.824117696401894
-0.402469935934501 0.183394721672567
-0.303138990364579 0.318756289733182
-0.447102425176033 0.0546583757505856
-0.0336848618300679 0.0571719503854251
0.0850738569614693 0.46981131884375
0.31005820818152 0.451910347304769
-0.727544568465787 -0.198268108832367
-2.0437496926649 -0.427301894811758
-1.48105696960388 -0.359283757570892
0.416330551174078 0.550985183308342
-0.499384381004809 0.171905670417245
2.19585665269809 0.63317162379157
-0.504747476141886 -0.138832611672438
0.960425773871225 0.651785081467214
-1.49337861515577 -0.625412482643544
0.520976294840059 0.678272621242288
-1.34331948465914 -0.520870460372935
0.212993178255632 0.89067195946817
0.791930072300509 0.394982334317276
-0.0930091151095342 0.104147226234602
0.687180554568675 0.917145249995204
0.118336205844981 0.540838985732474
-1.42008701876382 -0.535402772930751
-1.61727722278928 -0.0634321385155593
-0.387304726917318 -0.0389192332750569
-1.81810804528544 -0.38674825821531
-0.128540460178107 0.38313709317914
-2.89215912108864 -0.711632339355339
-0.113810673048326 0.835914983161241
0.321246341724485 0.488981631440838
1.55281791612246 0.539231619750693
-0.781015417531244 0.179091386198772
-1.8954813807396 -0.512919415520041
-0.597011340689694 0.155161935281566
-0.838966707570005 0.515387913982123
0.619647807939944 0.40721454422629
-1.24687495998091 -0.0240574748477224
0.475450443188658 0.649284735638808
-1.01903850642975 -0.398618508977092
0.394951566921971 0.398291629777302
-1.80197475565716 -0.305444668766076
-0.0505686442328068 -0.137836196295719
-2.12019891550442 -0.838458910650075
-1.29480618321404 -0.538037117828748
0.323251700303198 0.229552517319215
-1.29302702721905 -0.245496930930906
-1.82523135553985 -0.202722852329519
-0.993649010878657 0.155355348751019
-0.939149832849461 0.124758007316382
0.593862433004676 0.287883517340665
-2.79233990339235 -0.419251727467317
1.21893945760155 0.038233821412567
0.92571237968726 0.635904665958029
-0.603506998897633 0.0525087575290537
0.719381559863466 0.749150742273007
0.276732974186101 0.698101795543772
-1.92326458643304 -0.776368764343813
0.344370264446056 0.552538060672134
-1.26225792747558 -0.395839582571607
2.07198959090504 0.687632521564538
-1.25056125062298 -0.46368656490911
0.80266737163676 0.554945377649593
-0.61947761307662 0.119658717930818
-0.360329124088107 -0.100064280484276
0.86938018529407 0.400894396201973
2.60431893535285 1.00618290613408
-1.32824394816436 -0.335997736439117
2.28076939398166 1.10637833201645
0.137770135880323 0.197280468022791
1.45609868457941 0.648888515576015
-0.203517215256386 0.0214372824590094
0.0197526276407345 0.751401428026479
0.988361008264193 0.0332956436894206
1.63053265855609 0.669500821349088
1.82024511005691 0.714288693280328
1.67794453880961 0.577401819595102
-0.948343325959438 -0.0666154276549212
0.862205258812457 0.671892041441523
2.29934392780983 0.950758841868543
2.40742624732342 0.720488905934601
-0.995857629796031 -0.327707908202765
-1.21613594980913 -0.0393769351754822
1.22572446476036 0.305073199796982
2.60071285418852 0.921654104995909
-0.016772290526785 0.381352122146915
-0.429892964944406 0.128776680108715
-0.981463998652118 -0.0509834302254368
-0.72548108220054 0.209149407691968
0.735927924053435 0.342520193080086
-2.24801676706195 -0.51201190911085
0.602710585383079 0.974026246700363
0.639004715858738 0.469754521003785
-1.2988336441791 -0.238090351920792
0.694380588540997 0.33839245543645
-0.35455494985762 0.0601130662915014
-0.0640387453201789 0.0831499825123846
0.945639262169 0.86696852118239
-1.11360471174895 0.0125361259870172
0.451641399520272 0.3119071618528
-0.607190006487144 0.343607851930717
0.606495303944164 0.730558752933493
0.416337355643494 0.25734617670454
-2.09949758816952 -0.370299886584126
-1.05043736236848 -0.430502271645203
-0.00475667781577964 0.415743865985078
-0.32611204055822 0.0402256759973451
-0.888759163961674 0.749779808893994
0.387586999577838 0.0219117607828861
0.525631703339224 0.425725832251024
-0.259586074366718 0.0398580693696475
1.1826827519748 0.714117309820062
-0.668026512618673 0.457280434978776
-1.12378645830788 -0.507019467851354
1.09593756763253 0.764501833282595
-0.113604124947687 0.443000912107431
-0.0523006906644062 0.23332873298024
0.986785244623229 0.626688458991975
0.950401948267225 0.431292758959938
0.88365797739609 0.635637436516625
1.84424237918403 1.13060851000585
-0.0678307631275065 0.11154203099961
1.16925606206662 0.604602902694226
-0.913102407896809 0.235535807105911
-1.01683619523614 -0.0905642777462862
-1.16865442567869 -0.112347872382434
-0.91497681760484 -0.141739477685271
-2.63331580443858 -0.519554867706779
1.90873520873671 0.948306589478351
1.13489097491211 0.862525289416442
-1.75562103469395 -0.87097743548274
1.78531273050503 0.624104256180215
0.109578762930693 0.160740016901712
-1.47065730415187 0.0489120955856358
0.756552926685642 0.56087498418941
-0.0280386834548978 0.524886464500755
0.502493913309416 0.974522874296415
0.162870530971449 0.444834784879987
0.315740226441381 0.485208030822921
-1.21302040895735 -0.724586306741045
0.150020383037361 -0.0704672776273302
-0.279715905973335 0.388013639365813
0.42755747081951 0.421896728807695
-0.564515811973967 0.344581037847805
-1.0046359640895 0.420239252724331
0.332037551539039 0.826534646881829
-1.39581301193595 -0.158768436673079
-0.690327421293239 -0.142014339521026
2.60894138713134 0.760905158083999
0.682209733863444 0.552851857270316
-1.10513441634495 -0.140762884388525
-0.463776564313444 0.0855559534579275
-1.0655042410757 -0.0475297035059426
-1.10270001821815 -0.295433387162145
0.787836216354296 0.600683089705079
2.12370106894119 0.867198829824044
0.418046467835002 0.619904639015961
0.181337529969543 0.0701476407170559
1.30782818892264 0.548894758518583
0.459930907815919 0.58302423676173
-0.487297068816352 0.290094072757288
0.557417627734053 0.576441560169789
-0.341821053780815 -0.0816794951102054
-2.74576889242479 -0.623448393358916
2.20261723177517 1.16783883981123
1.1679510099661 1.08609561879382
2.76746360508188 0.911205885855817
-0.774560747325505 -0.513670599610498
1.49750651463884 0.471200780139754
0.0922829921051111 0.0906811892543232
-1.96349092118703 -0.799892421082344
-0.13806785671723 0.643706221211002
-2.71485422243551 -0.906356875334027
-1.8764490350764 -0.75056418273827
0.163828021926 0.266312887786539
-0.314522065245085 0.167261023199998
-1.7146202005199 -0.510101193947767
-2.18937539045526 -0.891559949051934
-0.0360077809704834 0.335992679975596
-1.80282184435087 -0.356169604850919
-0.954567831363098 0.332214094017266
-1.41738475518806 -0.218038250939909
-0.0465008149283002 0.295739573859237
-0.315077628956066 -0.0359460907069253
-0.899122958083487 -0.0409823307425188
-0.672884100795428 -0.292987876272613
1.46144766681308 0.342235866423378
-0.51847945620264 0.134605517361761
0.66154374629736 0.502822428639069
-1.04239121322837 -0.350009812634175
0.136604447457727 0.227508302370202
1.6884282863448 0.668142868344977
-1.55478782921325 -0.574118349945965
-0.395803890649214 0.160647691614115
-3.02140582007234 -0.420290579217986
-0.29167596634751 -0.0807723621341633
0.0722600469296725 0.887577431977149
3.32442136556977 1.38726694088741
0.900563786603118 0.560620112048716
-1.47906713099386 -0.143219512365303
0.573223623841189 0.336937231467184
0.830709706664708 0.369624633169198
-0.451876124322364 -0.042425915523278
-0.899462995473241 0.211562338117064
2.47111640096919 0.459894263718746
0.600878480996067 0.958908792283992
1.94301029614331 0.867326283480042
-0.169528280029964 0.623337960740274
1.62014227343705 0.641934240389267
1.56097220224056 0.948572551692122
0.833771877699505 0.745433481523723
-1.1928225159506 -0.474730909013793
0.223171320419474 0.497239052133697
1.61912947502345 0.643353456493478
0.75521206811481 0.731696169594721
-1.25359080102203 -0.919613439013822
0.585557912419441 0.472428944884678
-0.0930762295758282 -0.0888449369898943
-0.826480072369927 0.693696437601875
-0.225312983827619 0.207801122731861
-0.483764991849429 0.350980755198253
-1.31964285810668 -0.68789511570687
-0.368536601990786 -0.0737865398505182
0.119820293382875 0.760064889364454
1.47085139086676 0.525600800253491
1.28001666294716 0.693923312523682
-0.782174291730982 0.00594822776435872
-0.83259945447131 -0.221242928766688
-1.52402347426707 -0.458262454710405
0.0473087543280308 0.341716030048893
0.762720337015363 0.343943248017526
-1.34527871385106 -0.141638019511491
-0.32105260155421 -0.0354966182510377
0.395719866545026 -0.0980101207122225
-0.17092351417986 0.0804495030534753
1.67742436955625 0.783683887178982
-0.104051534382554 0.584908019077568
-1.1970445734919 -0.355519557220891
0.57320295065017 0.789236331179909
0.0896611919614362 0.619472899440119
-0.116000041068169 0.013909025370275
-0.764827596936479 -0.0967728674551118
-0.641843343084118 0.134250628089477
-1.57754058617801 -0.69027916798285
0.947518529044764 0.65670650981865
0.368451986116067 0.516002078360589
0.579765357680695 0.817263067249164
1.33709616761342 0.609744418871985
0.357912427208683 0.452041598226651
-1.23529253832907 -0.0672732077718745
-1.42788133772068 -0.388892302479979
-1.27196074704486 -0.520428893649895
-1.61923728962072 -0.288814049301151
0.276173195701336 0.986119766019417
0.123914497517487 0.646812813737994
-0.662994176957004 0.171408546275822
-1.91435106647477 -0.539299889593822
0.580051619733458 0.705771514303711
-1.04361305374506 -0.290461717265833
-0.363565496678734 0.245246797903469
0.241797133101024 0.653447232125482
0.425867542594169 0.522578589016749
-0.771878320835905 -0.241770247953923
2.74714752220164 0.925286245937163
-0.151259204499853 0.482063033026219
1.65720543589362 0.35787192353849
0.375173415032094 0.752308897542264
1.97646309961713 0.670148349973679
-0.816910112721345 -0.156078725700566
2.14000401970507 0.929936499913921
-0.481911811507696 -0.384140241559526
0.0473215272682727 0.177337958871498
-3.16385596461559 -0.863397208738242
0.216042511849108 0.188617805397987
0.114720754496417 0.168311628935689
-3.95574793258613 -0.783190177993848
-0.824364689542364 0.242941362024138
0.00286263599686252 0.106845594984538
1.33819854912583 0.670439476178224
-1.43387408112206 -0.246989724936858
-1.64309112566664 -0.525791315446611
1.17795612085335 0.710223865392768
0.433018669420707 0.706835311392391
1.77724653152642 0.851658084667669
0.726272211675242 1.02843356158828
-1.58935644744107 -0.655771959387506
-0.187266646912904 0.419427369219861
-0.0247039671935756 0.560193130243198
0.0734161459359075 0.641200309755069
1.41985357117089 0.548234455071312
0.518945785441517 0.666878500222011
-0.614481548730554 -0.00198126242982737
0.777804447727291 0.540973390710266
-2.01744723155935 -0.604124809553792
-0.545187672146622 -0.195715662249086
0.36039336070791 0.176725765204745
0.908953251391308 0.0226098397059324
-0.452617982542495 0.154389944449251
1.54114192067871 0.885984728010581
-1.48872890505966 -0.291211797555009
-4.37322832630471 -0.480248269233678
0.649438389095012 0.342612018355953
-0.724547609281863 0.0483545530009594
-0.400581604175376 0.292803927229868
1.4752704851303 0.582653472568195
-0.512974554557487 0.0508161387980884
0.156572542964182 0.312585723241373
0.676837956688198 0.600041033233153
-1.66988653017155 -0.0958192163782274
-0.219379468430815 0.117650893310582
-0.727785636073697 -0.151534135910376
-0.784526935950544 -0.174354390490389
0.076106347662509 0.738177027677787
0.325977476344513 0.329834340719054
0.231423102644757 0.29398238735503
0.403858708811362 -0.240674550886876
-0.377581852648856 0.437694848256024
1.99488286300809 0.735009606514888
1.4700018059082 0.572623388663344
-3.50741638484661 -0.670852381884895
-0.234361285812919 0.13300031184458
0.367949886801413 0.591225132972713
2.36726813624492 0.635839753384503
-0.0899851294389905 0.272206672788254
-0.969803053744243 -0.0329862827140058
-1.41075432757062 -0.337479454460718
-0.50839343078457 0.442875844783819
0.421405477518259 0.604756380995014
1.40097793764567 0.288607897092682
-2.15851161465247 -0.718580967556313
1.14684052475817 0.892591000046121
-0.905377427782472 -0.130678117260152
1.49465624999891 0.587898461617307
-0.30690558903564 1.18573792366514
-0.605842259826005 -0.0625655809424158
-1.02667935133242 -0.43075783718001
1.94052125452295 0.980999732975939
1.20273167832373 0.219294936323647
1.28009155441894 -0.137739872814886
1.11918404025826 0.788234251495558
-0.354300622483849 0.140311027628202
-0.33574443597154 0.0806087818597021
0.439098440412476 0.681560171477886
-0.785822465027885 0.194563881255611
-0.673182785945936 -0.0325039109363888
1.14755513310489 0.939258340852495
0.341156668583536 0.804914656647966
-0.523139240272645 0.00389541995360021
0.412636557413413 0.844289241686447
-0.846015411371308 -0.0578350400256416
0.822492472603779 0.331145408066146
-0.977615989332853 -0.340019355715265
1.75332770381051 0.954534136290718
-0.521216942663863 0.354179059518391
1.32385538695118 0.887766471119262
1.62826297139467 0.79271067092844
-0.252137083519686 0.564139184337075
-0.318103795864945 -0.0140198253289512
1.05826062907123 0.625216626778793
-0.687735779984929 0.296947065706226
-0.448126560635303 -0.149505870312586
-0.964074340439934 0.0258897460793353
0.39939582842053 0.242425729353518
0.192388141482002 0.453680825933901
-0.0990412038991637 0.568436355352829
1.00345644755623 0.466246769645822
-1.92269875882303 -0.737474568179622
-1.3663103000934 -0.772728083223867
0.498305244098456 0.755735386436296
1.84506065420899 0.550072290058109
0.611112939213824 0.735157856279995
-1.34795495073309 -0.433936575692028
-1.43934255141794 -0.449362185621315
0.0776414624719307 0.331244034258479
-1.46737695690427 -0.2248766893776
-2.54985890013972 -1.09762599742809
0.243221223285272 0.217433641884084
-0.328141264243619 0.452575606269967
-0.901962892465365 -0.0270244952855082
1.51695538438992 0.683729545848839
0.776118835053466 0.906992460224596
0.0150928066657112 0.518684949129131
-2.19124583274807 -0.511232070057619
2.13985468274116 0.48040499207358
0.601805996038542 0.90889976170432
0.0855758829035265 0.208554315565573
-1.1284383712436 -0.231899857434099
-0.451114630973464 0.442142521840669
0.559880816816514 0.422305241006562
-2.59993249727211 -0.930407706592302
-0.565868153652057 0.109730605048433
1.48425408994983 0.823233995473165
1.81202485622286 0.654858781351918
1.38781314480465 0.60890596340353
-3.21237644317464 -1.03614399220758
-0.479614206794459 0.553155410390491
-1.99116961623634 -0.805947676538931
0.207963727957968 0.644231165575763
0.517962605781485 0.763034784845456
-2.48440844987361 -0.45625621921583
-1.38178427598302 -0.701278693101831
1.91280811632408 0.884993591896727
0.332754700546338 0.432018008256794
-0.540097384841586 0.263256553942687
-0.98033443501739 -0.5789496674993
-0.393645448628044 -0.247926855150581
-0.315714766477493 0.112667766343958
1.14422229949355 0.81746428547359
-1.18213104920968 -0.670750563014608
0.725758395546229 0.224773908786163
-0.431361618199827 0.228771887009555
-2.02582268518854 -0.316536427182011
-0.0799315275184604 0.44078649533208
-1.26654438027081 -0.122606559240003
0.301466074887882 0.624070612189094
-1.78054938780471 -0.417623562462652
1.16608247759074 0.779984977090693
-1.33976714481563 -0.488256448196794
-0.0488638826268026 0.11007077348317
-0.196683078079508 0.459570934541504
-1.40628694945289 -0.284601989438959
-0.57180846099677 0.15338204597008
-2.08692000196778 -0.842241341540246
1.41916720214616 0.605473688444324
0.336160277536709 0.307423279738653
-2.17823224461962 -0.678157579555258
-0.600228858157991 0.130288769187691
-0.592020122111443 -0.0167634406097513
-1.76780083902947 -0.202566779589651
0.343309503682 0.290126145776553
-0.173119738208975 0.475846268225402
1.27887424953809 0.616979775980897
-1.46550058328951 -0.187906198604032
-0.79487385088059 -0.125832553304962
-0.574610622359299 -0.0469137367222937
0.565332201536315 0.439531937846929
-0.38181674801695 0.105081664833328
0.0806311351864473 0.525660331277362
-0.539209219485904 0.218401620082232
0.482363665603785 0.543752249086467
0.27076886422426 0.348528998870467
0.611766735366552 1.19463316378169
0.907172846515696 0.611629212107609
0.589040367849397 0.75367502371844
2.56027603773279 0.926146550497393
-1.79532434132238 -0.843754112084629
-0.237541753773723 0.378258342099429
-1.16240793962532 0.0519296723736635
1.31840564199551 0.886814096920396
-0.265654860655771 -0.00987455558484696
-2.11722135195008 -0.155051359189823
-1.50113171264345 -0.607167113449252
0.221891529511674 -0.0747278419442705
1.89068238243628 0.543092442869444
-3.35010214254975 -0.959706429280544
0.225643235851578 0.714518099127438
1.89665223096157 1.12681199860486
0.618884165109019 0.783831882046085
2.39611776043091 0.838307072884474
-1.01591591642212 0.370587990878567
0.679057815792996 0.22004158101073
-0.636695193332666 -0.161967785582981
2.20745320462649 0.812750174092108
-0.941869309155716 -0.435181801610865
0.889766809253817 0.622603967882026
0.00470489998147185 0.426390685862478
0.76270475451912 0.686842674849714
0.702234483816466 0.180237806186591
-0.137334222890495 0.298047433657707
-0.0275380682637365 -0.0393941770179841
-2.7075226732768 -0.411327401043625
-1.53131595686936 -0.186945333599094
1.37353047935417 0.591039415607345
0.136381854098612 0.740307917121639
0.431388338785118 0.203392781861981
0.333467246786295 0.657002074927912
0.539324461791172 0.440471977543676
-0.0369843600075103 0.315950041473253
-1.24411434771904 -0.0811043530603804
0.427645945502107 0.884301745469583
-0.283108436416966 0.151365157710933
-2.34355033896516 -0.426852545538858
-1.64523028271322 -0.764486894055088
0.589361998089495 0.69599784788038
-0.258965734629894 -0.126434758122527
0.932038591759171 0.248504292295455
-0.953753095246466 -0.344819296065588
1.61548422153085 0.595272363773536
-0.643218108230308 0.507171355184543
-1.77560431059309 -0.69207039146347
1.3100791261639 1.31314303538522
-0.06996201352975 0.103810712443068
0.31240042366737 0.218637890780133
0.485660581678461 0.456824522201627
-0.706952566744525 0.0340084327409697
0.609550903859977 0.460904548538133
-1.19154472984226 -0.324465941473399
2.55358977511198 0.753473364074979
-0.780602646010159 0.178842689712387
-0.213992914400365 0.0493775096357836
2.2378915557334 0.867236327212598
0.950720950670871 0.820921850274902
0.18226436767948 0.646392379372037
2.53853935098434 0.914993925963236
-0.691794636421822 -0.028833103928789
0.822336535273417 0.527861130293274
-1.25843625528848 -0.404487320496234
0.805137644804932 0.636091546785926
-2.83019099923296 -0.686453207140627
-1.64328358809904 -0.314943136659875
-1.00125768610857 -0.259941203083032
2.89064245928109 0.872964789756052
-0.438295938576562 0.00843682616108798
-1.49225960450745 -0.838613382180179
-0.148770301209612 0.372069068959088
0.0283844987813553 0.340092863918834
0.188345700138808 0.127894085033598
0.332158389751251 0.835446293315593
2.31500278773308 0.991366517672146
-0.822863661867661 -0.0864499485554605
0.840471498907369 0.536313632776056
0.65271820881178 0.682357247224969
1.66590143146053 0.918240049018574
-1.50548353550699 -0.530120021990809
1.17215586896922 0.372859291881479
-0.479730519586332 0.175857302850607
-0.013795318094096 0.53926211714689
-1.71034450701755 -0.302653527435265
-0.440772565618938 0.281448421596714
0.864224078282008 0.600857322306577
-2.07255270686722 -1.08499621635629
-0.111466738316027 0.199488235961744
0.145490811669197 0.00792375716062943
-1.51478728041102 -0.0139440717371195
-1.70619539375251 -0.239537132645158
0.10295641634263 0.350998510026156
-1.18281762370667 -0.281078436545806
1.17293334682323 0.76525490826745
0.86442039305232 0.774382583779094
-1.44384647295649 -0.0816885246045067
-0.0187494962884972 0.532523850793818
0.909378536040869 0.371050289122538
-4.96224583694337 -1.04661622544435
-0.302184743124474 0.0124733721759754
0.271672410943855 0.432829706687332
0.134138204177268 0.1373880057829
-1.42221602972908 -0.226499407650717
-0.495159398188519 0.422666004070273
-0.360730633707338 0.32035496528562
-0.601989072981007 -0.330758226460751
0.658325623636882 0.483459804715121
0.662433228696234 0.7974789584381
0.616796803942781 0.219512900302082
1.21974672179373 0.0218219004591415
-0.356267787230361 0.243266685346759
-0.430491035071732 0.253908353838802
-0.300964456889927 0.076043360252482
0.579635531898721 0.27644629772585
-0.0448100603497687 0.163239135718919
-0.308304031292181 0.203696613544895
2.31699319213086 0.850736266445652
0.931887456498554 0.221566388469152
0.109962256733093 0.270139731030772
-0.663109712408426 0.0715246912033687
0.606624645745742 0.631883973702813
0.854685334766855 0.867550649279831
1.33465403259213 1.21508378709814
0.0505952165928917 0.259011089295059
-0.0343341333583544 0.0414057019744897
-0.258927016853141 -0.232771104816442
-0.294736921577253 0.758509075461767
-0.847629436536045 -0.380400401575958
-0.635331909873027 0.16279034914892
1.89741446023516 0.972277532411983
-0.23453089774629 0.281483302871617
0.622741658617827 -0.0880895043803986
1.62114336044408 1.37210491687946
1.70404978980993 0.277340177882902
-0.442910320410963 -0.0645357667275474
0.552673612339108 0.919046206163537
2.88059876410614 0.772553605027647
0.865000492329962 0.839268801482371
0.393874824733729 0.284334161253361
-1.42660007071696 -0.39644639862487
0.00399087414225941 0.450208801480362
-2.83852095107942 -1.02732547591348
-1.44819202359438 -0.264507037663809
-0.490788519166789 -0.174216334223281
0.438527084102593 0.22811898575764
2.70153759012565 0.452409572718255
-0.628636143148793 0.0997654382290189
-1.41195926586654 0.0417178500244982
-0.710050323031247 0.0887280507497479
-0.779212812797151 -0.177110012334948
0.918732774069114 1.00780944672202
-0.786079258530893 0.00891787206048717
1.42890968954238 0.463979658858232
0.145933315158403 0.768675338189547
0.0715912656469405 0.118081339897535
-1.46702263783519 -0.614025792567606
-2.82528353692908 -0.813892836309504
-0.449421108843663 0.185589604963048
0.294276738223701 0.707791299746654
-1.66057477702754 -0.427683851220895
0.195430926191917 0.147058436599275
1.32419505489975 0.647853608936414
0.165985046700208 0.131327385079859
-2.00864656835511 -0.592621197082439
0.477851749510602 0.690601275377815
-1.93757508604498 -0.545760064717899
-0.31575680489803 0.390213975535808
-1.52912675152619 -0.375046279168958
0.701674577738536 0.370609540261066
-0.276633529028908 0.605871862778981
-1.9621834561286 -0.260250655275335
0.338925295727266 1.15539326279532
0.329197863029476 0.509728105213407
-1.51923328919647 -0.336034361801454
0.0886223004528578 0.294442443617646
-0.345634621528782 0.00428007472915115
0.392502466943419 0.618725881467495
1.45818918903942 0.823166343306522
0.621569439067899 0.76545967028809
0.519369689759018 0.660390750252462
0.0201661740423321 0.585711556859603
-1.48702587906921 -0.781936760233848
0.725014370473772 0.105931996785213
-1.89117455165918 -0.786598063357784
1.79358971118306 0.366571520054293
-0.141552702007929 0.342164772325191
-1.76287753022692 -0.504738860360164
-0.46604798441912 0.411949848580056
1.31254287236045 0.608523258950579
0.437978290085355 0.452793270622381
0.0410930202732925 0.417867090049489
-0.604056474499355 -0.022023368683889
0.834542121640038 0.396195558836987
0.624701761906663 0.989172958976643
1.26436539543013 0.469740391442479
0.467438945623171 0.393689469106643
0.258580574372455 0.375809246125782
-0.788776886559872 0.258289498372852
1.63415677130087 0.677752342826909
0.242987485529345 0.794533984938714
0.907155841232393 0.414423301833063
-0.658569898277485 0.0862949587074156
-0.124824474747437 0.317839456752279
0.170227486513948 0.320627405197506
0.85512731160813 0.817691189759757
-0.327239452793327 0.0618534574054448
-1.94943250084323 -0.100479649653643
-1.79107987788087 -0.635247956167755
-2.3501638191702 -0.631483190994625
0.455338615525526 0.837073493158605
1.08325591394314 -0.0185995269912916
1.03358251057233 0.913836676488264
0.0270976516174585 0.160033614503081
0.659569538631131 0.590785004373922
-1.27370540358223 -0.308611290583923
-2.31723642943704 -0.639506531911545
-0.918084261748375 0.187401143983264
-0.487282091864939 0.270861685664112
0.946066020667631 0.878248288866046
0.470425057811052 0.638535260335466
-1.84463086629384 -0.174619190606062
0.503834971521721 0.497906182507513
1.21170522856517 0.317472699066366
-0.969746893848263 -0.346843210976985
-1.11444142771988 -0.123130673491952
1.71752754047785 0.835125107383671
1.78567247454282 0.294291614560701
-1.06737556538216 -0.337673165479902
-0.071176102691209 0.436477557042667
-0.281576651690246 0.32594994298473
-2.07942605992802 -0.752947616745238
1.79240861363316 0.480264768144682
0.66098172084135 0.639784690751502
1.41654507556836 0.565724528564936
-0.460164110007201 -0.0391651979111748
0.22432634803782 0.123473965972911
0.984269867942094 0.453571883384745
2.23280721916162 0.24895892183506
1.33882319353664 0.658818831382647
-0.173214141850128 0.447236523088319
1.08271594990425 1.22958398423649
-1.45310382041392 -0.444712046672778
-0.774701249932769 -0.154252503152804
-0.57936319209125 0.220034760362039
-2.85533220421226 -0.564942235046429
-1.66171052914912 -0.331679509513909
0.226430581993783 0.151590097883167
-1.14571825727844 -0.491868955301351
-0.354303676737491 0.322662044197073
-0.225320857026535 -0.195951464773956
0.432973832430168 0.418988012382807
1.30527624213108 0.839948327619082
-0.551342135937825 0.193835608041356
3.25021294236914 1.42792202942532
1.60227903454831 1.011830542206
-1.98173568309514 -0.567273190467505
-0.222329766748991 -0.117390819512523
-0.181265759686954 0.244074433087781
0.854032237264599 1.00166829662576
0.712081739767918 0.10029124165852
-0.188402327064064 0.270415623554907
-0.109507233173157 0.315880176925594
-1.17403633505709 -0.477705075241387
0.331376862880952 0.173548435136696
2.87597475564892 0.972293102750575
2.15786197669005 1.0131133794754
0.0990855834225324 0.490012079621025
1.83832136937516 0.780067917422672
2.59891793276373 0.841895872710622
-1.25112824749241 0.198007542600471
-0.962142856527852 -0.129677017116347
-0.888210287442188 -0.194733636092666
-1.09186235427456 -0.435084799552784
1.08607706429352 1.07563050731298
-0.0765414312749734 0.415645937672232
-0.241878873800639 0.547357477334912
-1.75438001384313 -0.105243266353527
0.0537985518652061 0.657316541031989
0.0237166788927896 0.47526380896518
-0.777579181548289 0.30426446266282
0.971422891640557 0.465746111616026
0.834765436068671 0.111775103712498
1.21528429194799 1.01153471538348
-1.30964210366652 -0.647740482015066
1.18386338262799 1.02266025162924
-0.131629003742433 0.643551715454302
-0.431798248888766 0.0243640501888623
-2.76336854343138 -1.00103174194926
-0.222654135586128 0.519475896351818
-0.00305848614003564 0.179073058553959
-2.02847271077051 -0.411057941383389
1.52660892745533 0.986587139929771
1.21291821507619 0.364307494897201
1.53430627421212 0.494098696461334
-1.34495367592569 -0.0796995491856722
1.54351219257701 1.4075500086165
-1.24494858290166 -0.466477841909912
-1.34335995847517 -0.325837930295333
0.337857266164565 0.694463235068225
-0.388137436551241 0.414539762538652
1.06945809602566 0.404465587271713
1.51799463997325 0.676639140420152
-0.918107130901433 0.34191958600625
0.542446126998294 0.691973016143835
-1.40123321428088 -0.220116025929374
0.917120240556049 0.567920561387719
-1.18241780592844 0.364601310799588
0.0170999243768929 0.485833892336228
-3.06160737643146 -0.581652140937639
1.50470457868323 0.984745474643921
1.62815902265643 0.619811128048412
0.822001925886225 0.483602149705229
1.23221925417001 0.507279172548692
-1.96008823877504 -0.483312770057389
-1.7992410416992 -0.319230239458112
0.81847968816464 0.619050244648718
-0.762825047754719 0.261102733497189
3.92494455862608 0.811474432324286
0.729287642278254 1.06135046840091
-2.08497975984183 -0.231689581976109
1.31069180195405 1.02735799648821
0.634263351133409 0.621069437322647
-0.341644916054487 0.13388032043345
-0.77445383729722 0.231516456754899
0.387449893635495 0.702414305338155
0.363716912133616 0.522302436256283
-0.149228252060853 0.274905344850657
-0.943959747489142 0.0235476957406366
1.36743453777 0.648644343851751
0.558165416930723 0.232150086680321
0.405515080809608 0.349964262492697
-0.556962794750645 -0.0385781962507566
0.74306322478829 0.56565490053923
0.436313013305254 0.700968344730655
-0.843840733466635 -0.1648229493648
0.81944507324393 0.731651378706673
-1.41597801442078 -0.711743261894554
-0.868165937300949 -0.267461158307364
0.149932924399869 0.298604909071278
0.201626032870292 0.767269464101322
0.244954981361793 0.390732087192855
0.290504423862486 0.972753680867453
0.55851286776784 0.699691168105089
1.07740133127482 0.882591259647422
0.783548258056773 1.02952276500417
-0.305423931139785 0.225972466135427
1.19201479758376 0.758961655916772
-0.509773897041311 0.0127100084641986
0.00164700515282357 -0.0998434597141132
1.26538085950897 1.13741632426512
-0.919489554413864 -0.220289264300531
0.494764901256609 0.338361479391154
-2.98866124093359 -0.664843503497292
-1.10804691689359 -0.597096972253131
0.297308658026451 0.545015550722288
-1.00128302693366 0.239974722616622
-0.517769941138476 0.0312511531130152
-0.131485434111225 -0.17914395844518
-0.36183819124946 0.0423199399212658
0.133709826945491 0.143475086009996
-0.95074910562043 0.330536736690749
-0.347843836004227 0.330271552574173
1.98945494970948 0.937367052365429
0.661011002384186 0.867986299134781
-0.487116103786832 0.40705557182409
-0.500344729570137 -0.0400742394375671
1.60815923683073 0.727745916772455
-0.769841199174439 0.179205567242877
-1.31057399933982 -0.324052386524003
0.72152472088051 0.656592572212721
0.893145081367519 0.427474286290318
0.325362663143514 0.534446711318813
-0.4053157499807 0.0738239851329702
0.87455318584914 0.411590182275306
-0.239684511268259 0.242494311193336
2.995417984852 0.982255790415761
-0.380385602031411 0.251028141024033
0.254946307268109 0.231629251900844
-0.782253776549265 -0.137013804431503
-0.655141550699381 0.197133369394901
0.329750612526592 0.664741932782357
-2.32853278090657 -0.387411065613146
-1.88516459671125 -0.805201811399887
-0.144505160278198 0.339123870722738
0.00976412160602358 0.670925128986213
-0.652815955663032 -0.619740393522105
-1.37966009447127 -0.282830480060207
-0.763495682163663 -0.419841939574171
-1.11425361699586 -0.232069229863123
2.30775251610929 1.03810062888747
-1.58215197175555 -0.273349495534812
-0.549106987753896 0.0783801751133918
0.829632414690274 0.641653924696455
-3.18449390860434 -0.765950971035118
-0.185224940181138 -0.0987183375124271
0.00987903727386844 0.260421447866471
-0.493265580045651 0.184668696366868
1.18776927978391 0.870138377521981
-0.0434192146412361 0.968257781729708
2.25174357546477 0.966651927631388
0.0667606676860517 0.131299590232755
-1.00178219374879 0.131231518145707
-0.540286614480661 -0.1916205818587
-3.11312147414825 -0.696642404428676
0.227594829990757 0.541168103054933
0.534236372989984 0.455723380074425
-1.46919979806249 -0.0172224372647387
0.481912972401972 0.723318028874837
-0.339298054210423 0.179207756526024
1.67422846939988 0.698414517930986
1.04222619236006 0.559623038807269
0.136394879297627 0.458172425911398
-0.331159806476292 0.449451157994534
0.306131377121252 0.472321046069742
0.931940679474158 0.631190297296612
2.56305499745759 0.677196933530826
-1.1189528156014 -0.431251639955441
-1.60950540681039 -0.231214391059691
-2.10521933605913 -0.705116517674348
-1.78211957863705 -0.0452914612132171
0.217495522715997 -0.00839263273936947
-2.06897886700634 -0.50758870085959
-0.958304152866249 -0.304400995791968
-1.01442986617671 -0.3133449755494
-1.13628037029512 -0.688284096441835
-0.813508559520477 0.228999420847151
-1.89219021331617 -0.762493854071588
0.8185705874935 0.361877846256636
1.46652826194746 0.781309359539596
-1.82825834545677 -0.57945243710906
1.96116167773647 0.829636753174038
0.804767853736896 0.541343436777794
-1.34702491183002 -0.680456757896877
-0.894574044915036 -0.0145710749159239
-2.00185763151996 -0.564665124413131
3.0821115204658 1.07742994743962
-0.0265299277897878 -0.114436425784078
0.359561114920118 0.390397973356362
-0.423139092903589 0.013033513178947
-1.11235285123981 -0.428053078236711
-0.924890392125636 -0.373138247897026
1.47372335181186 1.28376028466061
0.840602487797234 0.549171370170861
0.322887214552028 0.148005994980865
0.708009782451118 0.531147041261317
-0.196658187149465 0.390599828820075
-1.12481792232876 -0.0484964416338466
0.821971758650043 0.655195668741024
-2.29296035013742 -0.970780852299264
1.98747028578865 0.332261024366591
-1.19395814147323 -0.0207959997313087
0.862152626229706 0.701755595592483
-2.41282561987743 -0.697489587419669
-1.54331710307439 -0.674585863568487
-0.46600244080932 0.18052618573399
-2.87459374679866 -0.503353407252914
-0.22664676633533 0.463156638751222
-3.16987744151816 -0.667313477477893
-1.79773496404216 -0.268010546666277
1.12797829582649 0.471962169249972
1.23848655013521 0.487883376102055
0.813049891578938 0.399659098863235
0.0506584324337925 0.025303628430819
-2.88427318605634 -0.582850802618778
-0.367088142974929 0.420631901721702
-1.13853762672314 -0.726245918061716
0.666603944607717 0.633319811824229
1.50956290656014 0.759972915870417
-0.855945773399091 -0.0743500851650458
-1.22139772244835 -0.583792569183067
-0.38392734712612 0.252610760301734
1.00233079666039 0.482190062729039
-1.83421635713005 -0.818581387323909
-0.579085137455842 0.477700976115014
0.881057709102692 0.733364849350064
-0.472145196763865 0.0760350900142375
-0.413006412761437 0.525860942491469
1.636682815416 0.65347602521999
-1.44118661191618 -0.89852927327831
0.0324883620713404 0.179108115869843
-0.675067874761263 -0.0375786631000348
0.702408640845501 0.793027925552676
3.03934246242602 1.06267090165384
-0.16834924832336 0.349972883349669
-0.194864791738182 0.0109310948460832
-0.368173510564519 0.302078212760816
2.82886563486806 0.715028940142946
-1.99892766443189 -0.293242313120543
-1.86074956608981 -0.410969884763953
-0.144911848164233 0.577729012799429
-0.759530517900663 -0.226846203652939
-0.464018956328946 0.659651057604643
-0.131147323575934 0.342231005246969
-0.359275648180238 0.327743249497965
-0.738809564125139 -0.185114107804319
0.416993762839447 0.235832269783535
-0.0057629869010652 0.763882658593583
0.812845559521553 0.261670075015683
1.86881530126848 0.458939283666496
-0.215164384772799 0.697596207959829
-0.170008929331669 0.34271724740674
-0.142016368343 0.214915885798578
0.672571554986566 0.43992361621793
1.86389364279419 0.777648342202367
-0.905442813615519 -0.208711490816663
1.65281796102806 0.981875266594185
-0.803919858126773 0.352330251674959
0.292961359312965 0.422922813094575
-1.21404288212795 -0.248537926410321
0.664202552451419 0.867343968680219
0.803210476835912 0.568341663901115
0.570818295320173 0.702928387928953
2.0365640799111 1.09968797166788
-0.312898357527491 0.633117134186189
-0.801195165723533 0.0180447590780052
-1.43272027769794 0.0645913309299339
1.497114328327 0.726088124640067
-0.154695071593588 0.166877033863569
-1.09214941866781 0.0459282310759377
-0.615850246767263 0.650875950094852
-0.446792750256737 -0.0773705228197145
1.88989822302123 0.875255298763669
-2.00824612882473 -0.597386841624068
0.691485155184376 0.685762466925959
2.83935382531588 0.76863011900189
-2.92324950668871 -0.86735554486575
2.30249890487401 0.982788969306039
0.982945723633683 0.634086573921009
2.13087069931964 0.825802269568055
-1.61561523016953 -0.566839943099514
1.18367297377564 0.407713817211379
0.0725899203241127 0.556023726652752
0.907775882191894 0.413339490514246
0.467630924076212 0.693970818204015
1.25752251746555 0.489975988780591
2.33032414454319 1.18356904690407
-2.27872887606062 -0.13385741335723
0.947283094822656 0.78541401007142
-0.390124237990687 0.636897390705857
2.52257361964987 0.94689052227584
-0.225151840463107 0.41571154835812
-1.77473341672735 -0.752200472734542
-0.684451847229869 -0.083876298572028
-0.709096630295405 -0.0529165664726949
-0.594522975463462 -0.0989371746736633
1.6613213123868 0.880676286483479
-0.405212262701915 0.184311443847848
-0.916724895636569 -0.0659157603087538
-0.727993972840913 0.0686633566059957
1.06982604811782 0.90025845009432
-2.1012346740355 -0.704309416339511
0.455415223075006 0.526074293283817
0.876509058530099 0.558155350007427
