-0.755572223906672 0.780933607618633
1.30946289354887 1.17734512460716
0.368170819045515 1.02552174074116
0.530932581296661 0.748298038888358
-1.95551221100812 -0.508746558529791
-1.37732749839179 -0.0988109816493367
1.54494555833706 1.4293823803083
1.95802543601931 1.25526742105206
-1.30454943921713 0.749843549717032
-1.78269090153572 -0.0168649096166159
0.581585883858119 1.17257506515317
-0.0500064531938952 1.05194286976818
1.67487639278035 0.999199656311232
0.290991924955775 0.770842208973763
-0.867462672645935 0.624268753660996
-0.880607126560992 0.601684661850559
0.0936373064798228 1.22242031206707
1.207908603644 0.524173266676248
0.0355679829789428 0.736292450059348
2.04146992990188 1.29894757744702
0.320751395633604 1.28224038189309
-0.67785357361365 0.790912802328964
-0.761869593475069 0.439967195244896
-0.719730532457559 0.673792393770348
0.246446235124274 1.00793553852052
0.807732824080329 1.03054682273835
1.57405979862213 1.10253511296287
0.575296361702756 1.32912017009993
1.41686249975605 1.01779490178805
1.31481084476488 0.727301366875618
-2.9929491401955 -0.827277879920038
0.401458390593867 0.883155060183759
-1.77293162379923 -0.220075139722015
0.0297098040905676 0.485428728085666
-0.788454562177136 0.49126258651783
0.466212097696376 1.24998594760644
-2.45571317203703 -0.582875509047865
0.560228792082259 0.982980138996527
1.04097871301433 1.04262603567159
-2.14132513346307 -0.358429200752127
-0.589804676018295 0.651980967705052
-0.87795578482145 0.71284149416419
-0.600955198679922 0.666777449034514
2.36578046510725 1.57581698304074
0.44267619748932 0.905216597861954
-0.598429490131758 0.921318612055537
0.43269274169468 1.06529522982855
-0.673917095063169 0.939178445858802
0.107874938462865 1.19235250776069
-0.97440287904851 0.533975069198117
-0.341601311299402 0.814689251378071
1.68945846437459 0.991916501066685
-1.51821375294398 0.0147630807166003
-0.232075694456974 0.786222840995605
1.39032008681073 0.904698377193509
-0.676452061146455 0.353843225717118
0.425315319434756 0.908081088967889
1.06194197396665 1.23926642698392
0.479457354116311 1.10497513177274
2.90931042424335 1.23614742485673
1.60218167096489 0.958377891394627
-0.513961850008605 0.904657043052645
-0.949087810739005 0.354896230273588
2.24167510440749 1.45798507939893
-0.568225128226451 0.907431093346771
1.73502037452199 1.3681950627672
1.68303222176325 1.25284289739021
1.9860271867346 1.31189502488676
0.340469006131793 1.1128090477542
-0.313053210598953 0.926885947414803
2.62629488731965 1.54541442176925
0.0589778023900366 0.520101144519452
1.54981595267826 1.32710342082733
1.34943893211483 1.32325548805195
2.14324233054099 1.44362872198146
0.636286327997809 1.34792087684544
-0.00341378468899584 0.908021313693937
-1.56368250240634 0.225887090940311
1.29637442537528 1.28492391094682
1.51505624098534 1.25895830147428
0.233272940443971 1.0958645245148
0.417002808655633 0.815148767838777
-1.03996374177375 0.444339398877397
1.40707009230235 1.11109623591156
-0.750505353699843 1.11308337278536
0.900664298612628 1.8449120180578
1.28026939226691 1.20953186741496
-1.04789857853061 0.475940770012108
1.11517650081642 0.738476321763851
0.371937140984787 0.723255785077329
0.641897281339128 1.21287745393785
0.722388696703572 1.20932709442401
-0.879965260993824 0.67143404467954
-3.26417574281341 -1.04529438327866
-0.59460541352133 0.566928932209441
-0.924382755480541 -0.00766859256423136
1.55854165775461 1.47738117013286
0.858846805977698 0.935877307082
-2.7501480263093 -0.677731935322632
-2.11833310213806 -0.0802148272138672
-1.16731738737143 0.43315840840793
4.25921898724128 1.13855329863476
-0.782879328472407 0.710344192237812
0.147806839879307 0.97706507351672
0.214076075184698 1.06874456104993
1.87475936190922 1.25041300789369
-0.596853717600883 0.630855831936644
-0.539902652756673 0.814667554161126
-0.44264964425804 0.872613999327211
0.0542637640978806 1.23159648562355
0.916960990900185 1.83934716495126
0.89828090736051 0.754274274479705
-0.7228854969609 0.448846514283107
1.97957144157466 1.58097049884897
-1.10864089762243 0.641294814973263
-0.480566074935504 0.373025554096152
-0.641841585389636 0.560467114290868
-0.059925706654502 0.680591663834923
1.93564240877969 1.12746575624493
-0.12701932630032 1.00867879999125
-0.156049542035209 0.626553909230233
0.121998215500225 1.01268781704453
0.667881783571909 0.746379366985994
1.02447456425193 0.947849795822283
-1.82521186230157 -0.266331430673676
-0.643854363919898 0.903142867961279
-1.00580407700354 0.815966087558425
-0.198702481352662 0.508821048903697
-1.58335325030879 -0.319216385922066
-0.0380812877884857 0.744145286294165
0.164833614411493 1.08773263712673
0.858535850312075 1.19936180015269
-0.730518197586008 0.557885596784295
1.73363660387284 1.38305447055259
-0.291118798530246 0.652078888865379
-1.02088497852464 0.247920837722469
-1.38164182126014 0.01097367591252
0.335068841616011 1.15704533106609
0.252864054743674 0.953629382851385
0.232622246305608 0.876669092280724
-1.60003342481754 0.0266836135597194
-1.01824551342391 0.416548688037041
-0.00434663076346472 0.625321577425412
-0.0354720723776401 0.924936581178646
2.81814236630003 1.45239599301742
0.501816737132633 0.986664763223083
-0.891434430641796 0.725700267986034
-0.736203548131871 0.792810296046601
-1.06699995535914 0.575287276543628
-0.192663846195166 0.808016887334907
0.920330309971822 1.34615351266959
-0.370204773623319 0.705307294661246
-1.20511497135009 0.243256637071267
0.361491705201814 1.17887612466993
1.42368980491925 1.14552158619874
-0.394502122855288 1.04082584965485
0.489241020111135 1.2467755352605
-1.38909545682562 0.0603747912662012
0.705736750275574 1.17406625156703
0.938037921525913 0.905165896095069
-2.46587219957105 -0.645439378508912
-1.24459750149385 0.281491958831105
0.87924743146108 0.946197866492274
0.611232505085835 1.26267528044615
-0.328029950388818 1.05259534063536
-1.34828452163208 0.0111286655175323
-1.34766111098061 0.217298810460722
1.06915697725336 1.08337048782361
0.835190288112644 1.05093263960971
0.417040054808439 1.17065237349218
1.33303295726451 1.11573222972577
1.85662359346234 0.690566273516061
-2.0501875787358 -0.892952202593895
1.13673344882834 1.25424518943969
0.940139236507947 1.1324633263877
0.256236434514135 0.86404404364069
-0.138128893150138 0.737054280325423
3.74348345817961 0.841736562530062
-0.0568071152958369 0.931183613362376
-1.33996019605568 0.511543263839224
1.19726282471465 1.39956483919519
-0.89254646595883 0.721828777382995
-1.66456746977504 -0.085198369478015
2.09699541651464 1.58144655235101
0.110274945331347 0.786928726815907
0.817528526042543 1.23193472996847
-2.07651171232932 -0.0629709216890146
-0.639488351976791 0.293679134098044
-0.99171650679981 0.549044714200401
0.539126125407018 1.14054573901806
-0.100605844164386 0.949112500378631
-1.86540742701566 -0.206084351966733
-1.84323556272695 -0.585094908243194
-3.33077167113729 -1.4631114367957
-0.0278868711134535 0.820481449247528
0.573646327288007 0.605082823298853
1.42560809169505 1.21274180306482
0.980515055403281 0.967988087392756
-0.578751722293753 0.322595949859547
-0.0282355399165355 0.631069828011801
-0.480374222783423 0.65630328812583
0.100606016087475 0.551753316360736
1.7377942381958 0.839310217284582
-1.57035561686095 -0.199700638185104
-0.31828821252263 0.247264483634945
0.428812507746701 1.06225781482461
-1.06389559388973 0.238304902648017
-1.70674533888874 -0.163333596756035
1.5717576697128 0.995102925160401
-1.10042269612289 0.308137323778977
1.25541642513606 1.33842861141127
-1.87233560816505 -0.853128975356658
-0.188571164460471 0.498463985454574
-1.59051945812913 0.0820177158091155
0.749663467427932 1.49863870167914
-0.177435192398848 0.825342908269557
-0.897048206943624 0.372622594728602
2.10255175869832 1.49726502409215
-0.151487696130766 1.24470462841901
-0.343204868738393 0.798343113260106
-0.455990123471596 0.369770850255833
-1.50958171513373 -0.176237094621041
-0.358812975879446 0.856878155056465
0.585009983723497 1.4163378138473
1.60199693592395 1.01342631862223
-1.20491447877664 0.254168960523982
-0.133505088557555 0.948186200836614
0.57795163937174 0.802359301850517
0.91581776378616 0.845886068654341
-2.01455803318085 -0.904608389681463
2.66103864422049 1.65193513840227
2.81926683575509 1.24033664702599
0.118362673703884 0.86269607620403
-0.637868131098085 0.466336096290176
0.773975928566576 0.82817814682502
0.799444599687636 0.969518406861766
0.564728702301813 1.07083756534023
0.129694023570989 0.93435937219149
0.26010664538916 0.459996450282907
-1.24893538032825 0.333335958221379
1.77065124986893 1.57131236999311
0.531739295391696 1.11079974843859
-1.57534528272101 0.498641769305561
0.206585076172684 0.798310642893328
0.300084359659747 0.576371577956301
0.0175138330750506 0.451197148181513
0.522864241243443 0.922006798863514
-0.799672004782168 0.46677859100923
-0.107604537371688 1.042947544676
0.441612939222823 1.22326993910919
-0.059628920627278 1.45070879244878
-1.02084294878577 0.362180464745721
-0.518963133427465 0.960471394009282
1.10090256083703 1.37594067957579
-1.4081135006881 0.259947287996599
0.929565486532648 1.07006499008281
0.894595594351834 0.841891171487186
-2.10840320022454 -0.407478911787013
-1.79927836065476 -0.391649606142618
0.112025999644717 0.893131772573935
-1.56217952032566 0.14179260865686
-2.84725860156107 -1.06153958632079
1.60520314584291 1.25508496982674
-0.632755722982667 0.568566372041666
-1.19301036562757 0.427250109472633
0.58086492096409 1.27485756127385
1.86379866041452 1.50025570425754
0.259044980707493 1.07936438400737
2.23643559475077 1.61282767633181
-1.16576958586531 0.254770780381771
3.52574730758723 1.59800813072883
3.2435638848996 1.07793647336649
0.265195069513795 0.685891605142266
-0.440391329985223 0.945287694828797
0.179501649564171 0.840634384873898
-1.34131850967689 0.267033761137675
-1.80213993518957 -0.0422382183918361
-1.23294804162311 0.397829229687914
0.527926657851722 0.790381818162881
-1.38954232583803 0.348092838149537
-0.0748420239054673 1.30636464713499
-0.842778011994744 0.356559998087472
0.377249027839556 0.974023104343019
-0.407588047904049 0.31367405677528
2.34552253703367 1.41461964686766
-0.938482382244755 0.377820606612865
0.552311933220699 0.971032107509591
-0.252801241826595 1.07144626341688
1.23507168604936 1.14767764405223
1.06816708897417 0.837525494585365
0.373240008558131 0.829926017086448
0.431628548914521 0.681839234537584
2.28521881185005 0.749704479568637
0.0243520153774876 0.953412620468601
0.268305173392026 0.399747334550448
2.24603006771622 0.865781897838971
-1.00250727931746 0.919400977819897
1.32324100710305 1.05524385750707
0.299008054318715 1.58028205469449
0.282382760038692 0.569417280245806
0.236807446370152 0.892230657707519
-0.544250698509584 0.567732605691109
-0.0531463935571618 0.546419371235422
-2.39499583252119 -0.693800647328567
1.44934493897575 1.32738925798832
-2.03981511220196 -0.198150479256474
-1.22750122430883 0.118059953264698
-0.250060055078586 1.14265009431123
-0.533292841277689 0.975142360288625
-0.176300292553654 0.397944876167987
-0.0379156509744565 0.493990295554152
0.180753929129969 0.925147569574768
1.70633547806434 1.0449500637952
-0.853441796042269 0.6401063536681
0.570055390680257 1.38910513421325
-0.733582231183478 0.0794797856539995
-1.16320451312556 0.308458321193133
-1.09526868335421 0.520957679718521
1.85241947115908 1.28185482381533
0.750853284072588 1.00863299741506
-0.947861284841616 0.429236220769161
0.435396509299477 1.55172723330607
1.75403139555583 1.18355900489931
1.74623440536409 1.32334848593495
-3.13687648167073 -0.489393598513295
2.05939132810964 1.55486143350442
1.2309413044873 1.14220201183454
0.71533329637798 1.18360675467856
-0.431144393821794 0.467900038853055
-1.54947813469481 0.224196596333971
-0.541962606916332 0.394127834322555
0.787000777777601 1.26133818632809
-1.17444423989209 0.176644548137609
0.917346638772445 1.01201232797056
-0.433118873958182 0.901762383060327
1.69668264568733 1.20744586102221
1.21549844114225 1.23556488996458
-2.53400667571594 -0.893147826959098
-0.895209937569036 0.0333948422696708
0.0563386496248618 1.15368126437379
0.528610869744596 1.26300486943569
-0.647892660722424 0.815559491541752
-0.733972715649934 0.606147706146815
0.778516633429724 0.419721747839924
1.32233745927717 1.03927035454831
-0.630251607406832 0.623007419763955
2.08904526864278 1.15837815484072
0.569102743011191 0.689599222274471
-0.11464429408112 0.692739076243696
0.252083144806311 0.776091725158314
-0.553275601569699 0.668970934502817
1.098714334313 1.10443725812352
1.47012814230428 1.23829733776211
-1.51316429587103 0.114107468582063
-1.92611186194052 -0.707978183492589
1.10979464418979 1.00861499676734
1.29906886923949 1.1343383823051
-0.569660132157462 0.916620539656005
-1.11738384201896 0.103608701428493
0.473809591735958 1.03088290587942
-1.93596630748091 -0.583712758841963
0.0727862726904576 0.694971626910483
-1.14289966076117 0.0840693564428582
0.358207827845339 0.726893187068618
-0.151247633975979 0.563738704128913
0.398443126876967 0.845952154313356
1.3085726943216 1.23484575272182
-0.148145354231204 0.562408385016425
1.41284001220571 1.27148636676171
0.417549485605487 1.12132875942242
-0.136689108887847 0.96109524670535
0.58547641735583 0.819083025726862
0.954844720929858 0.725285486168986
-1.00719240287726 0.553980680190555
0.877176028061499 1.24682072327675
0.452444868379884 0.955856494974781
0.985867846603353 0.95710783513634
0.389661637924057 1.41060723075612
-0.753606226592754 0.829800062039306
-0.199396924614378 0.836100409368936
0.587549168489507 0.703060464660914
1.60933923511486 1.36081915406411
-2.03859508534132 -0.407724060575992
0.865183816135853 0.87181174463142
0.590918290602658 0.860859799097497
0.83569616687387 0.930160826220489
0.319402365745702 0.637772119260436
0.369743963128179 1.28520961472848
0.085785585214682 0.933100773472189
0.329128190165386 1.079904440644
0.287218760142474 1.16889453302111
-2.29652446053138 -0.200880929040725
0.236430977805626 1.30808505172772
0.524790888444158 0.850934936447932
0.790198820301626 1.4890563956823
-0.833498698629146 0.935174716497111
0.740068557728664 1.13999678734695
-3.34951529228829 -1.01062455756402
1.44674409495722 1.46982623343639
0.538709068289111 1.46449369269834
-0.62768338282432 1.13256858178547
0.434996902978407 0.855514846057358
2.55755361312982 0.843991442131275
-0.623264408246161 0.134855932462975
0.9712105245186 1.00858465081969
1.41649027513752 0.800230798846056
-0.459746373506389 0.310712919996079
-0.0283314479325667 0.735831102470544
-0.573710662396816 0.993468769841566
0.0908098032791938 1.08261416746374
-0.143458410481426 0.587076911779912
2.70921029724721 1.04507814975331
-1.16272407752461 0.622414049128501
2.77135113990773 1.10288564622637
-1.2042686003181 0.736510604023331
2.13284603718367 1.37050729577696
-2.476161822334 -0.892990726202878
-0.137091349811264 1.16192645611983
0.362089735397172 1.23923135390439
-1.95544543603269 -0.131785002607707
-0.0277017428415397 0.825250016426717
-0.701012333716693 0.96622212650026
-1.9277860189804 -0.522586920558484
-0.842352293249032 0.225134596624094
2.66427013019075 1.20968020474628
0.880607587124267 0.935941900904533
2.59845180758506 1.01571718754654
1.54224066339527 1.16602285729501
-0.163291152933116 0.49648227607365
-0.110441822568499 0.772770254934519
0.34696518493201 0.876507917165096
-1.69635174657075 -0.0950086601895304
2.5879582959368 1.07374601975727
1.12679656285159 0.58199851300172
1.26276796313242 1.3512114979641
-0.0589709950023794 0.938998100060396
-1.00328780476055 0.754812970715699
0.506435959435697 0.783761503043443
1.55978649860487 1.24040213298784
0.178950823650337 0.666043683290166
-0.144311067993008 0.947838076443031
-0.783516819966824 0.637351033595281
0.738742565488469 0.180766399116601
-0.799509697876331 0.721679605265388
-1.62454543040296 -0.172478345538204
-0.0456194632484436 0.664639430573699
0.509920278755176 0.946347954047707
2.42244934234088 1.29693398572678
1.35980374990439 1.42415590214446
0.475086209664442 0.963816132106775
1.08820358210852 1.13889620653228
0.18961522592935 1.21684077090038
0.799756215040107 1.39117374746546
-0.322678756682195 0.927099958865292
0.514191125679356 1.06665107781889
0.913636681707931 1.09684194115029
-0.00873554264395284 0.620172460247857
-0.803555212058753 0.597044370478768
0.107108866549029 0.973054234378213
0.27329102351798 0.892101524899727
0.346266147914615 1.02048956462921
-0.309304275283762 0.48445826530924
-0.3376981003654 0.943502162547943
-1.47527981791504 -0.0532890502470891
-0.143772530374053 0.689742099531413
-0.133109373388024 0.832992518072472
-1.26176960600787 -0.258105241444071
0.660280478514525 0.853260282815272
-0.349698541595324 0.544460587302779
-1.94990006304408 -0.413221174419601
1.15402119850649 0.939405008308453
0.120385059849518 0.86144020558906
0.740064792983799 0.835646540115373
0.225639375087322 1.04608861964862
-0.611555591590856 0.615736833424863
-0.147794301267577 0.958287111049583
0.134489956968352 0.970883205992149
0.292709277426884 1.18926144701338
-0.132150344662586 1.41602322803179
-1.20651106851223 0.642131534110771
-0.409488490963502 1.08466871999168
2.06915028463012 0.916428868599191
-0.266891667855161 1.01395127853105
0.16059675331608 1.00489213958461
0.775318964836147 1.30531007237033
-1.39889816683178 0.236515641843599
-0.359928594873392 1.1771998042717
0.706559102383724 1.09994241587131
2.18835058020299 0.879736230957727
-0.696141282482698 1.06908268756354
-0.915182156239021 0.708773134214909
0.427251867308207 0.887550378787222
0.731350352850331 1.20260967731675
-0.721347079948345 0.701762269917182
-0.888543601921931 0.616365976087569
1.32353651901187 0.85458531650796
-1.42729635547608 0.366481015844151
0.757192391825096 1.11961001288954
-1.02260617241692 0.723920545129457
-1.00771937524158 0.579919771459757
1.34957381772213 1.68087288069677
-0.0885406695095066 0.621749989425741
0.132583865305254 0.701258176460687
-1.68062808368678 -0.0523411577554749
0.136631302365247 0.789090796773735
-0.504320876944007 0.744036011942448
2.37417552410447 1.15833361585637
-0.865093380283963 0.708136921750003
-0.512445521081729 0.875629809987198
-1.11691719347773 0.424318416819525
0.0654482973540625 0.687491962807345
-0.853344471059948 0.825028609220322
1.13254814880518 0.873770708960204
-1.29908841455826 0.296946023923052
1.35388494365065 0.407052414418261
0.551485459998542 0.604683118928158
4.39256852286775 1.05122702678391
-1.52878680174525 -0.139354093399631
1.42734771766235 0.612195663732859
1.45166585760618 1.06044410826663
-0.0412343639446727 0.674888645263955
1.36951965905504 0.879474508113959
-0.431060992436173 0.376744177937608
0.0993860405953229 1.0036899920913
0.746666967092719 1.06463484012977
0.897952094068861 1.00209327683306
0.483022991897498 0.629919446607338
1.42791922472764 0.586345574623665
2.10185243730528 1.01617035138572
0.0488576760351032 1.18035038107921
-1.86211176038455 -0.268817055270363
-1.76307320314965 -0.194394892278799
1.04750756976519 0.992799229188703
-0.0535448156433419 0.774457016553727
0.675810716553663 1.06735886172195
0.250867198376699 1.46798041189236
0.409128322725309 0.730610411715853
-0.169112924080826 1.11902221523883
1.15885686581616 0.78217651887484
-2.23834877354372 -0.320540873086179
0.801062075753752 1.37767842040449
0.999860200583774 1.02972089763285
0.417288878108318 0.996718031625398
-0.591095503844883 0.456334876401407
-0.460808326442519 0.769999890775689
0.557686864518707 1.16869606177027
0.967880504706064 1.44020102543631
-1.87778898536428 -0.457941878649424
-1.97991525994477 -0.26434114822675
2.17057925466734 1.1766532684538
-0.322845943615623 0.727959756650563
-0.931214723407538 0.464812047378356
0.729440907141698 0.822310799982881
1.82036959618929 0.973929418282015
-1.93630609080383 -0.290934494412929
0.91700049350544 0.923818403007618
0.0630862012996887 0.649987069944487
0.925271555777353 1.1460561297458
2.10739032696118 1.0914725177775
0.709004486544571 1.46945159549137
0.879043282851449 1.39530405789138
-0.219281735549604 0.939978775707903
-0.606863131698073 0.847528476607256
-0.560167516307728 0.27470005390239
-0.455576020193104 0.552082401869725
-1.92348968368533 -0.38591513994096
-4.33817197971298 -1.17938133926088
-2.51411679901495 -0.814803799684467
-0.450206370859646 0.573498968742637
-2.03174553485039 -0.321395975180989
-1.92335805358667 -0.563413796007335
-0.685318089237077 0.528063565803745
-0.110375416431285 0.752648508752595
-0.300393275830493 1.14320436334251
-1.66258213581495 -0.32628506794785
1.22500383894272 1.04363560937993
0.499914588629932 0.540992576790524
-0.143367086825867 1.00225888391652
0.876908835922864 1.67850799535904
2.87502148565146 1.23207770384627
0.993012041042351 0.690846292119102
1.58401981133976 1.16064860416001
1.65820169055356 1.00553607216761
-0.0655623460020482 0.78254417932329
-2.74716046536576 -0.540956913173561
1.11700009895957 1.31055823934371
-0.834656274000665 1.04311676298992
-0.651008217119827 0.489973611005122
0.125847008265051 1.08487128041107
0.991238460955701 1.08804008908014
-1.05107674216999 0.297355332402156
-1.27593318927173 0.544311060597957
-1.13500275829115 0.394521451572078
-0.749484547148605 0.960737017150164
-0.907855820758634 0.569131657614485
0.988902132405455 0.999135058911371
1.23257449726982 1.50197441331928
2.19963056531548 0.89080264019573
-1.33076466672632 -0.0922270974229646
1.35377327828213 0.861254899932757
2.2098805243598 1.25369070253555
2.77861884099222 1.29669724670706
0.474716991801802 0.730945538600863
0.469462105675517 1.28481483597388
0.571142957198721 0.875498198408712
1.53512344407837 0.874469796393532
0.977180593934921 1.35271469413244
0.774140500831461 0.88593813403601
-1.32821707093809 -0.00821419396501799
0.426832114257618 0.854616649129335
0.226041658727248 0.741969180310692
-0.825235302765838 0.732102161090409
0.0934381518498082 0.606311548716135
-0.123815345200479 0.646137737135977
-0.752925136679565 0.758966872909001
-1.04887284331444 0.352262950030497
0.0662494016477589 0.846167404622284
-1.03371307860117 0.878595339489028
-0.666057086972722 0.290612922169104
-0.249910878438828 0.82229789507608
2.97668968863884 1.333527009923
-1.46263709232108 -0.251545142960457
-0.273039028215504 0.969475884748255
-0.384174997287257 0.404933949566871
-2.84854317133463 -0.777263126100477
-0.0824504210873469 0.517540303726211
-1.42287791367251 0.393823443269903
-0.217086844947502 0.609420058444777
-0.491448716371674 0.194781414540106
0.5976104238644 0.62437327922807
0.282072665440707 0.695454139280488
0.719456907750431 0.826756716699147
-0.91924357178078 0.456585265903464
-2.26591370089692 -0.472241771845884
-0.816801037692289 0.725962466307397
-0.102615752021612 0.839021392774247
-0.890847255237079 0.514259498107083
-0.297529484461466 0.626397531216237
0.594995182230748 0.959183996794852
-2.8697669528942 -0.570509368697552
0.0542007694573201 0.892909905518367
2.57661311187853 0.973716537875379
0.259146759470372 0.799467477119944
0.642002607917236 1.34278229162607
-0.173184617208457 0.824797929906734
-1.45738256424412 0.108193568772804
0.522475241844697 1.68542741944983
-0.428308335193897 0.150501386901394
-1.62910149036728 0.0383049492577931
-0.377463234386144 1.0580703893917
0.267773749308724 0.569864627371011
-1.16482843617542 0.517025967874716
1.90025297386811 1.01027095578881
0.99865635906172 0.939186518996303
-1.87937225145607 -0.316978495005043
1.52359664645155 0.999397095871309
-2.91230384454188 -1.50243327197635
0.456930159635741 1.2122231319747
0.0278542657317159 0.737180597209885
1.40423458426163 0.891828936840517
-2.90687952352837 -0.727401066230795
-0.628542092947464 0.479991239737409
-1.64478681713399 -0.412152075922107
-0.00750368848193855 0.726007896389308
1.587938025453 1.24205711904053
-1.47237135633629 0.124420094176565
-1.24790239649778 0.11025714231693
1.63659914261601 1.20659073516821
-1.21618047760751 0.423261515991225
-0.325312978936965 0.631157970520036
-2.08575914877198 -0.437002913435072
-1.16331588102175 0.278319781932874
0.741905868497362 1.41859457128987
-0.46107800927414 0.892737427163467
-0.997803183315431 0.32934719502879
-1.29033220035867 0.435509959883548
2.59987819631021 1.25404482953614
1.29572216255401 1.60901992319039
0.567955578082642 1.34245462418398
-0.84290653033168 0.978170831275134
0.220248538055322 1.17604367986651
0.723976072213887 1.06080589656013
0.204431480374285 1.02697749253693
-0.940160711571853 0.670191330002005
-3.41870863362074 -0.679923310940114
2.1469494284579 1.13898679453605
0.989904168046419 0.860707634869992
-1.012787437888 0.431231146392828
0.757219071499122 1.16717807972775
-3.22893202884733 -1.07926202912703
1.02172966122581 1.36863724256397
1.94050727626643 0.833077865852868
-0.0978645299622733 0.687466148257623
-0.020293673915916 1.12817226331127
1.74950829426809 1.31319129489782
0.284625908621196 1.00324979405774
-0.240941334009387 0.837381248315864
-0.174246008505467 0.566603853283634
0.585542221239458 0.856973043056073
0.740619054455147 1.05686311315704
0.169800708573589 1.02745831093485
0.448754670316744 0.780557352762476
-0.501595159348849 0.940085082903606
1.64285983289819 1.08175359071305
-1.03719098980304 0.310024568333744
0.0792450980394534 0.8039746151675
1.24670351215287 0.970262904073307
0.0622255241239672 1.04938958629038
1.44103772776093 1.09634335806801
0.709042250817445 1.3244259237583
0.753308008616866 1.08641613370088
1.26232651380231 1.07844549132097
-0.821538907235933 0.646451436824991
2.2861545522916 1.08767931902892
-0.934440436927868 0.471533402003553
-0.107713256865938 0.798881581347267
-1.99341621039111 -0.292541761622076
-1.5872693718656 -0.140108506028651
1.26528918306901 0.777175442982104
-0.523303330249511 0.841836572992031
-0.397323599350872 0.273592285200056
1.15355817240496 1.23688480848613
-0.250785780098389 0.719453782138159
0.641269512814901 1.36806742461281
0.531249299822123 0.894445806900935
-1.00279817304148 0.342868391047388
0.889319628718843 1.24879275213841
1.83980850774452 1.01107477655894
1.79902474507305 1.56789221145041
-1.59495705965499 -0.0686911038086072
-0.971091586377329 0.524066085337716
3.63521298425819 1.33996740580566
0.66196911855178 0.757516312436744
-1.70063825292122 -0.404038250823304
-0.723614702193985 0.653722390650749
2.81722877106079 1.24311569263155
1.08462422848761 1.2430324499267
-0.271047937106501 0.452284449436576
0.127856898433386 1.04870333407816
0.167527861134054 0.796770341973097
-0.693388361893653 0.304969162792137
-0.271264078067544 0.924234636888903
-2.64561778317442 -0.492459008079855
0.141201892909187 0.978938132416296
-2.16900791194533 -0.207013705493972
-0.354995297992694 0.912687139792653
0.6187494963307 1.10778555976918
2.05959244394341 1.40347507729985
0.154566096746052 1.06155472578322
0.956360470111576 1.17903765938201
-0.843910151988884 0.725474120131028
-1.56530984361478 -0.385147443740947
-0.628378357465551 1.25403192252154
-0.942807641715067 0.747790715774481
-2.34535688411346 -0.368639551409252
0.0315752062876273 0.580754959041614
0.49509880154308 0.983563125833101
-1.28490583549629 -0.0279004747177629
-1.33853499714132 -0.0682363922463395
1.73056126461493 0.884650837278747
0.907937021155556 1.16027976186288
0.0363796927061967 1.20848764423644
0.723070473495848 1.11500641871317
0.462661639206264 1.13983310655519
1.51551657392384 1.46165647764178
-0.00859013091895562 1.11718303532308
-1.21578449196658 0.582855055637718
-3.32520698650652 -0.543704507987166
-0.756617497605919 0.712528466331686
-2.26548807071213 -0.827042938282778
1.29668052391723 1.03927404099715
0.408440029580724 0.821213736719202
1.92260145328147 1.10680317818816
-1.59882176775384 0.00758646353551314
-0.472876277280962 1.07151968120011
-0.133980929429408 0.245856043567316
-0.740967090807122 0.3467219953686
1.65404575082567 1.25703576743344
-1.71438454047867 0.0997165579641832
-0.101594913372746 0.774276270424023
-1.68101478042566 0.121673476579042
0.814054264761782 0.919444816033191
-0.03519775264003 0.441538975853875
-0.980042892728509 0.275604696160166
1.32539190785347 1.17721390668509
1.10306174111544 1.09684460131134
0.021866662235692 0.945940762841707
-0.869188672542539 0.423676414969653
1.34698101939479 1.24644687725673
0.094921332255656 0.853120609040218
-1.57691815723833 -0.272108289794998
-0.042116604892021 0.871354399503111
1.53184770886098 1.20442603340474
0.374038297667469 0.851188371955561
-1.03524241300082 0.448987951771634
0.337303997574028 0.761651341005321
-0.995259287994753 0.341791484954413
0.810036142966364 0.693096458064056
0.604446090114728 1.13452123194872
-0.0247267221800186 1.01634807080828
1.43414250801608 0.580174539223654
2.00466929189089 1.48717928664129
-0.763742686435069 1.0302111574417
-0.334470183282842 0.708039131325441
-0.343858951765008 0.991942352456285
0.324916455865194 0.921373165454433
-0.0427321045677655 0.651679606040699
2.72141998349771 0.764428031873261
-1.57905507871691 0.120760929912806
2.35684546621991 1.12192508708025
0.959995144425427 0.696824964393509
-0.215895634842 1.30845915715575
0.586821037596573 1.21382426081892
2.16404509638938 1.05904224227262
0.160066176389892 1.04649625703074
-2.06369915981484 -0.353319209794548
0.108361550462498 0.914565451033519
-0.64725757039726 0.826341814026528
0.949997557807281 0.938628110088854
-1.03210194952495 0.634383083224737
1.37921114205153 0.832094582823829
0.105438707660052 1.2638777841351
-0.0110224858837557 0.743145327578573
-0.499972791239364 0.875352873003411
-2.22762216717329 -0.311871087826797
-3.14163677714504 -0.876397382615938
-1.76920526532481 -0.20248255130571
0.91249580902906 1.02946769939867
0.879100756140627 1.29795288636502
1.84745493645221 0.890724718804642
-1.31589451626455 0.154810855791648
-2.74935368824847 -0.532684149163018
0.599499690765731 0.667763151245356
0.00142898913468833 0.70550853042392
-2.67173336977079 -1.18382448313141
0.204844627721173 0.996078835817511
-1.85466368984986 -0.185124156161098
-0.915027979403445 0.624624939622269
0.221374832536115 0.715602740798119
-0.0506826421301327 1.12137771726763
0.0963057052867453 1.16072079912026
0.500619412705961 1.07307697518837
2.27516514227389 0.919590773603552
1.75613331893716 1.22884010540687
0.3122908604866 1.36281737008587
1.76839462550228 1.03518686911266
-0.107986669795003 0.895141286031507
-0.0377430927580595 0.693790523727886
-0.383816388279478 0.790060169211966
-1.66429192012158 -0.285291558629567
0.413024268946061 1.3027082457351
1.57768853113735 0.995721077879836
-3.0487541728028 -1.25654460744567
1.17783915389589 1.45661639603138
1.43438167420066 1.11924402064749
1.31324492201099 0.968352699549384
1.36528012757901 1.03314631682227
-2.04198331064973 -0.254902076621849
-0.125982369708973 0.613886872475692
1.37068042764441 1.15640049797816
0.971010977281327 1.12065240742822
-0.693062586096354 0.769225027862495
-1.15457591844035 0.342635750308779
-0.036344884453118 0.73639445347202
1.27177994963591 1.72560890128301
-1.74634279784319 -0.291833414687829
-0.858007785672331 0.688535066737002
0.380139363620256 0.83484854713876
-2.53541647667057 -0.621421371100706
-0.812743426480046 0.495121008138199
1.08634704006265 0.9470934732211
-0.821433530883895 0.594998635866715
-1.51375396870585 0.186871926333252
-0.805929544285163 1.03582636580841
-0.226062767907945 0.849870750645018
-2.17611610653611 -0.408170455258563
-0.326594127233314 0.870029134616823
-0.244368844328699 0.618106667960804
-0.664232732185349 0.696698418002025
-0.573371483526083 1.15143652381128
-0.634728989522556 0.457474442772721
0.839321332688837 1.16703267597016
-0.642724965856735 1.14725629911942
-0.842079271279426 0.585607839478203
-0.581990519865086 0.617870238490261
1.97206023528537 0.909959815225332
0.638850793055369 0.93712703015681
1.46456768861179 0.89516432451426
2.82695696546958 1.16907583313959
0.553982255006219 1.1571471129085
-1.9907528883017 -0.382344678431921
-1.24809133630432 0.696359050269384
-2.49913274452183 -1.08122451949748
-0.0791282027008406 0.614637397350532
3.39473084533512 1.30215062525733
2.67665780581463 1.1364216942587
2.17582931814809 1.47954646688324
0.172799476633735 0.948371730722503
0.526374768774151 0.931426334235182
-0.974288297867735 0.784582639695128
0.209936073672401 0.858555353149146
0.43925092763878 1.33604203161011
1.76414787020702 0.817694634291187
-2.26860983144988 -0.711868683040393
1.60302037734728 1.35917808737899
0.673720038244109 0.696796236150475
1.26336696109773 0.779890799894353
0.772420577640092 1.15693133760518
-0.312576539629405 0.733619321258365
-0.264012610128835 1.26925380725519
1.06341867083098 0.977349997627472
-0.106894150053209 0.836203238707648
1.92983369439575 0.810984276158555
-3.08038867655288 -1.08388398410514
-1.10936433098698 0.730877655134753
1.43635655582987 1.31326243317686
0.406138413772159 0.83394396909811
0.745162292974714 1.22543119756968
-1.41442629281028 -0.017818530004745
-0.0608336917507564 0.867615868397064
-0.939075849841093 0.467238086365374
0.432763873194822 1.28975931113706
1.77789154180952 1.31645255809004
-0.201164761431219 0.667199048622128
-0.26392593368856 0.647110170605084
1.07228101576925 1.47709930938759
-0.279929947851091 0.811045459669353
-1.80363771738092 -0.69624837122537
-1.69169804407127 -0.310609703147164
1.35942933485963 1.23138256293125
1.49374018802625 1.65649962499818
0.995072859371327 1.4936245995128
1.95273574756904 1.55396018200581
0.0968295308813611 1.24925972089706
-1.33496540306289 1.00915100703882
0.0571108448648913 0.915396438229344
-0.224324054257148 0.733298033912391
-0.387565075891174 0.762337690254867
0.880333019153247 0.782491737049762
0.664624446426524 1.44155965473111
-0.248166243603659 0.551208364137159
-0.705911652570732 0.53352950384099
-1.68802611510747 -0.348612914157362
2.26893906491733 0.9934577450694
0.828603992418931 1.14030963793798
0.177960661141755 1.20497656500468
-2.15723794102838 -0.430965605945705
-0.451297970319303 -0.0193145456260591
0.264266539181335 0.952769699064531
-0.779364096800636 0.603063326454016
-0.761574137109174 1.13014149244509
-1.50961374050585 0.290355476740907
0.593562879363496 1.30038778803233
-1.03581961875953 0.745910608927211
-0.325923279538685 0.848762159498158
-0.239700411493462 0.893855455155673
0.244928479625417 1.3523958651992
0.329244669808414 1.17361489786214
-1.84007816477281 -0.150667707170162
-1.05006862948263 0.591914604069397
0.252741879589955 1.17384444013514
1.89050803928041 0.761988670839369
-1.18728608350315 0.585040749387703
-0.327830860863766 0.146454439795095
-0.761785547354473 0.344480369641434
0.974232242822618 0.736084422015996
-1.45185169558409 0.224440349078403
0.534717522323021 0.95957696963595
0.33691296918537 1.00424733823654
1.0076516094579 0.856148522251022
0.940276731663141 1.27291602663729
0.292648050710049 1.20015569103462
-0.162909853795442 0.860617561754351
1.81758191095517 1.11305660951838
-1.46242035593252 0.264785076623082
2.45767763096537 1.13988490238406
0.890249592637827 1.46333087898321
1.44647316541313 1.04785927953452
0.371431021557378 1.52899945640024
1.83977062461711 1.44758548564338
-0.892011733488618 0.679100596870559
0.57676893375224 0.737012661951676
-0.0109634937194736 0.823632839846222
0.963272560006847 0.782552465846319
0.553256469636185 1.10635930326764
0.514666764866812 1.07584168746682
0.21648380423184 0.447572374880517
-1.74262693187181 -0.240728136869515
-0.0714618334869687 1.16512410070185
-3.21605951987835 -1.06326063700573
1.01417233849291 1.28411448734146
0.426951214160873 0.900556928455376
0.502786131595468 0.694959905528062
-0.992906952377094 0.824562378148436
-0.492133156839381 0.69700009678827
0.562249857111801 0.965297012871935
0.495686355675574 1.31976891890878
0.104173909799531 1.102637982607
0.647236002746159 1.27558725790282
1.02681021249117 0.718373651568218
1.70215082966364 1.39518523437022
-0.718588353691629 0.52120026855243
0.861501693822752 0.947854814948775
1.70366975556887 0.946183564059272
2.26208004212193 0.869875968298532
-0.191193655122067 1.35601640064302
-0.602759956543262 0.521759115205012
-1.66057602030096 0.0522012532826853
1.36411025465395 1.48543957880636
-0.357596732875966 0.746635086579289
-1.65241799353614 -0.00502135291921853
-0.762539592717821 0.632454018134803
-1.90171734262489 -0.385017041208538
0.437495090880983 1.42133370524147
0.45274823363529 0.881629621379881
0.0506600455197236 1.54991092032203
0.32298009078823 0.883255091764873
-0.0861151605720147 1.04552963123888
-0.667769385148453 0.644192298741222
0.481662784968753 1.01961593456836
0.736663131244508 0.584100708144209
1.48321314224084 1.51532298886438
2.21685176429877 1.26652531935977
1.19968177607596 1.32961263241537
