1.57844256961134 -0.501449783603113
1.27257595466104 -0.890939155973769
0.324507166920747 -0.255136639243362
1.08485799039562 -0.789542969438249
-0.603335344030421 0.678772001352387
-0.135208523013411 0.305615981681682
-0.0420212189103676 -0.161346796778978
-0.915138611678078 0.415758267120339
0.018345133088753 -0.0265889483826285
-0.745438627238199 0.793565821220782
-0.17357665406419 0.38792454042427
0.266648939201257 0.000927480457514535
2.19842854114444 -1.02589273126472
-0.401430904912225 0.493745565656411
-0.900635284423162 0.658277043132055
-1.88649139301772 0.971503284527315
-1.17211573016743 0.573732825929247
-1.08241277917636 0.94159650791908
0.957772575947547 -0.692280228183452
1.15977873890744 -0.663447375792701
1.21766904439309 -0.714790375918555
-0.237861458597848 0.804335099737202
1.10270606455579 -0.709431814807731
-1.51904779183326 0.58344423240907
-0.154875283134652 0.554140727800084
0.600073116760134 -0.22212009245744
1.85905675605499 -0.576334600054168
0.120560786862165 0.150874094468448
-0.0954548291670391 0.500393366650421
0.427568098121241 0.243172585064186
0.468397638048165 -0.199258499275746
-0.917577322076806 0.982648678605878
-0.139266727933574 0.103598523375441
0.514054430409426 -0.322194984937575
0.0960403313957312 0.427111333975776
0.0520147528751035 -0.0272056432940666
-0.404116980075023 0.990099079079374
0.846761481178737 -0.633862455382955
0.90046507560248 -0.552687641556079
0.0163661597314664 0.246406033121221
-0.246941087738809 0.153639429768362
1.17811264949453 -0.731279290648747
-1.5749070168693 0.913513317230725
-0.11952923973262 0.430094924694273
-0.78018716414317 0.513530563536129
0.0847456408395675 0.0304847693808976
1.29618357037017 -0.646492654643755
-1.25241461166807 1.20633850819037
0.622381464254606 -0.628590172668638
-0.395968445404151 0.602657998187158
0.388175851165129 -0.313655535276966
-2.61806799731404 0.586431440294817
-0.852522965382887 0.345102410726238
0.0419430364880245 0.53410770696876
0.291118478791602 -0.615822974293701
1.45199145063104 -0.662058947810522
-3.00059939525862 1.04573326834123
0.469365631551813 -0.14956465888526
1.62239518633253 -1.26489384902853
1.48715613131329 -0.501806179739054
-0.715806078943111 0.937359150375813
-0.627403102126025 0.372561777973844
0.269285775604814 -0.236251056083391
0.859113237317025 -0.507507460385742
-1.07239623840999 0.945954403292179
-2.20845641604536 0.675930450338893
-0.970158964728556 1.08623413457114
-0.258849078156341 0.351093470529652
0.470711181930251 -0.421751207089664
0.958934852682934 -0.903486123379861
0.0442320317836182 0.292026043546134
1.78246404144181 -0.78937608252643
0.341593009515067 -0.141269926210647
-0.494196070396415 0.746832117444213
1.24803086574608 -0.667917226286204
-3.22411043823947 0.500877359376837
-1.87390990593105 0.978724490595978
-0.389124107976305 0.580691448508582
1.17010765457145 -0.613900599211958
-0.844005404643066 0.797400222281457
-0.302737504743593 0.400056200161232
1.65520133167313 -0.543217192874018
-0.0934953052240589 0.623409135702671
0.432226424967589 -0.525366434649073
-1.10426704703129 0.825801382034958
1.21442831569976 -0.904196402287786
0.494644114310766 -0.487827662533198
-0.511974285788277 0.584526557902182
1.36699373969533 -0.780168172873003
0.74181345739998 -0.475883917724918
1.45407329411737 -0.669623843196732
-0.178554177748455 0.396756709013837
-1.55220881269345 0.646951136398838
1.50322525064029 -0.630938794146071
2.12592713582066 -0.888009059229543
-1.65995895746768 0.802988383826254
0.337378225949155 0.0250945729384015
1.43714209869507 -0.713892993252757
1.3052966283853 -0.524473131568973
1.5025219783671 -0.672700744241743
0.729788295907138 -0.457530165942182
-0.142598344984302 0.241891265952977
-2.47754690979454 0.865967564520021
-1.702924522723 0.8980341351865
-0.721742174513489 0.550830224294286
-0.959171658191511 0.541982327537975
-0.871371949529248 0.9826321711133
2.12961849558043 -0.641185281833462
-1.14575822884733 1.20741043599227
-1.85260362350689 1.18457062662065
-0.657585416229772 0.473725023035673
0.190606180514846 -0.0854236989214223
-0.0793010492767976 0.299978990325667
0.558692534858963 -0.62894099442888
-1.28967840880971 0.593912544332789
-0.762831466238916 0.456352623518765
-1.38653318574763 0.669787998929212
-0.197042531047756 0.538410577535406
-0.21202336606641 0.718674631268739
0.298208426034567 -0.430217821991169
-0.618356307031738 0.769101264052152
0.164499332789953 0.268174067300417
0.707627200829129 -0.769814901030109
1.61901212679894 -0.376485082594882
0.0615157274108418 -0.235055268752386
-1.67416739678018 1.04140301301878
-0.922437826496835 0.793572969871894
-1.37986489279631 0.716325241593017
0.0175451841515826 0.37879290688954
-0.919189093132365 0.678965278206958
0.691458426293571 -0.0927194813006613
-0.548917863801857 0.535472776399925
0.106245025503168 0.121204328081692
-0.265721482016135 0.632150852923187
1.17378969366384 -0.710965615964473
1.43451855725538 -0.686252761102911
-1.56810427483776 1.15231358160546
0.919909016794057 -0.742574798248186
1.61621746840944 -1.17932899520878
1.38493089436035 -0.904161537000177
0.661424136310334 -0.499611634200279
-1.84794946616953 0.93846130594408
-0.772424120113145 0.607883265176018
-0.896638297481238 0.531327202311681
-0.430347792121697 0.649116762099658
1.41870837518626 -1.19345145552453
0.619391629443074 -0.684626511153656
-1.64365766940395 1.3453553349093
-0.101868285857925 0.0492735057924795
0.090539922197045 0.117488211696579
1.00670579337082 -0.516750848726382
-1.51005881017591 0.867433831584724
1.30172868767593 -0.828962942827207
-1.15922184310896 0.793590764499286
-0.137024649759942 0.58783659253473
1.47435556527422 -0.668307211978177
0.43454703918318 -0.00650111326974856
-1.12411874451891 0.967591785474526
2.11978951018791 -0.963799125846905
0.733086301931951 -0.476595486792428
-0.706446521434698 1.20151857183983
-1.41754000079782 0.851411594286879
-1.38545020392789 0.676702389726344
-0.82185320050449 0.441172129563516
-1.07173608323339 1.00190766302757
1.15577215098355 -1.03248556933622
1.29626075848103 -0.997565045742775
-0.985507715839193 0.28786762537442
0.334319847310791 -0.347033583747955
-0.369465175076112 0.651992911784129
-0.952174993062283 0.574291134629857
-0.313748834676659 0.270732614747675
0.197866527343074 -0.152006867400721
-1.45477875529486 0.729793700683056
-1.52707675889787 1.11427152721061
1.19409192232605 -0.73427481372604
-0.920219522318915 0.928764111533962
1.80226880347874 -0.588929583930602
-1.14284343354602 0.547639453581697
-0.233966342426662 0.43209933424754
0.77572701051881 -0.622238813820321
-0.710584987403597 0.141514843449654
2.75772649731633 -1.22065693689247
2.50351892886326 -0.865088669660746
-0.303953124406603 0.805701859864434
0.429123497407347 -0.363306891518377
0.799637812080232 -0.646089754275004
1.03061110416368 -0.632824180644123
1.67449686310958 -0.804812088226822
0.12554774512178 0.12071940776437
-0.903943689116776 0.528802595875012
1.23168845552698 -0.916611810650739
0.721127387939241 -0.682126448330426
-0.363909655835938 0.246980805067721
3.01047054653175 -1.05136968571651
0.354642403704018 -0.146889412164712
-2.39702817751 0.867283307933538
-0.294928893351521 0.123031802305081
0.263825283489108 -0.109649865569457
0.945275497629539 -0.554144912853099
1.69684582530865 -1.11731605006873
0.164132069560884 0.102153052330855
-1.61566055761307 0.939635512334388
1.51131090269259 -0.651855525538075
1.24388882005888 -0.420412805678574
-0.892452775494915 0.423740739233753
-0.218417943279618 0.228239904997941
0.635507817916698 -0.171664024367171
0.756162098981162 -0.660732840962343
-0.274755575666545 0.605054487210689
-1.04786629752914 0.69082687889183
-0.399969284861105 0.514003477657182
1.40464277481488 -0.499661981265763
0.876197636337195 -0.555311120678485
0.288926432675223 -0.130250806122918
0.12951073258387 0.097031347429786
0.847997886243134 -0.911370127776031
-1.14355462851517 0.918553434553547
0.68200956342465 -0.303048231601184
0.326565864012069 0.0344546260032334
-1.07650444434685 0.95741363479268
1.39108315185992 -0.550822799737602
0.327420578689867 -0.226773818885773
-0.79547700339115 0.813559536773125
0.13144387580563 0.394464866995027
-0.171965251781686 0.36705583623187
-0.556514976428271 0.0727807419988143
0.0707920193579949 0.138434557749824
-1.03295380057374 1.08991390034561
0.642596078839521 -0.110309977891838
-0.0915268230944944 -0.331133943816056
1.84379956233312 -1.07585386472491
-0.655955204937484 0.420115340279569
-1.13056427044655 0.420924171000278
-1.21389549030643 0.879660838969977
0.0439024279841294 0.199487053164731
-0.617277101444028 0.800446935401933
-2.70459427864485 1.41695231288982
-0.223630680683768 0.354552735167265
-0.282382749017582 0.596638238986316
-0.601381620916972 1.02653423439775
0.441910528948893 -0.199285961330909
-0.696898881548531 0.745152815250703
-0.888501279003086 0.725815735267433
-2.00190527355873 1.02748375028479
-0.852976262955398 0.880821917737789
0.900367316016677 -0.997444938928403
1.63360158137772 -0.970780664244635
0.582298628865501 -0.591685886602196
-1.31352387466385 1.04826085840644
-1.28991775305464 1.03260835030114
0.966625226163827 -0.572825345312589
-2.49957774455021 1.09916844856941
2.591936730853 -0.984651644592836
-0.0955845922074778 0.0947622825523593
-0.207443350905525 0.22244544232468
1.14355298037788 -0.804892752875201
0.537534764987324 -0.145149019005581
-0.0868292206614985 0.501799655266876
-0.871938958214156 0.524965873346372
1.42896471827413 -0.749809913081941
0.625932719558341 -0.00610481503035182
-0.140478397766085 0.435147920078697
0.218788300940642 -0.0189555622353832
-1.19666737757996 0.933254366157636
-0.00109576323544689 0.02687985199163
1.21103575480582 -0.622568674350187
1.85447129250609 -0.514051515329284
-0.500386406774615 0.579449313456566
0.191690482848967 0.345624298217369
-0.213830726462814 0.417824993838615
-0.377939540377532 0.562638232865094
-0.463966856064767 0.432109549915008
0.496839796254832 -0.739348160155642
0.170392399896357 -0.074958545243539
-0.90068803127039 0.0998556624349963
0.786767328661612 -0.943563226168672
-0.504384123885927 0.404057717401368
1.59817983025335 -0.676285832199822
0.271417430506838 -0.28836982886342
1.48627285909012 -1.07527376745485
-0.667357336704019 0.590390661003211
1.00188275007105 -0.588419844494131
-0.402967878789247 0.61043608774164
-0.918685794865785 0.681561369951213
0.537104773117179 -0.12538020236621
0.717709626583068 -0.61091155035035
-1.47315250253799 0.951304823834879
0.583688037496559 -0.552160349724908
0.0176189372174412 0.304563885942299
-0.016721674923049 0.131203893995441
-0.922837531387258 0.896131807104941
0.529745563183368 -0.52625212196639
1.27510888125104 -0.81545943977602
1.04414379059264 -0.886504559449782
1.33310281907521 -0.541983133506975
-0.988502704869069 0.649083982622393
1.28610414654829 -0.549423063639282
0.755706074003694 -0.586155100624692
-1.82114740334039 1.5208836804719
-1.06104183969736 0.274258418373719
-1.24506156781013 0.922224462081773
-0.0491907841653177 1.0589758629738
0.38255958017129 -0.0679202968205575
-0.0359342614666858 0.186905043136642
-0.705696771677284 0.688498664385365
-0.420191582654412 0.61158570089499
-0.284762526135573 0.438039351638537
0.0335539492775872 0.569908292151239
-0.406604256937955 0.276438549857433
2.32221152713316 -0.824263656244556
2.25636655038056 -0.956268531383351
0.183997230181231 0.222523383789258
1.39502898023275 -0.936533916306141
-1.03234420131087 0.452390488050197
0.094402003900324 0.107906177726509
2.25957510411848 -1.14327114935169
-0.663202731230139 0.555054913929274
-0.274572310847134 0.228119225777778
2.43716162035598 -1.16039166671622
-0.860264511087974 -0.105769171294295
-0.197512505792452 0.226361667588269
0.229973816937227 -0.218879324704213
1.41548386921056 -1.03684232355632
-0.593380540896748 0.711023434874538
-0.357140028030552 0.548747200987344
-2.04533362531959 1.24024375098533
0.329680037100765 -0.563982551776045
-2.03230479446984 1.06779919127363
-1.52617645835766 1.15249776946238
-0.203693046938855 0.403108755159999
2.00058775648915 -1.13369839630586
2.7014868337867 -1.13271904793083
0.905180103850199 -0.610506773289277
-0.644369690404642 0.808490105138465
2.12680685026193 -0.964434670287321
-0.715006636526947 0.950679396471173
-1.02148220040456 0.71748472157895
-1.10581998880409 0.174322850746952
-0.23221153009493 0.366149175981536
0.11475925649373 0.164465148210147
1.66656581448377 -0.82595840358568
0.562170217308514 -0.560850757081501
-1.47946185307904 0.913674315806305
1.23709935004105 -0.781550438764781
-1.47271945570002 0.59071801473136
-0.539828447892192 0.785949958438422
0.0394369838870233 0.451696141466443
-1.41732564097341 0.427451517488597
0.360210615370534 -0.482870906853881
-0.522285706189607 0.65023945064815
0.38623030012015 -0.405443528383533
-0.835754920089491 0.859378290685098
-1.31394479317371 0.783063261828955
0.256148268607746 -0.28395296845011
-1.12704918062026 1.07867749052196
0.867444716486702 -0.364670574827661
1.04640873701276 -0.579515310047178
-1.01710504809702 1.0289972390394
0.348132322483848 0.215867471620972
-0.0146628478887047 0.279381417865988
-0.197066271925364 0.183515026102664
-0.978516757815928 0.374046561061466
-1.95787340524953 0.806836499366398
-0.973804483520743 0.285025479264346
-0.410403728126929 0.530929940902661
0.957176978109281 -0.564660049850915
0.132042603023071 0.158631798003299
1.75836803722562 -0.769833999918378
1.29052566727814 -0.662754217243526
-2.16236329501367 0.972060266265762
-0.683547201195125 0.628550203118416
-1.44580162323564 0.803968523046656
0.112697063562226 0.034631179408093
-0.589972085989481 0.55289046467974
-0.673084325142105 0.630634212829141
0.485484292546351 0.19715686664504
-0.477148032490587 0.664608524446522
0.408730082076899 -0.235159050362812
1.34449825290072 -1.11607782430728
-0.602902101815149 0.546890432046069
0.565089666329082 -0.101921182541182
0.997100752476538 -0.751386661524406
-0.753019127121135 0.842116408846356
1.64565538139396 -0.764519277496073
-1.10677427799753 0.520736898381194
0.758378452772411 -1.2221807789062
1.68003087049912 -0.707545865586918
1.81987259361276 -1.19513799500312
-0.325565343692714 0.750880988497389
0.711490124584027 -0.349496884814569
0.0315969413534051 0.0818123420553078
0.389129383459064 -0.0325342021988582
-0.511900326793973 0.936602417153151
1.02008787454403 -0.952714415855476
-0.150255778639771 -0.15269422942645
-0.166737700092889 0.368967245013263
0.132726788417955 -0.423736436640656
-0.510542375021699 1.25148743507463
0.855200329999184 -0.393550647688761
0.534246401487142 -0.594338159292381
1.30487564531101 -0.594741214150442
-0.470816454470698 1.35475157491335
1.39416329217923 -0.661711438178535
-0.606651645919052 0.581336090384832
-1.41044147976867 0.719894111830587
0.190583800254629 0.0675475708092073
0.58657897479914 -0.549997006610952
-1.09196221799052 0.631541143520424
1.1107684193212 -0.319212678271375
-0.267290560725571 0.159250221295386
-0.788597021616129 0.567753554926244
1.05494245854019 -0.72489173693355
-1.31135614686518 0.729568426803102
0.211119627330023 0.141982905883757
1.37127236101592 -0.768379730275626
-1.96050588928507 1.21146574031752
-1.71170162876592 0.788480203626868
-1.73400156625148 0.765811902488837
1.94861387771885 -1.08719481626693
-0.948656014290845 0.742644210565366
1.80072994891494 -0.956432118967377
-1.74649099285517 1.19526881121215
0.118501620601433 0.11769704976359
-0.431643244738961 0.395644870689184
-0.685245885432245 0.0875985939604693
1.4014498022083 -0.475407218728345
0.2072112431798 0.131339565757118
-0.697729350369597 0.546999272520163
0.663053025984967 -0.98288622037616
-0.129087041206069 0.0816830942471914
0.0790548553016237 0.0862768798122178
-1.56646150100853 1.08354513038731
-1.14512991896336 1.02646439293122
1.21268036949129 -0.863164473820467
0.408311747514012 -0.490588082548412
0.00201037575656726 0.260331689425337
-0.00790937328273458 -0.136580129719866
-0.0444591817948001 0.330385797807059
-1.10804857831517 0.373179284045302
1.03517690017587 -0.459494569782503
1.40556092702527 -0.890798587371979
2.49188953124772 -0.881435804973845
1.02918252360714 -0.786967731123853
1.3350824381135 -0.876161578962458
-0.544508648510828 0.745589642483141
0.827983203243363 -0.250474587920741
1.09008369110826 -0.444316536689913
-0.272220586027077 0.6022086112327
-0.292350255963274 0.150780709727163
-0.655137021399393 0.801680511598203
-0.256946167827367 1.0763398815285
0.799831690917956 -0.290147737559797
1.55501571834048 -0.588320852996678
0.774556619930432 -0.03792693261986
-0.306257170714895 0.340618498434329
0.0421851959461675 0.0969942146460907
-2.46282183348035 1.09857783390541
-3.38659520587222 1.37379452718211
-0.555990897764783 0.641505090158483
0.00877597678055008 0.268553065801959
1.09893246961602 -1.01840757360503
-0.35142118926119 0.302086656926623
0.0324743092507561 0.318487339296382
-0.336812766280247 0.687257623218788
-0.381801930730794 0.686777425029154
0.690346025885326 -0.537721104021768
1.37553532025944 -0.627327017357065
-0.2116853076426 0.616001340868094
0.822411022451744 -0.698847886701559
-2.78723548376507 0.763699843758923
-2.81030222045072 1.16168240583218
-2.15864983526957 1.06562995062275
-0.458594969702177 0.659360278492146
-0.179777937143339 0.254239301403187
-1.60421067399395 1.0181417852904
-0.330328526315078 0.830387431140677
1.73776554823197 -1.22192606912931
-1.05257718134269 1.24824139808333
0.573309910008602 -0.880786702179724
-1.64441829374205 0.891056954761884
0.752740301252514 -0.775115139151148
-0.367083582628948 0.80774920066166
0.72423926259695 -0.332584803475811
-0.402968739117595 0.622211967285362
-0.832143358302833 1.48346895889597
0.35761859655994 -0.339846173934499
-2.50888394994051 1.34928674548848
2.59626230337274 -0.517274374888844
-0.43402655585389 0.815028420415821
1.01451832539427 -0.97223720389155
-0.821122033772372 0.451378642596904
-0.496241224593027 0.745277286648773
-2.65661216943411 0.862178718899528
-0.864199927996334 0.828252615713911
0.976684873775508 -1.03372010224765
0.175831071711187 -0.035678373052747
1.00479031082255 -0.654536378157471
-1.61014828204222 0.967131116037771
0.913456184684324 -0.805190662581402
-0.301504059986877 -0.0387927856485876
-1.21167914191897 0.658386145969396
0.353200664841713 -0.394955457276061
0.655165402436161 -0.615885099439136
-0.869303834737431 0.748806433328151
-2.37498454146782 1.15680795318318
0.449464978742513 -0.360219456191667
0.825639392174105 -0.625250916738157
1.21772739549092 -1.33595119563291
-1.37911660561358 0.746334183659454
0.294485572468437 -0.27263099535006
2.96950899395912 -0.645730179882001
0.894045291192774 -0.882195610870546
0.28020080587612 0.011818864964619
1.6339032648323 -0.477892764232539
-0.564952824087297 0.398508125533596
1.01369777172258 -0.925153980316506
2.35679474262613 -0.851093943989367
0.759640400989971 -0.501775414052697
0.959963483603856 -0.47030746014448
-0.615035520553153 0.184128826629328
0.276051037759649 -0.714786130806321
-0.281098324585977 0.719139406035297
-1.71956833587712 0.723997363993755
-0.0899548028314909 -0.405554541144352
2.03541588117599 -0.869686877897192
1.06155247741399 -0.806669577294765
-0.923449266388968 0.355260696787346
-1.33827907176543 0.645468473588325
0.662172077308164 -0.312130421011385
-0.00930644367269627 -0.146668960575407
-0.790605177412793 0.714147968223061
0.320537403329008 -0.223930868051761
1.69980599431664 -0.987019877025148
2.55572568745144 -1.18372623294498
1.0804686844606 -0.523605333218667
0.655734278859362 -0.779778344362383
0.370972760447909 -0.112025501395014
-0.784820346738697 0.627391301762097
-0.22786958241854 0.306574815595236
-0.0858712970027895 0.425728726552378
-0.11414425929834 0.327909255394184
-0.370095746893083 0.740906650116367
-0.279363752989406 0.26672879197522
0.0323760688234411 0.736790521094051
0.688863890274651 -0.664866008528877
-2.56314371507669 0.545287244548627
-2.02670665807756 0.626617281870531
-0.638453393916898 0.741371391498966
-2.53152890859693 0.841923225485333
0.199274436178693 -0.705791442147605
0.237177576303212 -0.138296342226918
0.677914254477071 -0.490595221514619
-0.371241476108939 -0.107833282621641
-0.596718737290815 1.08492053687736
-1.40382064184086 0.789639251021192
-1.02183069092413 1.13197294360879
-2.42868025895272 0.824655834483864
1.70381189839102 -0.768407828008287
-0.339530178217227 0.660534246217054
1.25418673499535 -0.931785270859367
0.289631588328122 -0.246435992619518
0.112856606053565 0.346822717266809
0.929911762615074 -0.76616970565425
-2.10511362083556 0.813986196781859
-1.29767238578003 0.651096401617117
0.789733935508208 -0.283139647547206
-0.661187242818076 0.833468682228429
2.11467859050143 -1.4861358019483
0.0357626770942108 0.788205339077197
0.231187994550008 -0.00351397426986777
2.13298320482247 -1.21124682301191
-1.0581651431248 0.932539480927539
1.54458314600796 -0.354527856850692
-0.474068649655868 0.495238297637395
-0.116378671135164 0.24825653251691
1.87472301179732 -0.86696022422926
0.999165671789116 -0.733385620117726
-2.50079954805453 1.02236531758238
1.7014897829958 -0.648776917861889
-0.307605494669397 0.482913671125708
-0.740907083235931 0.914442379493841
0.289693254217138 -0.554724797435008
-0.77220497493235 0.887724974646674
1.4178014890352 -0.88736423082447
0.834938606427638 -0.399995136653738
0.139917821569192 -0.236396429228496
0.369550549376502 -0.363115248533165
2.99348548526078 -0.672076975776179
-1.65836311397044 0.923959992426499
-3.01594990533451 0.817747383449294
1.32559164479368 -0.52656809129812
2.62887688861686 -1.50929411164422
0.235921446599894 -0.427815503638505
-0.352839396099051 0.405616836198939
0.862599593219012 -0.715390138300114
-0.492346618018384 0.490181348872547
0.305020080414032 -0.028327476211738
0.126788547139999 -0.107668123792089
-1.82490453608439 0.785212774122966
0.44858501623508 -0.279643069088183
0.177904304976438 0.306991471114063
0.92033867002757 -0.627963916175063
-1.1500646030681 1.0320230944913
-1.79269341381081 0.807952937130886
0.31845540347065 -0.461999750380576
-1.38553635456161 0.379393453184659
0.572342511902204 -0.178422134066606
-1.36886740340809 1.01526981618629
-0.956531763761477 0.950423372803156
-0.350328025606396 0.656235599492536
-1.35017545857768 0.640398406829898
0.566708869363225 -0.540791727775888
0.652452381931033 -0.537505397940271
0.903300030012905 -0.418721728801278
-0.765552037218851 0.263396825551486
-0.746593583710914 0.841866756177484
-1.41058864988618 1.12081460667145
-2.28094412921375 1.02078542561866
0.822421679634258 -0.262839380182848
1.02025647966531 -0.457416342765909
-0.658014732528691 0.401729365326096
-0.844091313706684 0.607421605474665
1.47902919423506 -1.55667562706864
0.0350597908644219 0.33226384402032
1.65038056279486 -0.454690421343807
1.28436671765201 -0.792870764763095
-1.98381606293581 0.774425066672481
-1.27192548608022 1.14984144240705
0.0305816145647277 -0.0193523620577022
-1.52608362900077 0.831285306655687
1.58267286024021 -0.458333637526641
0.574366211538956 -0.624550830628004
0.0622523348012076 0.116619658781774
-1.03954830444618 0.461944186406566
-0.165525991763559 0.294501234084103
0.986058966027415 -0.530708388482066
0.227407117262103 -0.0784323959953452
0.127527111718955 -0.132322766704129
-1.18609825155873 0.912829485889597
2.10843650722738 -1.11665757136342
2.309671500164 -1.40249703365126
-1.2166823218091 0.65897112182338
1.55027413105147 -0.730680996354173
0.476098797972133 -0.352762503432131
-0.193555581319454 0.41454821336396
2.73340130494521 -0.98586768524971
-1.32619601872225 1.24629789045566
-0.920331803531352 0.587247915417548
-0.680624590936175 0.384670171416948
0.690522140182841 -0.397292086734528
0.74241066361075 -0.210212410010084
0.0906485021818953 0.182418867075604
0.650998265342114 -0.503031235399875
-0.710268626909462 1.09520216645209
0.845637496556787 -0.590945421844367
0.999227760857757 -0.894655755241018
1.77498290368584 -0.747545592190419
-1.81281787932148 0.869255715619624
0.38751183136679 -0.33246717218755
0.529024288980993 -0.199257055296337
0.834629261015312 -0.610468757035456
0.426991154539427 -0.262212485167136
-0.818994118694847 0.71953454618981
0.588906404738674 -0.47183348486267
-1.96031071944212 1.118374337584
-0.136056246199671 0.493394785028335
-0.412405020972037 0.682176357439828
0.289237275067777 -0.0601626055295468
0.00358708347856347 -0.0393873639941205
-0.135328882881616 0.627539359895725
-1.23403441225332 0.912493478926317
0.728721392542245 -0.499724832785021
1.39827760735562 -1.04768057198221
-0.597038837838949 -0.0606448603536436
-1.35625892636097 1.02007786412997
2.20560279693571 -0.947152880287868
1.50320382133017 -0.702113998598631
-0.107599496251039 0.167732154009649
0.335241861931812 0.142063900320355
0.638587840123851 -0.379129620274415
2.55786641403274 -1.19749313941817
0.834971150296428 -0.659963092000351
-2.0058160389224 1.02212345882769
0.777098824841386 -0.250824448996678
1.18811893627191 -1.29478234481495
-0.0457876035213572 0.997229678860899
-0.781394744142996 0.933782839199927
-0.0882475446319652 0.431461645518404
1.33640286147706 -0.752034857457761
0.78371258247954 -1.13900243263163
-1.33073623586004 1.0534134594277
0.365021827326948 -0.677068871860228
-0.429844836365294 0.770001035550463
-2.78123652421632 0.748543840056644
1.66835970067035 -0.541694639857015
-0.117149504412094 0.484620104165881
0.765479966669666 -0.422440365162604
0.0615553324150601 0.329985245423048
-2.82792342525462 0.888536337404577
-1.04675914437433 0.99658201815764
0.841008972158172 -0.742222220608435
-2.47880441065452 1.03928989612973
0.613359962089435 -0.909212078102629
-0.910924837759533 0.484652133951638
0.201549327400932 -0.0694178307051909
1.17619937437101 -0.838708471528282
0.669704584529802 -0.43666666147311
-0.706550583878352 1.1777408473218
-1.72953647494824 0.337578440764471
1.10464111064173 -0.581977584949761
1.27609776353103 -0.950473794857167
1.5199972189213 -0.858752736928042
-1.24487676259562 0.558841250547308
-2.49128322312959 0.933632548675682
-0.837611240467371 0.878494618614683
-1.24364928902633 0.492425624428129
-0.422276228838651 0.815951229648403
0.434743872882249 -0.306725753156109
1.68827102306371 -0.753196846772328
-0.329210061633387 0.518460732190289
0.884152000075976 -0.833935532314306
-0.832515175298913 0.290529897613557
-2.76862067291605 1.01337284582545
-0.192090062393202 0.276878443940341
-0.0747423556614292 0.0210567118271884
-1.94112528692127 0.620170952799397
2.56071605979687 -1.11992147654966
1.41556716968181 -0.59829823671788
-0.308162584606901 0.668421663828123
0.99998520558231 -1.10133412319341
-0.848095240748831 0.832667808646487
-0.889334797513695 0.836525669762639
0.50048659034124 -0.450891231627939
1.57196467806817 -0.986484733025009
0.0523141916135576 0.426151140508138
0.167918830925168 0.0668521278076922
0.71803119168502 -0.28841849511436
-0.723208535118498 0.853911877133723
-1.7871806696205 1.19209769111896
-1.5295562068519 1.24019458019566
-0.300311481702968 0.477547176035867
-1.09494171892938 0.848608408059574
0.37743138461105 -0.129858466354941
-3.37045540385353 1.27899416573338
0.753331716980468 -0.759946785882946
-1.74311802572365 0.96156001043107
-1.54719894843751 1.27144252084884
-0.994274047312411 0.378086258115179
0.365042383246495 -0.481584478975356
-0.408633132844352 0.133226690623885
-2.13558020932784 1.00590123753145
0.812261388828971 -0.493377635911449
0.600304853726674 -0.371336248747691
0.376490412273833 -0.347187406885915
0.972505816060528 -0.969824196513122
0.932337158996822 -0.37090041814348
-1.49484921713001 1.05332999643998
0.195065107724443 -0.423658073195069
0.58938136928917 -0.496720001538452
1.44362619443242 -0.965115973633727
0.0311092060097847 -0.00569915019395467
1.21862537529923 -1.01152641352589
-0.686247237797489 1.03793342526986
0.478124194368149 -0.39721071276871
1.88900918655093 -0.636009826673993
-0.326963147971293 0.65848592610474
-0.610483464528616 0.641835269290851
0.689755817178278 -0.315159152487631
-0.874574377896582 0.388319470393131
1.44404892844654 -0.686231288020957
-0.109365807477031 0.531186616975525
0.295731749338337 -0.557180915486093
0.985731029280355 -0.779873633416484
-1.69078296791646 0.725012756536397
-0.655249734019135 0.878102556697508
2.44776576806973 -1.43087345707053
-0.478777882471759 0.63340990317475
-0.43730587520901 0.797140550281911
0.926058049524321 -0.680175508185965
-1.90746418067975 0.804502466822857
0.717172618593159 -0.12234173075336
0.498707699262193 -0.483524577880939
2.30823779465584 -1.39393475758942
1.28359611811602 -0.881954986559508
-0.0431698361373735 0.365884694823564
-0.123931524144811 0.451964033118463
0.00572714152612961 0.123488960798838
-0.00987225138044418 0.192560209872911
1.06727076145937 -0.824457732253271
-0.171629774153916 0.0557850719330188
-0.57831603540523 1.39828108339163
-0.627359816151565 0.750955623067145
0.696210465052752 -0.0397529160161205
-0.0166409048730681 0.196785103544149
0.594470424557307 -0.189411377563232
0.716833307853256 -0.90108144463796
0.120547747888972 -0.00215729990842145
0.0620958481615511 -0.177719378608706
-1.71169524771322 0.669313899451967
-0.182544078904101 0.750913648962595
0.0542316014150149 0.078452257057177
-1.37546091753839 0.667514330359181
-0.498603071623734 0.435763088601962
-1.40034681778409 0.853643921398289
0.0766573945815132 -0.133163659187233
1.5675122321124 -0.656288805209145
1.53985134585162 -0.719288764383961
1.43883095443868 -1.04739761727476
0.447543122817044 -0.405683627760971
1.5241319044874 -0.579275063813634
-0.122497611896779 0.245407068981201
-0.220895988589581 0.26799659898787
1.1130176806008 -0.6121409485275
0.84972271271138 -0.779885236703501
-0.0546213550792577 0.295820580334981
0.892437253040552 -0.492344557241086
1.19543849633645 -0.613342839848558
1.07675174030229 -0.409331585710857
-1.0239875482461 1.20831477611215
0.84937331284017 -0.0681027458288577
-0.245336228001629 0.465018153412343
-3.22808251024433 0.404201515483418
-1.68022289294411 0.537001206934477
0.391181177286989 -0.0831372823107316
-0.560843496002072 0.340193596826053
2.70666011224429 -1.27665603790047
1.81876490396399 -0.591930003306546
-1.66405655049821 0.947614194915766
0.964764162219753 -0.773840669345317
0.337197380001701 -0.0859983030572891
1.4532103067648 -1.09744205546193
-1.18653906212216 0.559929637457796
0.14457990089085 -0.124825732268719
0.570247947675492 -0.408014470271343
1.11562569366456 -0.514822441970698
-2.32076140563616 1.06298778414985
0.710096714672804 -0.556164833314441
-0.849686137365911 1.26180873600796
0.0046587104142427 0.256995240714605
0.316073818099733 -0.212000703476516
-1.36820304316541 1.01470937229124
0.737719909592636 -0.388762188790212
-1.13842657180445 0.465817458137924
0.50959080828683 -0.304108334526536
-1.51491710131879 0.570221847361213
-1.00583645332879 0.861389419423378
-2.59731484114283 1.05085059256483
-0.260955874171108 0.487864028205215
-1.56897186007968 0.936726027530822
-0.397670404011427 0.297746428807676
0.836915153804249 -0.8119932093253
-2.23388190484546 0.91442689106808
0.963765406505257 -1.29130977086536
0.951420005365607 -0.693694250828747
-2.16234045116975 1.11905628791501
-1.93759430164813 0.727558385450345
1.14801267164983 -1.23124014995462
-0.405628935553043 0.288434478469304
-1.46147254856978 0.653477605620666
-3.0503760421515 1.26018746803093
-1.67405476110119 0.635648210250182
0.566556479323594 -0.379331650602611
1.56490895740539 -1.02848045635168
-0.753486544602615 0.853446698590815
-0.226960551753882 0.838378364508204
0.0674042827316747 0.138268399651659
-0.537991207447041 0.749390951175851
0.213921084717021 -0.380384088879096
-1.8866282445295 1.23631025502515
-0.407562385424962 0.494519930824132
-0.00878166485873818 0.201711425529519
-0.50505235024147 0.252836987553454
1.55829061511554 -0.653747208780192
-0.138081911277759 0.0184118716328275
-0.620557259517027 0.635910158675091
0.189325504995936 -0.213687176643046
0.272896878889854 -0.553773711794199
0.996297527213932 -0.640485383662338
1.05820477086859 -1.09665879275752
0.596116167665613 -0.369335802223861
-1.00205857943515 0.77192449865824
0.382163237645208 0.00904702807971092
-0.728683613004454 0.743617870826834
-1.63116146715747 0.58689609317767
-2.18846814014871 1.22032633296847
0.188417657532478 0.391962800101838
-2.01233328822605 0.878429698097048
1.39593102296233 -1.02683769402525
-1.12406043936936 0.723413016102122
1.55540603139722 -0.985281840406939
0.265782669544178 -0.281056441122727
-1.08521791072149 0.342148422689009
-1.58279627401797 0.809676293552728
1.26370736079095 -0.172660844013701
0.256479737394725 0.0407620166173387
0.371739046608672 -0.515880137493766
0.928660532810489 -0.467238726799625
1.47621794134732 -1.42930582033771
1.0434205983184 -0.489139230426166
-0.241085254629688 0.413285172451151
-1.06200820387362 0.677470150128363
0.784123859159336 -0.497585509342618
-0.519508585216545 0.524779187928948
1.464921510063 -0.534258038401989
-0.113884486837276 0.250406332174632
-1.44261488267842 0.862838859215017
-1.14710529391714 0.612756910574307
0.739657970969498 -0.501193382669591
-0.282177230552987 0.083848565775214
1.04219853382024 -0.377338251616737
1.15011689647249 -0.722816478215789
-0.746774035669527 1.02987358190012
-0.217187700711727 0.230746114669787
1.87785365321444 -1.32175544562011
-0.952563544331668 0.511220458775659
0.765418368099886 -0.684974932378738
0.774263719203851 -0.455235075781777
-1.26002381669239 0.683398073951683
1.97537551905921 -0.781900652326886
-1.21623674389024 0.900184252324022
1.07546052234256 -0.861912501797441
0.25469932339449 -0.463571625589344
-0.157906734292909 0.540239124931573
-1.57490778610692 1.07178362860611
1.01147891206862 -0.238269177036517
-0.475643514935667 0.256942754315281
-0.143236652434062 0.488921353027763
-1.38401942582192 0.603602791323131
2.6514494323478 -0.616995448266392
0.188393877556744 0.0421411088616514
-0.871560895304359 0.171816058451792
0.869167732482683 -0.943963534274644
-0.541299050624153 0.767591771130791
0.40849574327783 0.0174870890198624
-0.574209284362233 0.710553448205655
-0.792670399954417 0.525513096616295
1.27371758767789 -0.808315704575988
0.758597197454484 -0.653225986894758
-0.841082280171664 0.529869798901885
-0.459137728087449 0.21538528320346
0.277093755576404 0.0577773895165615
0.66635258837232 -0.648945467411635
-1.14503143130493 0.606272065701997
0.625203945560544 -0.559933066980486
0.0307228675457768 0.323972728487493
-1.06850318468589 0.358890085609732
-1.29591722003474 1.12743620479499
0.643271871619804 -0.524962331374312
0.926649554021793 -0.406141579272766
-1.68091855897441 1.43853825370564
0.223421466768273 0.281381638811849
-2.90404386228929 0.492255513536998
0.889100633882709 -1.10541145450501
0.186527856688641 0.325391974491589
1.69212155940934 -0.979593072854883
1.87469293070897 -0.71031434660115
0.25993934200065 -0.204957577907077
-0.758039178999335 0.343447778085462
-0.127040534819027 0.180130175041466
0.954975949714615 -0.808512077638089
0.937122072374431 -0.788584935888817
-0.977764158177004 0.758209359244152
-3.36993606635071 1.19564735752852
-0.952174251693614 0.677812154684764
0.555940334693152 -0.451997890671068
2.29062578769788 -0.633358007803096
1.35663695305727 -0.536925730546082
-0.150961195756141 0.354372779092954
0.193398441888062 -0.176745516890487
0.501510488687532 -0.70910674888842
-1.93358398963927 0.771663896456905
1.39884021595045 -0.243942369998879
0.138141977463981 0.183074430679488
1.12809763664978 -0.951164339870093
0.636279465535899 -0.595062615709034
-0.228933508381287 0.263607855118019
1.1902881600005 -0.495564381329388
0.482802403475881 -0.425852359946155
1.3091547792268 -1.04465000284541
0.560798068743673 -0.402756104053754
2.24442619518148 -1.1251939310578
0.191857658587459 -0.318933037760431
0.113117093968733 -0.374800811290427
1.71484029295695 -0.496335845438391
0.932125073409083 -0.485309324748438
-0.338072794980482 0.800905542379903
1.25882106060006 -1.10579711476622
-1.00874081134226 0.937011003268182
1.52302933564654 -0.969331545749717
-1.00868206077927 0.707490994585779
-1.40632729436162 0.591946724160825
2.37222678373684 -0.791644853624512
-1.09794768720416 0.86440191145966
-1.10420844419067 1.2334669509463
-0.0781183398213772 0.100345580915793
0.571851335118161 -0.321545524316397
0.481782385296939 -0.753387632425769
-0.734262368303986 0.842627097183928
-1.35299096715866 1.05647507646049
0.537487375899941 -0.616737130005723
0.99194344683789 -0.494224986542105
-1.79189940756429 0.704638943724618
-2.29459551405165 0.68939125511342
0.314350117536911 -0.171426172315844
-0.751842112228857 0.711476776214986
-0.892456250746694 0.673053441381067
1.50212858542556 -0.866270458642407
-0.172054600355336 0.473166196138861
-0.192366350579068 0.40707321398996
1.25492892149203 -0.530513348039206
1.0809261091646 -0.836146942876782
1.8034215054401 -0.96993517918311
0.188076531786687 -0.313770094510445
1.11521933370725 -0.576693709929679
-4.05515596117156 0.980894114826839
0.637420536903878 0.0578325198845966
-0.838508990512532 0.679837193151709
0.700614232491707 -0.705963915766324
-0.384383852650991 0.35754463767784
-0.0398586906480978 0.197719336702535
1.01773303531833 -0.985765317125332
-1.5493868995262 1.12702137132118
-1.86364254296177 0.81913353763208
