0.0961729693188964 0.453711592600629
-0.0113527353312937 -0.126515054058624
-1.71872540808838 -0.954260725623575
-0.569878072174185 -0.523966735325583
-0.995819261286115 -1.30082902042599
1.26604390478667 1.13782106098712
-0.757830672504628 -0.795377660847563
-2.00095971291249 -1.01240980057236
0.911681191823274 1.1627141203147
-1.07981217334526 -0.834991796640183
0.839382767196935 1.39792110084386
-3.00604858546108 -0.957769844812349
0.307948410292484 0.350651510771318
0.623581150891656 0.631219942043382
1.00400854680646 0.820262421930743
-1.16311729039838 -1.28439590465249
0.222006347940194 0.403192351111575
-1.71227082421046 -1.39405198995849
0.00125775337564741 0.173789823020368
1.06675731416101 0.771534703002083
3.96107671671901 1.3427645178003
-1.81719895964682 -1.21811129569323
-2.25867508009317 -1.28493245019598
0.873183347839538 0.408147113893435
0.138283599634633 0.0284732164690458
-1.17790021657519 -0.477301956184924
-0.777844924940699 -0.706328616599596
1.72678619504195 1.27051173384587
-2.46863102220139 -1.07255167801604
-1.72013319689003 -1.72191936116673
-1.03283463984793 -0.880198382356226
-0.537672216262103 -0.302167800404777
0.0890856707445402 0.158558336286278
0.185199416235374 0.596204183989893
0.907195679893121 0.810888848703323
-0.995767489171752 -1.04544403704147
-1.46580375339291 -0.994440311968633
-0.886945740765992 -1.13738128124947
0.167939162247844 -0.0430161479472073
0.105698906785036 -0.0944034101180967
1.16362194905897 0.362157805174998
0.021530600106633 -0.190770972899282
-0.258261857207541 -0.381324842055185
0.212415501275841 0.326209264202668
1.21334179854766 0.984142906932836
-0.771054143083747 -0.689607633361323
-1.57446244452387 -0.939230240793351
-0.260941221238761 -0.270042928541083
1.34906089819076 0.821643461296577
1.22912115539167 0.92428094301449
-2.83680088331717 -1.2693797666774
0.656107415243068 0.776054808515372
0.232089965774578 0.347082618484002
-0.128296256334829 0.324126886989988
0.446901577826689 0.527100827748199
1.70971643254439 1.23181780448129
-0.12891166239794 -0.16540043776417
-0.0183333635583751 0.546906052593012
-3.06995648368414 -1.14823276825772
0.911402794915543 0.578010454190029
0.345532910614422 0.50316320672945
-1.75465627627418 -1.03933284038938
-1.22082376333529 -0.796326345068103
2.40001384717129 1.08277770738644
-0.298046347025772 -0.965511297915566
-1.89735273959088 -1.47469788312267
0.136236537157756 0.445573178196906
2.17223738498509 1.11986443743024
-0.970499906455056 -0.862567456786742
0.298101392995489 0.613812761219297
0.709985590889329 0.785005218695485
-0.575595245981275 -0.381067921989998
0.0669357077785473 -0.21810058830353
-0.601684449583776 -0.641363405773159
1.83512180406348 1.3248242017216
-1.3923170058423 -0.748022748480313
0.449539205150286 0.715352680223323
0.549476223314002 0.383205220242222
-2.21488213930849 -1.11204198943547
-0.525956438796997 -0.378973622515999
0.712232644296831 0.651258279381411
0.401772428989177 0.851331107175882
0.195895057484225 0.582298816108144
-0.223394039171433 -0.536885275548764
1.59687722125082 1.01364643466864
0.836632005840237 0.563377596865162
1.17589304931073 0.806387710768823
0.497542645354511 0.204732399997599
0.294953712771732 0.357788852221987
-1.80771091467949 -0.718684267919719
1.58750047319637 0.691846904209877
2.1509320151323 1.60808926977995
0.606753526281149 0.488421434055782
0.314858622464662 0.528795136841338
-0.794086973846763 -0.515948033460301
0.444295113684977 0.510113263799201
0.61705751429886 -0.153047276204389
0.790756637972579 0.501306622202126
1.11488488570078 0.68741823250423
1.19345273124801 1.02304551107582
-0.329786979146936 -0.451827364772445
0.259663764448257 0.642894940031748
-0.933710582062447 -0.472473581136813
1.35966940334519 0.845825134847642
0.120332081465763 -0.121273351858217
-1.80852316814683 -0.658090274558669
3.35668704714048 1.43079353476036
1.17234093585778 0.59935724390763
0.805068610609471 0.994473569151616
0.457382072020671 0.408980016860097
3.44369712215308 1.33533846775504
-2.05623798408474 -0.785645639699206
1.15204184009834 0.876272435812148
1.57544664696893 1.0655668215144
-0.134184498086477 -0.331297935115172
1.33882082017554 1.31885384488958
-1.43114159924022 -0.737475107860287
0.281435586066024 0.655741372496549
3.09897300792423 1.29742855371352
0.744347122323056 0.746912531561986
-0.361007141575398 -0.33667562294061
-0.557949941002322 -0.546194632421481
-0.546547993435609 -0.468841238964527
-1.21546785847382 -0.814606402330254
-1.23207148705691 -0.929717502926375
0.252443280502855 0.599023787693755
0.167450171905776 0.185359419342699
0.0206477732058078 0.325532230932036
0.0131076140610853 0.824844108735267
-0.699025734168661 -0.544002263078855
0.90627846540833 0.964018753700811
-1.07541032902452 -0.51026336891869
1.12334789342297 0.564109035538385
-1.15677922859441 -1.09851838791534
-0.113613588242212 -0.0582852894015888
0.0449496557829287 0.0951030042141635
-1.61149929922696 -1.05804946898687
-0.154457711956174 -0.618220823755936
-0.0266941474361677 0.0697138902934496
-0.37237336216827 -0.412346072521242
-1.3265240057426 -1.03658213381763
-1.50580503136964 -1.12969161575526
1.39174717623295 0.675212935560891
-0.243303166991582 -0.0445971993296765
-0.941044230863499 -0.842130522423226
-1.78665210569396 -1.01960904266743
-2.17661951656084 -1.13027216263513
1.00889638470162 0.856876061722462
-0.653682124291289 -0.651285777762499
-0.502271958873109 -0.37697286057233
1.55206117842447 1.30297652547384
-2.33029852757806 -1.20976098956075
-0.776017456633623 -0.517588213467998
1.02837126998589 1.13014605125247
0.963650041707027 0.879230555859697
1.42023515924666 1.34202166587393
-0.44597167753197 -0.0955733488939643
0.239356324571946 0.114338217508762
1.01870169343138 0.88516292858213
-2.29093622199684 -1.04893129345385
0.242134684446763 0.128145696107795
-1.84137848344296 -1.15419989578899
-2.4681537038794 -0.87810274835521
-1.91175585575254 -0.973843145821728
-1.25290403938707 -0.875160142191753
-0.543810177329247 -0.56020736888671
-0.268756011443355 0.109820165274865
0.657209128171542 0.87983310366535
0.896871554540217 0.735846228807315
-0.180481176788746 0.147282979092771
0.477381423021043 0.728030698573595
-0.772067348461671 -0.525494139032887
-1.05008350362845 -1.02359885041199
-0.287650920544763 0.0872469518852888
-1.98376725067464 -0.844831679839026
-1.27435567385614 -0.954571881402435
1.145824888717 0.657709574233551
-0.189867320163263 -0.11009170826077
0.47954547205577 0.670818675314616
-1.71822747367252 -0.964686533277155
-0.0567194512531073 0.12915079822146
0.86531884143595 0.890640336060599
-0.323831245306939 -0.312835709875178
-0.939071073389416 -1.09052856677089
1.19685877804764 1.16619329113789
1.1910083256386 0.992856313471823
-1.35037842362329 -1.02354890567626
0.631130801150467 0.828237826641426
-3.48773440025144 -0.917143209457044
-0.341891243653165 -0.0698681083503249
-1.58293317805554 -0.618094518075779
-0.971330948434367 -0.710022374202374
-0.538991429163279 -0.443064238635959
2.73951307175071 1.10895258841137
-1.45778947041802 -0.905851772375177
1.72628483931568 1.01392358680772
-2.99494582133371 -1.08804717236825
-1.36824864726723 -0.429670985116676
2.16082281547918 1.56599023313058
-2.57137044410848 -0.9853688517095
-0.275425532705017 -0.723742265163272
0.62749178852835 0.519084177314475
-2.45445162631427 -1.13721861279392
1.54446276242869 1.1970380138199
-2.37112168118441 -1.31121342581567
0.675211450661751 0.741128345710531
0.907456910128328 0.480573250032213
0.961003005413121 0.640521746624784
-3.29202890220389 -0.895538050445014
-0.442294585007314 -0.474718577373309
1.16706480458067 0.988826461351451
-0.654751254769249 -0.753312210716945
-1.57370618673634 -1.21160016050662
1.71816969552747 0.46611926340552
-0.2577309777458 0.0355673926880771
2.51665485249716 1.33355002569621
0.571658763615069 1.14579574533035
0.96310610688131 0.829125470420292
-1.24492720532211 -1.09957505717837
-1.50120925246926 -1.16622088895613
0.588374859835733 0.566808975745196
-0.323744997584921 -0.271047842795581
-1.37337936015807 -1.08660051162429
-0.0873390605241259 -0.445523955211108
-0.252942282596731 -0.305635298747802
-0.650521390146502 -0.670077042989015
0.92018858390453 0.962925274596274
0.90775850257623 0.793160040804612
0.871828044885023 0.761172971995165
0.0984580791609932 0.00637713511274296
0.393947558774161 0.779214103127212
2.75299761733166 0.574110297888778
-1.03164268121832 -1.12192671542026
-1.03902131012421 -0.361187941297429
-2.07973697775241 -1.04902775208883
0.195851195213189 0.232638969197349
0.231191969104403 0.681543166506118
0.982146493113372 1.00525770267014
0.963258818245133 0.424899522373856
-0.764599095558205 -0.654717743260468
-1.54423024295207 -0.543532804895507
-1.5484817937829 -1.14839266843383
0.328614431500039 0.370101537157913
1.50185055701461 1.04385542344906
0.989209092605084 0.772703357475037
-0.244242778629618 -0.538678701947768
-0.0712941491524157 0.238003837594227
0.547037082768396 0.651552402953564
-2.68158629466895 -1.47300739746478
1.41461602097226 0.810635156292199
-0.186176384486071 -0.124773944046962
-0.0419457259464151 -0.503436736723952
-0.123126696259825 0.147359609433449
1.17958378241348 0.736372123068618
0.846071829237327 0.700676402429975
2.52180652406933 0.9596606390256
-0.0446756261822309 0.0653224310256908
0.921736247670581 0.784241666469193
1.29026449362516 0.674766660343922
-2.80117500539735 -1.03963292822635
2.34115375335593 1.42948982908797
-0.0194713992237833 0.178850831892019
-0.545245196559811 -0.511215551926664
-0.106067589531722 0.302712359220385
0.33998265414903 0.544660706280994
-1.36283845099429 -1.13733616874395
-2.21672247686849 -0.97907237895493
0.0400360176742675 0.400636337089026
0.738236410095605 0.628358189623905
0.134800972471269 0.422529079585759
2.9831340182457 1.02700933437289
-0.813056929356165 -0.901070745175032
0.182484191333759 0.569773460006293
0.934368149069774 0.86398021008723
1.15410265608444 0.517386047734423
0.281520593596255 0.507983386457946
0.10331193637546 0.400499198923836
-0.369464875156844 -0.507478856684332
0.0111850520178056 0.313613006104304
-1.22834319565308 -1.13727329476323
-0.598161389012567 -0.0271033965615773
3.00324886981705 1.35751438147278
-1.64086869977216 -0.744739272754728
0.610946395520411 0.920657004916365
-0.392232627047736 -0.00679817383656056
-0.170665564047099 -0.266829096560142
-0.366734785213209 -0.369785351776778
-0.704763053439371 -0.545558800626236
0.603724622244436 0.943134037335699
-1.44594139275368 -0.401655015042648
4.11148924813 1.25610101139074
-1.09506254839078 -0.851269984564147
-1.38255331542333 -0.889459482102081
-0.424818778938007 -0.121356795445833
1.55158600362203 1.17745284103477
1.0564647565406 0.938742655681136
-0.970601019464846 -0.588259904353007
-0.197739888009027 -0.522858367504238
0.642613460985157 0.809432870292589
0.75946310322216 0.937309277776442
1.71652638953661 0.984575932105009
-0.32612788666006 -0.735596424658893
0.778658536820491 1.07981582726422
-1.91896733841114 -0.761736167869135
0.0585868492743284 -0.00159163547614588
2.1029057148511 1.43442130683165
-0.0242001789092288 0.328300412562654
-1.73256952110607 -0.850448400785587
-0.644420871350567 -0.57465450050607
-0.316976773518658 -0.559546497143658
-1.15492767558043 -1.07671120184489
-3.12629227076875 -1.02054474107348
0.946324671668207 0.899749400651463
0.825019834953749 1.00628335795844
3.21618793487368 1.31216204216676
1.41088269177239 1.10321936468999
-1.00879670627105 -1.00303857867568
3.68446649198161 1.57557382512845
-0.609496721377224 -0.211136192120904
1.64664396130558 1.01074213856953
-1.92421761060361 -0.820666960100615
-0.171918780719353 -0.00543680331881724
-1.39458645867676 -0.741429493700394
-0.98106420627928 -0.720277505717211
-1.78190725562749 -1.20204863312522
1.55331742308134 1.12783710674172
0.609686694770756 0.791145379205559
-0.798770749363187 -0.595579568464738
2.49420856541694 0.862481773184966
-0.0708978975945137 0.0958040936079954
-1.60066715433649 -1.28452896838156
-0.537354307319447 -0.432624088935427
0.564782314521104 0.755175972339716
-1.41686379949581 -0.566872213272171
-1.47773719727386 -0.770881036050808
0.0863665276814289 0.0723352977512801
-0.293627617303189 -0.355053318955958
0.379052131006534 0.672797715787993
-0.0899363596363762 -0.0158142986041445
0.375003856632819 0.853209029806067
0.126267136836931 0.222293680382339
0.819961608096055 1.00915986414975
-0.505719156081573 -0.367569455987447
1.58892832710165 1.16779677968237
0.143175132486005 0.349383631220848
-2.02311109744087 -0.660297742971551
0.800210139204397 0.935019033377133
0.673197755037736 0.601473989730895
0.433658706365673 0.676610513756049
0.493162707732299 0.793420228523437
-1.92153794705096 -1.30133587165004
1.12570792201182 1.10945894234109
0.627528640733275 0.719711619240049
-2.19770601375042 -1.12123566637207
-0.689836551739947 -0.953239783686333
-0.201356359353556 -0.2475475209521
-2.36009473047962 -1.09391272355215
1.04860356871373 0.708138808959724
0.0325535846479783 0.603920413441595
0.322488586154491 0.699740800703649
0.44869606489399 0.74342436459765
0.556895644915967 0.69789498996788
-0.388349886939285 -0.373286235622726
0.531900855970643 0.297220869154847
1.31335859171246 0.972794740597823
0.722626985353278 0.399609050104243
-0.989512689097082 -0.667427239451291
1.01027343642171 1.23045815182926
-1.48638968537209 -1.33218878063874
-0.636121745136712 -0.712235004202131
0.179075172030495 0.565927601252563
0.733334613302668 0.305432357528757
-2.01879141728898 -0.990828479769239
0.968140899464827 0.801731404301645
0.0439584929759743 0.516595992289749
-0.765924758383139 -0.662200464536707
1.04060739366627 0.634744342872332
1.29254351508433 0.9954339601453
1.36410555350681 1.17465606524263
-1.34456455789988 -0.648899289895938
-2.07484959901372 -1.45061139267135
-0.544969768994862 -0.601946284687245
-0.22743247856182 -0.240983839620461
-1.73776728300943 -0.969783153962819
-0.747884713972438 -0.860832458857289
-0.704012655663722 -0.157202947356565
1.32016297703327 0.97782920901232
2.1593948052268 1.31910647505978
0.240949316358299 0.599044901391481
-0.272286453414281 -0.416099102397046
0.627619609284525 0.680294599966752
0.581823515238621 0.574890584232728
0.354983150402652 0.68137321571507
0.846806183193618 0.510739951620803
-1.77864032817526 -0.943475492074194
2.64600372710757 0.735723388857
-0.433288453343883 -0.212197804914363
0.435190064212281 0.989813249515958
0.74269640137518 0.778494810334036
-1.86267806582192 -0.760332376582022
0.145299800530471 0.59137642230006
1.35280426006523 0.970682384787901
-0.91563526375089 -0.700306154015583
-1.67512622654826 -0.511191556162159
1.17550029538976 1.44608748107469
0.47820753283669 0.91248623560603
-0.264438704391501 -0.214037866453889
1.75092908893912 0.939496531671848
-1.67681793014346 -1.05395613557876
-0.933032432584546 -1.23291260949017
-2.16627792871663 -1.19575553026328
-2.45813825298302 -1.05453248441365
-0.233176914719312 -0.502058916868672
-0.63766209886007 -0.287092928585244
-1.29741598503172 -0.81220192509111
1.56142642173767 1.01701050427901
0.155962544692601 0.376947122209222
-0.796434705951222 -0.583559953898243
-0.865325998718363 -0.649682849597487
0.441999280450472 0.460264525677107
-0.189597031947419 -0.354448171075268
0.198851835409597 0.867017342501361
-1.00671591996325 -0.20187753490275
0.393333257057343 0.908210673416793
-1.61229228815935 -0.887302985338573
-0.167021780603905 -0.34600715288763
-0.0127896471468793 0.0929175836597475
0.943713270201017 1.24834959353413
-1.86292846553173 -1.32269880655519
1.81471821679385 1.2147882550875
0.894383374115386 0.750217178732822
-0.837373791469259 -0.538032359793263
2.43200147406251 1.43383974987175
1.42286640917236 0.732511068356939
1.53938840314769 1.23136087874529
-0.456928219592252 -0.133701970487983
-0.113289560965261 0.292482018829277
-0.941958231716825 -0.639925126210895
-1.83780918210154 -0.509537448620876
-1.31175388283084 -0.971650800583509
1.49743059010292 0.885208026977907
-0.620555795627297 -0.236451205252186
0.975057422062242 0.691747672382239
-0.735939430322379 -0.925858369541831
-0.308876619953804 -0.380996903619589
-0.1528952786099 0.133689555609597
-1.89438543461407 -1.04133772099671
1.92275419193509 0.742567347478442
-0.668042934890323 -0.884611415471843
1.79198830598631 0.812035136977004
1.44411428407269 1.20010327516301
-0.150512829407263 -0.558477190211739
-2.0840285545526 -1.13050795724921
0.922218458370495 0.676468007859636
-1.9008907942214 -1.02159528417535
1.75592177133137 0.933902859896293
3.1563724635321 1.33332400093088
-0.367548414357929 -0.455089978052716
-0.0188615235735239 0.225465849137131
-1.1729135062533 -0.840359484675761
3.66233696324266 1.07942057903665
-0.766811392312777 -0.33256753992884
-1.39038537287858 -1.38133331075443
-1.26375307886672 -1.02099008031303
2.85743177468801 1.13389587759553
1.35811136315685 0.733976464100438
-0.490015654966156 -0.407306608980338
0.0548452422082027 -0.00391905975801587
1.0021948568535 0.663109308506061
-1.30749470122524 -1.26131553843848
0.462321284061233 0.721652026505961
-2.51137304408299 -0.981634675318325
0.8791575885387 0.612718704978173
1.28020417185803 1.12085742856293
0.167365629472381 0.0395376688828775
-0.260556036122099 -0.432699099273735
-1.15699013605269 -0.914778190899451
-0.419289983114566 -0.696283126930576
-0.277235242348623 -0.0470066495506932
1.14387800603308 1.30076873917029
-0.493627255110608 -0.763077708390178
1.04649495349945 1.08897818329466
-0.115319977321437 0.117806318123984
0.3284790300172 0.560332323436788
1.14761962251943 1.07656562466157
-1.12845401451439 -1.0366695915829
2.52592830773808 1.3014335771007
-0.53546441551087 -0.35231734616618
0.323746510905585 0.61412830579525
0.87084214538826 1.09757091555646
-0.881053607849703 -0.726449980810965
0.948112989283395 0.743077243677057
2.57239516903682 1.33280166551818
-1.45398042725599 -1.23704697490182
-1.45149515123172 -1.34703011910309
2.4262455923944 1.12446001318387
-0.292243645156555 -0.104640206742759
0.351880342725003 0.984610655957471
0.201922347776819 0.588148904992879
-2.31667363180427 -0.984368258421526
-1.53134451713981 -1.04517280810598
-0.335804558967099 -0.325100469616223
1.23320562642939 1.44192454539393
0.099019216499936 0.122210999301787
0.113408424374859 0.0503628224455682
-0.304384271546664 -0.312518988700417
-0.304497138670876 -0.385252745732025
1.10136558528966 0.643678621900946
-0.706912631426576 -0.730520195651219
-0.0140360660097151 -0.151294705281179
0.370806422290039 0.783040735464823
0.830730031776855 0.980990057350988
1.61569851295083 1.07287367266664
1.99896929421409 0.806253224921785
0.355168505698369 0.554735148924717
0.066426720042724 0.204957172614278
0.235301407863656 0.218214156201016
0.951982440627344 0.61722061324508
-0.783749938239083 -0.744861480882323
0.670534051049776 0.618599630419697
0.302806156382401 0.231348436108424
0.314809933699664 0.291068900938589
-1.15975625271837 -1.30243513846595
1.34172922927103 1.14164419260269
1.25867267902653 0.961789904190492
-1.52667556625038 -1.24995924458178
1.19574200139327 1.02558965708278
3.0596211389634 0.883766539522729
2.13311019620331 0.948636975921771
0.957423290314383 0.878366075905873
-0.460785141438841 -0.330284618930761
-0.520441185697042 -0.65004527732817
0.813252442208355 0.396254557614541
-2.27071631702698 -1.12016719479906
-0.364439953278604 0.226184657079559
-1.19077685481701 -0.959681599434781
1.26852316679497 1.22822567528935
-0.12314540797863 -0.107521228729816
0.406858551842099 0.719392762912595
-0.719634115050863 -0.819524444273966
0.505197207538199 1.44618279977467
0.689850640040294 0.543782105983944
-0.570241952582738 -0.33104068933353
-0.183128689209461 0.123717995101958
-1.29071728350904 -0.803689172023681
-0.670016865856284 -0.339467291016102
0.798933331346155 1.08088354075398
1.40211588098862 1.17152925235352
0.841878204275373 1.08623555784723
-0.941493940912409 -0.724185531894113
0.169022919781918 0.434409096422778
1.55008417974537 0.909660676566737
-0.30006992093537 -0.126953128394969
-0.873609084910988 -0.748197179471529
1.0742009331205 0.593386789312872
-1.0024450273679 -1.10919544549942
-1.12620994713562 -0.31066394220807
0.582480284848458 0.711438762552849
-0.765158938023098 -0.653222390773442
0.600557683697101 0.528867421715286
-0.998534890374325 -0.150948428892364
-0.921947470868245 -0.838915800810096
0.0540553445337605 -0.047206765177395
0.920420213742256 1.19741668537993
2.37198262452111 0.552344575017291
-0.7070488467378 -0.743745269130355
-0.833001300101957 -1.15110820018041
-0.307930937547029 -0.346631959508725
1.09864409178891 1.07276552907793
-0.463893625235215 -0.544384780368172
2.84959160508847 1.07779395501227
-0.00826892247888372 0.193461400932523
-1.55456272626542 -0.78921889603445
0.426710558018815 0.646128587501973
1.58777724426821 1.03036305155454
-0.0316448390940546 0.246521537605612
0.788026650070473 0.489698883107205
-2.18823193057919 -0.948717334979923
-0.597807359284874 -0.062718785388332
0.832491155144349 0.863380132629029
2.26524487522624 0.898874211133584
1.0229415914562 0.812580681692287
-0.325460124430346 -0.439433171672551
0.917073482925971 1.09551229449411
-1.26739153261596 -0.57796115364527
-0.436504177020865 -0.330064000257858
-1.96894057654186 -1.30933970727775
-0.126898099816671 -0.0175816215007119
0.198004844113715 -0.016300486421462
-0.15765105495428 0.164891074179135
-0.420718835976962 -0.753651368120647
-0.446436111893317 -0.45700097968921
-0.774368350079529 -0.787116775824586
-1.8469739659378 -0.929429539052225
-1.18451415263715 -0.904280515238716
-0.183483738535764 -0.258023887647218
2.56104937205718 1.01372329806157
0.413666795155481 0.680074365405412
-0.948428695380493 -0.986529900216911
0.582272882997342 0.632984232635167
1.8217293136736 1.27429400959324
-1.57512664125008 -1.16867801064113
1.019925651224 0.860950611250115
0.490950425767068 0.747038923664164
0.711428978442347 1.00889667460961
-0.209112700461209 -0.266709530018678
0.352336512621511 0.756092357426464
-0.138482786309622 -0.129332438955034
1.60614514488724 1.01428554618772
-0.385846907708152 0.156931115320183
-2.99198183689425 -1.21039301561117
-0.539473492577546 -0.55915270945943
1.16759939762912 1.08140703740996
0.935164384381637 0.598918244961351
-1.28651909862209 -0.800588907957611
2.00540444815737 1.04234636551322
-1.09568649966768 -0.249670521713765
-1.03390073357637 -0.962528431355432
-1.31319750093122 -0.370107530176832
0.678972152447731 0.915805379270495
0.33084342556821 0.62192533389725
-1.86949166075147 -1.56708329071887
-2.05750091061745 -1.05275732424257
0.502268471214238 0.454809518798182
0.120264397000308 0.292300793906798
0.452964027368414 0.85296125096929
0.724856857650922 1.13191741025283
0.361442196804913 0.288664418785229
-1.34988964779962 -1.0579601662913
1.1773475976368 0.875197453380864
-0.203533402572124 -0.7085449658058
-0.0194823598326726 0.117191766045531
-1.0085181319315 -1.53651650312519
-0.321474866620062 -0.830564767345903
0.206287636051945 0.211853568328293
1.41163011228727 0.77458494806806
2.27062392612362 1.09596741515441
-1.64230685977738 -1.25804278880246
-3.92752447851894 -1.54960792258716
2.33537463068845 0.69706635298293
0.746524877455805 0.652031794496598
1.01658636017989 1.23970715711788
-0.449870760781944 -0.508762035950256
0.0944386333240938 0.562166633810716
-2.63678556772004 -1.52998894559153
1.60295376568357 0.9265458121698
1.9697911359683 1.1813248651666
2.97755090513975 1.25922557644157
1.82584563837301 1.06823343773852
-1.90252986207536 -0.684546583308483
-0.827468488453076 -0.909911631120829
0.263596005811668 0.140798622664023
0.532821962191624 0.946609913663763
0.844867049486067 0.88703477980767
0.230767183551801 0.981981552683479
-0.499412815914598 -0.0883993701021533
-0.837720236577554 -0.677934408568856
-0.920528594271435 -0.711068505009472
-0.989753520946667 -0.777396848349615
-1.17533313544699 -0.939892330648947
-1.90558153593209 -0.977980391072845
0.117112810307275 0.98245621373004
-1.816863537536 -0.916770722906705
-1.8669187301767 -0.719058035494416
0.326867087586555 0.590950536736337
1.92932435312539 1.0936299454252
-1.24968844877737 -0.769181973869184
-0.276288869931774 -0.159458384678035
0.152286614666146 0.0935798627479382
-2.11004979799708 -1.42453445771303
-0.324597524124355 -0.4403501253914
-2.44126757157423 -0.731003038983825
-2.19401285807494 -0.724315485208632
-0.23451618005948 -0.104527887111479
0.332805503069721 0.687558528265549
0.663275332734666 0.961723478651179
-0.4435678011975 -0.498180415128501
-1.21206567189918 -0.622455565176025
0.503000606026188 0.865247850901702
-0.746950078583162 -0.265037694629713
-0.975223182183333 -0.720296412663958
-0.0554633967627453 0.0557186419187699
0.456825347743248 0.359892864744331
-0.231397261502239 -0.110536319615493
-0.146723036374415 0.145373034672313
-0.384095932707777 -0.169703013968863
0.244181688717057 0.447249545221643
-1.16307298258313 -0.641490880683791
0.138974393387547 0.500226919318297
1.44346774920225 1.36304221535194
0.477218761953611 0.712263582543978
0.53146193628492 0.47963801906647
-1.2559349630132 -1.28805650174364
-1.08890000153206 -0.889861059913974
-0.430608283914805 -0.23590964763795
-0.813969681513214 -0.514226489596806
-0.838888220962949 -1.02720867928865
-0.935397207929449 -0.588901152708429
-1.14864081606568 -0.946560020737167
-1.57879955377853 -1.13482289569052
1.38128085808648 0.901834967110645
0.79500738653602 1.01883737025475
-2.21599071440588 -0.846585709241427
-0.967964023006347 -0.431292646557952
-0.346082807849382 -0.106538690482361
1.27311476013856 1.00020058547677
1.8634590710151 1.0369410886278
-0.625968299762277 -0.945144113958221
3.19033601563915 1.40659079490268
0.25334217995496 0.464418256882543
0.643055264792183 0.687741973900788
0.434756551643305 0.719776561492802
-1.65553519458325 -1.34526112085751
-0.536129944620909 -0.463820986786749
0.721966790090549 0.974162623709308
0.0117112890886902 0.658420129980549
1.25761876280639 1.18728841828957
0.668757156631441 0.857439534452802
-1.34535754343594 -1.16758515357981
1.8907095091384 0.958500249173829
-0.261136071387044 -0.0952083720470951
-0.620109113395036 -0.611295272227895
0.0174474469829656 0.362823373822948
0.495538946870237 0.909762857392013
-0.38800528233799 -0.741533791746016
-0.817887523626743 -1.09580873204958
-2.47696379081862 -1.02893160320215
0.0979601935888108 0.501567574779932
1.39951406859222 1.28350250508146
-0.00174483631212569 0.355761577015257
0.134458571296075 0.628973589816449
0.715949946829513 0.651981586083782
0.230329709692059 0.687684544649235
-0.478060454943698 -0.51298247941361
1.48616884625909 0.841737209683407
0.987352551086438 0.591986642147373
-1.04684790053078 -0.999932259771572
-0.400553509088881 -0.345982847262472
-1.53792061647242 -0.892025416812997
1.44292423097451 0.695160891723258
0.739940630117105 0.650941287104886
-0.941959573762906 -0.816947803700584
-0.411838288159184 -0.597872837165535
-0.14541700360919 -0.416981640254728
-1.67159969407284 -1.36272670474398
0.662727958331313 0.833085887645092
-0.682837024879761 -0.633740281660991
1.86313019775465 1.20126868115971
-0.0547997429566237 0.0383242747952901
-2.08952368908835 -0.804053434463365
-0.97969276197679 -1.11450993785602
0.928163823574538 0.850757841156892
-0.816436852480396 -0.720334233964043
1.06767438660644 0.882170737164473
-1.36383161804121 -0.964990178721893
0.0227241315234329 0.430881577524667
1.05073880196527 1.02989084755099
-0.357722696162462 -0.725412640179974
0.489665244412396 0.791256198809995
-0.648065609164671 -0.476326259255349
1.09856066355247 0.942975693246393
-1.00287375068903 -0.78839789106123
0.104044188368575 0.250892918873707
2.44823017831419 1.09178601137478
-1.58197719421642 -1.45843190405965
0.680831292714103 0.64748489217083
-1.51450582231066 -0.622433905509459
-0.342447838757625 -0.847872516220782
0.243010190461925 0.409941374873937
0.638077027465299 0.748586921694273
1.41828573478902 1.16319556790667
-0.0772764552823197 0.185112318662206
-0.137490440942744 0.146404974637058
0.853973354192059 0.836492100569142
1.59399240670118 1.04480621792693
1.1986234903238 0.981749191537036
0.0385217793047016 0.511267444507638
-0.780058107848536 -0.497759784675092
-1.84509883263678 -1.32081306322456
1.4902791952819 1.45770384620385
-0.902646934105999 -0.969548303728396
3.28027089328213 1.30238490440269
1.23412536252705 0.886756739919613
-1.92021654950487 -1.14348944726111
-1.4782657172373 -0.966620107372411
0.445032623686506 0.597247668188587
1.56183727401523 1.10355614432859
1.21949937448066 0.843570279486224
0.73923233762118 0.653774746635429
-0.431933517559076 -0.619133465143806
1.17604024644909 0.773970439200802
0.712913820493563 0.885073633626879
-0.448546884439703 -1.33381895888923
1.06922711421718 0.969613645509995
-0.707227656425545 -0.725467426486359
-0.864701218595109 -0.598637135108571
-1.76185319558264 -0.942773025602745
1.06806714027333 0.611806207040597
0.867712979753774 1.21435707493743
0.421927952044335 0.740317085514739
-1.99283290726967 -0.943374272175497
-2.78861494060341 -1.65893974783407
-0.402755209761285 -0.636093784705388
-2.33412426692858 -0.890586220109209
-1.01449502817146 -0.790188644228029
1.11160508015629 0.751616082919047
-0.981992016694607 -1.21936324395705
-0.528231777509005 -0.637533208985301
-0.93940993366317 -0.477774847759136
1.5579388435568 1.10790044355889
0.922819833357955 0.767561447980783
0.689863882742785 0.950832158777243
1.38222011184071 1.1337091068397
0.229481229416654 0.765350491687838
0.143100825799298 0.424085344360405
0.573802570168672 0.94997335367896
-1.01410367525436 -0.818082378146845
1.02605300415244 1.04093790027372
-2.4705259866871 -1.25492995820043
-0.283910269935156 -0.407916140448153
0.508119397415555 0.691260159625316
1.12193854114996 1.06271880967978
1.08612183992911 0.657434213599346
-0.66000099173193 -0.642215076390357
-0.158064985132199 0.493115880962077
-2.39215474593574 -0.99306427727554
0.86730543529827 1.15961796569307
1.9436977150401 1.12362856581268
-0.930856113191426 -1.135563672514
1.66367225595417 0.812941575444918
-2.33565627540455 -1.2055770750104
0.222542813905318 0.588222338158887
-0.159527302785061 -0.502010759666931
-1.88453356531852 -0.970155429370735
-0.244863689039425 -0.374804220920516
0.969506443825091 0.889227645643539
-0.24308333802743 -0.439115380062273
1.91071475870481 1.34130033147187
2.06484829329847 0.5546945471758
-1.30916446911568 -0.637299785409931
-1.03300286697166 -1.18693059815967
-0.699301642152393 -0.296862243999706
-0.509222595477381 -0.701696662274923
-0.870409764332395 -0.707780181251011
0.974171289067955 0.724702411023482
-0.813397683172764 -0.786976408976245
-2.75744591696718 -1.20464444381348
0.0376478523410358 0.234314038474623
0.695345670667557 0.879044206657102
-0.416478968326572 -0.435697965882704
-2.98949267515595 -1.31295009681487
1.59643428819564 0.859169107120009
-0.0793970714903164 0.499261565239122
0.914997235147945 0.700476228863953
-1.30661145927034 -0.51867440356816
-1.59302665298814 -0.666790001028044
-0.618905140441166 -0.368672329584537
-0.219073947684688 -0.37792672890224
-0.506522340087695 -0.873759416174243
0.8759823130167 1.06332158208187
-0.442598375244087 -0.242597706708788
-1.03920038041662 -0.73428917915096
-0.943100411345234 -0.703098358241558
-0.0489479553862261 0.0552806234909235
-0.659908384204169 -0.69410093091798
0.0497533331547171 0.378283576391842
-0.848696599546644 -0.611167006754672
1.81518512371855 0.946295515829098
0.973499543697987 0.226070559159244
-1.12841924730096 -1.11080257478659
-0.677108399251896 -0.879774755293764
1.12746712805229 1.43833295807188
-0.607193301421656 -0.738971521745347
0.292170626262487 0.497623554531258
0.209913927680369 -0.116564025384425
-0.232623072524604 0.0454431567250628
-0.632748659144806 -0.769819329073688
-1.68971888375804 -0.788001554781419
1.08792641441925 0.867553614122178
-0.795222339460795 -0.770712854499829
0.970060556646439 0.312999951889211
-0.598100574470075 -0.205434990758368
-0.930217315787432 -0.90445571870921
0.0438489733429743 -0.149177029969199
1.45283096117672 0.850903597536883
-0.65601316922762 -0.243939064170997
-0.448998940198632 -0.63978194181169
2.12001130723865 1.1199398615628
1.35202389680425 0.642570563275723
-0.694367760643048 -0.599314720786492
0.114171808598524 0.523129750365535
0.371426956930446 0.420512508067413
0.942464481430512 1.08923904008908
-0.826084056958927 -0.583141099993091
0.174641121145157 0.797519563362944
1.51345646677408 1.00157582612815
-1.2559204464512 -0.945480999831113
-0.541355555695458 -0.602769769074521
1.84160949087581 1.25264309023122
0.275321287274787 0.368673962533763
-0.978320822892231 -1.05248720821876
-0.502968121226805 -0.574377841369908
0.365636356855061 -0.190863498267345
-0.286940488123764 -0.319636501551251
0.945678649040637 1.24453548599916
-1.11106882758952 -1.25189328638345
-0.713088667079909 -0.983679729321712
-0.634381177027626 -0.434569920976661
-1.62335456311359 -1.07171080356251
-0.270970722500213 -0.568390213948561
-0.30544178503169 -0.483417213141382
0.16544549741626 -0.131813171236557
-0.683962765467869 -0.675116555929424
-1.36985750422271 -1.12014842486492
-0.988979394872965 -0.980184996697028
0.572182602629704 0.727800956223404
1.10124340189269 0.704571123946941
0.682373421139199 0.709070806893312
-2.92836839928309 -1.04147742809493
-2.8546192314982 -1.11086947820135
-1.32739730262233 -1.04107682128466
-0.825524802788794 -0.267200964301351
-0.216599541050482 0.166883845880686
-0.833601614830148 -0.736668318877907
1.48243456658692 0.822211073325133
-0.772501565420828 -0.557684496666381
-2.59363021523456 -1.34512494874896
-0.590696733648908 -0.777208391912183
0.619668848742004 0.78220837907159
0.162170486915382 0.104322616882242
0.184747765100762 0.0793492702326996
0.168637560911881 0.787230093979247
0.581630604392241 0.494866065807497
-0.459497671339195 -0.758123655052258
-2.03546432323302 -1.04117021384478
-0.263833774542495 -0.249899800387343
-0.707316967885146 -0.850772950013172
-1.43165050766959 -0.846075927118192
-0.0122622028577243 0.562899078251373
0.105404091338634 0.117192262372422
-1.63604544156177 -1.2538968185007
-1.72105863030595 -1.18446391693056
-1.34880038047833 -1.15724087880796
1.64818591248226 -0.0134384879398621
-0.569945009818307 -1.0007087750562
0.923315099213718 1.14496642917052
0.640441610264376 0.993152612355647
1.90661088748622 1.16556720766265
-1.42350753387933 -1.13529402416911
0.74900194219271 0.999380583680426
1.72260900856614 0.894451074294278
1.51595831984494 0.932340497136175
1.45050978091957 0.934539025048386
-1.39857210108597 -1.05110402292523
0.366211571996825 0.586667014377654
-0.47884318119247 -0.424064859895361
0.871410695383471 0.791180106153925
0.995630496229849 0.86206850491761
-1.26559115369127 -0.849136265740027
2.74584608729531 0.618759187581808
0.277826741654108 0.258257841035373
-0.263216818511049 0.258094647703295
1.89131625650518 1.01852130307183
0.923613084928706 1.11592903895932
-2.30736412776248 -0.885327486902663
-0.0028330326063731 0.445912885511987
0.0879084088331984 0.367563156225454
0.531070037789494 0.876612840432304
1.53527224409726 0.714845561415534
-0.982824912362838 -1.29474904154133
0.981651258785436 0.745865991395891
-0.118703096520465 -0.107276623067715
1.63817268102893 0.858401938021996
0.0810082913368303 0.439007867027911
-0.854463297663254 -0.491359466200229
0.892562946616731 0.521780863378556
1.13810136393728 0.956277893710345
2.26672902446199 1.07618889889343
-1.27019271206702 -0.672259771828847
0.119458716314584 0.323569716672157
-0.690735587401349 -0.834610041972319
0.50727060849526 0.887376774082328
-1.3101147043213 -0.819057543132497
0.0744233015909221 0.472935470223682
0.506236555486206 0.512654608943151
-1.66311293509943 -0.957412145011639
0.906210379000365 0.338101422278534
0.763722263879654 1.03534083801581
-0.315353590887796 -0.567495100246636
-1.03215796721902 -0.767746741279714
-0.978458256673145 -0.987696827583081
0.239413162683937 0.150682935242134
-1.17672078994439 -0.331154127590288
-0.584414317189512 -0.617043590035649
0.794048773896284 0.943074879613506
1.24559973155296 1.51207935628946
1.00693839312376 0.887958964717271
0.096101204092456 0.563485065823475
-0.448754761187076 -0.432489249727263
-0.775376894925525 -0.627123262481044
-1.35483598475049 -0.493923249523011
-1.3294706299591 -0.741167585134852
-3.30409057622507 -1.08522067156579
-2.45440165834988 -0.926951890723728
-0.364968778259903 -0.352575945173474
1.3853278579933 0.890121612361472
1.72420682190253 0.848481560114441
-0.549976250403332 -0.553996552136017
0.497658687775676 0.805828802773484
-0.43645692573071 -0.716378698887486
-0.468704873421364 -0.617627885910991
0.612541087884497 0.73130502048706
-1.4290850824393 -0.906897860910948
-1.09714237608063 -0.795681254058553
-0.848998340353377 -1.14816172723383
0.00458315467927385 0.549036809410109
0.0254488583818304 -0.00404559023605106
-0.73298646730703 -0.61835204671845
0.365583002964447 0.514837480938857
-0.875824872340675 -0.935519622941366
-0.660214374448777 -0.774446536198719
-0.901316645032016 -0.718292040330171
2.36696012719172 1.15694427750598
-1.60911322318462 -0.627093258805703
