-0.48785784251979 -0.966550889638789
0.623388591280622 -0.814248848507349
0.855243019275561 -0.661561019915391
1.27717115743315 -1.30342458577953
-0.473319024026385 -0.819738662235283
0.309697737867251 -0.900237557873451
-1.05166236670554 -0.440375869943144
-0.256338437088431 -0.42442852733158
2.25187232000236 -0.799218991965802
2.62111741682794 -0.670811920133344
2.0681394309726 -1.27570758211733
-1.186084423482 -0.592522067511012
-1.06068942226787 -0.278826902995004
0.935619478290275 -0.917897413134665
-0.681854964763827 -0.654847490062229
1.28022931587905 -0.918006828196574
1.48372131341391 -0.996257567110552
0.88888335275066 -0.531772637442299
0.210644863361875 -0.670537940465173
0.0808047394957781 -0.949512098409406
-0.269331172094741 -0.885789174020506
0.536746785624837 -0.342496590958966
0.0177783124113319 -0.910416401064006
-1.20209209297578 0.081030436870043
1.1067626816639 -0.965812526536263
-0.908712758576452 -0.0202717919891108
0.0669666049755475 -0.508826924615575
0.552490189891449 -0.845158742399372
-1.9765452308806 0.171958707271063
0.176988003696145 -0.429639297317299
0.214985365920697 -0.46167199955996
-0.880853830275867 -0.175080822782289
-1.87129340648931 0.064269719013217
-0.547159708443904 -0.624543482232166
-0.583886794364363 -0.251366747651435
1.02573317705504 -0.555460659613537
-0.523233609300311 -0.679233482437879
-0.0937442779339447 -0.414232764312713
-0.62042589895644 -0.507744119736709
1.55383639965064 -0.729922268877877
0.709495745036289 -0.390853227403165
0.361098990245342 -0.667790343826891
-0.230978417403306 -0.413391103837514
-0.823749613207921 -0.385924938902497
-0.496986064201264 -0.853821672659925
-1.33328008011755 -0.161443826326246
0.398454112754295 -0.835114028315392
1.63126768145332 -0.723501586349955
-0.577330937177339 -0.87700076002229
1.18566333507562 -0.9989784357908
-0.835954062877788 -0.199296416797189
1.28756988059451 -0.48378266198882
0.325204077486272 -1.06671259849173
-0.503399615740051 -0.458553210133523
-0.139053135151865 -0.611130529176513
-0.599959875596751 -0.260918554117145
0.264689997662667 -0.414927027481065
-0.450789030481623 -0.846805430997282
1.29116555649505 -0.612106108052945
0.159983926886908 -0.96492824122154
-0.246756261648602 -0.322788111811253
-1.59642685649891 -0.154092332163835
3.1110451770183 -0.677074766809715
-0.744820600803513 -0.740843589261287
-1.70752151508809 0.0170868321279876
-1.66399907947884 -0.0646296712755594
-0.109465006983404 -0.639502921798835
0.182202442044909 -0.592366096964599
-1.30479277836008 -0.730910543369857
1.14966385520459 -0.752861299002602
-1.24186837313992 -0.490217127962254
-0.219339568861897 -0.838957379601445
1.40058914203081 -1.14341496299501
-1.02257296586227 -0.506774494070752
1.45454479882916 -1.08336332190624
-0.896826731743861 -0.381908336359838
-0.257467107558646 -0.372879472608614
0.0996838291863123 -0.502009069470812
-1.50394556301442 -0.157925358907751
-1.74391082314892 0.0195969049652148
0.327489984193715 -0.487801208101866
0.115136215171267 -0.570590459693441
-0.98528641749544 -0.548157802232025
0.550072055921806 -0.915714708711209
0.560087959292329 -1.200072264592
-0.0106423211387755 -0.893126777842979
1.46465474610721 -0.776017093891387
1.74818037116044 -0.682741748209191
-1.3821678048946 0.0651383348886123
-1.17230742724455 -0.510451681834387
1.78585774808627 -0.979851789096435
-0.0334002479466253 -0.496704635311803
-1.16841566540865 -0.421532768874783
2.52729624560159 -0.734392903323289
-0.356175307419602 -0.617395410026495
-2.3387947801335 -0.0601499536411182
0.446903719387876 -0.851199454813553
1.25291808670076 -0.787177506164509
-2.10734461406594 0.437042717254625
-1.44865874003593 -0.125765875588335
1.0972446178565 -1.24490153043653
-0.620909382470511 -0.45604924885037
-1.43082212572255 -0.0626001412143739
0.820153021762203 -0.86914841553328
-2.36390193272395 0.440321548073013
0.657983945696458 -0.497701337312322
-0.913683642847756 0.132422528525978
0.897054324909556 -0.791719052859686
-1.73648871934576 -0.30813434187974
2.25023047073567 -0.943056410286629
-1.11019132056598 -0.127461137405875
0.631884814905203 -0.662721109274998
0.425702054953846 -0.360406929769196
0.720048157807053 -0.368372056294289
3.27841813356906 -0.98513743861533
0.935661124692808 -0.983071211272605
-2.50496603505093 1.27040172890937
1.1898292567856 -0.936577778123472
0.303033932198232 -0.631920093572534
-0.629388242391702 -0.797239678984136
-0.72567692160071 -0.559725677102977
0.902818257405818 -0.0578119951891074
-1.13866806956707 -0.370445645371238
-0.286164775287227 -0.406085241643516
1.86507860267992 -0.936098929962848
1.71061780304626 -0.580720922340757
0.235273999699834 -0.332836873051627
0.696501673041711 -0.534561359036418
-0.313075130242206 -0.355306825468254
0.433877776334978 -0.800598999515786
2.5036580535285 -0.747860709213515
-2.9403037822915 0.683878491109957
-0.967686396515621 -0.251813056786509
-0.183460967631228 -0.564827310310847
0.272697725490489 -0.513655553369672
-2.12333661871836 0.22831671247826
1.36518040340433 -0.566479315626032
-0.555772716477272 -0.724360543995716
-2.34388940862392 0.45285248873364
-1.0134851878876 -0.0950194257325002
-1.15492243087691 -0.795059294587883
-0.878128702782873 -0.215314731221759
-0.791415915390908 -0.594209699097066
0.440249844156983 -0.379758721208167
2.29575169279876 -0.323656729871199
1.31935881825524 -0.812068028137431
0.912538205274833 -0.596802987497705
0.734460905074314 -0.768781344372954
-0.885025883388139 -0.38616391428787
-4.5465344325257 0.644028494883405
-1.40581172387699 -0.0762123209472454
-2.1906597845066 0.19605924375799
-0.694397499269855 -0.621521582944597
-1.07299294571818 -0.756950721268367
0.385123945181935 -0.655162919277678
-0.115584557526365 -0.188823513972068
-0.803989143050598 -1.0273754711951
-0.417152289010926 0.0303092335389733
-0.0904516104274763 -0.815833261502886
1.00495049744184 -0.562614345686153
-0.426941775755653 -0.330545934571418
-0.203893203522876 -0.378683394435554
0.708001377605166 -0.560117915412692
-0.309581425454543 -0.388557311870278
0.0460984403702212 -0.880882297040549
-0.197826775570838 -0.618174535866554
2.72961057758105 -0.851307998469293
1.00152251941925 -0.948318265752276
-1.91777434735412 -0.129025934919145
0.718398702785727 -0.615060498065644
-0.198064336656924 -0.806533707075504
1.90514703391536 -0.859475900411816
0.567722040065769 -0.231204238854604
-1.11309348343415 0.0335665441046161
0.177514717246369 -0.75091953001446
-0.128305650831241 -0.506255181767451
0.765588028331113 -0.747684912584341
1.41004799597797 -0.617072384223943
0.0915155620822068 -0.553590557066456
0.82134767626175 -0.78519587771606
-1.54982233809665 -0.144915936792458
2.63249934497912 -0.888224104050303
-2.57946409779194 0.318709541150765
-0.575964710948908 -0.479563967814682
-0.675051521682943 -0.488756173112804
1.91198594177862 -0.842630997115906
-1.3533277380134 -0.509886305366093
0.689323642368291 -0.528512015667482
-1.09887909559282 -0.334356614722518
-2.42714186943269 0.249328279645851
-0.16683909656874 -0.498640754313475
-2.28482741074451 0.258938455184658
-0.811228790464415 -0.357735890448588
0.54559353058135 -0.930014160308328
-2.01291334721223 0.180902699322953
0.518152910251268 -0.970188312928612
0.910489929634674 -0.770785522384302
0.335698003407779 -0.7105785623785
0.527656832341948 -0.839750176720136
0.509288556120745 -0.817213720553843
0.602383790448172 -0.334264978988463
0.0778584203700587 -0.386449746035518
-0.496096785156489 -0.725733277508726
2.96281370374871 -1.10105353503229
0.0913662933726841 -0.634822504720276
-2.55203240114489 -0.115460722146635
-0.134950783305032 -0.69361661713668
2.2965697938965 -1.1755114483275
0.227588244517953 -0.681963030878087
0.695200961521049 -0.890010683283961
0.901744747764517 -0.783601149948749
-0.610972250224217 -0.683543299958241
1.31980668168439 -1.09336445467204
-0.987668576919121 -0.698139869122183
-1.55387914693377 0.167271462957666
1.07379593008881 -0.937111119389467
0.501753627144519 -1.06613910169037
0.0712095376657662 -0.284447718843087
0.673596015263429 -0.984862419561054
-0.548467553433385 -0.338561423030136
0.389859852996357 -0.708973589145585
0.779716080771354 -1.01303653039213
-0.72282933675758 -0.120658113742379
-0.0641483400265294 -0.610266793246462
-0.276707572191121 -0.3132174526999
-0.33370630096148 -0.629197263398115
2.26248841355218 -0.876153546829797
-0.178776368633847 -0.6804825949388
0.588415048812004 -1.18085675038844
1.7906369606229 -1.11950124209386
-0.250986240458986 -0.736401885356475
-0.207992231401036 -0.780153659347108
0.739910862421784 -0.804398516281027
0.471073013411265 -0.925851703119482
0.38100087192844 -0.488245033087818
-1.16886226194214 -0.22017382955014
1.24903918656196 -0.98735718119561
-1.21274607441801 -0.609120712309861
-0.532399722170395 -0.547341465169103
1.93229919496514 -0.668501557358626
0.513422292987512 -0.446939157732521
1.09020997255804 -0.683143515631903
-1.47123719955518 -0.0608794520412139
-1.34274040860628 -0.314208430028282
0.96761166883472 -0.705433438211042
-1.58807103146528 0.0829758724479773
-0.205092491608913 -0.790983130616578
-0.901454000990356 -0.196285413554727
-1.82769605045754 -0.319133099565059
0.0989406625645009 -0.618217969822992
1.05682751427307 -0.823676075019262
2.16690418372945 -0.809962674349079
0.301200271991481 -0.64692835739216
1.43340701477109 -0.912476890614923
0.853951641837826 -0.775228370179201
-1.30594835758657 -0.60870848984007
-0.988987955904562 -0.419202977837165
0.712799986917251 -0.778125993481328
-1.84225624197897 0.164067958324297
-3.79744134154423 0.560982780016135
-0.0875261603940307 -0.0669512201498869
-0.412973801422437 -0.316117390217918
1.48428468595168 -0.557211784755992
0.393942230052604 -0.686830802987745
-0.379055934856578 -0.370719253630194
-3.19212802694201 0.0107477818978491
1.6290371464042 -0.723296909037705
-1.55755764029222 -0.183438644302643
-1.15225289998548 -0.160226834686205
1.33705057312568 -1.08504774747632
1.63579125492346 -0.8930271082754
-0.408622066612484 -0.786263117670394
0.295517649456067 -0.6659712268566
1.45438553256447 -0.432733267890793
1.61047879769276 -1.02850026343098
-4.34845255386105 0.451424941344814
-0.366605093761758 -0.386643449204652
0.300518493132531 -0.511652562299807
0.752646001826045 -0.452685693536705
-0.286141478021826 -0.146531273284731
-0.558320053254327 -0.536382254505916
-0.43518970832146 -0.348972183796805
1.52612081982202 -0.347526928749931
0.690617821047737 -0.529153533506435
-1.23611994697962 -0.243145726467566
2.17799633970138 -0.801023763338388
0.973801179441887 -0.843289399261281
0.992902414566114 -0.524297970420311
0.757398404340655 -0.782773071878633
0.0629110739631253 -0.765012164689118
-0.396753218799231 -0.386163586649295
-2.14014307653395 0.106913711938184
-0.584758549909164 -0.720203668508508
0.520387925138404 -0.498510166161443
-0.947860010978646 -0.643524226210614
-0.661762840314829 -0.167899715091684
-2.21334235505743 -0.228645990782228
-1.31492666008612 -0.659422618933026
0.367765703502057 -0.639200870611741
-1.62972374085115 -0.0475103774406413
-2.26233591471851 0.703597753139376
-1.68004456942494 -0.165829590462131
1.79107764217148 -0.496621043110202
1.47061987120719 -0.58351466208637
0.0422308286229591 -0.34893767030104
-1.84388811482344 0.424843169712614
1.48732285439126 -0.673462190300714
-0.453298357408915 -0.287932653040653
-0.294503348022464 -0.195541560583932
0.475282403134268 -0.929905294672807
-0.144381453651485 -0.581328808452608
-1.36396982429443 0.0418367917873453
-1.0435558090512 -0.319645330287429
0.306843510408951 -0.71186046736684
2.31799068129519 -0.972558079982343
0.71734962612521 -0.676590737878966
-0.985844006531027 -0.673381261086946
0.512839432217205 -0.792510155191183
-0.956315894392033 -0.269192097194111
0.682175274952576 -1.03771914758982
0.328064589541308 -0.759404458619944
-0.53591315459489 -0.312376059146738
-1.96921031658705 0.335423115824567
-1.0412015877066 -0.501111139314821
0.704539910629134 -0.921453040003053
-0.912035230111413 -0.459404309351898
1.73863787730257 -0.730117132265739
0.752746328669863 -0.193745216081992
-2.39287534145593 0.44935624436446
0.22468739680222 -0.761095422108371
0.325224748004102 -1.07381939792328
1.72843230038971 -0.72502586214491
-1.1828035051417 -0.514828871035798
0.607169674583141 -0.929309267371775
2.59829621167896 -0.941067764594948
1.16313491904407 -0.817127424237693
-0.405289508903739 -0.639055269680785
-2.36819748055536 0.694773996394009
2.00195131291907 -0.251246249987796
1.41588433709129 -0.774487287955835
1.55939072249174 -0.345545836953911
-0.866911963553378 -0.576838696584316
-1.43613004700805 -0.144096611973893
0.06448881044983 -0.294924722939618
-0.392962091951421 -0.266057540765208
0.822225527805489 -0.672585050001101
0.774529158564426 -0.760966092878007
0.470609057728616 -0.511775955060757
-1.91435557995391 0.440917816755737
-1.45736075017249 -0.215022990320081
-1.25267665553654 -0.77977774909675
0.930218893719627 -0.790741999065405
-1.30232904212006 0.0860484330532801
0.902667954570327 -1.32809105986383
1.70779455316664 -0.737264794725901
-0.492132142955627 -0.362135891446105
-2.90251705002294 0.582917871241974
-1.31311304905551 -0.347466751856668
0.826063961197099 -0.809952215836456
-0.0671438124552532 -0.428518747770749
0.749514163456877 -1.01801693204763
1.03590801028072 -1.01383368694154
1.14046188114395 -0.487775150648423
-0.691639968514493 -0.341844868183783
0.833409879373839 -1.24637170631398
-2.76451583019672 0.482524412964004
0.589586193561554 -0.550969064397121
-0.055730442937088 -0.413569653590664
-0.273537763210552 -0.857378116181255
0.368884913992679 -0.985075731189859
1.1234102562495 -0.334333019067106
0.958216207835619 -0.875082658537939
2.2659064830759 -1.01975551845431
1.81372120273533 -0.624434341103168
-0.974302106636225 -0.302501570609096
0.170336039351901 -0.714911745286576
0.00500851179390876 -0.129271612323515
0.377556771356501 -0.478381330144236
-0.807241513005217 -0.311530599485006
-1.19860756084013 -0.26233329048081
-0.608681758584645 -0.473217451139286
-2.13265509348351 0.542684014685349
-3.26551747469572 0.440717819423977
-1.01355806158391 -0.255863787497326
-2.0411008551316 0.212611259230709
-0.160245698657664 -0.889757036507072
1.66517346387482 -0.951592092083342
1.98142890537508 -0.451742296742328
-0.733476151700328 -0.675510197183043
-0.25317757509456 -0.390876201712073
0.286167389343159 -0.692070917102912
-2.18292531590132 0.304753746400493
2.23137602319266 -0.723091449265362
-1.68519412965043 0.052426547223981
-0.00396762837052666 -0.377529681975055
-1.2351065664075 0.102922404178654
-1.73319343600855 0.0454445088587371
-0.708480795285588 -0.917293354434724
0.0610108528734174 -0.794334745023234
-1.48143125595039 -0.342561445224427
-0.404478551241786 -0.842587629876655
-1.93925570938272 0.0881068111141761
1.47366796114094 -1.12210452478259
-0.692933220774326 -0.493743546788707
-2.82829140171756 0.303059220245954
0.740934781038186 -1.18652581162891
0.615541999356635 -0.932113088917447
-2.76246096848545 0.598497990462564
1.05430604009443 -0.447500484479167
-1.15966266512694 -0.460458420771142
-0.898379470999014 -0.603035911788687
-0.679094574564028 -0.146818756650273
-1.40110938299241 -0.320384404065343
1.40305226736088 -0.408225772871031
-1.08921596524098 -0.359017431427961
1.68653214420643 -0.380689124134722
0.670945960115994 -0.539395226721975
-1.08126349665954 -0.374603364086476
-0.910151440161668 -0.171578414063276
0.382369774083751 -0.748579589072837
0.904687887567835 -0.702591770696388
-2.20476527498396 0.430411493804596
-1.58243381268427 0.230256318499349
0.65652151450864 -0.192694531863537
-0.0790890093723711 -0.969241851983016
0.375424344499633 -0.643527910301348
-0.669429419509939 -0.524587627024464
1.34846632533253 -0.817867448125873
0.903566611507064 -0.431573921934526
-1.64653622743773 -0.0361731636634234
1.82901660239328 -0.589521283516843
1.216588797766 -0.570244650226383
0.255909594781232 -0.574126153514031
1.56415052263119 -0.398379654041678
0.861165342417689 -0.873102896472282
0.725704830084388 -1.04350433512911
0.523446835862138 -1.1431940531657
-1.49462767056133 0.141379022478293
1.76758799441524 -0.898244863786816
-0.0830497868537841 -0.414221595020756
-0.37494692039216 -0.220858608647827
0.384694132898592 -0.59343455417212
0.537061396867285 -0.580711780126305
-0.338350095953879 -0.868383495733718
0.435104528561419 -0.889209748754769
0.36298143494118 -0.516896246443069
-0.402819744261406 -0.435924370465202
1.43956686686948 -0.718823797601569
-0.0665563788352294 -0.918629757496164
-0.769871737716976 -0.588023225658898
-0.135618330958089 -0.614598450888227
0.404610820552392 -0.560132236439018
-0.262709582779985 -0.740419367278994
-2.6491640659342 0.649908851106624
0.748523651926315 -0.557951796026621
0.77106135351141 -0.703610292777722
1.8282398154903 -0.823616083045473
1.2908137409643 -0.932323078928908
0.735261043156001 -0.563766940870427
-1.12181406516692 -0.534350020287092
-1.70326712534728 0.132931996041749
-0.102754530046571 -0.549887990449456
-1.28104080509541 -0.168326621032904
-0.431675853268749 -0.904540581763501
2.23582126665923 -0.46956611134579
1.70330024745764 -0.943956990461306
-0.853419071037465 -0.682214183540357
-1.07999852710506 -0.612736884345813
-1.04321738099068 -0.545398282853452
2.56859404762245 -0.82732279011798
0.267714213098373 -0.610037811161592
1.17678585441142 -0.680825954951563
-0.359026319664395 -0.640669835322778
3.28866794628658 -0.357225858619082
-0.523786909757479 -0.724336525778944
0.424728690331565 -0.34467786978269
-0.0835563094570659 -0.916994707834349
-0.529844589642599 -0.512295210000278
-1.72296176321076 -0.367845161778187
0.259893104877755 -0.812136440193816
-1.04700566596745 -0.306681192397693
-1.24905702137588 0.15571038258097
1.66007336786864 -0.406261477130749
1.01941159131599 -0.311236637383961
-1.8279891315083 -0.116957913106145
0.565348574502051 -0.936848646021915
0.34121907111977 -0.531086627000676
-1.67102919254257 0.0231131239696323
-0.342495647915509 -0.22325991182576
0.27682973596262 -0.695515013060419
0.231914872000079 -0.42063794093815
-0.460953534027454 -0.93578575718001
0.110018021240033 -0.666928990501852
-1.36730130799012 -0.535536444430378
1.02432930033621 -0.346971809981202
0.897304117150057 -0.563509670597314
2.05238861857057 -0.27688685058043
0.296228464414694 -0.33198027890614
0.407919697843384 -0.838523440075971
1.59384396356757 -0.70639628456708
-0.26008490125856 -0.597833461300142
-0.919249701040806 -0.79626469756828
1.05969165362435 -0.406457156082848
2.6545435482349 -0.726940347107707
-2.57066200330224 0.75033759868548
-2.52895994550873 0.349899706705208
-0.423067624216189 -0.718336256564921
0.12349428552967 -0.550656857087313
0.131622088869351 -1.00027332946703
0.488614492911313 -0.83467208083384
-2.94605668608887 0.551307012297513
-1.24097617121286 -0.919136310986294
0.562680750379806 -0.911233486503683
-0.306765556926252 -0.697811777554822
-1.59111666787357 -0.23615952294326
-1.37794067077794 -0.330091088688133
1.10574474041187 -0.631587527770322
0.480605834632468 -0.74586968197335
-1.0616782848276 -0.308808700325406
0.347974203028781 -0.8127695833119
0.870252527484724 -0.416233072432286
0.778284351854171 -0.85157330232223
2.01277002051964 -1.55978085903426
-0.481307398369506 -0.822887957229194
-1.77646980272778 0.14346676870748
0.370260194486113 -0.910650211469175
2.2359158748748 -0.816934283969358
0.876191657991934 -0.808003506741899
1.08021342597799 -0.668799442917694
-0.140826298882894 -0.525718066194609
-0.342314924381267 -0.680018583268993
0.541606046644545 -0.810208858644594
-0.536971319578553 -0.959010527264881
-0.347831377050062 -0.664225107269055
-0.182994946202768 -0.491854880227878
1.54079644541906 -0.760179751840897
0.0542365035395853 -0.840555860791635
-2.30664034469329 0.1874443071981
-0.101151082747052 -0.804608290644716
-0.792592570072735 -0.762521183682095
-0.806640653852115 -0.77084523175966
1.02188273662882 -0.688153134992957
-0.687749350403799 -0.836062144783284
-0.621341052624096 -0.616968050363269
-0.159387882493485 -0.558482671235427
-0.141718160684942 -1.09911833548558
-0.497012937267005 -0.229286030178609
-1.08588215012064 -0.451029977028572
-2.00940339196837 0.451437684239953
1.22232405676132 -0.756228393140412
0.282423316731463 -0.949599158580664
0.0883643308624103 -0.243842436875652
-1.20397894387365 -0.361472616750615
1.32523289337988 -0.41936786980536
-1.2543997881855 -0.394229105659837
0.205560223694638 -0.260613826897812
1.22884456907605 -1.10723382674266
1.23988107821035 -0.835794392836287
1.21311201433304 -0.523505542560378
-0.891661969978021 -0.242215583084856
0.0328299492973326 -0.479931402230409
-0.524659245777348 -0.825587217014644
1.77562254199261 -0.799127738305695
2.93958579021253 -1.2955224057824
1.33371196492153 -0.726677091208591
-1.94239232384814 0.374783988593693
1.9332844763197 -0.49258001395354
-2.17435450101699 0.292479635551001
0.495613374311698 -0.608246256601884
0.924228182461127 -0.305434217674627
-0.222045021788802 -0.795185473268167
-0.110044534566541 -0.674017965256745
0.928051026192552 -0.500123708187245
1.44924280611853 -0.751169520200514
0.228277738535816 -0.19441879000534
-0.751369768204228 -0.278997800543907
-1.40827976424751 -0.236856244573942
-0.0490934446865793 -0.651958242513377
-1.92792709378095 0.05836590076808
-1.06714560345242 -0.431006051975327
-0.840538361652989 -0.767259902635645
-1.55555330614194 -0.112602891383773
-1.127854751329 -0.527016676008606
2.04381326695227 -0.852587325999705
-0.868402595003899 -0.50208056595641
0.00597631550260559 -0.802055879994237
-0.915222943247444 -0.920309191822224
0.118773147056073 -0.738443943244373
0.911125143471257 -0.669140261414497
-0.832966732205324 -0.513183914867068
0.155488963874933 -0.831251869712453
-1.22408194258216 -0.268605880039103
-0.262356839755139 -0.292045540793915
1.48918298618331 -0.892183242365455
0.250895312745429 -0.749742655693261
0.183010341708455 -0.772022703562636
-0.880649790687799 -0.667112152364569
2.44635316549291 -0.889813463805152
1.87611189274213 -0.540845738823278
1.51000572316401 -0.948456187128801
-0.439504596406471 -0.547349780031724
-0.819481900827212 -0.301465918906229
0.226272321695213 -0.485916356007184
0.582034820236415 -0.510350025328807
-0.112756625435079 -0.756888176157778
-0.468471661439232 -0.596542188434008
0.739726612138482 -0.532435487622315
-1.80206914977658 0.0298852593876408
-0.0597286040122326 -0.704719084325511
1.2801650316066 -0.397831863921904
0.171693060374544 -0.520319361445132
2.07717023990275 -0.693192915814501
3.16481437447073 -0.982086755846367
1.41044989528974 -1.04082362719254
0.964894751457794 -0.649720676643846
0.773846127150781 -0.62983961335167
-1.21359467434405 -0.668016986025346
0.601326237748892 -0.450700561840076
1.39301992794319 -0.525494563449195
0.857240786725092 -0.890962912438736
1.29983553025299 -0.567749395307955
-0.198127513301585 -0.755370095602103
-0.247998891323012 -0.762853379507996
0.789759429442091 -1.06074534077468
0.731144128777593 -0.530770707678338
2.84934295791497 -0.893601364843732
-0.488911299964822 -0.365584221350008
-2.05618425595891 0.157154815793622
-0.897959684025895 -0.603501699819108
-0.648625711978849 -0.597668659890435
-0.806061344971039 -0.410373869564287
-0.101881549270057 -1.11209460060141
-1.19669548906403 -0.279886016408122
1.01262057684001 -0.769046041912506
0.326170463211674 -0.449876357173082
0.230496148140843 -0.398827793686694
-0.722478756289198 -0.154863994175676
1.46078705754541 -0.947625003906806
1.03597620820867 -0.86082583684276
-0.248510330630408 -0.480978039596865
0.0072314821330734 -0.593856281844449
-0.0824594176697133 -0.711703914370175
0.681739391001568 -1.21106070255073
-0.10369671131661 -0.842035910327373
-1.57320866688951 -0.0355433301571452
1.05931609420539 -0.876334780622838
0.877892613350446 -0.963136930718342
1.03529129580265 -0.474070759694532
-0.00859950533308792 -0.880748505044867
0.476902309811626 -1.07403187843007
0.64495115959669 -0.490869106933793
0.82935920729462 -0.990309612056118
-0.70057803919785 -0.302952852799956
2.16269537126732 -0.778832397337327
0.434627124997136 -0.844705987459734
0.794527990476171 -0.679299214819177
-1.71803677568431 -0.149430647370734
-0.916146862900484 -0.64191949438477
-1.64319793534383 0.177221079694971
0.32625747831179 -0.975195452724307
0.789128506661725 -0.704939849159208
-0.932776615075288 0.192138504945561
0.479032260443288 -0.586491033278035
-1.47692658423539 -0.0333222864974969
-1.2811410164335 -0.688826223946597
-0.6713985244775 -0.81613419195768
-0.691309698692238 -0.441095175320853
0.147109415610487 -0.7039181900422
1.13954348083552 -0.539328327431838
-0.138311273424422 -0.857822851226287
0.557945594452105 -0.620864407681601
2.28172726000433 -1.26371936013109
0.761983365202761 -0.864865537945015
0.934472602183161 -0.427475798409915
0.266968749485746 -0.490544629158723
-1.63469187987055 -0.0203469851242643
-0.383164204739177 -0.753594411027958
0.794440836629905 -0.940093120802873
-0.784037351054444 -0.370478027972851
-0.809641871465584 -0.303249939328093
-0.0184488899076234 -0.912330303169681
-0.646857812495846 -0.432837318896288
1.43259224435538 -0.652409478959903
-1.32571967946006 -0.603045082753472
-0.656933151426093 -0.551411724286528
1.0785114464609 -0.275241365448633
-0.688409850048422 -0.247198292948288
-0.60803030433918 -0.505173120906556
0.512859028862154 -0.836083492040458
-0.889156198141204 -0.465650577482271
0.466449217724526 -0.945871424199658
-0.281898541118919 0.10359265540399
0.816232996853557 -0.504985215854613
-0.721781746058004 -0.284057760664933
-1.63328113998506 -0.190050608171569
-1.26404749465802 -0.220999601471235
0.260514086982144 -0.341601934044521
0.832661178538819 -1.00785383861623
-1.35095809177793 -0.259015761286242
-0.660272008641927 -0.733285892861446
2.84933573915281 -0.77321364434891
1.58637566492597 -1.08373264340365
0.733752436835002 -0.833663611735959
-0.748258313406468 -0.614129948259902
2.63741225652805 -0.408628514209977
0.653674831552123 -1.02937848815404
-1.21474144293146 -0.511952108070142
-1.724586087287 0.031667775643284
-0.256355413048988 -0.806085075164104
0.755196955454718 -0.0287214403705195
0.605331458292229 -0.822439504508328
-0.383296390939513 -0.933340172545547
2.02329393450591 -0.496966004104181
2.23248852679002 -0.623890024177454
2.76676751834366 -0.785472223660526
-0.710126230520783 -0.74239223579134
0.706584038891659 -0.844182776305668
0.968938831080157 -0.160126235523633
-0.557253696174951 -0.759925583999377
-1.68070375496985 -0.104438331149674
-0.0588679904669054 -0.299584435161844
0.424817719613167 -0.236607798921806
-0.76300626402982 -0.335031561021095
1.1534824711774 -0.475023535213222
1.14367695005684 -0.850898267174353
0.273091876769001 -0.809506966218675
-0.176554273756951 -0.670233390321406
-0.0168039714325708 -0.994711191330236
-0.797952154339006 -0.594640448705699
0.0494305596743993 -0.562523918351235
0.579547897699956 -0.903142301137036
1.22226888218662 -0.420071836184356
-0.653274588147611 -0.662726019185447
-0.791230612594095 -0.609127764866767
0.887769711861254 -0.507582851452301
-1.61989761638869 -0.690612236519448
-0.316632323714619 -0.475650835056776
-2.33344752062843 0.200262370689314
2.87662676727886 -1.24096973023116
-0.548117714731394 -0.3783052573519
-1.95027152467282 0.444043084716689
-0.153976840184755 -0.330435655579423
-1.12848277242795 -0.465641436610995
-1.34084016247881 -0.65896593175134
-0.675142471029759 -0.841802464341558
0.431681517142611 -0.709335636038489
0.35320486866685 -0.522781918778584
1.46740477288338 -0.859828203633079
-0.441148744610674 -0.503567102856139
2.32829637508035 -0.862747627901301
2.4974018087206 -0.308998373614256
0.277234374975596 -0.426700704789378
0.134816050445798 -0.837871076664585
0.170941005558859 -0.691557076382161
-1.01039801002866 -0.570758498837243
0.79020340674158 -0.681320603428815
-2.11370689973565 0.755235633306673
0.262466056858267 -0.439562542936391
1.38041097315099 -1.4519425546847
1.54563076826675 -0.938383220246009
1.36667693750635 -0.652732274798928
0.259958232354926 -0.880402452114476
1.52647680700139 -0.422411824875201
1.54177577470398 -0.525627645473681
0.659548390917614 -0.597010872267704
1.23967867045672 -0.932523696506551
-1.56360018759922 -0.372990146562738
-0.884089675247262 -0.638162593027812
0.831485061514339 -0.881413503346842
0.548897395299872 -1.14547286549938
-2.63593823046691 0.78706439447389
-1.41913695360227 -0.111207387106789
-0.174706387961163 -0.560494678675653
0.0474531513324727 -0.500723696048389
-0.212261725691289 -0.78282243982324
-0.821290711406018 -0.787140629178414
-0.25063460147458 -0.550275955843633
-0.764845596165597 -0.273552143411194
1.30055423516754 -0.658963859906574
1.19357963683463 -0.779069321141276
-0.180606076098655 -0.488410755260589
-0.213400285226886 -0.563567918856896
-0.652859596548564 -0.44076336188817
-0.299096052443484 -0.408190941924051
-0.137433893813137 -0.86763957940874
0.0201982013365124 -0.352465425349824
-1.00015928572217 -0.361446848301801
-2.44574959995764 0.391818453137133
0.763384060516808 -0.813490061091786
-0.236291900804518 -0.313790566290085
-0.263569959935958 -0.586026668247673
-1.05275945845537 -0.36506252554084
0.614611175391751 -0.779624500776377
-0.0403380075481594 -0.596774966761013
0.946430006511756 -0.608850801901328
-1.2533460481462 -0.123589995766393
-0.254391857175042 -0.614485856303374
0.829098257901081 -0.85230833663702
-1.29539258923988 -0.168182593241705
0.516627600884598 -0.842019266878632
-0.287518558737574 -0.967128670565746
1.67865435503656 -0.716193393970606
-0.551680803384203 -0.522070983117838
-0.777515233533942 -0.534269485956575
-0.949430701616136 -0.494081159512789
2.42189396157932 -0.996511542566168
0.808265872693063 -0.974721549070484
0.113258706328226 -0.706055565534956
1.49371721215077 -0.695720383252976
-1.36530665095355 -0.402253315926753
1.05901298104841 -0.626092433606585
-1.48120804251839 -0.00243765071459631
1.5067845897545 -1.02463053169366
4.23693535150581 -0.954200433987278
-1.13597801872126 -0.550648149870177
-0.532947252258828 -0.485888269382112
-0.712271275246462 -0.66175888723189
0.388877332824927 -0.659837864146048
-0.485869961944133 -0.568342705902164
1.31476891983605 -1.07391397660941
1.30189615517953 -0.427940840971475
-0.390511496485308 -0.39010186896936
1.35197322910679 -1.29736774842496
0.691438474773659 -0.579476331209976
1.19105853016912 -0.839524870596722
1.53312533975448 -1.10623391419518
0.0127610319837587 -1.03088768479489
1.21366443492682 -0.584787165004758
-1.26239637321398 -0.461880845894188
1.09950625972056 -0.780949941712943
-1.67639571710303 -0.468784563121997
-1.28432002479909 0.328898405014721
-0.0317211462440744 -0.434913516856565
0.407868341692203 -0.684194470695293
-0.97233741267399 -0.883081329987172
-2.50264417999085 0.423077476573775
-0.0724642801971608 -0.39585439115483
0.706413587375521 -0.355593665473828
-1.56234103405186 -0.804503932039087
-1.13889196752346 -0.776030831212207
1.69090233104188 0.120845334582036
-0.237947419948715 -0.610852329468658
1.97307757720344 -0.703707027468802
-0.63886832290529 -1.03261277147454
1.14002705578623 -0.564307220875572
-1.6915070343322 -0.134136017162808
-0.451184048102108 -0.0900058318079581
-2.49136320916956 0.749159896529899
0.583930378074075 -0.773693252240171
0.4106124788164 -0.444956680778875
-1.29615862589162 -0.300322869611453
0.373592483391893 -0.66306696480353
0.498938494170631 -0.945881936666727
1.85885559336438 -0.767353756967223
-0.588310995334847 -0.129241872063451
-1.01392669348396 -0.694446269210333
-0.840035335037816 -0.0670820084178486
-0.86053151070687 -0.337206064019083
0.633869254953827 -0.729417451293755
0.884545744715438 -0.674871975133763
0.37746668666876 -0.541656456456443
0.763384019636554 -0.773910523000961
-0.358754946903747 -0.137387384482825
-1.18628127215722 -0.28467534952798
-1.97055105830997 0.278958615462468
-0.068050761569812 -0.613160252934593
-1.26580432385356 -0.573669720638395
-1.57375186566545 0.182193243726968
0.548769104913838 -0.388950335475104
-0.265824946819509 -0.663187507913891
-0.733782989060511 -0.772326150801444
-1.76202494155597 -0.0900526756437524
-0.163497072118736 -0.747002904662523
-0.00954043103189424 -0.681189735578993
-1.2286790972116 -0.45348494070192
2.60207459144707 -0.881527022705659
0.407089512778375 -0.595443710300814
-1.37689624290169 -0.124565724172289
1.53736913797313 -0.718299668917155
-1.441402731176 -0.946974744444719
0.677543566577821 -0.613949751158589
-0.728458144361882 0.124178008117476
0.928842568872046 -0.703584980889518
3.44820511766547 -1.06708268912927
0.385706797324554 -0.935115226755922
1.12482605488437 -0.848597561047211
0.292433660947566 -1.05316872759815
0.267818255479537 -0.672172728301703
0.928310973507825 -0.470862676218942
-0.112594731676996 -0.538117589627852
-1.3950409324684 -0.0257855370889519
-0.848908162576988 -0.527178126350682
1.18027462649501 -0.51189907788505
0.113230785764252 -0.286031461296332
1.6408384759781 -0.630639678859498
-0.694823829969774 -0.32602256319354
1.34032993527262 -0.853915804449377
-1.16227428559478 0.0513043798472047
0.352290627969015 -0.596772158646606
-1.74920508735792 -0.0879928106468532
-0.462564643560612 -0.53457210052665
-1.87827395596732 0.265955130799714
2.15127777263701 -1.21927166578198
-0.750608418137295 -0.377296578757091
0.739244321536876 -0.797403367659805
0.1660016266826 -1.01422957842126
-2.60743462276539 0.322305188002671
0.233899133457363 -0.688536159126037
1.24324558760642 -0.656262882011676
0.788206097108732 -0.49848946603533
-0.0512208184961305 -0.503734298675187
-0.257510056872889 -1.17594288241082
2.08522948319072 -0.706826380226755
3.25864137915687 -0.642717323387722
0.540027433997796 -0.789445410458955
-1.64848551509387 -0.137096562010322
2.43724349753293 -0.680066331950017
-0.858367557658419 -0.758883484416913
-0.821250124679189 -0.554292086504999
-1.96274028838581 0.519309961543398
-1.92581933978669 -0.064921400094406
1.14563942207206 -0.615511355734357
0.520799940324 -0.365932943371369
1.59535483744742 -0.794963693305561
0.155552351318532 -0.252563066911139
1.5070982081239 -0.656437045777249
0.945407575450068 -1.04834389032948
0.163268264906386 -0.234901216620156
-0.417888084052259 -0.77610288750573
0.804019452571008 -0.770509217799366
1.35412665423395 -1.17143835606724
1.7742959084065 -0.671980111625919
-0.198880933660785 -0.56059659793513
2.64537932453723 -0.93392054976037
0.0627310173401604 -0.625583864802587
0.459142062005697 -0.324202305675808
0.389271772424515 -0.585748682960585
-1.11989320304591 -0.405497631397762
-1.36871297218325 -0.199176562386218
1.1651168866722 -0.620064428497907
1.03162617463503 -0.616897340803074
-0.0920560973260535 -0.48907896859617
1.2466829563925 -0.573733159056021
-1.00878113571439 -0.901150626455325
0.623926937988363 -1.21427713432702
1.13736319525226 -0.404071992163383
1.48384301980272 -0.567718989661886
0.459933414302311 -0.776688441851752
0.684024027385528 -0.621138320788992
2.79398494776973 -0.978866723659974
0.0152526480981516 -0.369158661573912
-0.611415715283418 0.113104780285281
-0.563453242678091 -0.833168692129691
-1.84377738606335 0.0351671048742864
-0.487831856250971 -0.726963531849659
-0.23080814246317 -0.227806911849928
-0.642290831649624 -0.842363223607787
-0.768804320762681 -0.275884440716118
1.59727659974981 -0.865548531789524
0.257127635620625 -0.64325266612098
-1.94322217994715 0.169336829030291
-1.52244292731857 -0.304643598423071
-1.68440507310516 0.115520329679681
-0.290097855643842 -0.443455006451803
0.641049552522282 -0.782808210114198
0.498531193779308 -0.344823188254736
0.48617546207521 -0.53171935332038
-1.66675097353902 0.147713395019559
1.4850267788347 -0.599475127239215
-0.870473785799857 -0.210867008151482
-0.00509494432645276 -0.775333200828841
-2.15123056219414 0.337886150775723
-1.39207960044755 -0.544844743644111
-0.806651695756182 -0.785595736281288
0.473437678139824 -1.04392087211896
-0.425608953758683 -0.297373381863261
1.17161190836159 -0.951629283889844
-0.161460468586246 -1.02723531268947
-1.80987023496707 -0.0859689819611159
2.76400660558456 -0.567343518059673
1.3230463664402 -1.32430637828425
1.66968155716176 -0.81010753317138
0.221930214601483 -0.398853975643555
2.52199965224315 -1.08533220730659
-0.885249634782646 -0.573889490953393
0.66970507144518 -1.04843013364685
-0.00415907208706886 -0.664011672037404
-1.24270590368095 -0.0545648800817896
-0.524745081510877 -0.54965664553303
-2.2373634753436 -0.0613817202608301
1.29376647024852 -1.08808478567424
0.31245380299411 -1.16870319691562
1.9316941619462 -1.01103921854508
-1.05220205754596 -0.0035035402417169
-0.2593164427232 -0.700504237361999
-1.43741071060279 0.0517334595775394
-0.709464377527185 -0.215385743125808
0.816341181516327 -0.693026264403393
-0.00665751241103452 -0.0175702322226978
-0.197198112449455 -0.216880145512686
-0.216601491187618 -0.821103986740961
-0.543244225128375 -0.768846224274352
-2.20926539821935 0.210556010502045
0.598222090450736 -0.743627806622733
0.400041797532379 -0.261177192460073
-0.763614981314287 -0.211652902671659
-0.491853656166688 -0.433901613837203
1.50986794543067 -0.995299664843477
-0.227154207735311 -0.921008321946738
-0.286545355737726 -1.07254654892773
1.87869152283004 -0.621306714205943
-1.08618583502832 -0.126420389506644
-0.306323266014575 -0.588098261081962
-1.70344153010316 0.182534861310051
-1.76491942788228 -0.0305702498749232
-1.26375692250073 -0.607823685648281
-0.967168650848397 -0.32862322183524
-0.410146727117126 -0.465584827436422
0.767082693817355 -0.616992735925957
1.60431577972446 -0.629642993059061
2.2141730646643 -0.453403133233795
0.319105992263027 -1.11583640895154
-0.222877414934248 -0.391902644425127
0.118010110900726 -0.68914424714039
