-1.25258979684634 0.521361435775645
-1.28222815166937 -0.447141303432772
-0.436124139121776 -0.462325083542663
1.67729013161848 -0.745554572546796
0.452251116090242 -0.629434536902779
0.79384165957045 -0.711808888921108
-1.17071193766843 0.194269949090827
-1.34094096708852 0.574463943052577
0.405572688063133 -0.773506490154902
0.960495904860633 -0.759938142460457
-0.133434257435674 -0.46016217437465
0.205158033707673 -0.643843013147903
-2.71703644739007 0.795315963678153
-0.106766517331094 -0.69231931995769
0.570900583707057 -0.619496746098011
0.558407507338829 -0.639224683944042
-0.844797363135466 -0.13295861400979
1.60506987209605 -0.790920957101811
-0.549163081390168 -0.35729690858257
-1.01463223798467 -0.174827038271231
0.414962759343302 -0.514269485832632
-2.58091643044551 1.00453257844717
0.28372932414753 -0.504194106329132
0.182773480573847 -0.56582963943091
-0.332872667333118 -0.682179072830354
0.790451129821608 -0.676342792974119
-1.21783707005682 -0.066098699080199
0.746143768985786 -0.63689738654609
-0.770260149548799 -0.486456044631306
3.00074804472354 -0.926654962045404
0.0628422208200276 -0.55784941252465
-0.517372849678197 -0.484109064349652
1.13938604036866 -0.790999761385407
-1.36858398938349 0.00758026679731304
0.113813259432143 -0.597165077650086
0.159514525212698 -0.567725517004284
-1.12957875512174 -0.0601809375589889
1.90364486123269 -0.838583556927152
-1.38369639462685 -0.0818862702296789
0.921638350916766 -0.684785766118547
0.164451875144897 -0.770078735602528
-0.933711017631158 0.0590734618258314
-1.4883720910853 0.100753609030931
0.633557920372184 -0.745459517196358
0.773486986724608 -0.720919407909953
-0.235801916596623 -0.382782521977358
-0.532643877594138 -0.104965599981237
-0.963575599287493 -0.0960304417628625
1.01158089507903 -0.675601804276706
-0.0147869084026773 -0.520238264868404
-2.22545463493654 0.559362229274167
0.65309848274124 -0.640083682606963
0.5459193753025 -0.535626383376101
0.0912257207633859 -0.734244756427372
0.306572350847574 -0.592033065950047
-1.93729969124872 0.255699165540275
0.254525119556132 -0.649746425656999
1.11904833272314 -0.644088140206287
-1.51312821570618 -0.0140543161150097
-0.272374041067081 -0.273973544658318
0.726305064857107 -0.787360372774924
-0.217463982342737 -0.553541440485022
0.404275076521347 -0.582769850213318
1.1975223183224 -0.814185606838981
0.272019368696972 -0.643244720804027
2.36602689220446 -0.843488677374134
-2.25258079842301 0.497962744495779
-1.02389649299104 -0.0610623214547313
1.10248857097759 -0.789011083660544
0.533440936605556 -0.63179647342901
-0.149073256755913 -0.789205882901483
-0.629183694504715 -0.269751449604848
1.62438549498159 -0.772245090456852
-0.589305833311265 -0.269031073227693
1.72691807876214 -0.8804168687132
-0.829842217331277 -0.0137196265847567
1.44070024964598 -0.803658910121469
0.599706635574925 -0.74236892917336
-0.574736927584129 -0.428282609294943
1.79289270807223 -0.761787974497378
-1.00118961678675 -0.418890123962089
-0.925690490195962 -0.573634099446624
-0.931334271791815 0.0358414847188061
0.472449898403805 -0.642146347759329
1.56755335277604 -0.764699593336542
-0.838086351621159 -0.243718196221235
1.90004104389631 -0.873786062348062
1.84016330895941 -0.878267408674417
0.925460757886882 -0.759332970503851
-1.58106726568504 -0.0683904086915227
-1.27882185603129 0.161225243584921
-1.45318853667538 0.115720004079616
-1.55891170448845 0.457089709060982
0.774676388478651 -0.590176850849535
-0.793614070991741 -0.244691231448909
-0.628174732861757 -0.156700794679566
3.22856379979877 -0.946743418924876
-1.53286812388562 0.275985854782004
0.365837804340066 -0.51137640105853
-0.0256831431319862 -0.354473768032866
-1.51707227096164 0.465106089009768
-1.39033468233646 -0.133638255031661
-1.20106744672159 0.17478866366786
1.11246353444731 -0.833528220190211
0.18164840014886 -0.695019245394609
0.686299020666166 -0.7268930836063
0.373385383847057 -0.616138162347399
-0.745137859353645 -0.43052189699902
-2.33295235642331 0.940045571312661
-2.0899755105164 0.432655325389201
0.0961665329669781 -0.423368191511211
-0.111485064506867 -0.471462578673082
-0.131321905418688 -0.576070015722935
-0.151818318495642 -0.497386740780655
1.7133426834306 -0.840649472298442
-0.549171119843661 -0.062978278947331
1.97711557813344 -0.860059661530735
-0.341656981929706 -0.311605800253165
0.0216617186863269 -0.40762466392977
-0.675443885598067 -0.102525648640148
-0.0243981506362825 -0.492911430173324
0.742196068427276 -0.51103425505859
1.09267816234657 -0.649243745551405
0.40103274374354 -0.576118248600975
-1.7239734540955 0.191183528752492
0.023938749204033 -0.535082717405512
-1.42729442622631 0.544955690132904
2.51850502398813 -0.900813213845005
-1.25342425178801 -0.0523084007262669
0.816971053130473 -0.614660865796232
-0.97137281794905 0.109070503605903
-2.53795770600221 0.471419495870892
-0.75840555402489 -0.572175616280726
0.489583465128214 -0.623153759392247
0.866208363471522 -0.719486845565551
-0.613114209002335 -0.727439265701432
-0.544389110770584 -0.31382100690007
-0.896499571905176 -0.331432246750012
-0.625809342328787 -0.0613674744554681
0.561230530619185 -0.670785477654624
0.809427133700175 -0.684688639919102
-0.48747973826659 -0.374696631431774
-0.0590047835239653 -0.260641482613575
-0.389953662324555 -0.341331399113542
-0.699111904975252 -0.224292910578766
-0.0910949018897591 -0.577868921648709
-0.647601153860781 -0.559986770220282
-2.45422192601871 0.782056364112602
-0.842733333810278 0.0363367697345335
0.528671190413269 -0.754684395990635
-0.339722026034541 -0.396241991841415
-1.20054677104293 -0.00107219379832034
-1.89833237533617 0.78021219722024
1.48650945873782 -0.852137658002556
1.88944199087586 -0.821692911788965
-0.269061172004421 -0.705546850600095
2.77951314914834 -0.901141059685878
-0.796063348890136 0.0265275906682476
-0.168122956410786 -0.295877152373889
-1.78265459008604 0.352983188408495
-0.944169403199924 -0.247361563780791
0.380466417207177 -0.656451280392512
3.4871293344355 -0.940429364260262
-0.290600878279628 -0.456241156583606
0.00322075962653431 -0.442990535185296
-0.159821021012266 -0.373003193212337
0.32062014013673 -0.472721487793359
-2.34613729320043 0.812288436665757
0.843116152077267 -0.64037398260023
-1.29007640334852 -0.314458719095046
0.174075464460945 -0.427859075287594
1.03777695888736 -0.714213478445623
1.00503904540208 -0.718433437754973
1.98687300465787 -0.85896530130943
-0.201537407244743 -0.601539553222537
0.721447444174326 -0.5386699105713
1.39853644019583 -0.762403339874953
-3.343095325708 0.785821269425714
0.376716171555415 -0.509171596277757
0.485415958660524 -0.745267898444405
1.55080079678013 -0.830825176419901
3.49485624802081 -0.949692589379917
1.71133219281761 -0.893851661729099
-0.137349902583049 -0.485599522855899
-1.18379716633783 -0.434925455492325
-1.7207316384692 0.137231088513799
-1.30914957434522 0.252590874353477
-0.544220080261795 -0.119326054365286
-0.309285254628229 -0.672799727109952
-0.817924729381574 -0.170890716352434
-2.78717279237839 0.800778981730191
0.476022680980262 -0.676062944599761
-2.30050761938642 0.443030494469129
0.81277875600774 -0.732766138826501
1.23584106274301 -0.724157761384537
-0.542217212192462 -0.163637007558429
1.28762290792099 -0.83360323674988
1.43457397020561 -0.771039530924706
-2.53785779173448 0.716798770623272
-0.803659482509293 -0.24746931611896
1.89389112993521 -0.810592606350925
1.61164566192606 -0.800674764691704
1.7617313175514 -0.784499990923147
-1.79759762569788 0.680316333582885
-0.993411302054889 -0.276598233519653
-1.20663585470728 -0.280979395952781
0.742002378379893 -0.599054089388621
0.032247954824474 -0.381814012457076
0.89872062368663 -0.787063022728862
-2.95744351163901 0.47306837412469
0.417010968419699 -0.667050628433233
1.38286388465814 -0.753480608428963
-1.59626888951773 0.0357659084359956
0.464558001669646 -0.595445007833657
-0.0681480375619513 -0.498994187189109
2.43364394877616 -0.865893274726549
1.43769602146656 -0.787906738669128
-0.0903727222804711 -0.562040329350329
-0.763803673062205 -0.448508683879192
0.742134238646891 -0.66777389358055
-1.13087770946419 -0.101525886258126
0.717482249358177 -0.751202961944421
-2.51665357215183 0.468535444111617
-2.29526304563413 0.563330270274774
1.04471622842922 -0.774747409535874
-1.32128768047315 0.0954738767702713
1.80147995552434 -0.778431097464599
-0.258041386909003 -0.382610909033681
0.578830212846636 -0.64092554247961
-0.294636999378727 -0.465938050546196
0.471740858486371 -0.790454042168208
0.625676793054414 -0.562732414378182
-1.41410257521421 0.285651158032553
-1.03098610357352 -0.0294534752610171
-1.9883954458527 0.541895899406963
-0.809942886610781 -0.168168649495622
-0.661819163441337 -0.242139532770787
1.59144535572832 -0.740462485454511
-0.656144965903041 -0.405072175752324
0.526894288511961 -0.632306068409819
0.436104099204729 -0.573331924527187
-0.254021151661364 -0.524884420536234
2.7896224553248 -0.905032922737365
-3.23657655537045 1.25894616538604
-0.0300300110677553 -0.426731320406311
-0.152760433227561 -0.592520644246921
-0.985095792717704 -0.163113279915173
0.726400671184033 -0.610889341027866
-0.855436470978349 0.0156021233419857
-0.0285490424273521 -0.600120964602072
1.74774425189495 -0.80281188517958
0.366663669957115 -0.758682277529333
0.25040402324036 -0.80654090552791
-1.1777554853273 -0.0420779454691926
-0.63330113902585 -0.404824562016922
0.485660559216505 -0.62386152174075
-1.09145397996141 0.0912974632491478
-0.618511574857904 -0.448134561117111
-0.580353416273307 -0.251905793259574
0.0317718294224361 -0.610577531887722
-1.70007960282068 0.337006878843835
-1.00606801393903 -0.580223420741112
0.839691182140255 -0.641904580038338
0.9528815079992 -0.718114091643786
-0.31035950704593 -0.52360371245702
1.09391320240584 -0.674389707534364
-0.438103272709405 -0.364897737857478
0.407966093674507 -0.671412976746455
0.692241117395969 -0.719191040796211
-1.43376324733957 0.283471077743836
-1.64360574290673 0.192892431389227
0.146120418938847 -0.62453679248461
0.469071798776067 -0.655867327461052
-0.338464994132026 -0.455098407382963
-1.73411375584696 0.0889736634313228
0.336875897665249 -0.574033761062697
1.25771394452918 -0.734680592728348
-2.07234535166577 0.374146989351824
-2.59508785592064 -0.118010082347253
-0.26035153463977 -0.343386135486562
1.58847983493047 -0.820683211319283
-2.12063836039959 0.459465870104802
-0.542569933271861 -0.287781053783495
0.0907851008356642 -0.615457602745316
1.14819223434403 -0.77693446396631
-0.461169417971619 -0.327652062503027
-0.327618222278142 -0.500727901818942
3.2539266791567 -0.950306652208064
0.966556705058705 -0.609039019397502
0.502001740271777 -0.601698197531947
-1.08292428280742 -0.0867423080943547
1.13506620662223 -0.733763111146736
-1.43598802825026 0.301748298581519
0.857176205065296 -0.711235359870745
-2.85205672232239 0.664982261260632
0.590153182635641 -0.753495021710785
0.889951059054016 -0.735117391857715
0.899612106415806 -0.621809956497008
-0.674030878989851 -0.0734827349698635
-0.201279470060644 -0.558231246223994
-0.993879931134761 -0.130457231446616
-0.418179073319864 -0.228592083409606
0.0769533819557954 -0.44259245145376
-0.505296305344304 -0.193897985663135
-0.11771210482502 -0.444013569182414
0.408955887500738 -0.52336236392606
-1.50582805668014 -0.0558771836295542
-0.565921638033647 -0.494099959161271
0.507726760257809 -0.660547886859966
-1.21760552099271 -0.466561449290155
0.588013640988966 -0.687342066008972
1.48736908652389 -0.799939893817361
-0.0684092144219172 -0.432267475190743
-0.174562894390368 -0.497775249903154
0.0481397022889911 -0.509487730027023
-0.415961330453033 -0.303663190883794
3.3932663358164 -0.934807810009037
3.87832118490569 -0.964434871411263
-1.61918482873975 0.368441593706249
-1.241120119381 -0.0276012710937332
0.0838674366276986 -0.572654666337856
-0.134952014448434 -0.57513244113088
0.774982805938975 -0.707096932534444
0.945484560281387 -0.728763786313148
1.53927419389602 -0.755703844184839
0.321440589198625 -0.55154442258729
-0.189499586799335 -0.499874180220133
0.405850277128365 -0.548051207393202
-0.191344864190281 -0.47259309916498
0.501167246883002 -0.626151317275288
0.13478651777048 -0.448090138100649
-1.49447075072657 -0.103624819279617
0.685174994250225 -0.666976438046568
-2.30126485069809 0.928969124939633
0.928741376882471 -0.692415462850315
-0.172249032052448 -0.635544465300504
0.64775718622395 -0.476491147420963
-0.398851948701434 -0.380348503904776
0.175984355969235 -0.707406589985372
0.402370160429794 -0.709936173610259
1.25427614369623 -0.810659460323142
0.490244564764412 -0.577729558314783
-0.0301280453944411 -0.471202326394507
0.0142673025428465 -0.56129689492659
-0.744311632313093 -0.488490379553515
0.481457771163261 -0.709129082636667
1.12543083439462 -0.823028759612645
0.0224552958208574 -0.334507022697412
0.570397233168954 -0.736417935300648
-0.276150909371656 -0.46138746562302
0.238248014945695 -0.53998615892215
0.913495437900731 -0.765948575010155
0.146184367074938 -0.517531644237971
1.60053175243122 -0.789136040170961
-1.14832276031633 -0.163156326219302
0.300185974350193 -0.686840019761988
1.50574372175495 -0.769956360559459
-1.09071465151499 -0.315812134614586
2.00501097896584 -0.810893343987888
0.469299007824406 -0.568149719673954
0.0990815394853424 -0.578677817950087
-0.380384092755934 -0.620052561100142
-0.300562520447063 -0.543686635073996
-1.4679195826896 0.16087547017743
-0.101405028921632 -0.3235665674091
0.361286835977363 -0.615359701052146
0.909271092594808 -0.677013825585871
-1.98446925820982 0.373520668153429
0.8619248054457 -0.667219190385751
1.22943631690593 -0.780417427684216
-0.961027251676518 0.0106477830170626
-0.384011484180598 -0.426881061163443
0.557816596933762 -0.610387785649254
0.878427093387257 -0.546865913703549
-0.394361246333045 -0.256473884095351
2.12239482381855 -0.839128383791068
-0.915712190427839 -0.402495575276609
-0.515236335197198 -0.44905231588331
0.705071307817846 -0.733933679258634
-0.403813388886514 -0.490487996888922
2.94583847379231 -0.929349257908746
2.2519803581774 -0.869489109862851
0.188770109596071 -0.420774035618138
-0.686231879130872 -0.353460812841681
-2.88225307236962 0.849328059682716
0.293564204585044 -0.569553796246538
0.418768179148482 -0.722716890083867
2.11573168622318 -0.840360430693552
-0.531746933548198 -0.228318231205656
-0.947325052874366 -0.288883117153784
1.3940865413261 -0.811780272232207
-1.04577987900351 0.0188637575247793
-0.754626092109601 -0.255725056712141
0.552544852393292 -0.756664934766305
0.289542880162221 -0.685808496784329
0.0394175123094713 -0.496392238039626
0.587003437741684 -0.490317311181697
-0.448041614436092 -0.286566467627928
0.531088359210407 -0.679309444832669
0.506544992798994 -0.667464838492839
0.24529670077263 -0.459688707399977
0.83257321362492 -0.543241256453933
-0.202650067173679 -0.479427927431114
-0.167212596658965 -0.367986889976393
-0.808793565562598 -0.166144464722799
-0.177648149142283 -0.565195732466594
2.44826352550354 -0.865560370118831
-1.44372589228343 -0.548028219716362
0.245428822474624 -0.490243781851631
-0.529147825903997 -0.628873341232067
1.61811444789232 -0.836788277253986
0.504448917047273 -0.759960257748738
0.0995168680682713 -0.529133009255128
1.10999976040932 -0.717858704580546
-0.132751243089568 -0.634596098385789
0.0292657754968944 -0.608055021711643
-1.91265972426321 0.202969151315397
0.0802713202439013 -0.522789407309784
1.13565744445764 -0.725677965948615
2.35693866986773 -0.850580088672581
-1.09367107774878 -0.293030903913688
-1.10864327361035 0.0384519796291948
0.735823468846233 -0.75407171980332
-0.824551184727628 -0.203804372869035
-0.26114356371982 -0.588274268797606
-0.426989196902604 -0.26759497513067
-1.56349518529461 0.0333698322098815
0.665547329357558 -0.55086883536909
1.41472244129677 -0.680606403366597
0.274010036102394 -0.549646496117835
1.21252554404615 -0.798962494972763
0.179999862755523 -0.569914810478126
0.699052345600725 -0.561923433480728
-1.64367212249952 -0.24865837103045
-0.596724751847297 -0.249703198425713
0.574805828827168 -0.701403336050914
-1.04153010416615 0.000678192420764057
1.40502077570295 -0.788099513270126
1.13503732480092 -0.751233775649058
0.162444929648991 -0.649938567586046
0.504572940119263 -0.682479927089416
0.566353398080653 -0.72580068555695
0.289450555148608 -0.561166156562905
0.447452746716574 -0.567969778451728
1.43861520024472 -0.776248807643626
0.0632990039897178 -0.516273957750401
3.24351366874132 -0.914498952608739
-0.830911393938383 -0.0371334617158382
0.264923541066518 -0.817695745500182
-0.158083237880202 -0.362832584750892
-1.49242713889233 0.490325923931059
-0.666882846609739 -0.184009099123959
-0.194225867770538 -0.390530009530561
-2.00041551588723 0.284559553153702
-1.51775816836469 -0.169475074771661
0.372073419843582 -0.637636385478577
-0.686830441337033 -0.411575801030987
0.611659566360405 -0.597115213060239
-1.2132301501056 0.292940350126219
-0.979347503066618 -0.325314072491876
-0.970048753535208 0.0472877306971081
0.332537921734758 -0.636304843127412
0.211216835376146 -0.514983230271217
0.979961050061542 -0.634126207176001
0.349815794794156 -0.709896523408648
0.328223148415556 -0.669824976396638
1.87979432411185 -0.780569016504576
-0.298459107735503 -0.541995155484138
0.82575778581643 -0.735012954919523
0.233111402733598 -0.668833297889746
0.160803915214866 -0.596134289244446
-0.225496707332702 -0.560349193635025
-1.06721955449386 -0.34510661254542
0.35202116375019 -0.539031330032903
-0.280541093313557 -0.476044876068519
-0.258543385788404 -0.386217718354218
-0.961451933879107 -0.0612758632782518
-1.30510235721039 0.213961375651692
-0.644158085819933 -0.41979199417258
0.509149650878884 -0.602639541948718
-1.40626550544999 0.0806355234479326
2.06713331141532 -0.807405137866048
-0.672229226173382 -0.397672962582702
-1.51257796532892 0.229183250435024
1.19529900096878 -0.796681687918128
0.0145015659538075 -0.466002804670588
0.42171587503459 -0.428126166080881
-1.407730182752 0.51522315329022
2.6164339804689 -0.884409934175767
1.00813542351102 -0.717950287673901
0.370168503042813 -0.797427296933674
-1.54838783106976 0.219812272954355
0.125051097196727 -0.535475202583268
1.68241001916323 -0.78479639646217
-0.757153788416774 -0.337329469847329
0.898975118767532 -0.617921403315737
-0.540111817333882 -0.508941541730463
-1.26149631501477 0.182396432377565
0.168258483427933 -0.623486648165041
-0.754215715960883 -0.404772560432898
-0.0356951172128527 -0.221621629403366
-0.99942663950832 -0.266448687416716
0.358687159689382 -0.697935980896625
-0.398509471375718 -0.447231442367208
-0.429549557643344 -0.36320559913422
-1.62073102892517 0.176964396485045
1.26244836826032 -0.766907615823599
-0.60086591283203 -0.576211089364727
0.179856531549329 -0.594195497513427
-0.0967537614617701 -0.400623029146146
0.517023317512897 -0.565597467713529
-0.738214749379269 -0.463017879031247
-0.0480998092515579 -0.650267847228555
-0.062334161324179 -0.386404402778403
-0.82278526183505 -0.156637437810863
1.15575910832935 -0.805399424633296
0.971174782159583 -0.682890071906487
-1.1917679585576 0.28173201433998
0.590656703624068 -0.767672008677222
-0.0350298935746332 -0.570080100812425
3.28604921699822 -0.932240805196592
-0.806763943494518 -0.48797735293877
2.5714234087517 -0.922146195879532
2.33471933991961 -0.899645530910676
-1.20313745686983 0.0713019835461413
0.156100830685033 -0.73302045080391
-0.789890175452934 -0.157006360709055
0.157904614746036 -0.533583372600311
-1.68058631574572 -0.307954017928628
0.173131206354128 -0.549688396643705
1.52125184319804 -0.85711015422116
-2.02326283302616 -0.0682327020470492
-0.448305924445158 -0.488026086405361
0.986595185691812 -0.765604959022471
0.0518430537463727 -0.615415927238703
2.07104596771841 -0.916795066019063
-0.744937885100857 -0.239617763228845
1.40455489387415 -0.711780782829855
1.08414252895266 -0.672835605042518
-0.538738149206578 -0.559553756588944
-1.12604452347833 0.0320971291191887
1.38586128342714 -0.832526256443423
-0.626612039566719 -0.140990495172672
-0.0646790046983869 -0.413153359551678
0.507598262658197 -0.679428426836395
-1.11405890271624 0.217197853900097
-0.571224195266923 -0.426707458718339
2.31804948614529 -0.855522022351604
0.54684508993745 -0.785894536467845
1.29069616426661 -0.798918908468663
1.23763248879696 -0.669390909128756
-0.537526507410681 -0.334591910979264
1.37384771237496 -0.761241760603575
-1.85298596155454 0.336277326400973
0.42492847156115 -0.77402727415393
0.544840201665576 -0.728911333250155
0.931592400457966 -0.623969971726997
-3.17771818329784 0.770710280387242
0.0311131522405069 -0.490356118376955
-0.653582428978162 -0.490345448762372
1.64438647668507 -0.763768289439424
1.69692065602478 -0.814662289540907
-0.706282857055559 -0.503998738274611
-0.496694475877774 -0.198267134274102
-0.791585990918814 -0.0918426623842729
-0.108862055996032 -0.592733054394489
0.464098201826302 -0.541318356195654
2.18728181121217 -0.807422736957357
1.07855010115392 -0.827761944727085
-0.171458816655382 -0.48344267684263
0.942899838548546 -0.719562287349633
-1.65706029042256 0.750058695432477
-3.21902569673355 0.231196410756538
0.0592073637306593 -0.639550794412442
-0.146354212550576 -0.433756556088469
-0.918084954158875 0.0312224037033343
1.37747507312541 -0.813899633931966
-0.0537240693311404 -0.420342303003971
-0.165272706869709 -0.314278898591141
-0.349262419513637 -0.345123333439824
2.1972181453356 -0.895528641250419
0.484615985895542 -0.813768451989547
-0.539256205976417 -0.0496981200824065
-0.115794729676793 -0.446052593031552
1.05401999665069 -0.720333849779376
0.601083266460621 -0.680778383435293
-2.05296709845503 0.355580443242744
1.66071400177577 -0.789083715836207
3.44101217049312 -0.935537613578909
0.543738129236577 -0.763754770757867
0.438444742184952 -0.739996197821031
0.123750052709826 -0.6984018183138
-0.626180028567471 -0.48689495535376
0.836537062470463 -0.571021005344773
-1.04114944284379 -0.302527352318385
-0.269598133875826 -0.497317158377547
-0.270398019179513 -0.398819392611762
-1.1454800853123 0.118354491664839
-0.274003404712283 -0.53942739429669
0.566401230924902 -0.730224668368318
-0.529301723913903 -0.356636660010322
-0.857508581459461 -0.0831723034400992
-2.27563383842669 0.409242671063566
-0.403372528304541 -0.601270988349456
-1.34949101065412 -0.0207623874720675
1.49329960591184 -0.781206299157946
-0.551006644868754 -0.316525569473987
0.960266225971436 -0.668397384028885
0.925571417718883 -0.780086360749721
1.20206858359486 -0.823326763126554
0.930718649658632 -0.662960370951343
-0.72217614370283 -0.342171619174419
-0.54383015056531 -0.114373325583718
1.70744734420588 -0.818082591617541
-0.375613208740033 -0.444926447951849
1.39009556907256 -0.740974349595029
-1.13944887891794 -0.201148404447774
-1.26212443600656 -0.0194785135054304
-0.370553270205983 -0.618324134997645
-0.945133678143858 -0.0653085334665486
0.20014022862131 -0.654756481582977
-1.86678814311874 0.452992619298913
-1.33243362649921 -0.0850768698345353
-1.47738024328614 0.322047854934355
0.717897879436222 -0.716417270082668
-0.507496710194164 -0.536566836182128
-0.595856528509162 -0.39591904450567
-3.2965345331952 0.77665506746074
2.41816209416428 -0.864057903379416
-0.549911139300472 -0.140236163891748
-1.07347461189202 -0.043013004885948
-0.582392354161401 -0.245670347308487
0.38862022732598 -0.611841589925182
0.996001510642602 -0.667407327462244
0.250458557271947 -0.53890670712747
0.773444634143525 -0.540062309115865
1.60239812232858 -0.753432719759911
0.401318717244596 -0.456970865585195
0.35320208502782 -0.527013713334298
-2.42583133208793 0.392657768321861
-1.17599741548369 0.381052317238889
-0.735834247602301 -0.477899085603572
-1.22382422876058 -0.542666386508565
0.158384084428995 -0.698667087810915
2.09306857022359 -0.852967095742644
-0.360818810646552 -0.520669549478867
-1.11432168400423 0.155555712775592
0.416552464272751 -0.58686669012881
0.537643809113975 -0.793585185459551
0.733596173009396 -0.719388238996514
-1.57488894532934 -0.47598570142908
0.412499700643018 -0.764601697506766
-1.50207223177131 0.147140555726657
-0.579349210807953 -0.279093689053284
0.80830753817803 -0.704144096775229
0.789909727376041 -0.685041122719584
-0.668236523190843 -0.406243040644496
-0.393287416385641 -0.51737603476031
0.0934747561479848 -0.533725279332836
0.441099496929867 -0.713415128849193
0.628832441606071 -0.782597475685593
-2.9580703656236 1.40529514110007
0.375803801480199 -0.638307480609807
-1.49836939767503 0.242047725651478
0.46781690602967 -0.768318817625492
-1.16469974439389 0.315217943185734
1.41331282223423 -0.810870372627394
0.220516389598799 -0.543187192572271
-1.17457464804004 0.0117638429434859
-0.458702816004456 -0.325179462954717
-0.568657223918459 -0.622036811184822
-1.45916565114827 -0.135699696493099
-1.28886185980821 0.216140434247936
-0.130749133242624 -0.522565474250192
-2.11845748585065 0.880813769763552
-0.422632876867934 -0.557343989708654
-0.703459010009037 -0.256636977232771
1.05880334838119 -0.659824873003957
-0.628983001119405 -0.279136698987225
-1.05661591785283 -0.307316329933504
-0.819588086620898 -0.735084176937114
-1.36491528177765 0.142867531430089
-0.621489078029327 -0.22272123285341
-0.013539536354005 -0.658901048360208
0.714771460955098 -0.881879030295663
1.99089140770787 -0.850992495127023
0.33195528070454 -0.533974109258991
-0.391945267602208 -0.355368152857917
0.134716774554082 -0.512713230107048
0.809216889169723 -0.812043001040785
-0.0318749440234765 -0.778382212814697
-0.438941037550319 -0.490486682437623
0.120517061930574 -0.547554752387969
-2.0150935432346 0.247996051698617
0.877375163043212 -0.673284272882715
-0.609711438040839 -0.581431441798695
0.0331639455450767 -0.696165983019334
2.61047758841934 -0.907032716924837
-1.02734193845034 -0.247962981247921
-0.620665213623179 -0.131965710757407
-1.86314800494956 0.737613433474518
2.23300046178802 -0.828895891758251
-1.525388436637 -0.0309569115042892
-1.91060733779757 0.777536040757944
-0.418220536651838 -0.610128289279094
0.11816052621767 -0.575413665862468
-1.31979103717956 0.073760248649
0.618776864672157 -0.47937775756297
-2.12407082521377 -0.0394429914511458
0.00795624873568173 -0.395762543487105
-1.01389360468543 0.0244992132136811
-0.371692763304729 -0.586364341962857
-0.449708281722002 -0.154993372263297
0.594380731616562 -0.571515476799376
0.597093967520587 -0.652582108538184
0.499743270748683 -0.648296509868582
-0.260462096974741 -0.396938059539109
1.23162913511874 -0.72190621879758
-0.270700528280367 -0.510090537594992
1.82979528142032 -0.8046404480852
-1.06962067778826 -0.382687195946462
1.46857125623677 -0.785427214584137
-0.37585304451402 -0.451007271377314
0.632160097780462 -0.521558213222342
-0.237046707458176 -0.542970624565359
-1.76651460474441 0.403549301327058
0.225744306050019 -0.594593306501503
-0.340420111860503 -0.408741835599808
-1.65549295119277 0.228666792562148
0.275965609968599 -0.75442508503545
-1.36397386701358 -0.0412210649142869
-1.97572427767231 0.162352886579097
-1.5422774779873 -0.158314375756562
-0.487058254599713 -0.340148251107634
-1.10934458334536 -0.251628960037848
0.990744163506007 -0.736829824385749
-0.805013789321052 -0.237259683025813
0.24413199064538 -0.55484868381404
-0.589700264346158 -0.263714659914692
-0.596664549787334 -0.347572892447157
-0.470011128305706 -0.544705065301738
-0.164032913770895 -0.358043002764497
-1.97760980735468 -0.0494194423044301
-1.21520054914586 -0.256047187806416
-2.106572024212 0.492413921686045
1.44832523062893 -0.719634117368083
1.29262016339004 -0.771731435900784
-1.53276328321981 1.09924344971987
2.18160613324555 -0.921093715214009
-1.61517439484088 1.35270955268102
0.177496504966605 -0.652124180285331
-0.820285943814623 -0.262669949536987
-0.333024087213568 -0.277826434210047
0.279317907611171 -0.6666624156603
-0.553277957956761 -0.560867247945792
-1.01310139821404 -0.532506335183733
0.954870252377481 -0.791800990519694
2.03705704611633 -0.810393732379032
-1.92412729736108 -0.145828202740959
-0.81708053462405 -0.628480232395263
0.0494039384180776 -0.608787454520955
-0.573326418016313 -0.341407943169853
1.83805104596073 -0.818755519918688
0.522145945353978 -0.715717388721398
-1.77267590451028 0.18638008972434
-1.21915632589646 0.0417417870134825
-0.0662389601538306 -0.375513778026076
-2.30454121181682 0.559483995889953
0.00680497960225167 -0.659376283744865
1.59093321999669 -0.784653746716554
0.886371427807583 -0.688808669620931
-1.13722745767479 0.0966041217107506
-0.516885790011133 -0.303152147628028
-0.477320444843536 -0.362259871671404
-0.298804879380843 -0.351819206434794
0.79132699088665 -0.713877470730531
-3.1147285317805 0.74755844181779
0.760522932378415 -0.685401291609558
-0.423149539730427 -0.501447106915401
2.03993303833689 -0.793388201501826
-0.199005268486473 -0.337081521547131
-0.757681701602074 -0.166923703901933
2.45399256365773 -0.854400732065051
-1.3888665688921 0.391776453341288
1.55321126859532 -0.837442119513786
0.206694275014085 -0.582794697044437
0.186348665092076 -0.644476242985653
-2.08379398911631 0.229306751138629
-1.73425806695904 1.03259933785375
0.237453049479178 -0.528018866676942
-0.748205525732357 -0.167280949164825
0.175587447707352 -0.587386866887493
0.505397901047179 -0.657469209198952
-0.282056543623902 -0.40838717192505
0.484519711439833 -0.755339574983321
-0.316551664495049 -0.5185197689351
-0.46319062146142 -0.457031640784184
1.50993677173446 -0.751069509695752
0.58419324345836 -0.677007186121557
-1.49488592332047 -0.143053226729244
-0.250044846738418 -0.662692828008021
-1.30855949666357 -0.32910368531444
0.669532468238589 -0.526648911520045
0.93003324420052 -0.658431757012625
0.452125970989744 -0.59585310835276
-0.164823222166325 -0.339419672417321
1.70248937513172 -0.769122899280558
1.67411642658796 -0.727318105984747
0.605945599751 -0.543003019641874
2.8893234812689 -0.893749700909177
1.09057747188385 -0.663110401575808
0.873229880894297 -0.647879999338486
0.275622555011624 -0.503929054939369
-0.935502674056517 -0.0693459935085845
-1.60564681264226 -0.189044013367718
-1.97329092919609 0.165996408430965
1.13703744228587 -0.863838108187798
1.33019414515054 -0.709410002761872
0.819177250260357 -0.573907437198371
-0.707848532340711 -0.583035774757505
-0.080994636954193 -0.435170946129877
0.107706500918068 -0.473239380463099
0.214009206200612 -0.666260289007113
0.608017100509846 -0.559294363432318
1.31405971202199 -0.698761209988601
-0.863816729178024 -0.506407502554589
0.244242333611999 -0.482262165963452
-0.942577246259309 -0.179458529237492
2.2422693547155 -0.892636248360873
-0.46389925669816 -0.441158568353264
0.877498362911653 -0.802275193328491
0.811353157876486 -0.684690980602034
0.701161527403988 -0.691387565041485
2.37081551101291 -0.895696863784447
-0.0898049791875615 -0.503039275050936
-0.6592574519512 -0.368820492356621
-0.640127576663742 -0.292803856704856
0.327359833877087 -0.845442851121696
-2.11284130216157 0.801832143468706
1.40940544313839 -0.763673220038448
-0.764091036511367 -0.174748004093835
0.637192937186901 -0.68225985310532
0.550347248592625 -0.599273286266886
0.811092789944225 -0.770997431590566
-0.7379828870454 -0.364805948346615
0.456051337026808 -0.502770778860601
0.877768176122268 -0.7855226081878
0.479205501065166 -0.675814638367675
1.3544451220373 -0.804053039848913
-0.203986775195678 -0.48722067109289
-1.1883580415471 -0.0624542989828337
-1.59657930898378 0.278318857372057
0.0927013881132716 -0.62293535494954
-0.658576350814227 -0.299545577741992
-0.0793447675767624 -0.40559730292626
1.65789465116429 -0.780153014233408
-1.19655506119778 -0.33868290340215
-0.139093857005294 -0.62421631659239
-0.124574845249379 -0.546833328317668
1.01432399469704 -0.635147353513323
0.327628109567898 -0.704547583471904
-1.95416245029948 0.890692939771765
1.32407666732863 -0.74426160226998
-1.12648493071901 -0.106725912519466
-2.7660863550494 1.50716023421924
1.91834986485886 -0.829713647557754
-0.00217006972504174 -0.408726745140019
2.09038609812074 -0.840481000467103
-1.37217996004659 0.0644598754798232
-1.75619933721024 0.235873204797441
1.11353746597221 -0.668298615428973
0.359934273314858 -0.649646882155715
-2.37131878994541 0.431927464816223
-0.22233878306406 -0.553554228152932
1.19686979776438 -0.798072741255038
-0.414696217677446 -0.396021222723378
-0.0750049915086288 -0.468743338433413
1.74422524008872 -0.735443457645125
1.51167121728193 -0.78276112695103
-1.43359218546222 0.0191091411539885
1.44655520492227 -0.835882070863731
-2.32313448368118 0.854183603175203
-0.124375637932613 -0.638291340585603
0.324771771714009 -0.645877222198197
-0.320429446640398 -0.720674426998687
-0.780493381737318 -0.234252527212961
-0.291487030113118 -0.490868950962537
0.265083001663653 -0.68912631097609
-1.35289409387362 0.0730949897744835
1.00626659438858 -0.771882580189549
-1.05984280848824 0.116171919398688
0.551958697339592 -0.709221625250894
0.462073384543064 -0.526610642150142
-0.712296461932278 -0.664195465866281
0.0108708263732984 -0.515526731314879
0.586355767317825 -0.748834762931355
0.600329997113468 -0.660571463235075
-1.65665325176894 0.572424006264312
0.827124809518934 -0.851299060309672
-1.69982079059795 0.546835458888801
-0.921946410487731 0.166820679876219
-1.45617617888046 0.236866746162549
-1.99209109529022 0.830360555635288
-0.753862805812499 -0.0285246110396652
-3.09818703623907 0.89001742572053
0.48446886037409 -0.782929700131382
2.3177369588338 -0.859178288116864
-0.904823263773757 -0.570396711583133
-0.283355218740609 -0.612357748462478
-0.582306442057513 -0.369938588089306
-1.29421290172367 0.105799605901813
1.04833818145788 -0.687539504012053
-0.63263793306359 -0.405667781021477
-0.780375766196121 -0.434535502862752
1.37983924096308 -0.754279500889728
0.315880582298411 -0.576215390912936
1.45718602583947 -0.739988437304328
0.250776051557627 -0.638874916498021
0.92981118274077 -0.700421210967971
0.399839711050671 -0.57298814182968
-1.01872507640556 -0.254842086713139
-0.655277681823545 -0.18862918912229
0.793256759470108 -0.788911865738699
0.992770750552526 -0.738454563992248
0.8047095305042 -0.756883760123061
1.21147854357759 -0.769217852786707
-0.204339083290753 -0.453466946295647
-0.22953740573469 -0.371940174042432
0.312180579574333 -0.476768318051296
0.266003603184247 -0.610106388534675
-1.46938436322242 0.065495278493494
1.6519504451162 -0.736511082584568
0.652592223289528 -0.641889235647087
-1.38028480227916 0.155831673681176
-1.07783190489731 -0.033119988056922
0.618770177771815 -0.623770523334044
-1.85589902720157 0.0948068649865307
-1.86652986157286 0.868908754230059
-0.574405895922718 -0.195289836423302
0.589414588398435 -0.706928599388316
0.801924006325732 -0.63533753350966
0.421287846728619 -0.531390513806036
0.372246099586582 -0.627505639336234
0.942379807334817 -0.626112387856144
0.51207574285999 -0.671722510097004
1.21821706069178 -0.79336064402703
0.91407914535367 -0.750086641500023
0.416709502919477 -0.556890466387734
0.157752523697399 -0.715943060881157
0.761866193700866 -0.573840524555254
-2.66584145790609 0.726887678758632
-2.62005100254867 0.552981411996684
-1.00612069274869 -0.24389799323121
-1.56882295453584 -0.179620723842753
-1.11588814338644 -0.134997895771989
1.2189279632439 -0.750852524596769
-0.91968043478639 -0.430407230134119
-2.05884701334474 0.0267538263845403
0.257453468164349 -0.529155708595411
-0.0501163906421709 -0.585104001452189
-0.771869419723725 -0.349227387223174
3.16310967121961 -0.931752609857481
-1.20843366997024 -0.135929525629712
-0.604872856767652 -0.284893793363454
-0.914497654864191 -0.377924834533807
-2.00547603956263 0.143263609843917
1.7014033922664 -0.810918702940482
-0.309649234237024 -0.421871949149353
-2.67227962879553 1.22552803979064
-1.52903607360392 0.118714218610033
0.274026092483621 -0.619675379407901
-0.431053307495817 -0.307236294589596
-0.362898933805256 -0.501542074268698
1.35385643039941 -0.83461332052264
2.14323762890418 -0.863603068228334
0.98007264394078 -0.654460643101496
-1.31444036397855 -0.0532680877562156
0.704940504753294 -0.785593130492391
2.130047592756 -0.891822150914039
-0.478142126495173 -0.537256668099301
-0.476315322933659 -0.338310350144905
1.73394407034436 -0.775063734285674
-0.371820885301325 -0.360271900710815
-0.264153665498244 -0.357731032951141
-0.366330135641925 -0.518399999951248
-2.91739349545526 0.757497594499086
0.179872223035108 -0.463760988245006
0.276000118125706 -0.835386789637442
-0.547040687689043 -0.618606148001382
-1.7997313483342 0.47764489428315
0.688282369550344 -0.729896952655444
-0.0116851658423239 -0.508726644976738
0.270981566013407 -0.45559911805467
-1.60741403034171 0.873535367000101
-2.08671853227507 0.196569255481066
0.538315218056488 -0.596749673867253
1.23743819807696 -0.741641809106643
-0.622746370275982 -0.438003983324937
-0.692270343747159 -0.332707130261869
1.77176150814924 -0.833360360997356
-0.522478926993842 -0.299798911669686
1.68830370591427 -0.831540578761187
-0.46910891019125 -0.409480976757236
-0.0261544707191544 -0.332858701859918
1.09879909231633 -0.812186381958662
1.27791734505461 -0.790820122381374
0.716163693969094 -0.720325851727266
-0.104424699599585 -0.549989002650023
-0.68518468976855 -0.241118518717038
-0.333028977692668 -0.481844891848479
-2.58013791402582 0.543660520004725
0.313030107009325 -0.665648148382259
0.195949330230785 -0.520050110277997
0.371873678594504 -0.624164940668422
-0.551393589374651 -0.171346868233331
0.652517775554888 -0.708896254246478
-0.644974205740185 -0.24057452744121
-0.239753673071664 -0.409925755037673
-1.02735478568602 -0.156946855885272
-1.15191146894262 0.287705319989092
-0.0981285770315688 -0.610170046593178
-0.840565627853284 -0.113293254088297
-0.844107756439148 0.144237347247729
2.1637805129921 -0.825777507349545
