-0.261546575598767 0.326708703431654
-0.797062637299721 0.512470210406852
1.06820139250059 0.561921205653782
0.371964576831839 0.430284680644149
-2.49351215143672 -0.517079067378391
-0.733456083135876 0.117769631683808
0.737538573873121 0.264796365543473
-0.910822275408792 0.223930881626049
0.945687263635562 0.628228558536232
1.3852373177918 0.89335875646956
2.1776213307781 1.03005089588372
-1.14751019156999 0.130003738291976
0.109934386120058 0.731838124494891
-0.0806751725438677 0.592189760937086
1.21997432077736 0.45781083692554
0.00203310121581446 0.318513675186808
0.865683632006231 0.191343143191142
-0.315092935387123 0.59717565019762
-0.549139125779599 0.689064707095901
-2.74955794189221 -0.534972585493879
1.53004592787278 1.33902679383216
-0.596023853902587 0.488291536236898
-0.781692376969153 0.201924892946655
0.754763024738979 0.269704870416566
1.76992151854598 0.770425429739515
-1.49790914971208 -0.255855060574421
0.277619557198893 0.927145037430618
-1.21748695592086 -0.230852019726538
1.49879262410443 0.505903376391551
0.698708516992917 0.777069415059233
-1.63621058976453 -0.106629917360541
0.102899475189422 0.473762362459697
0.614626109680905 0.476920852558837
-2.55419058054767 -0.48810021590924
-1.63709158312608 -0.241073487119351
-0.309133511853249 0.408717624478873
-0.369907092076294 0.481097057025834
0.149485451995665 0.107091609278533
0.134639288521501 0.489031884200579
-0.210293612542957 0.511345321481071
-1.7543168056609 -0.347062824638192
-0.994260256731967 0.175486888211097
0.63313162651931 0.414868961732431
3.51661046190141 1.04550728512929
-0.56199678995888 0.612926052467663
0.0353940600098394 0.616383785758004
0.126211687600437 0.563920641733827
-0.587578430290263 0.539560718463682
0.260943786556302 0.532667817846745
1.62666061187794 0.679347329903077
1.85335033325078 0.478774331683218
2.61053605869866 0.429919213761647
0.063372184902133 0.231210815323948
-0.150215496694121 0.61355586618291
-1.57240519827563 -0.0753029954782058
0.995574266571799 0.439536338913785
1.52453530214774 0.2600635175731
0.71987840268739 0.943732979658158
1.9373332195884 1.22104193795202
-0.446873642273112 0.237424792093076
0.422925714341168 0.343763896884102
0.572837267580085 0.811187627769762
-1.3426970509936 -0.162490838336818
-2.09055859012104 -0.330065292068288
-1.50163999271213 -0.183731568045521
-0.713914286114216 0.231475379033931
-0.327943123383541 0.623444770665209
0.636404376996953 0.721735151738388
-0.654298648230705 0.185764924115409
2.85873444808625 0.967640081478424
1.2733925004642 0.607593589172984
-0.0341779792129576 1.04142086836366
-0.645636791474773 0.588417738258903
-0.850755288198884 0.262441714359505
0.0720741565401642 0.530607352673902
0.8642801598493 0.00181009554999201
-2.21564614980794 -0.450068147728054
-0.366695356047648 0.443172279154842
-0.913090052288275 0.0911378572422745
-0.0240064172983676 0.729030063354183
0.0782390824450771 -0.196458341608412
0.628890073408716 0.329356921732958
0.0944310928054301 1.26370898844522
-0.645674453736383 0.120437868811854
0.169683575931412 0.505625598525789
-0.105429893267876 0.351454098327763
0.672493123364356 0.219605451926625
0.280244986101595 0.0603601283144786
-0.164658181283953 0.448234948885641
0.769559621710637 0.481353543894184
-0.999064229636188 -0.276071186256515
-0.12553086939994 0.083740245303892
-0.927471606538027 0.0819901437468839
0.285899232366552 0.433207709110944
0.108025070053871 0.882164496776645
-0.123602453725529 0.274270983253132
-0.292702841958627 0.344211213999945
0.382071000551407 0.392329834486393
-2.34456888662822 -0.428805281708832
-0.250724855996677 0.737061152241792
-1.06820093192415 0.402029200923166
-0.00284366572820844 0.325372520473754
-1.18086125289181 0.20531790702467
-0.860846913023287 -0.00201069912067969
0.463429784045442 0.372964275574007
0.0255447824276439 0.00213925332028719
-0.592514113892143 0.322110082756135
0.206263149505721 0.916003802317861
-0.507019307867037 0.649185102012398
-0.838821023783688 0.0297149066334484
-1.55152948439834 -0.127696004735291
1.83651449898003 0.545752483964646
0.532590001340879 1.02460797624363
1.29790075320736 0.221919380694108
0.99046326767709 0.721234627711383
-0.549848255214044 0.569301939113511
-1.4988491879184 -0.376151320473154
-0.152556325289826 0.313791349520178
1.67872296411647 1.46453415275548
-0.0170309248754011 0.437623415573035
-0.788251213022615 0.446142250486481
0.124625287103913 0.616962063474295
1.36475601760946 0.444346295097462
-0.120952804979301 0.467823417176801
1.04196139010095 0.59246491356689
2.38847478612151 0.900937686781971
-1.12953706868157 0.0976149997174234
1.93104035042562 0.880843268198585
0.406994482550467 0.908899320157209
-0.607750243121804 0.0649710001223142
-1.30888630129849 -0.109338504230062
0.556386364263382 0.793153156480672
0.458726091929027 0.334888000109811
0.421052394452545 0.174239177948282
-0.808039563207072 0.0518394919222304
0.277708835684478 0.17693393903455
-0.164959659240665 0.218455412968909
-0.614752153171533 0.228278200356931
0.670290086862791 0.655242831339584
-1.4794509931291 -0.3511766192421
0.843109476977345 0.523749435974712
0.191935487041989 1.52196439866961
-2.35167860451991 -0.450389585936316
1.81805256223774 0.236587654003032
2.08049377844333 1.29030071856365
-0.333233381316024 0.319381310337194
-1.95375740524182 -0.403908646767179
0.535951960205224 0.995441955372903
-1.10064025564128 0.180385581430206
0.216040433266413 0.534774787308445
1.14717332298556 -0.112496041562298
-2.37869568969029 -0.5086734084328
0.901683590467252 0.739518618548168
1.42974337828537 0.612734895706337
-0.0545876200284088 -0.1907077994164
0.0800260201659384 0.681306592259371
-0.725836608949831 0.139053416937123
0.130608363844999 1.20676398266028
-0.651481337532116 0.32993112492816
-0.577543513611859 -0.0613566360680899
-2.22603226062548 -0.49709706292671
0.344743918281806 0.633945074182837
1.22273559264059 0.775910865776933
1.24666297080658 0.627214062293497
1.26899252381535 0.671604957306132
0.23042943320172 0.438598267175633
0.00271900942827157 0.285970563104802
0.61261256420347 0.770733663305273
-1.21401147721377 -0.24428624990812
1.82209120220917 0.386607988454825
-0.813462160465836 0.287202946711479
-1.08120768071918 -0.100875756588891
-0.869923749738809 0.0402582374124098
-0.510675058006515 -0.00941393507744581
-1.25371149209537 0.0406024444997295
1.50057264336347 0.828980477444556
-1.6229183211524 -0.422464684942745
-0.0707514482164271 0.820757688988035
0.203847591589162 0.348112933626222
-3.02262626980661 -0.651638915938763
-0.912041123313351 0.454246715801674
1.89319511417154 0.963765498880844
-0.625243019968126 0.472645348980234
-1.43927023222498 -0.077851653704613
-2.64332956814422 -0.537647207793859
-1.25763452575305 0.151698792321791
-0.319433475661203 0.425873445672415
1.36823683573011 1.18628040509168
0.129195400649299 0.793331111612999
-0.377340916594093 0.558495260838985
0.0284516129150938 0.409296677730255
1.28956031649932 0.863435647210037
-0.83244220288153 0.0742232164400775
-0.406546824974596 -0.00182756846435878
-0.0485089685931152 0.280916760729795
0.282368732685704 0.2082396900285
0.307473094399518 0.810271312303775
-1.10895427770091 0.104272287837151
2.27560566843906 1.0263728373831
-0.292389537493164 0.235428724210556
-0.705553910133808 0.534334352821642
-1.62578111511732 -0.492589793496834
-0.437410475747772 0.452539489597185
-0.852876386010846 0.295860413499365
-1.32124561824904 -0.22846968827777
-0.972179430475902 0.0976944096731916
0.328402230487124 0.370094794936555
-0.993360628155002 0.38794945269766
2.26320026717088 0.970076730073622
-0.757934877586434 0.590899542918636
-0.00753456666449562 0.7042893881151
-1.9151374538781 -0.558199557862231
1.17710790152801 0.747468328136567
0.677747792694736 0.518814823390801
0.627224638077915 0.621653374573714
1.11125845730083 0.459750797866978
2.12261226380313 1.18929189291761
-2.81961786811282 -0.554228826329427
-0.0201252823857817 -0.0805107527299022
-1.15728012413976 0.444239634867192
-0.131660519620045 0.891614136733642
-0.306719845639764 0.554207834228607
-0.0662287874974058 0.195129543338838
-1.48660271236098 -0.277162120305621
0.670283423667957 0.584327967484213
-0.753623054917936 0.000269624071127794
0.782868803445888 0.119050424604907
-1.5004620906902 -0.273028332983839
0.360314200146323 0.594945178096469
-0.614074805038935 0.911730240464878
2.34876335945621 1.06684129719919
3.02394787194135 0.543545790536329
-0.131442829683706 0.238718280950542
-0.86454533235847 0.0721292689175587
0.294477782414389 0.17929207976575
-1.27522249758551 -0.22416807188986
0.627403087139004 0.497260687264969
-0.714299220268701 0.236503381873019
-0.900355074622711 0.0882290856822988
-0.313238558693969 -0.140343381105923
-1.51475880805949 -0.143583111415571
-1.51766046450572 0.012064743379983
0.886588196445271 0.880085134077778
-1.53897599894283 -0.215777507657733
-0.25861917827571 0.386120115595662
0.868670411720218 0.29265873089916
0.778783483201247 1.0857664003204
0.331345522277313 0.668021186434044
1.63375991528875 0.932415053125775
0.725518670716771 1.04078875354123
-0.302120459885299 0.314078998595435
1.21846715083627 0.569753484678541
-0.430944828486018 0.0742731542959968
-0.755468877499414 0.0863655246409895
0.0876000828027835 0.349034413238805
0.36970513540211 0.706104831128949
0.297292893141747 0.255717402062702
2.06449955429079 0.585820307349181
1.67253436265238 0.782301652858706
-1.19116090725993 -0.0551171580231691
-1.02346182123515 0.0153736717116786
-1.28358133455574 -0.00182226363270978
2.91927208668416 0.801371820931645
-1.58302215536177 -0.166909570457657
1.83264840644857 0.856185185649638
-1.45735872137257 -0.0263883967194454
1.49497875857952 0.764678607691995
-0.517063384064837 0.0600636788455254
-0.693198070930459 0.140503982382753
0.368951541503323 0.239048699389035
1.31663291165433 0.413375274013409
-0.884076350442119 0.236817779138064
1.00137042598658 0.382640729787377
-2.15468925609802 -0.401930366982191
-2.00183520045443 -0.34921926207948
0.973908540691393 0.325860244945417
0.0773156053333171 0.628082112683803
-0.297445734861391 0.279102360874796
1.16171873097447 0.730505713698726
0.111787957444855 0.364190238289769
0.433900623206088 0.69092340579169
0.085804822029366 0.211860057182774
-1.9210007647583 -0.380692769262789
1.3853454372449 0.542736280595474
-0.00461176318910242 0.496343078727351
0.735774585679612 0.777924260808189
0.480568000655224 0.739720149480311
0.377353619128484 0.862389561333327
-0.405394198333679 0.374647512907976
-0.308497082494991 0.454326801087775
0.179353501049952 0.689911629548644
1.37252170191088 0.890266116461868
0.474979434036958 1.10012268373145
0.617762817342539 0.58692649426869
0.629918886135108 0.971455316675277
0.871310305776042 0.38296428305544
3.12286438192376 0.978670617031563
-3.16591679165406 -0.598609180355831
-0.535143442642484 0.073289492714352
-0.355540710426312 0.710158262146156
-0.657770275738257 0.0907002534172657
-0.253830742476704 0.554640048290841
0.518878349244789 0.280423597733133
1.24406315448066 1.33559622431829
1.01091403742798 0.934350906371409
-0.787913088006126 0.0518442802175421
1.31392405564601 0.999983290438924
1.17723864226518 0.0137964034894714
0.160633760876339 0.650169734035505
1.78484278668892 0.774896512565872
0.0441976119436895 0.713816560626019
0.164987512701098 0.0535446870768159
2.12279817629202 1.33422864191834
3.11127376872823 0.729402101717399
0.736838700288148 0.800789685768957
1.35482320619619 0.592103322518944
0.349058673754762 0.70101329669255
2.2353753944028 1.0784564756313
0.151635954593151 0.763410673468792
1.03550186107178 0.223248572091026
0.659678352482129 0.508362481601648
-1.08041578366468 0.0671122359009777
-1.25368117685417 -0.0283744992992658
-0.348887031348906 0.541413001350478
-2.57144588155245 -0.487795814588849
0.874033988583457 0.699552546712078
0.580692205906387 -0.126287343986227
0.669997449328517 -0.119938531230809
0.797363755472591 1.03323525608583
0.49169775365777 -0.0378998936169145
0.756522332276429 0.622035609137735
-0.120836831577762 0.260909877994072
1.26212862279803 0.231059997040605
0.87196383322309 0.537534389972267
-3.75340468594478 -0.712427922357134
0.888670803901556 0.770803554913925
0.846367437304625 1.4873510335238
-1.45494936548456 -0.216278096691382
-0.352497592563935 0.180226467579643
3.12845164462517 0.65883459096497
1.96189448627902 0.87020593057804
-1.02722496550979 0.472207336761959
-0.898115952881647 -0.0623292630460555
-0.790450150883626 0.0500356710168857
-1.58524295540279 -0.277772710108587
-0.555863495477399 0.266858888927222
0.4883759703207 0.843204856277855
-2.02953990135228 -0.427216489408272
1.30004356610664 0.375307928253138
-0.564305577181678 0.108560161742878
0.0667341065437125 0.556729257494167
-0.656324920336887 0.315239882800734
-1.21119212655067 -0.0451272293825091
0.613907654114168 0.332605424302831
0.341615745791802 0.207814751351798
-0.446996395218619 0.613948184136023
-0.301847092425396 0.852756842914902
1.30636151271268 0.831681071991895
0.509358226948363 0.284424325422433
0.726400160784875 0.262691167978428
-1.20292280905301 -0.0591777122616586
-0.701206315670316 0.032905245331624
-0.0655556588262249 0.92193142469269
-1.58449490667077 -0.189276403791443
-1.26588915224142 0.0702927276233434
2.24727747581919 0.125490808468122
-1.77317656532138 -0.249232730086278
-0.574459554883698 0.566898683448004
2.0567362619201 0.625700108128382
-0.538822469022514 -0.162424792896674
-2.50765770537058 -0.481931565660519
0.255362240153901 0.231653939561953
-0.00194804520216589 0.0279109060405979
1.04498365290835 0.803903725718932
-0.532464831179791 0.282071231161242
0.373232171709671 1.1792218170177
-2.9406731726773 -0.581464767812981
-0.874819546870607 0.55095555752896
-0.285976975132567 0.7632749647089
1.52151198544706 1.00639414502544
-0.483708881802715 0.445951137667091
0.00136529250411067 0.498088925543565
0.28187061610683 0.812179382710086
0.848212096639302 0.351810587117922
1.69114839468859 0.493838792878107
0.115371864476372 -0.0913475178031579
1.30803510643904 0.55631968977009
1.64204979020839 0.462304852047464
0.179191919559592 0.467207551169754
1.12468842905085 0.128256173570683
-0.166733796432043 0.0958297123311643
-1.84036637188186 -0.322162067649998
1.28310045456267 0.41680078285815
-0.256607168873314 0.300339098430009
-0.876944064991865 0.445005864584612
-1.21549304150514 -0.0452708218562298
-0.0906482776501916 0.809696360532324
-0.131007239217869 -0.0108122067265299
2.33356289593396 0.375420808619117
0.552931146536972 0.21469702257052
0.240814330186933 0.79913683389391
2.02987075513021 1.67812178250819
0.938033155159535 0.50944495068835
-1.38471773073859 -0.116411677971738
2.10144843454355 0.206829648473697
-1.01717810189788 -0.0178180162541999
-0.808871148264359 0.607896888484345
1.98594542093705 0.61063599129425
0.504577106969042 1.4028901561998
-1.0833353485825 0.121551280535213
-0.27006348400737 -0.0951424812957651
0.477029976068919 0.928837654900968
-1.02012779698827 0.117536345605659
-0.247343364556967 0.341068302189007
0.0769359221779092 0.382263288086665
-1.40330820394142 -0.269100148130304
1.40342670217326 0.267444669059558
0.800975844339958 -0.0638732516479574
1.52221830131325 0.91611409547318
-0.340023255376238 0.306889158141768
-0.921066642466536 0.280120265737278
-0.564745919743918 0.386102632684745
-0.537268916022604 0.401180091484168
1.38394255194171 0.853284800175256
-0.465345562335871 0.246986189995878
-0.975040293124215 0.218406855875446
-0.0771614856787372 0.978877149644344
1.1519101962558 0.116629799338961
-2.11318048376235 -0.450796329909563
-0.203540673753141 0.291506600012016
-1.12526753384196 0.0755604064067415
0.545029763180515 0.786531711322813
0.607746925310142 0.695595085941551
-3.34552788641483 -0.652598149477187
-0.886328565653172 0.163813892836066
1.50275205814165 0.802629775813815
0.423165491514968 0.303945039006044
-0.119822405147828 0.297843951354141
-0.936581078823053 -0.137150534320907
0.26868418097148 0.857555031425886
1.04162530330037 0.952272660105227
3.20954761937217 0.740805327377759
-0.0587440263979274 0.625049640188457
-2.21707297510208 -0.341069648378551
-0.590194597452809 0.560464104747313
1.13048236640264 0.796915554931918
0.400139055818551 0.87261605735038
-0.34112640158134 0.422654465537076
-0.919913729842517 0.442841006787261
0.233438760304611 0.083618286918376
-0.0541985039311701 0.586938975744258
-1.04573535693265 0.0980079627123622
0.0741413828129828 0.0634211581990466
-0.627716598122315 0.174090373791619
-1.23699466556291 0.0333262237189434
-0.777405375195333 0.281415630310351
-1.45293167015733 -0.297595956562642
-1.3671097020473 -0.208274779538955
1.432570739771 0.519155435381776
0.543238420562113 0.811780859391388
1.51213315139153 1.07581630678639
0.825027268347837 0.937029556252899
-1.13519914405155 -0.183085508733188
0.236323250633659 0.526132441287923
1.69369873920411 0.246437519028935
0.416896623669468 0.636004972598672
0.827882136648188 0.62172163933025
0.65212401186659 0.61059528441914
-0.999157538844536 0.198166591820569
2.39596725040379 0.787755478358891
-0.135014968936121 0.663200382212059
1.33742160866392 0.868349088021804
1.50557194631356 0.362432649785422
-0.542119969458888 0.506377371603955
-0.801265980756264 -0.333930013726538
-0.763441836185255 0.334385345817769
-0.863736559112656 0.115889973127262
-1.19911879538664 -0.0729206071542074
-0.275133775572412 0.874144581502244
-0.457235427565552 0.372664805284345
-0.343855732200715 0.509873013282775
-0.147536596073642 0.370027082887514
0.0820490815485326 0.0841906352475133
2.33860738727281 1.13082526406079
-0.192139563977266 0.191527325238595
-0.49685698077059 0.370418018870813
-0.696870296330851 0.321510470898926
-1.93613686434299 -0.304239590300735
-1.9008697344793 -0.384172204019075
-0.225795041888308 0.203910695950626
-1.39523248129775 0.0298538626069619
0.548490436838324 0.435861146512517
-2.23898542177831 -0.475358129884613
0.511455547436662 0.513754247595455
0.485227372499926 0.297936073493288
0.595166690587049 0.516721883602892
0.59267841611089 0.389814219668734
-2.11521984578244 -0.453232276952317
-1.26012234239528 -0.180559291847539
-0.0901097362840386 -0.0854760426041311
0.539504868044161 1.25261435751406
-1.85382523733167 -0.261628532956705
0.237372910589445 -0.152534894387718
1.06763323195649 0.702232453452224
-1.60393986097854 -0.143116902003409
-0.489987019564326 -0.110288681677979
2.01821920245267 1.29971027091483
-1.28849082245916 -0.240518506346093
2.00581639691671 1.04969434375766
0.0277037761337908 0.3187493811084
-0.568329173181742 -0.118300712454688
-0.392376394716847 0.841775497998196
0.097652186882294 0.395628024541462
0.596058874663453 0.433658756792206
-0.330926161911021 0.581670616911138
-0.038433740138803 0.562865647742947
0.825076512943598 0.350770825103218
-1.19429265267292 0.219707242976112
0.70752613045536 0.384335335992668
2.28236676600923 0.49910948952516
1.83351686751505 0.523884325015746
-0.392617916381562 0.570450366754701
-1.32558427792693 -0.164442809348416
0.453103987226844 0.850267446057105
-0.0559498472861492 0.321225293823195
1.36470280807459 0.0185392913537984
0.853037207733434 1.26541605751029
1.53733030306017 0.797696114991375
1.20208615248981 0.869321398944337
0.771847694789885 0.656970511534951
1.43817015301315 0.604856474877628
0.544644602991707 0.780913018498526
2.00837609064814 0.893158255148669
-3.08993633898028 -0.615377488041263
-2.25250085641333 -0.344334088935313
0.108711650319528 1.05611143256068
0.207190413719815 0.297295820998828
-1.23571549581846 0.0860293549312299
-0.430584670102775 0.209201840236587
-0.423768748246746 0.449331737838978
-0.608195514714852 0.364207071381669
2.77350784198856 1.00578575765278
-1.34905663822152 -0.239975505779062
-0.13060469471525 0.301499540270358
-1.44654386357136 -0.257531791898478
-0.753930163847763 0.517700253958557
1.58696319265277 0.443384692314405
0.497469716866695 0.673799336144737
-0.117097710259384 0.326857606613865
0.0727529623244984 0.495403578739732
0.4340021483279 0.685810117693298
-0.729431597341999 0.35897717502524
0.121515320153537 0.409276510865881
-0.852732450288581 -0.0469954712094707
-1.01072922712156 0.192168454092909
1.62375299777974 0.152362116446322
1.25510094156575 0.81464931166799
-0.194902586674327 0.650490976855407
1.50430238984668 1.05950420681673
-0.0589666583096581 -0.235103770028707
2.45459141549068 0.387432076567925
1.2540765366391 0.756460800233686
0.113806838920502 0.87297455117416
0.234375147625499 0.18420534130986
-0.640948245199072 -0.118234863063894
0.549817327113181 0.589279957154478
0.828203387236049 0.445762873565564
0.000403401024378575 0.443838886611986
0.159956703683286 0.131154769574243
-0.648544959641135 0.19947455555765
1.08388974613672 0.813189504660239
1.7054185284479 0.496316562355819
0.36716652557004 0.720677987822916
-0.145154744039359 1.1003705882614
1.31967786158365 0.469608688669892
-1.10004139628757 0.0608067920471217
0.595258358707434 0.0345800096753963
-0.431093070877805 0.438295059930995
1.46048333802251 0.16500098834636
2.20869080626575 0.909084363561333
2.89634783353835 1.23973477054369
1.26148484120156 0.659406781551617
-1.47551662406619 -0.210173548100171
0.636629349663743 0.770025911816996
-1.41631008769406 -0.277713903079578
-0.129590380312711 0.596092269401188
-1.51314271372731 -0.485934842814783
-0.86289831817785 0.397367857541256
0.263002401143339 0.899876888184364
-0.896555581214937 0.172095844150499
0.493356692403592 0.662105857925125
-0.964240335297158 -0.0783797752076603
-1.41192089638358 0.0641468345468724
-0.64211609529161 0.197806304070855
-0.223256035126119 0.286417422200154
0.571409327078202 0.520452907505606
2.21682376127174 0.847378882998356
-1.07370318695436 0.197933042711211
-1.19735957384247 -0.154966083288025
0.520193228581261 0.781130082452845
1.33571345459348 0.383413563148412
-0.25912548885742 0.746130008031922
-0.284641616696853 0.0695131521909594
0.172372879878371 0.650207562007054
-0.574933369616779 0.0740795033097399
0.926719560716136 0.915480196785549
0.62523690331193 0.998639090671443
-1.5862077677635 -0.361700966343814
0.996226046090442 1.02548628992181
-1.31531078540407 -0.403499790550598
-1.88002172319678 -0.326563932480102
0.197495440166111 0.862840355656151
0.763264108313013 0.522096097358759
0.809118242708874 0.347343494993783
-1.49797240771101 -0.293765595265191
-2.18556099991466 -0.438028030560637
1.69332087989972 0.644458483047261
1.6515468645986 0.519850155261524
0.858356443342084 0.720958811510426
-0.890104088342097 -0.0640485740792263
-0.47477069404265 0.558540198922217
1.17796583863647 0.208789820372155
-2.85358621807781 -0.551846593191615
0.0973247397846736 0.88167674236558
-1.06754727812525 0.0547159163915246
1.50316886196372 0.488971112126788
-1.21959533621652 0.0876607556284514
0.405822754051931 0.869236984441481
0.10694458509476 0.511402289792567
2.50590421157901 0.17509082820932
-2.07291044156882 -0.244849702823925
1.01313338993277 0.918641975913622
-0.101395354324289 0.593699961389814
0.958004886615549 0.770398836382088
-1.2957341149724 -0.280488220659212
-0.0493154244155784 0.271892834836369
-1.25242527239751 -0.182286264271219
-1.28235666660811 -0.0840756689151274
-0.357766592358311 0.22885379489764
1.17046032370903 0.911439617008438
2.57279877541001 0.960060223925107
0.40515454717141 0.798063249500438
-0.856774072082946 0.290720390889395
-0.155664609251192 1.1972512760412
-1.80268754223666 -0.31375050766016
0.0747803531200295 0.528031647994958
1.49095342591935 0.517991768794982
1.00486144952408 0.500232200231574
0.294562669741104 0.367562524176726
3.79978033403312 0.424409385885617
-2.37830107593806 -0.454337783676782
0.283115147783933 0.94562392435457
-0.466576342599421 0.311277737780439
0.360355174180957 0.700487940176465
1.85176990024371 1.23802292400458
-0.518313359723141 0.171702444036373
0.801056283482443 1.0059466035205
0.787339389374495 1.04953020120133
0.900150517659358 0.953313033459774
0.620668030700693 0.302451674231927
-0.797503321683861 0.0760683897130509
0.55931484627381 0.815794936449772
-0.427801632672804 0.609609569313092
2.06154531552152 0.564798494663597
0.100072174542357 0.394278286849498
-1.22480567650214 -0.0112836913302464
0.358719474539977 0.581841942709971
0.96493958611859 0.35585599839124
-0.844817470183683 0.0589074684930865
1.18833669350841 0.46754078809205
-2.14699708109998 -0.491391193602713
1.23180551945013 0.617915148833643
0.560196548150194 0.700884217956195
-1.25744235611582 0.0552082832914355
-0.598881383803852 0.566588180481429
-0.729544314786392 0.269170627641465
2.48948226581191 1.62946464842124
-1.9759748942317 -0.383404622977269
-3.05152432514067 -0.659591080491756
-0.523758199653782 0.182491963892297
1.09019008454933 0.488319676237763
1.12752704517242 1.06662549565575
0.424980499863836 0.485872055859351
1.92394883583486 0.621473404168461
0.173597608856681 0.591518624030671
2.81413091008389 0.738662428912647
-0.729613498291982 0.00797516125843273
1.05758112206258 0.849585482606563
1.46552172013794 0.331221842671399
2.640853303505 0.144361175716863
0.332065138563891 0.455821542928035
1.44974158062663 0.487538775239059
-0.794136297436802 0.212962520280345
-0.383445779848991 0.330964828413766
-1.94072781014641 -0.223457091932215
-1.86207285591849 -0.438912039590588
-0.856820881035422 0.204384067525099
-0.286187597266329 0.208162047767176
2.48311877425273 1.5032559757556
-1.24108485957368 -0.333886600066172
-1.73111485444016 -0.0951012753866555
1.29128777296563 0.747418573461509
3.12697972573748 0.506778481291252
-1.11913315393903 -0.222028309793628
0.344758396806822 0.453292470687663
0.509677749306231 0.859603606563256
0.264377816628343 0.4680977358842
1.06940279669481 0.413201085966743
-0.00531054697940022 0.252339401049218
-2.40147081924335 -0.550987859893299
1.58064752861153 1.23087333480686
-1.87478512043832 -0.400126314667909
2.21393971238462 1.24550705977084
0.38735724273676 0.843363787637391
-0.244248465664537 0.38031103652711
-0.890417058483898 0.281308034937465
1.29119249282657 -0.150743949972288
-0.434520500081829 0.275482285425912
0.703314613132713 0.279392225625671
-0.117183205237865 0.62695187147184
-0.110794568016753 0.572182499019559
-1.22159773503985 -0.175407305216408
0.489653272915356 0.481947804062764
-0.301611453594536 0.593062366400974
-0.73657949618468 0.0874816472015564
0.971027171524032 0.24766085411455
0.491497061173863 0.56163570255548
0.282136706751091 0.113179774773127
0.2562189816717 0.336360281580138
2.29524920452556 0.107781753846033
-0.25873994777866 0.492384459000524
0.499555689362662 0.592577709505868
0.929078292143161 0.171142375151167
0.324148911223234 0.266793407428642
-0.655670326575126 0.191579106303582
1.4406757858685 0.73240246034643
0.656005720209394 1.40669566198382
-1.32508856657505 0.259954985916446
-0.0510150532233479 0.000537998544726359
-0.310121416203021 0.514904143812462
3.0994086220344 0.757439246063837
-1.34672115756927 0.0298879822493028
0.204066683545364 0.352244044775075
1.85549364443423 1.24656308037805
0.668888703101932 0.358579241440627
0.665673299641098 0.29693927637709
0.305955286509356 0.970063414497435
-0.97860715852092 -0.0346639929460981
0.658368746717389 0.451711583952257
-0.131434273915143 0.297591905348609
1.2903622498018 0.978553480440094
-1.14916124698665 0.341666853296955
-0.360395710809726 0.520346287430086
0.125117101585543 0.722088276879837
-0.270239134672768 0.679528903801094
0.892594327566753 -0.00213414881290486
1.57077366213564 0.671103778665251
1.10377063110492 0.465417351334098
0.693401776589688 0.719029849909079
1.85830053085254 1.54401838420766
2.63985535926425 1.00419791142826
-0.254655433124529 -0.209860730751383
-1.07776064765326 -0.17501547098261
0.888080555491521 0.792831242220312
2.55226399108116 0.533805846927883
2.37100203197634 1.03246566631832
0.0768673341050245 0.107698606397405
-0.936927494094894 0.186670192442373
-0.68277564966901 0.249694585673989
-1.09937788233949 0.0779088255439501
-1.21185875588547 -0.00188130082833544
2.49434441131488 0.0147596323703613
-0.115984920312979 0.425335733719246
-1.02638033234389 -0.075521963590982
-1.94673444851555 -0.490185250625782
0.053089268266156 0.788454371415201
-1.53616240261835 -0.122939301512139
0.216735913343243 0.6837837240499
0.655273968685546 0.831097427256159
-0.6403885707774 0.361462047931761
0.828991464221575 0.238879243113122
1.23150419561978 -0.0893362387514678
-0.703984086982871 0.477322526215186
-1.033788044893 -0.465671869350839
0.0345198835322602 0.729989705579429
-0.51931109078652 0.0427884280326563
0.3560198378519 1.03487868130656
0.675403125109103 0.728871309847955
0.785865246592847 1.21411323099294
-1.44473534997601 0.109200712576518
1.7788363080866 0.686346061651148
-0.439127882354869 0.151996125240368
0.413550989080304 0.636839804643283
3.49505155253206 0.92505825038328
-0.109982962687625 -0.138395667618862
-0.50828222439718 0.387888346480423
-0.360593790515076 0.705339408940918
0.54207747854761 0.998717526459598
0.548891670285125 0.297589061357129
0.927962251734682 0.742362145810122
-0.894555200813743 -0.00276105537533222
0.504687199596474 0.620399332838178
0.961628194739744 1.12489738851378
-0.370321817398016 0.172165502308955
0.66263740963452 0.0358637230410347
-1.16289218759722 -0.259943756814297
1.32216822105703 1.27108491583434
-0.235568351039925 0.694595201686589
-2.22719765043433 -0.513569828091551
-2.21388100833557 -0.48784756187239
-1.06571784494068 -0.0527005636741408
0.349019751147803 1.2053668302588
-0.819940244014469 0.526418945346461
-1.96788038445132 -0.261972013490866
0.408912644621306 0.400020013649661
-2.81660126765073 -0.599320760995392
-2.1864470516568 -0.343349887664011
-0.608299717910008 0.120884204238953
-1.13292697674552 0.143551895533878
-0.880571713687782 -0.183962361306907
1.20736207391889 0.566493177556533
-0.289681968312408 0.555536647389523
-2.58526395194119 -0.458644123555219
0.460890857791703 0.70782125774383
0.0246683099394809 0.257970807673207
-0.605181019854185 0.262598837900001
0.451723869285099 0.888383247320734
-0.63608488376752 -0.328613568891216
-1.6506595594356 -0.297825898802549
-0.503987590660673 0.536698720882647
1.03780989336397 0.407356921323432
-0.356029977144145 0.310029545817195
-1.22610746755276 -0.21792580311125
2.0546856170502 1.14427059754338
0.770006241235106 0.886560566945133
0.120686576817386 0.399696689196298
-0.114326385382523 0.367791593488053
-1.53145110447037 -0.0723454937454212
-0.005753867145915 0.771187554165371
-0.750564126636212 -0.0784959780822626
-1.31916499908303 0.16292467490419
0.256098905581955 0.639826439761206
0.158983942135776 0.771734324593693
-0.964975177775977 0.081871651908986
-0.191846704777592 0.56033828360109
-1.70760887797775 -0.442593518610744
1.24011178174039 0.636995388068045
-0.183040734503297 0.0640206204577998
-0.769650567241178 0.403822889449453
-0.943980886583642 0.00842240303658223
1.89301496415188 1.12612243187021
0.513641158079612 1.18614222333188
0.0255111342489976 0.0565331325397031
0.427925464937172 0.57348423513797
2.39475890948716 0.938049627131732
-1.1335095704033 0.153802418254515
-0.465815514802428 0.321384293662487
0.393556934642662 0.956091248119936
-1.26580140933315 -0.0541311162411011
1.32573700305909 0.752393829134508
0.130951076321875 0.645834075461374
-1.65965543757391 -0.338444495250681
-0.0789179286139993 0.0699819728553885
1.28157236585147 0.440678149531958
-0.561808553185562 -0.0782034126933249
0.732088042987207 0.988365507537426
0.343653899577423 0.568740932444052
1.22575741428716 0.498526755462443
-0.573007191321062 0.709099520516208
1.32010883781423 0.911617176664678
0.0713341524182085 0.502081946149667
2.54696194672273 0.627895640343297
0.780277919085691 0.459550474467923
-0.0454078710187773 0.00490459120298126
0.573711992550952 0.64028648807647
-0.275781824387886 0.22650326701145
0.649333098009558 0.188031825716576
-0.1173858492362 0.152986086901191
0.707890953477158 0.578614204171357
1.59732602040407 0.605339570833227
0.535817087181098 0.830113174227912
-0.478154366649394 0.459611913209852
-1.89277933775287 -0.449472400480923
2.61198629049639 0.439182097724222
-0.856397888976934 0.0470574758586015
1.43269300895789 0.656208053041488
-2.02364863326686 -0.344705889608356
0.523173486136849 1.2470699250005
-0.909965786492653 0.185013926722262
1.8764812948336 0.477069956032629
0.419300516145556 0.195060958803401
-2.01537028861079 -0.346782241614461
-1.15564784374744 0.0268430745600583
-0.50266195250639 0.335142627817213
0.278547235618555 0.421441506450968
-1.25272935508313 -0.0245426937240692
1.98648882227087 0.592638806597103
0.527795435256325 0.621520003839888
-0.106719601535233 0.434623716979309
-0.487897165661141 -0.200456198892678
0.0352172930713779 0.487704571518714
-0.624840718553254 0.523566431711614
-2.0369757911912 -0.398067185405662
-0.178260811454011 0.848937126391563
-0.695906425747001 0.310006808379134
-0.0845124310877785 0.271331713804353
1.38010287794344 0.408935116361715
-2.49426809608107 -0.548254843695691
0.10092578722973 -0.17419208284458
0.192469733047624 0.345607276921502
-0.908756025840377 -0.145708662419089
1.49681127670887 0.935362141243483
0.421870219362638 1.04837031291676
1.30466052715058 0.901611109557383
-1.34425158141898 -0.219954254171756
0.464799757389515 0.213631536641983
1.59519917651053 0.925467678107895
-0.0489621909881998 0.487778302231559
1.20036072450923 0.824018574978989
0.293862189728339 0.375855685787454
2.44609418054381 0.809636125327558
-2.48607657079631 -0.46608012031196
0.210344429078008 0.309740506063772
-1.47840222685378 0.00887740213109234
2.49648027016889 1.21616762665114
-0.531940758389926 0.540018291256139
-0.859096050495939 0.332928026029202
-2.30111731986837 -0.441819369771233
-1.24049669021332 0.0912788141980014
-2.94247628075688 -0.604488982271902
1.19994562029678 0.120480125058363
1.29059450680383 0.813381472586055
-0.00585241174009394 0.817095649813799
1.06089914074843 0.292124529583408
-1.52387327497006 -0.233163571881651
1.31472083172711 0.443691240072281
0.977063371724764 0.292831787874021
0.390274010698144 0.377757810856635
-0.503874767209753 0.226045086640097
0.411772890111179 0.793117789961065
-0.988638984119566 -0.321033505262654
0.622424846206288 0.56231470873467
1.19367839913352 0.823368846150364
-1.75738904861258 -0.273954543381583
-1.13759301079434 -0.07123288090475
0.799699564427076 0.587946890894737
2.27620629177697 0.972384268906952
-0.75116324981286 0.369483399263533
0.0690965015921116 -0.279899390350811
0.622514148327612 0.69945163562376
1.22994729426554 0.457564730483212
-0.618093762851967 0.442587507696383
0.0451767416324951 0.563844882921279
-0.860077357581572 0.0362328837026364
0.949640879260296 0.417576753586322
0.209893512037649 0.219880121459651
-0.378191427696071 0.423748914314535
0.223198178946226 0.422787912612469
-0.301279456030974 0.196472663049809
-1.51100541557022 -0.26139229642117
0.692125874734557 0.0833210636339428
0.564254045639158 0.797107613909523
0.227720278885623 0.527031451686455
1.40469222425993 0.57328863915403
0.988465207595232 0.448202998582027
-2.34656570037547 -0.465741364907772
0.242760047492578 0.490957412483318
-1.86411575076758 -0.375746981061289
-0.77998870266985 0.307925410825217
-0.727345324925054 -0.0140908780782336
0.495022868925335 -0.122737818416888
-1.22905971826912 -0.11899962685
0.987565537361712 0.665507611300589
0.52703639037393 1.07476994414223
0.3481479956972 0.379068121387109
1.66978430266752 0.88781561342568
1.4669711024694 0.706446809782357
0.72671979145584 0.739695250481285
1.58919421009241 1.28647229490756
-2.04695544815266 -0.412306466185817
0.0383485430215309 0.488393792880923
-0.498192311998133 0.286614703755797
-1.27338555003876 -0.112196312039057
-0.15739018237906 0.0824733804068403
-1.42536501749737 -0.474071875053905
0.321193785635169 0.362906022045026
-1.56817955568295 -0.15359290733067
0.219791368507996 0.6953243311964
-0.323393769169996 0.466172655892647
-0.231424923582143 0.0538719743616716
-0.863850920738987 0.831910963835029
-0.0985978788459452 0.270899198277852
-1.53502973993797 0.163975091236908
1.09919433810545 0.681357066820057
-2.66129384835945 -0.50933880896993
2.05365792985034 0.4347024851131
-0.146947292533022 0.673639268254742
-0.0148605727540864 0.170753942618638
-0.302846987956843 0.179012554434633
-0.200268891727359 0.514146066839229
-0.462208060273213 0.149057084512367
0.792400685581417 0.543534188465016
-0.563082362075389 0.137040041844248
0.665594409769943 0.446257201502166
0.659567720379893 1.24674173194803
1.59750958976593 0.392632025979934
0.699846830907593 0.7299863452523
1.09213756985605 0.241247987164694
-0.316308046563328 0.664287424546701
-0.76804545554815 0.117973593440657
-0.209079023166598 0.0953094153872943
0.383379165933134 1.1785550989512
0.378708854700091 0.378756975303934
-0.434976322088873 0.217788647124578
-0.685330880819781 0.391386556449331
-0.134005630839373 0.24857743515193
0.924254532881881 1.10593683495036
-1.51303502999302 -0.148673370530304
0.0916039845735026 0.771365126373227
-0.648083445333925 -0.185251373174386
0.959595780859654 0.491644382139006
-0.622288807589874 0.207198464564475
2.03917043039221 0.582668181800086
-0.113219820798749 0.235777344768264
