-1.48712889117669 1.28333961239854
1.0694479758407 -0.0567640085365405
1.16028525835466 -0.0501734931932782
-1.91404031847294 1.87951481703393
1.93516604250977 -0.474886010416316
0.334324244170161 0.272232228826427
-0.626123820958774 0.88114286110963
1.8899392272051 -0.657138992097603
-0.865004918587951 1.12862363510298
-0.223205764035698 0.397183898384651
-0.841256136090181 0.687936480268963
-0.239051133661591 -0.309124263386893
0.667337259198525 0.740906629377019
0.305464938359523 0.16041819425221
-0.680361309168933 1.12611421500264
-0.0362377475286677 0.447190852328575
-1.83642147118411 1.56784606035533
-0.0619411107353447 0.909777963626303
1.16888012290756 -0.192443277721272
1.31322379685132 -0.168686071461323
0.879107903764737 0.168088587190952
1.38616062584593 -0.255368520387374
-1.45676665822611 0.696185099315756
0.943017642017845 0.196629998447894
1.42846929713387 -0.436569424992583
1.92415952690191 -0.581427397890153
-0.32761225081624 0.877293033796348
0.218158143698727 1.00391561628459
-0.0170574948297751 0.606494801937224
-1.95102952877245 0.569242901630697
-0.364620388992582 1.57775480898942
-2.08816471490756 0.143635584531939
-0.364906473921855 0.853380796026211
-0.740261527099297 1.04154911409484
1.54243359836401 -0.635400867679953
0.241514896712855 0.705493909648494
1.92856015014452 -0.519167974929038
-1.39265358011682 0.857748875649725
1.37235688414143 -0.255758271600654
0.980459293420615 0.0966726677188886
-0.416481639324732 1.24468299470158
-0.524619164621549 0.542020726353812
0.560358053385628 0.125878196296278
-0.754880925268101 0.321688829024989
-1.40823901419124 0.889549158751193
-0.0618944216286675 0.241759053710143
0.844675694700728 0.297179822666963
-1.30023576268095 1.03950780358448
-0.599458404598468 0.669400824852037
2.96074386544078 -0.807384535342037
-1.82197385564192 0.888736599447418
0.532550348134975 -0.483945109658451
2.39473798529532 -0.871760227349074
-0.239093077447133 0.436676324975551
-1.51324202217471 0.319798089305919
-0.153450884591568 0.393566902626797
3.75108230703708 -0.913350080587032
-0.45409821388221 0.523312794144498
-1.29314462186998 0.855075707169241
1.36688368521385 -0.210386349974631
1.64064141194384 -0.340343838099875
0.0347624808879968 0.426123825706507
-0.634623068612268 0.263665204041373
-1.26290436861204 0.124447028006113
-1.16883059218824 0.788929440266699
1.76454664827387 -0.500947882387997
0.445280190328904 -0.10868183807527
-1.72741048029199 1.65126069071115
2.63012214996645 -0.774874432454563
-1.01211307704181 0.149204968032987
1.86655432881124 -0.635560082364624
-1.27224298977345 0.744824105858187
0.288425542026703 1.09894366632047
-1.35918629563292 0.316921953053615
0.259455991406696 0.549230686203628
-0.517519768049924 0.24478257753584
0.765229578997009 0.31557836678229
-0.87107757197488 1.15474839153884
-0.69674112880017 0.907211163255207
2.65527006766123 -0.74441984355975
1.55795884531521 -0.4936396636898
-0.368521963911617 0.630643940637833
-1.84035302615643 1.2330951054581
0.0507161868441758 0.243078369438245
0.378863193235145 0.63634881576107
-1.15613646375215 1.87295556759364
-0.137395850993786 0.601914648809383
-2.28640425762252 0.718095665301117
0.537747466969763 0.935797964621967
0.757715112696397 -0.00896620983740376
1.72503619059765 -0.528963675433842
-1.39053601798225 1.08461417774538
-1.56076901260628 0.427710214800582
0.873087671457814 -0.36335240415268
0.128661293753106 0.201164742071224
-1.29355992370491 0.550853077957036
-0.111721253683636 0.821810677245522
0.175436952724499 0.81242909882573
1.85722193495103 -0.485918064793503
-1.86477440774885 0.535619476068099
-0.0830242245396176 0.749491698318864
-0.416226502852344 0.418982971707099
0.264991457717256 0.331526033281802
-0.884130730993344 0.30677913216142
1.52655924516409 -0.632998024394701
2.22958416817455 -0.659690371896848
-0.00709678051884815 0.82325250612423
-0.305363690058479 0.482651005060244
1.13283638919105 -0.242948026253729
-0.80616964091339 0.483482873412804
-0.380521950157635 -0.45957002099588
-1.41627304432346 1.28844688799428
-0.429661714559259 1.25375177956605
-0.377756166320458 0.0935047214562934
0.17072407253834 -0.223927170723792
-0.174065005062924 0.15814089514175
0.725125830939758 0.422516724854182
-2.35984423255043 1.28021122851116
0.360065349267434 0.864081640161296
0.989741645437322 -0.0247292717855305
0.389130639510362 -0.203381208063445
0.602963838306937 0.296999198783602
-2.39598606168571 1.77990471650228
0.602957197496982 0.327778438976679
0.510073868294341 -0.413515706186985
-0.436809703465269 1.24111836949911
0.15410755338018 0.525565498192959
4.17806120861869 -0.941704605494184
1.37224721862614 -0.365113037291316
1.78433860430909 -0.66897422254602
-1.20856628591375 0.299404897763454
0.513834377761032 -0.143687090492992
-0.215439260649918 0.883801200554184
-0.500703253624736 0.993833135402756
-2.77618828161132 0.207221039420362
-0.021032341383615 0.285057695034122
-0.0560369738217236 0.672219000963086
-1.3361917754055 1.41168107948749
-1.4149268295124 1.14521157602259
0.0905206568632271 1.03480499684162
-1.06565413211366 1.31321241847243
0.320171141928084 0.205027357747977
-1.17642802771414 1.01925034486829
2.57559921032914 -0.685222609143355
-0.937225640326491 0.279723277728368
0.289437207713827 0.182296930054624
-2.34037432311151 0.977669198824493
0.0124105103663578 1.25351564756736
-0.926354207271846 0.616098924354312
0.786541791713435 0.403626979226456
0.702711945750165 0.360323900105021
1.10574267777244 -0.167466810928908
-0.455478044837932 0.389087726639202
-2.26931421678013 0.182854834842148
-0.922591469074406 0.306619644181943
0.307996159475923 0.582982101336406
0.329997278678547 0.652776113677862
1.48746812054775 -0.241057293708498
-0.370161829117009 0.589682320243577
-0.657720253595248 0.951781101656414
-0.608126968308105 0.508734397344414
-0.197418385888482 0.581493415963897
-0.172583116447036 1.1315924126622
0.233226789471107 0.450612103572556
-1.32634261373551 0.755662150468132
-1.60068004208953 2.13718730553084
0.419156270725415 0.614417615454994
-0.340420988291044 0.219859403987068
-1.57652957290559 0.551280902829741
1.54500625053665 -0.374139406814494
-1.1788648995589 0.994666545510485
0.948422677678695 0.00448305962159879
-0.907458331389104 0.18296847397932
-1.12338871870601 0.753572700741049
-2.60196391034234 1.52511421045761
0.793784615602532 0.0373480114162126
-0.67609023828539 0.196494455045147
0.2156849879001 0.728022863587305
-0.510582275264486 0.755104020929178
-0.480854176166708 0.737583278271736
0.388210728272098 0.278364617094539
-1.38860007543667 0.521574693714554
-0.748418680151393 0.890149300789395
-2.34645181387613 1.26845922044717
-0.98596432563589 1.27080648902189
1.79288498539421 -0.611325647866362
-0.33787470604664 0.833980498867949
-1.09088690093949 0.711960116228536
-0.306215365131919 1.42368394793923
2.33376032880718 -0.715481511479804
-0.947774024712672 1.46075346776588
1.87443739130746 -0.555921763906319
-0.664648970914127 0.975324235875901
-0.587122174063013 0.641282826482949
1.11932433003529 -0.280145993004918
1.37124744121082 -0.212891602773405
-0.333436069323751 0.47186418037247
0.389834903831666 0.379754508417616
-0.77239868808512 1.11133338695783
1.1269765744556 0.0297191053878562
1.04857296859264 -0.408221152419496
-1.79474459626837 0.954279441890165
0.542654726837871 0.849868638576875
-2.3228637274314 2.00572085538192
-0.921720310188824 0.278502667924793
-0.708830391230181 0.671418782807216
0.437986832577643 0.849958890199663
1.17070135734361 -0.303345450046555
0.979555699717093 -0.248226272135882
-1.45203203258759 0.69337752392177
-0.162336106881458 0.987187395085101
-0.485640858957447 0.610230535254103
3.46868779860871 -0.868146553488515
0.0119049657831816 1.01233211071843
3.13209205345553 -0.813620740275052
0.0391335823906358 0.572334305829558
-1.79246434490452 0.396421707230868
0.337040595422771 0.567241822172246
-1.30408833621944 0.91620224299937
-1.59253475883379 1.54352590423027
1.02385241790383 -0.318542800236229
1.34907026532356 -0.0973548736427282
1.27520596065108 -0.421669771688548
1.47969531916595 -0.245670675373325
0.586298851116627 0.977042186182861
-0.927931474118738 1.63167305222635
0.162315256923076 0.823162078696368
-0.370680698207676 0.0495431711180615
0.0948100553355572 0.511348706773169
-0.539384765866674 0.420425345002583
-0.707815931105828 0.512915405344325
1.16785215297769 -0.210549496475022
-2.51701007828625 1.27793182344356
-0.389867443997979 0.379393253527253
0.446700855663151 0.831310847317166
-0.52634575655708 1.23614163662858
0.0813676089997808 0.542234898074082
-1.77476541598095 1.08664040972258
0.815451073244213 0.752117796299048
-0.0361347300915172 0.526200696029357
-1.25941838011908 0.973264110907361
1.01046736958463 0.2734466794429
-1.32907372767004 1.1068034649555
-2.4105481054246 0.211779279404448
2.93904710313134 -0.813782930406223
-0.661515569038843 0.325691092055944
1.36856362401075 -0.403744094113026
-0.276126295129924 0.715518115916112
-0.0694982478490462 0.667030765657028
0.897615679457839 0.300923234465159
-0.640380962945173 -0.0460243125591153
0.492403206603355 0.270634901434998
-0.518393311982912 1.09954259158961
0.0958872168435481 0.5694550799906
-0.982537741958857 0.846547792810133
0.300946892835945 0.593922688288685
0.0987009865803359 0.950687954726891
1.21601841558098 -0.279648117495961
0.81366972241985 0.350855342654839
-0.199586430064411 0.47780980750949
-1.21118931021808 1.02631746487904
0.622059469694486 0.511131551198701
-0.398417165995497 0.220772319577212
0.449781959978032 0.299180677260556
-1.75180926811637 0.859948156252568
-0.547644284113107 0.918117553863005
-1.9904959598446 1.54906591266089
1.19582010650922 -0.329902092216668
0.507601209742947 0.481948726670384
0.733437671004183 -0.0535291242804162
-0.754597929241734 0.931490397435366
0.778475031869826 -0.225186010949247
0.652234360541026 0.462887179633877
-0.0555344450615591 1.26904957102415
1.71947860220234 -0.530062354602093
1.80295122958642 -0.710004161227606
-0.187314889672688 0.87143019857036
-0.296607823752974 1.57323281213485
0.786359418388207 0.0607627294260695
0.0107486933655983 0.596851784091045
1.65952020833195 -0.614822061995841
-0.824690276449178 0.634638690079874
-0.146411648121546 0.376076852061914
-1.10458212764499 0.658995306888535
0.321418219902024 0.23987321534215
0.344101489052419 0.711796816289439
-0.0290987803691747 1.48866550003303
0.548620859858217 0.645289564760102
0.677926964858055 0.108754162161254
0.0802373989576465 -0.1622184370624
1.17139282430869 -0.299588462984192
-1.9271834176874 1.21892876901854
-0.380282217417626 0.0110319161757498
-0.285666764051358 1.24165139894835
0.623387045628982 0.0310831971554064
-0.664602815987538 0.983767537630785
1.48672883064151 -0.677832581486592
-0.962612877040423 1.22547737615714
0.626713077173411 0.33650483897506
0.765246760735576 0.0337640766652613
0.146865420675111 0.933106968942601
-0.424935305195493 0.979290497619647
0.0810597609671884 1.03900190981419
1.9435441526135 -0.637631995864795
0.598487423217948 0.325915203691612
0.55060787515204 0.477705189181254
0.151572468641063 0.559024065932929
3.25580162725806 -0.825690295359159
-0.74064571868763 1.04859490936654
1.19452607542231 -0.381611646044826
-0.893731438487906 0.980961173334415
-0.856428584187884 0.708067154924298
-0.41342673502458 0.153579008772785
-1.45420056751166 0.250108479418914
-1.23241360536305 1.50282528653384
0.943379979213038 0.391606228836973
-0.278959137490544 1.25927788048653
-1.08123364422915 0.222406157207652
-1.42571125647756 0.49399983889596
0.199439404043712 0.827768930839685
-0.607626033696946 1.31709971479587
0.0215038888624856 0.508289657930573
-0.745615768602024 0.520330523100464
0.351385628277303 0.559445277216304
-2.35956517912043 0.653401157541228
2.2592410222383 -0.642176918590288
0.495383768560514 0.148562028150173
-2.24103447455254 1.62760588311246
1.0282840462459 0.0336451565746939
0.0868916096561527 0.793992165534429
-1.38015971033432 1.22539503166411
0.10651288367915 0.72533875428109
1.04113045822462 -0.416807913789349
-0.437177731486657 1.18162134364215
1.15323641560584 -0.360265621519735
0.515936201060902 1.36019426762277
0.406278812970721 0.506759604173686
-1.98118742972383 0.424471692420662
-0.0956909558616612 -0.35757391778633
0.113518193127635 0.310382757422886
-2.58838818218486 1.42841611886374
-0.778111738474333 1.17960433200479
-1.81453728019173 0.610570250904024
0.968202184214592 0.116203676950091
0.423264496314505 -0.337917979875281
1.62159737455309 -0.536599884560154
-1.3027497537235 1.09862290418117
1.85304050468608 -0.45383173870309
1.31010115773613 -0.356082742271048
1.66363205122123 -0.356907021922134
-1.07830058675328 0.769642931893211
0.448714757200128 0.341608040637125
1.17954568543608 -0.0912391254463485
-1.03022628089656 1.09007479443586
-2.42636960365506 0.963369495850186
-0.0151291393137107 1.70393891549329
-1.40731535789864 1.08814518131214
-1.4025670018642 0.790431827234764
-0.676863503886697 0.981702702113868
1.99551659757667 -0.695073941408896
1.23036249365477 -0.410689500290063
1.11538795019753 -0.0186688058307367
2.95172574375172 -0.78137820697509
1.21667848009165 -0.057388063524845
0.164208169145085 0.240543127276929
2.73939861612568 -0.818454689318263
0.366539234256995 0.344092916155887
-2.50803778352416 1.67990858587089
0.70367797854791 -0.0519595911112068
-0.954893440124822 0.691336712188172
2.13073782447986 -0.607823212016111
0.94152968645216 0.0158406180867677
-0.570424363751339 0.673884208452577
0.777132995271582 -0.390001390425227
-1.5618659975384 1.31876236466415
0.495299167313471 0.46159471711226
-0.385004445020735 0.801614320296991
-0.836192615541327 0.868688622549257
1.46856462228199 -0.363941697141864
-0.838638049372052 1.08142321108989
0.423684232653579 0.55842042478422
2.24416220083252 -0.664155949586474
0.371894857280108 1.00631385270182
1.3826709327816 -0.298691978098139
0.159944757246817 0.838906882168045
-1.38257294906888 0.743749146726966
0.0418317250415338 0.792296636878505
1.41406231801809 -0.382351927270359
0.732373274900729 0.0552035192120644
-1.36825386694131 1.15135632221462
-0.240823977159199 0.971097288651128
-0.953013598001835 0.0849790772046756
1.65240108742573 -0.412814162567948
0.558700013282104 0.207753692034483
2.35991109260426 -0.734136393361971
-1.75651916138759 1.16567809905485
0.0775479426387098 0.567330527806046
-0.715887868315101 0.625296592266575
-1.1682877605965 0.247813424308049
-1.56222976518764 0.802224788093516
-0.53495782337222 0.0300314954853172
0.206549013124853 0.683619349609594
1.46928611575682 -0.283385124830407
-1.54763637746598 1.41071796844301
-1.22476469728476 0.723137752929662
0.177218386021683 1.06516913443769
2.73572450671617 -0.821494353039945
1.45058287460311 -0.101655357449604
1.26938048166324 -0.356940759913181
1.03787079807609 -0.103027400884359
0.610577814191237 0.665587904805117
-1.28859308494856 0.658283346809306
0.0726571755748525 0.352370355689021
0.0665480938340034 0.345749027857045
1.12464072745377 -0.401850931109463
-1.57066488687669 1.11498035886889
0.592833699207415 0.380175121042611
-0.150934855414294 1.17812890367491
0.980542336487774 0.436158367914698
2.03998195089282 -0.638561364219018
-0.667760257665586 -0.487039566674015
2.0492627409206 -0.516023093345272
-2.6030658149123 0.879272609830515
0.0297191135309353 0.868120318678609
1.57878741240021 -0.495792850774582
1.52711890809574 -0.715286207653549
4.13627926397983 -0.939569030669203
0.559169338847233 -0.125275877549982
-0.600831980689328 0.702445634952174
-1.89622854882095 0.736974463842634
0.0230418734511487 0.828953049449471
-0.368218929637973 0.56992137525942
0.324764005686871 0.266772056511866
1.55798072835047 -0.274029572916653
-0.802502886853867 0.503297161738277
0.551548619499347 0.546867967259122
-0.430537566851298 0.956102201470479
0.775379617235346 -0.101367501160405
0.354759623908978 0.640452559720059
0.570436146309398 -0.00798152760629284
-0.930459498968714 0.973795533863101
-1.11021557130039 0.925673677284488
-0.871608642744492 0.0851506370246708
0.676713750276789 0.115020007470603
-0.425769761135825 0.760978695930993
1.06200236796441 -0.231911082072692
-1.13465876395602 1.52871817961907
-0.661915072165909 0.571005038925562
-0.228917431370779 1.13800590499914
0.500008790692618 0.652992108915224
1.18238956432902 -0.241745913141403
-1.08251896627832 1.29977442502395
-0.728469612907612 0.44376791671216
-0.365662859341516 1.02721005329177
-1.41812069449852 0.91504814204036
-0.351804336074602 0.710354275804357
1.09092999157192 -0.151341706173717
-1.54104251009401 0.387330681472442
-1.12732589622105 1.21033815091331
-0.850080793107885 1.18812468794779
-0.699773439640548 0.995437847095886
-0.804643687258718 1.04761138488295
-0.612947305730404 0.911983393849218
0.934614235868322 -0.354117617176395
-1.82146942315754 1.59540582047838
1.42864382478377 -0.397616358606376
-0.0300067079332881 1.03719218061
0.185518885063401 0.24698747651512
0.221106112319709 0.487321581365021
0.588355228934118 -0.0629101544376752
-0.433007001004836 0.68419262130562
0.337101672835088 0.193099635599633
-1.74028398771033 1.36556133649855
0.862357899934835 0.187428035531361
0.0415670104269214 0.722898892965652
-0.548190845889437 0.28863121084598
0.559669684222339 0.352419869338006
0.532186284782919 0.421066057607382
-0.0311357272746376 1.51779643188295
0.63674830996293 0.404069950167332
-0.989924619774152 1.00320906079995
-2.91194993564594 0.682269505298289
2.14097711846466 -0.622809297239085
2.35457876405199 -0.76600649790837
-1.22291580684289 1.03391118288519
-0.504285112436835 0.890352111274196
-0.936820740840837 0.833598486645399
-0.489790362022188 0.855608562765964
0.86963453244059 0.156069233427893
0.114820853260187 0.912899359094482
1.66056270229181 -0.479280226201932
0.866354898244629 0.147470091354709
1.4846688977708 -0.31967380182743
1.18263722787259 -0.219220506058464
0.485020145934555 0.521422153695562
0.62640739026817 0.457318032883793
0.293629817021579 0.503955477012981
1.01151865272419 -0.0150638261767763
0.849676080885348 0.227100423774984
-1.08201452367522 0.519444979368933
-2.18960273780585 0.503714429105442
-0.9549356035229 0.679818112616945
1.28411489057036 -0.0976842570441132
-2.24592179670881 0.223332143513676
-0.783358056811103 1.54756960280581
0.276509944334316 0.197562893767872
1.71705139684286 -0.646132691057923
-0.558131506435428 0.681235071834282
0.111440250190181 0.0799417279694874
-0.703517412921075 0.692458140766593
1.53291411395946 -0.214836004086132
-0.126842279727844 1.12484993630563
1.92830505020576 -0.554162139590387
-0.180995394940749 1.13776028596039
-0.417464820423787 1.27891107697502
-0.0061746121740389 0.717922095245098
1.69367724956195 -0.481346679242708
-1.17880080129124 1.15904391723419
0.878252625706387 -0.0603773957922168
-0.315251991227849 0.319528957164716
-2.64981257802821 1.28977909436817
-1.54831304841854 1.0825039870538
0.147859860210739 0.570088822845044
-0.583307179459065 0.839404497115093
0.135802861288382 1.2796694734684
-1.05935272451663 1.34716314566277
-0.64263889016184 0.197567894626078
-0.167279371074897 0.284284504454999
-0.762210377598328 0.999057372210155
-0.179094713869649 0.449732259882415
-0.693861875322189 0.666616233233765
1.07578388865662 0.0200485652137418
-0.814584996729129 0.695609739247904
-2.05089598622774 0.675226462360248
-0.196999164091728 0.399242860030584
-0.950171617100131 0.824915504750782
-0.167169919647133 0.816126803945322
-0.4689643390702 1.5643638782035
-0.339294337042238 0.208542741913119
2.67791664813434 -0.791676532954259
0.256019191486551 0.394649178773569
-0.349423611252983 0.881672947669766
1.48578365026508 -0.269581962219813
-0.0777783612285949 0.250531670220137
-1.75222213135993 1.06704573386512
-0.00623333538004518 0.556407945253369
-0.464705331407727 0.437338650312827
0.639282127748088 -0.187726832363626
-1.0467804184621 0.567034335654839
-0.763212567913269 0.322453436802733
-1.00242674728652 1.06277078206732
0.317886631227073 0.562713999103278
0.4261207761082 0.239927410913844
-0.928164872987403 0.968170466662835
0.690809988604191 0.0333034742574605
-0.309084052418559 0.623052450448187
-0.504854618864865 0.783892346186801
-0.547410170757916 0.686989044338604
-0.123357995247488 0.786888025451434
-1.6582007192108 1.1429875390796
0.063878416597976 0.491313533569741
-0.573141133533035 1.27553835507758
-0.80280439780291 0.541022241352909
0.40165166454641 0.123930374892348
0.00204112795158009 0.871284088819645
2.70992112226765 -0.740449537226358
-1.0804589387645 0.960450105536733
0.694695056608167 0.00718742018659935
-0.631238395704942 0.462363726029081
0.299098890424116 0.603014883747195
-0.236249662298369 0.176916657494339
1.27671402161594 -0.214290872541894
-0.708216231998318 0.854408294242015
-1.22831545974471 -0.320684974303292
-1.91476209538652 1.06635710964496
0.453592605413657 0.255383934294824
0.707807412685255 -0.0798802447756998
1.51430684260109 -0.499113915067567
0.0287532618422533 -0.0219325571833218
-2.00647526043775 0.807496638606238
-1.82421689020548 0.951935946217621
-0.887529193159449 0.258703321931024
-1.93247522297014 1.00377655655904
-1.19430353808915 1.01000170434969
1.96839764499068 -0.540309571654383
1.01126107887473 0.134767198980552
0.255857597436419 0.585214311086321
0.765258331593798 -0.300018445116838
1.40920229305658 -0.468809675647616
1.11808978073236 -0.174670725951006
2.60279379731933 -0.707926722769902
0.21381159592883 0.357766626050432
-1.13739799240982 0.593582222318426
-0.501964694759601 0.44684106639871
-0.717273950412627 0.412446121136813
1.43203438935354 -0.25215410200946
-1.05232090769553 0.176994596395086
-0.566921288309636 0.424170822242622
-1.62195720438838 0.833727861155848
-0.693381363060358 0.951178200696126
-0.954270901633566 1.24132786248152
0.143506378932098 0.776333447235617
-0.0525241018569221 0.255287829403227
-0.1012084455494 0.755550255030849
-1.01868108942161 2.11019688962559
1.88753926129743 -0.535916725387783
3.53933520673303 -0.879658382853387
-0.0297699363113128 0.133609268166698
-1.10743164241353 0.886701348751846
-0.967244806682453 1.11110184177041
1.47975809748055 -0.573511016916136
-0.443426412494281 1.15986510596643
0.370490205428589 0.0543693814944564
0.399035547128622 -0.120282633736766
-0.278460847906904 1.11823479375029
-0.318938228663487 1.11080152928008
1.5210461715996 -0.338048904779261
2.27311117332037 -0.64606740299395
-0.771152220018616 0.438723348981893
1.06391330811398 0.176286622254052
0.614107604119461 0.0464050133915299
0.383661562898016 0.875367921384904
-1.42918839001009 1.30894833646158
1.93747963886134 -0.698151025699291
-0.181485758385983 0.948705336176834
-0.945483581689529 0.912847147940956
-0.352583602359766 1.05543445897204
-0.102962371376646 0.659323748874978
-1.81048868138728 1.07203643652127
-0.627274478782105 0.630372179301506
0.178420278723404 0.736091244160912
0.54836701853178 0.636008972101652
-1.79613438604905 1.0227383421489
0.229612859226667 0.210313156813025
0.170370685996244 0.556324756311584
0.825550302320129 0.23258378717536
1.54918316220818 -0.572383121219948
0.391147758581231 0.403531868528739
-1.01566416459386 0.784258723174883
-1.67532242629858 1.3945267104507
-1.26817874166846 0.471717628891442
-0.543763082297241 0.621655994788921
-0.950106643450406 -0.00629686005349361
2.60316112004061 -0.729423078980058
0.927309427952551 -0.181543757203988
-0.686495598090608 1.14934986399825
-1.64273518119768 1.62130238923492
-0.693632301257283 0.798704993591632
-0.834331627278641 0.528490818552089
1.67910235902396 -0.754959829528469
1.73496378449123 -0.674522387122216
1.96116073293736 -0.672209382221047
0.054929762512174 0.938455252971951
-0.0613564918648572 0.459542626132551
0.0128325164917264 0.170788701222501
-0.0833388989159279 0.933475412532667
2.9000326238145 -0.766632802808202
-1.86190457757834 1.26195097286276
0.849210735081293 0.1601471908273
-1.01128206198949 1.56467878826459
-0.428344320898492 0.737745292332169
-2.18007685842515 0.711112896206355
-0.784562909434762 0.317700330154683
2.01248867103101 -0.57602099970447
0.210415182134898 0.256704522607824
1.4420669557949 -0.266841886416737
-1.03908487996304 0.885530723130371
-0.913769431350737 1.37171614123646
-2.66743400688135 1.87202983953959
1.68413996315388 -0.453982654597782
-1.89399116495599 1.33722773444543
-0.750936001737736 1.34617151263767
-1.23495824744882 0.621664050147839
1.36549314728565 -0.585860264480257
0.770890041035444 0.672847377458281
1.68477753570851 -0.5071720104988
-0.316110068164174 -0.25297291570749
0.840052309052538 0.298805491316695
0.693074623097549 0.358671264488024
1.66746270751925 -0.444876619758399
-1.87303750721995 0.576243133205733
-0.412359159077456 0.35011832236337
-0.506630866194908 1.55524283886393
-0.137935864758468 1.85934856096282
-0.226615975254588 0.62571459452136
1.48024123299844 -0.581052677346067
0.199479649181906 0.365363112093701
1.1409390058414 -0.130737394296299
-0.306671897536635 0.115729389665858
-0.26069350648122 0.949541445880143
-0.719560314002683 0.908084574726308
1.86661140527215 -0.6323493855372
1.37881157794856 -0.351860239978269
1.48907939890584 -0.416367091059038
0.271661149510461 0.960740117395696
-1.40810923200427 0.509278374530951
-1.01747371271727 0.24591366084965
-0.988783130325384 0.526455418603502
-2.01776049593963 1.13282730899567
0.302131462475653 0.553318806283584
-0.147005578530139 0.54167157824536
0.692528672965946 -0.0657595357476538
1.34517551243474 -0.311126062066863
0.540568659802784 0.694840105945451
0.233936953189473 0.785543646668567
-0.894382700137457 0.8272969810047
-0.859562791583578 0.694401072182921
-0.503050196714132 1.3438897160241
-0.935053571656781 1.91901746560569
1.67510927352354 -0.47859434095685
0.721767783324805 0.414830779568443
0.369974814687581 0.218892897697382
-0.584725875245362 0.048871780818902
3.31338528653262 -0.879635732661587
-0.915594532179362 -0.0688636532355088
-0.633851748631879 0.95415413987556
0.328513269569624 0.658785125937425
-1.18510010268904 1.73765319201739
-0.596556323728074 1.01976157003019
-0.14723227953759 1.12379256845145
1.21409442209081 -0.0478886938448681
0.251315756786882 0.788428526954597
-0.52802758979317 1.10773020289316
-0.613974681520941 0.385906392550761
-1.3346479883322 1.27943171567322
1.70598208681924 -0.480150399741685
-1.01719601505142 0.0699601139854718
-1.26460712425937 1.20249640694604
-0.729357770232658 0.511881476659336
-0.11693038986694 0.134469840449075
-0.393258561846101 -0.305079545602375
0.439203669556735 0.499799784465859
-0.954175931409683 0.800212780197761
2.67675953638189 -0.749123808877564
1.38179987055742 0.0224263958358549
-0.0755588156393835 0.353835035817753
-0.188010057963883 0.442362170305593
-1.88788135686028 0.377972781173972
1.7859571553955 -0.463233322839377
-4.12013539578518 1.20763277768339
2.0530354155419 -0.598838165919353
-0.848176770574076 0.7861924745903
-0.219509604838726 0.823485528710546
1.38404160914032 -0.240790644523636
-0.957525367355106 0.700272848517746
-1.93908125161842 0.705706488715624
-0.0839616231353748 1.06035820779944
-1.81670706611664 0.651524993746889
0.3297463406924 0.106915638319267
1.14216087131262 -0.165041684360015
-1.77656361394482 1.26474797308605
1.10500484223489 -0.0478884411836151
0.0744808315065294 0.817893870177798
0.868968817838722 -0.222222855020354
0.00386662615760797 0.568585666683141
0.447842264581557 0.438082213768729
0.108225690853013 0.505506777622326
-0.537686581974818 1.38967386106286
1.52825867693301 -0.453943819034488
0.422781133281865 0.881724566871207
-0.70617625470426 0.416407410310229
-2.148615003975 0.729120041497736
-1.41030222504235 1.15131258094069
-1.21809897589169 -0.333072725297746
-0.0366463897882153 0.806219926133595
0.117837418632557 0.406182910863986
-0.940449973521283 1.02561060964907
-0.560381593201255 0.112866089465254
-0.10069897906362 0.246892078089291
-0.0532670101144256 1.09075927521294
-0.726715601183022 1.31779523703513
0.997076725472093 0.193177906645326
1.78055854211009 -0.483543530241309
0.953493510529289 -0.118126097994386
-0.349104868655276 1.8039701041386
-0.246197525513647 1.11607684134331
-1.31041849589015 0.545617172524934
0.279216608325725 0.413180027278377
0.763505712265756 0.0523460599440082
0.201310886804185 0.820236286095112
-0.292712462785683 0.273200424011848
1.43544066165118 -0.0932653510127849
-1.91026384765173 1.11936137859436
-0.649894014272331 0.570702598098394
1.04573267548456 0.172905941486077
1.84151025355328 -0.456802194244968
-1.65711093336648 1.31147039483112
-1.8424985257712 0.758419875308835
0.0815039360844202 0.656079577911449
0.214449913709217 0.363473685442697
2.84549498843958 -0.761948128637098
-0.524293801155564 0.552141825466867
-0.873769616308499 1.12473562156017
0.127274343813514 0.853042878698866
-0.520089917274425 1.18293729445504
-0.717160134040382 0.337657991566813
-0.941504099517622 0.762597864467787
-0.852198210750185 1.13155692686075
0.453396363083405 0.201212960440204
-0.436323222570807 0.639478262990054
-0.25044501506894 0.5072232069152
-1.10394032098273 1.63909031534493
-0.601436931396174 0.0711036206142031
0.550578278591774 0.185567927478614
-0.0642885263846851 -0.0121324466667706
-0.325975566308373 0.661434763301596
0.249007436728812 0.551547962996108
-1.13217858212516 1.01772849087284
-0.665782243596495 0.72548631888572
0.606480572701878 0.455340551274149
1.88317839654249 -0.519851699275357
0.0114640955669868 0.453032824556646
-0.480911571704878 0.93038874625094
-0.398275417454683 0.55566711373056
-1.03624900947635 0.641833646130979
-1.63996224777712 0.197208424027404
-1.04535853433634 0.472599578119753
-2.61901018337808 1.30693671154426
1.67211896507299 -0.53085616804158
0.303515961532895 0.688664268110513
1.08140515244101 0.274599593146869
0.32819227335579 0.954193526148331
-0.230498071504236 0.647452234300243
-0.61283786697368 1.54840358740682
1.09933200941121 -0.150153807466565
0.817319270529043 0.417505789317681
-0.930208838020389 0.983267839831784
-0.198642875118905 0.690341976628412
-1.59430355376217 0.330837115949625
-1.25215831158131 0.168798413622846
-0.0607610959977655 0.391610711340229
3.40522694638174 -0.848060519679108
0.804328293146552 0.255769964823666
-1.66162503513121 1.03428390386832
1.85978165074055 -0.564555353288057
0.0141288921237456 0.0308081547651735
-2.0161618563721 0.875477653119884
0.186216573148247 0.924153867074765
-0.733340340170061 0.411690499592826
-1.71238544056304 0.463568062262446
-2.03944811593068 0.549615869416016
-0.439272829229626 0.190150827129516
2.01869609832599 -0.705621032390218
1.35009121545179 -0.107371213061504
0.92333560966791 0.424664262944914
0.13735781620623 0.273729091641925
-0.343733408431106 0.0340288482882416
1.34463846413567 -0.755156317267043
-0.821905348228298 0.984987557303434
-1.18436724195419 0.638725463992576
-0.760401049853926 1.03363927787238
0.365824718656938 -0.0248450176401597
1.31938901529781 -0.195457061066296
0.255245280514148 -0.220325216885592
0.167266364193128 0.425685787512776
-2.66136860532901 1.40910409433711
0.558711576331435 0.375787116585092
0.837357111343808 0.0213451177825334
1.06665147132503 -0.183571980499083
0.190916670320236 0.371961376521552
2.09887933206391 -0.634792604143556
1.76472175586285 -0.85116612075852
0.705250324559644 0.599108740033009
-0.320757556087066 1.1882613966248
-0.704840128771309 0.909283597091933
0.543140972887297 0.146278760591029
0.864595553720218 0.0048116102601036
-1.07952946234191 0.791499407558233
-0.779857370188333 1.14050985312801
-0.367514638929668 1.14591063891529
0.114049450270839 0.235898433944492
-0.696010877883678 0.65310987629219
-1.48675242520025 1.05124229002944
1.59545544326396 -0.402662054363727
0.549334694096791 0.58816789995534
1.84919753494351 -0.402552852319397
-0.168791733584864 -0.0345771287085203
2.47455396796367 -0.776671458817275
-0.713721133038075 1.62506210692086
-0.264794835889556 1.00296787849923
0.66689385328369 0.287813987753207
-0.354568067070958 0.532754160268289
0.424324855173746 0.257528068369263
-0.197423466668136 1.0456121720583
-0.298578917464845 0.303371100429348
1.02971331099323 -0.160450113421582
0.614851641705029 0.376261678155767
1.29087057320813 -0.346281038802938
0.959838975439949 0.208905263300238
-0.0779286995976197 0.750551844473256
-0.574477706593148 0.883811141930064
1.04375898573806 -0.113782315943287
0.00863619189045701 0.674084700289825
-0.689155015226125 0.761782999557145
2.04918319178135 -0.606414166551638
0.923650703632788 -0.129187227785325
-0.0130941620637428 0.84753059971025
-0.730488125285386 0.648837293157404
-0.0386255523679609 0.629516942045583
0.810188567644172 0.337919561679288
1.40270945312144 -0.308148966061582
-0.00526675351120616 0.855383938600426
0.620197931502643 0.19641933864859
2.59476664150091 -0.773188011647155
-0.329128308242934 1.29933713614553
0.428536791258763 0.56742760571758
1.06027870339985 -0.326914434569304
-1.53645585965829 1.86178373803225
1.34405421052349 -0.31832794089533
0.836346538227695 0.378630150930169
0.236947553016965 0.25266899414896
1.14071400892889 -0.456689923760039
1.15291655047198 -0.392481527613206
2.50893634155518 -0.738266767275547
0.167800772101701 0.294376709948944
1.4736026506661 -0.541001529321563
-1.4643961206071 0.98879322713512
0.628827543022984 0.367089412666558
0.0470402882591211 0.835291730757293
-0.899518571509388 0.513243439816737
0.936050926919246 -0.252747594168187
-2.7973565732964 0.632685330491567
1.21638691840757 0.0246573713115353
1.25655695998316 -0.376459947058936
-0.485862156762695 1.18802173543134
-0.939070615893804 1.11589174050713
1.45842557104479 -0.417310800812652
0.28882387617568 0.359608076500918
0.513397165781463 0.565784955302285
-0.277743833007662 0.758307050723039
0.513291628943339 0.202165810375506
-1.73603729346495 0.405686624304005
1.90049952215017 -0.430663228965285
-0.292204053846206 0.576842654057913
-0.0478626505058757 0.6016320340636
1.38872393852552 -0.570850921592362
2.5733481771997 -0.717181838438996
0.516035494239864 0.124286342671876
-1.82307165965889 0.712555491854351
-2.27079797525923 0.962717181887253
-0.111763630680824 0.987666115458114
-0.207558319550496 0.906173594435127
2.52560180958517 -0.788548227755753
-1.75248272243681 1.07474081344531
2.27362850746086 -0.704976900373245
0.627204387672092 0.231083523963978
-1.04885252745962 1.16995526013174
-0.0627551079007547 0.561003734683485
-1.7855982919883 0.526975548217074
-0.810857049686798 0.554906582571054
2.15804801090333 -0.623746939632062
1.26219412585083 -0.722090038448073
1.42284142831162 -0.489624244552939
0.444348313315138 0.95937069613045
1.02265593929914 -0.398633819181407
2.18085275199811 -0.530550307476942
-0.68221271834516 0.561643889230362
0.441890198344493 0.0915173012821029
0.448250023313569 0.247559373249261
1.26209473843436 -0.0755692469696111
1.60386442525367 -0.370462959805081
-1.25861156253148 0.682866797667975
-1.27835751094599 0.889414810116749
1.65385186618671 -0.61592710447404
-0.555627267212215 0.425060564394031
1.07658734151809 -0.266358920442335
-2.04143567874226 0.371761024074095
0.385075522167694 0.884783141911864
0.667310026464005 -0.43517860314393
1.73666638753107 -0.580532050753766
-1.17166637202902 1.23062109742158
-0.569731811770771 0.759482820598104
-0.0539868262333315 0.441296077660806
0.417063816236243 0.274655695849227
-0.676330175875462 1.07996683005064
-1.60251048863446 1.75838462494066
-0.572702763788763 0.592543093742641
1.74462066549958 -0.720352952312451
0.0812076832486423 0.63700644919621
0.749732142490148 -0.349258311132852
-0.29406363885631 0.660378911234713
-0.292566144549164 0.653157650065984
-0.808633574113036 1.40361790395358
-1.09693353765267 0.43768468576589
1.01929445659736 -0.303699906575241
0.16771516597567 0.522624173335789
-2.27961884681836 0.457281783412781
1.18824220713621 -0.0447601103877077
1.04156376012463 -0.0400856445731353
-1.09978489051189 0.756684088727566
0.274542794595779 0.388914518862897
1.49596928228784 -0.42076427001376
0.460295160569479 0.286632178800407
-0.283474527769389 0.150616066290301
0.993433956597472 0.102862076970312
0.538532708967789 0.287094056539892
-0.979890957430283 1.46096821437255
-0.232765145207998 0.636874389469292
0.251695269326064 -0.08010913717364
-0.157042262576935 0.997357447067322
-2.22685358239572 1.5376590849408
-1.87263971824815 0.695841217278691
-0.0207835022369914 0.145924936797605
-4.21181634547028 1.88119248846917
-0.0463974590276596 0.852481583259195
-1.70821397207231 0.516251856455138
0.431658889221915 0.0550399994003374
-1.52074580098864 2.40766306176151
-0.934716541413888 0.456724896330329
1.40754890190818 -0.342424875244658
-1.50566026968042 1.03706414394046
-0.097145596134474 0.248070792073542
0.517777611259685 -0.215722431124507
-0.348256280348492 1.58023599039333
0.764218925752606 0.239518427588559
0.601675192797819 0.323733061758178
-0.300419142546337 1.16144654178914
0.172969358217092 0.873801298415443
0.198888979811812 0.254417843983839
-2.81097598480121 0.631745099915333
-1.18238204476007 0.780790372067268
1.66428274456523 -0.597811441480015
-0.477305857982054 0.884991677836124
0.657761939237165 0.455884943138376
