-2.15946024424252 1.11585096373452
-0.557494868829985 1.48369327516707
-0.955654717700846 0.601407596315146
-0.404162084253505 0.780539962401549
-1.0309101387862 1.59987098491316
0.88031487175252 0.762875935119737
-1.74132230237873 0.381401531958396
-1.70103302401064 0.567340953783643
1.89287768462685 -0.54879550143916
0.464240244860352 0.554642134750087
2.43587099304739 -0.869668445840625
2.08537510513245 -0.538069464860328
-1.25420648969029 0.854502603270266
-0.65649915482556 0.827172411174735
-0.702967972230852 0.800225838203968
-0.0492065249668963 1.10834256366763
1.64596434214724 -0.379656427665549
-1.70060585841489 1.24645434806764
1.355430830133 0.244380362078329
1.46855801463878 -0.0563497198499684
0.53950778277868 0.229761780969534
-2.4765133883902 1.44765007399903
0.535722624242502 2.12645368890984
-0.546874539746573 2.00112105232709
1.69559476855617 -0.389886202459472
0.704099322031559 1.11491298471136
2.19412781828143 -0.702894080047512
1.03465426519082 0.257845908644353
-1.31435620568889 1.31559410958461
-0.127377125381376 0.385901291471785
-0.741341614573687 1.12202122105
-1.03540514921939 1.03541799738751
2.3493528458848 -0.840054088763512
1.82333763084511 -0.540501032864391
-0.874778818077645 2.03069277541013
0.437112243962335 1.11771468076007
-0.120588028588179 0.748709046395563
0.27785401369008 1.35313477771328
1.18043621487873 0.192027658223316
0.380068895169572 0.535087197313759
-1.93506295875688 0.844680030875555
-0.00661745921437712 1.27940620365895
1.10581012784779 -0.187923722565719
-0.317158960983938 1.30528587348031
0.671689307275599 0.387847649223533
1.78064903499532 -0.581618807754451
-0.165137973208507 0.952140806342162
-0.809803987608389 0.640298681278606
-0.544485487276785 0.658641963977845
-0.129030914912849 0.945306950207378
-1.1918240701133 1.38650703026403
-0.473748525310743 1.48095987319696
1.16825663777354 0.125211973725965
1.13790180566664 0.127116323255557
-1.78548181704509 0.425848091396348
0.943070086257073 1.21084657892073
0.158723690119845 1.64862027186618
-0.752989189690473 0.998074245268661
-0.321790273293984 1.5308436279533
1.50475940453765 -0.739443614928619
-3.07680392853249 1.01989272881619
-1.0800979531686 1.09154507917351
2.22298520444638 -0.832638265839111
1.43948106269353 -0.108285299001671
-0.387512433185723 0.654965874140583
1.55247106248847 -0.426103642229763
-2.95832808309957 0.184670402791135
-0.6047449885363 0.320114645207985
-1.45021461317073 0.791335173983518
-2.70418398396374 1.12310846259864
-1.17887765456322 0.421177837688734
-1.17022647795227 1.5136025948099
0.694837007543888 0.846241908406798
1.89578700519252 -0.469227124151936
0.244810892785512 1.33388967146672
-1.67255526840811 0.0185383378514257
-2.1064707185322 0.314215024957278
0.335911692777797 0.802234483023536
-0.806884351238158 1.18712531303338
0.857592949799759 0.815926365828377
0.108829328850479 1.08080407806414
-0.885955081660037 1.56985279169068
-0.393223292952527 0.922427072501339
-0.961691945249899 1.10770244043725
-0.842414570970876 2.1914547124863
2.77986936494136 -0.913409087142556
1.86064749376716 -0.7065373846365
-0.695976452541646 0.784979543171113
1.27652007832776 0.378634877703674
-0.0126940185439907 1.36074083574172
1.07482024452439 0.177441311524215
1.57149191384081 -0.67552668258198
-0.621004203001587 0.570852796996346
0.705860888811665 1.27586431222859
-0.685529710414425 1.31423941834654
1.33817851022983 -0.321723188568086
-0.827011869470229 1.57037665497662
0.618996697636762 0.0885245458318593
-0.699836658206616 1.62836762582364
0.6423060310864 0.856036942773568
-2.50090021514659 1.14706489845711
-0.552792933788576 0.482230203218087
-0.761503980192409 1.37073012775293
0.237980824157129 0.697160797886707
2.26570838644563 -0.790158538837268
-0.194265231410286 1.31965210277372
-0.442530721256868 1.22152700214198
-0.90504892183017 -0.133873450986869
-0.896135129162269 1.28708280318363
-0.183629604322013 0.73322095595094
1.0307962941851 0.542134169819771
0.221983199594562 1.15318343781853
-0.733185533670137 0.583762759707391
-1.31120566504123 1.0710282760823
-0.252197840911846 0.82699136099093
-0.697858940705382 0.958127975214956
-1.8899964868392 1.12474920220984
-0.873082181873936 1.5848120900952
-0.164219475691908 0.795732575452963
-0.0849550991530523 1.12309258338245
1.53595679390718 -0.422266681098905
0.284467135712562 2.33112332597373
0.100755943080191 1.80336382505977
0.258852566081143 0.795154015122648
-0.0917640700029048 0.221162118603273
-1.03872863067327 0.302776561815237
-1.10640640588334 1.48048485582361
-1.92413185550701 0.74091909764412
-0.946561925579775 1.01445507313086
0.378055398895138 0.775795529757221
0.791299922345343 0.595742762966889
0.813715496211735 0.876477636491338
1.9310523127399 -0.656947810159098
2.84932504843626 -0.838121458035732
0.365522494915464 0.211775183926817
0.628899761980865 0.714426509329399
-0.106083827030626 0.282414994314753
0.210679342596351 0.620194935153458
2.28848014591247 -0.781919174227369
0.236696502438757 0.378262641425072
-0.0285293381210629 0.27724559791068
0.124145289476931 0.642322731178768
-0.15519792865524 0.665041027997831
3.36475728112104 -0.936837645143178
0.15651688003513 1.15053819142194
-0.445033593905538 1.28642780405291
-0.87161735939056 -0.108544587772212
-0.971029633543104 0.693865844307224
-1.1402874090025 1.1438564160879
0.118061327303389 0.644599012729035
0.295842857592497 0.715511673750812
-0.63416709035749 1.13940712531098
0.279667905846332 0.880445715097375
-0.0561439646418053 0.934936022595058
0.0328086362866668 0.643184286462818
0.673487475111014 0.239536529677574
1.05354495300088 0.859576597897111
-0.330322198356719 0.801779375802999
-1.62276150299516 1.02635611425472
-0.911459120479583 1.17888036057728
-0.401720488634819 0.572329061961482
-0.868720238129227 1.29726638730595
2.03357963724158 -0.787690291033883
-1.51731151080417 0.643962070949453
-0.674590086769685 0.986082115831673
0.161137148529206 0.910818784201283
0.251483724872895 1.48139739126356
-0.502613824905773 1.28561571625966
-1.62766852729728 0.417131222763749
-1.36754622714392 0.54742018295599
0.192953122941024 1.03342806090459
1.19313751568209 1.23960084940535
1.5209703883031 -0.582236639103575
2.04226427412256 -0.79761121343821
0.337012656314432 0.510599787396179
0.0435446921797393 1.16467786032731
1.72430799260548 -0.633798915320948
1.07314871436764 0.287290523406852
-0.558213454292747 0.565965513966983
-1.17271020394656 0.816981338159608
-0.412093798785791 1.18928086748948
1.09116082083283 0.222666603604915
-0.407068137324905 1.17703439493288
1.99919226320135 -0.582527441005777
0.141827186342071 0.904848467700988
1.34847648722329 -0.106087828842996
-1.52229405672918 0.993621158145143
0.0840459025901612 0.348187030063903
0.606793520912534 0.938839714811407
-0.376296561244956 0.281478428604532
1.8751472135999 -0.60727945590045
-0.738951017757964 1.1566425366247
0.320167522376154 1.47708332819204
1.8373698683449 -0.696032805938222
0.818480677049315 0.531085310619574
-1.2697597570442 -0.186857346557522
1.36513631827417 0.0669607868557277
-0.20362820588164 0.434437845215818
-1.51301973881456 1.65942718201935
-0.946577488348165 0.638613293468576
0.782347268107095 0.892459030360122
1.95562149356681 -0.527827101519063
1.03172572434428 0.0564782825844004
1.00094192743419 0.440110041748281
-1.565518280691 0.610198192163129
-0.606664800936488 0.857536009496505
-0.298822122367654 -0.0965965440266171
0.856409827534979 1.28318658571317
-0.2928718983162 1.33072629891572
1.02921361315872 -0.190587737085086
1.24687586312339 0.208469886875669
-0.824005006044815 0.718190344131761
-0.00285770749980734 1.0036499137346
0.272473797947222 0.934600664084369
1.01507217064297 0.684976500446127
-0.67155965554113 0.751574292884354
-1.33056341199447 1.43671290954766
1.37160509750474 -0.187060783741683
0.37509497715653 0.830775110668905
0.185572274811567 1.04366868382429
0.956346096518137 0.499513789933383
0.5946467506737 1.38599724192424
0.90224553763172 0.757873675660683
-1.94641873900266 0.56673748618859
2.85082743924809 -0.867302037115682
-0.190298133458309 1.17172465520331
0.538224202260556 0.825821856338577
0.776151421276561 0.907416743046486
1.46029768622183 -0.586054435988254
1.34751775188299 -0.041818446820011
0.248477375478224 0.794718890449636
-0.908074777563 0.138297594499511
0.289817335528406 0.129331642237641
0.660147697519579 1.11274376064837
-1.3473662002778 0.728668747484437
0.993164820311965 0.084019168057123
1.3774026914367 0.195972132473793
1.27985887466465 0.348459396465192
-1.80359850796148 2.14131650229542
0.772840468309718 1.64259494047959
0.897992419620067 0.324977406867271
-1.25892306064395 0.38386024750833
-2.15776307918674 0.189565203992732
1.42441451714243 -0.202570543985763
-0.635046110309632 0.313590594497087
0.963181433771137 0.309737082664226
0.85891200729069 0.107982353112727
0.0863650492014561 0.449600610925688
0.25664659624835 0.0151557223880038
-0.753559423675955 0.823933164607319
1.2197316821693 0.48250466263447
0.0101535539161851 0.41268034406641
-0.344653538547226 0.226228692134838
2.28490812433006 -0.74503025118896
-1.18536181355714 0.87025727077838
-0.27166441202222 1.62128688370139
0.858753025491875 1.19194071269227
1.35575622949218 -0.0970498253654952
0.56961206998789 1.33431529420868
-0.771522238311448 1.29856626960043
-0.857484778501081 1.35360415653429
0.0375386031082897 0.221622041013532
-1.24197809268634 0.389088683272331
0.368613494986883 0.262823160662644
-1.45937884423671 0.829052708062972
-0.289495904361645 1.96115280390044
0.909429754067932 -0.146094187488257
-0.0385111640726913 1.066391372255
-1.85051554910729 0.930121380210866
1.99314648585201 -0.695406688837074
-0.920990601654269 0.636823346805912
0.628086235412543 1.2220803858719
-0.997877122448491 1.01164461595778
-1.07877884560076 0.993028955561427
-2.0450614673981 1.6924746994435
0.586641801756713 0.104020094092223
0.637879873310392 0.736239610023299
-0.460129163291877 0.967505132972495
1.67308599590775 -0.232659120234285
0.315509968944574 0.734171348226058
0.331424429284355 0.439387540048951
-0.190110326669122 0.604014045593483
0.594184032220104 0.911414452683453
1.31695671172881 -0.304366000360052
0.332501351692721 0.667281744109521
0.836561222873445 0.71274387184024
0.181615791414226 0.862489363090052
0.835547586171074 0.641737366454531
0.522939957435052 0.285137803398179
0.422472325766236 1.62351907612623
1.56954991282412 -0.133026348875888
-0.0903672407525909 1.00072236157139
-0.409066275138244 1.34076241817999
-1.69192558170225 1.44299394732956
-0.0642062457144453 -0.0135644951610503
-0.291549057311865 1.16339861754089
1.31245722523249 0.205961765719991
3.10010618155628 -0.905208765966073
-0.772582313850689 1.52650174495891
0.118132754978762 0.778381581025304
1.04299592495382 0.394177425227654
2.12233501727606 -0.702462075308093
-0.0144362100599964 1.13570513509747
-1.82016120953579 1.19664594220362
1.66427569145155 -0.636755940693639
-1.71570566838477 0.588271260956217
-1.05862021981079 0.459354151339348
1.26721971008062 0.419582836802525
0.342095304570018 1.06250877511854
1.01039830115082 0.796322938468762
-0.712127751441107 0.122887406250554
0.516903844687608 0.486741417472981
1.77809082279508 -0.736324922058738
-0.994263705175161 2.26047896204349
1.13746984060894 0.108808635806805
-0.966494025112803 1.10319451295644
-1.0710794461629 0.951557042248579
1.63622624459189 -0.426088702592272
-0.424176854588922 1.25177431211177
-2.78040406352009 0.628299254885181
1.120837497458 0.154915610550993
1.69114224998214 -0.491577448210025
1.54836823456663 -0.515358236308482
0.343024179094797 0.986188861719506
-2.92245493066057 1.5282779440247
-0.891017718709407 0.399138602862201
-0.168061969204006 0.103370828127004
1.19380409363865 0.281098032838272
0.979489081628677 0.862730060092949
0.677936028179877 0.73186087324888
0.936772414774393 1.37967961492168
-3.59310254359044 0.691192630075914
-0.363384369019638 1.13304626469697
-0.491209550004032 0.319758345875523
1.36943866370427 0.174505789785429
2.38122444877248 -0.885416482267662
0.553023539992394 0.748393514854317
1.13854878149192 0.793806783103451
0.352295714782365 1.63682175653096
1.41717375280079 -0.224778763160246
0.305862802323701 0.760144636781315
0.0422626486640178 -0.0150493901895034
-0.532335042332524 1.27856653833942
0.558890470805645 1.64280939695454
-2.22731772568349 1.52392166199833
-0.34488086232064 1.00824668842478
-1.80880941947256 0.871390558722504
-1.18964110444847 0.729766374791513
-1.42534096919054 0.540933573979829
-0.227533751868409 0.733371808070955
0.72039066283279 1.31753798621516
1.96295057446416 -0.672433367213072
-0.660383907402308 -0.244542498405694
-0.716193998554979 0.636650251765153
-1.80598276817157 1.07699692113263
-2.37672526081733 1.22102224801358
0.0909285946596297 0.604453594721025
-0.394459280053759 0.757413015248706
-0.248643781699519 1.226698835124
-1.6698369974141 0.742914162526321
-0.0447697260144136 0.914318632862423
-0.374325510273735 1.26035664996028
-0.262478371820433 1.53640411547163
0.0583524483693456 0.921816956120332
0.032836747715714 1.07459447911475
1.14819452403807 0.945073505420055
-0.15363912725264 2.02471205474138
-0.309531995373474 1.24160383694407
-1.77747776529688 0.78982202573251
-0.208295012726496 1.00664354864446
-1.89814077178094 2.21745211088423
-2.1409029601897 0.875884004688643
1.69051186227393 -0.380115239632614
1.01790693025452 0.452622983862495
0.297554669784182 1.07241570239175
0.0631281291029177 0.927139181056209
0.354240627315434 0.924577255317397
-0.892012024701844 0.996147812985134
-1.04869894915192 1.03659368878456
1.23177839883945 0.0998567352968425
0.751860151218641 1.61787059617411
-2.02943471040263 0.808043914510138
0.461469430499289 1.20515610891423
-1.65209702653652 1.26765011501369
-2.15193578269411 1.64256012339237
-0.419678843612716 0.765554740611412
-1.90869234556697 1.20026711029655
0.326516149311616 0.501914647901769
-0.97203968638125 2.30185536967207
0.144886638644495 0.00431022950267324
1.88250108740755 -0.539270726323083
-0.604841306862875 0.639978031681721
1.6040687103083 -0.101195899879518
-0.776362349767737 0.474778084156631
-0.256415708643739 1.0007438286533
-0.323366775306913 0.859748724374211
-2.18135293361337 1.67278491218405
-0.145753973595693 1.05901276743407
0.454068682943588 1.49796538343149
1.83136914326823 -0.617061424436771
-2.11900378947877 0.42599890502427
0.332504750350653 1.37025442742336
-2.11479491305013 0.442804520800594
-0.13115606502421 0.704571334588149
-0.0980231770122399 2.22906916666186
0.654591808326138 0.766290135085757
-1.20167770171932 0.691657682820434
-0.283291617946097 1.62520948923689
-0.0228322911041288 1.2478332731734
2.37671245775381 -0.798030473980807
-1.83747331155411 0.89599878702255
-2.01002169049545 1.42117662251192
0.634224755673633 0.896022509242359
0.938149417494605 0.464486128538061
-1.81697965914441 0.757413239094868
-0.19428098262644 1.41098687151298
0.29005415397805 2.13082997149742
-0.0439070627898983 1.26857547345254
2.11264772668108 -0.685101694759085
-0.518429297696317 0.925256801979896
-1.92989052749423 1.5510997107823
1.84933922801357 -0.697473743775993
0.769454225380396 0.726993532532283
-0.145484637402157 0.510445840207077
0.423921928427709 0.586708800671522
0.837309111145478 1.00824463966609
1.57459024690617 -0.0424129330662472
-0.0193845100125432 1.08132474590289
0.657819456176158 1.33294952998208
1.34715039062052 -0.386059527751988
3.0643405846178 -0.925406929939386
0.0707781394389521 1.68559327215821
-0.200059443361007 -0.0602933734936462
1.45121780499373 -0.277316948978302
1.36054100885376 0.432373096041029
1.34590549779577 -0.347170292973235
1.12534720714079 0.204494946932031
-1.87954865233599 0.942996894237093
-0.468163797053055 1.23692995040713
-0.855650420885913 1.58665098938475
-0.301646291832367 1.01071924896845
-0.226910407086119 1.11840862505316
-0.513437750291028 1.97892123188867
0.877614293061314 0.620684027851723
-0.418566204727565 0.941064990071392
0.13628886203507 0.564080854816972
-1.05679024745218 1.76789858581447
0.674645035472042 0.551020071577455
-0.946363370513095 0.981758531210252
0.539272320398293 0.837540111349645
-0.801688264942077 0.72545922851853
0.807563959173414 0.473938933989875
0.263509926436557 0.387944282320404
0.315985159179824 0.479685323601672
-3.68169378996371 1.19736746592619
1.72829862130398 -0.620583978121934
-0.376827014207071 1.69835947172565
-1.39394976611904 1.02978088450157
-1.66835063577636 1.03753858795214
0.101873804572907 1.42979263839941
0.453575104568592 0.981193172447211
0.729988572276731 1.27827157658513
-1.62996196048254 1.8779566942209
-1.29723122329306 0.946262093721464
-0.238724713119869 0.387321525480783
0.385886084439685 0.750153216211328
1.07638931935269 0.268982793862679
-0.169949465407333 1.26403781685172
-0.496699186860746 1.21320148786663
0.891657925404225 0.976864949540998
-0.331160090344312 0.688773431067473
1.36565565319995 -0.100549785828313
0.978842994721351 1.0801193869133
0.410453690844924 0.956788576874922
-0.0522254350095975 0.939680081616255
-0.518285284439655 1.1864142464515
1.19100915437497 0.318321169504584
0.600079289797446 0.186393429471123
0.351241348527571 0.6296244299203
0.890457917657691 0.319769943888457
-0.0378681697447839 1.48394396656338
-0.612953628738029 0.60456445443426
0.394254231351429 1.29650889340483
0.720055851183692 1.03410508261044
-0.783565339200987 1.93914054723329
2.37092996277456 -0.695907326557084
-0.012486459185935 1.12674050090277
-0.599824302253065 1.16677820358964
1.3283099640174 0.0701212080084548
-1.47761884739976 1.21230856387336
-0.352475640050808 1.14167490469657
-0.520466910776042 0.742434505950654
0.754656467648459 0.913277905650091
-1.38129708366421 0.377078076071452
-0.223516925269528 0.471854122927994
-0.28515361297915 1.33586631904438
0.534048043073188 0.91183871429843
-0.0265298412311302 0.262309592996473
0.0319565772086036 0.879679437548247
-2.53695607273197 0.268430967553644
0.973817013710574 0.233723510844936
1.17432927909192 0.767111498850845
-0.530869686360975 1.13535353602635
0.118900015586312 -0.41699019420478
-0.040242391121017 0.940411104313035
-0.675016301802953 0.70773039814564
0.445621340535884 0.939929818264312
-1.07432233676457 1.09335642229484
-0.301853691317308 0.816595831866917
-0.00575168660533589 0.718244982991077
-0.946464099088743 0.213804981786937
0.723456785760775 0.963705150836624
-1.03557833474585 1.7964404306867
0.0377635192875754 1.86280456163851
0.80332061256713 0.0736486180296531
-0.515871651916988 0.265894694516243
0.489506355160356 0.877772467723592
-0.310469604580741 1.01131167364932
-1.91690009002752 0.530670197696705
0.398995351064706 1.04566882820622
1.2717718836398 0.223333129133628
0.687780117408764 0.60738348780335
-0.837370316355789 0.316258008297927
1.09236417404259 -0.39756374165888
-1.57001268167443 1.52591624699593
-1.00951183758995 1.04222971520926
-2.07441553713335 0.93330015831161
1.01008439371051 0.0394363095510619
1.39739027194263 -0.164128231570724
0.27348354197189 0.953369159753451
2.53774725386102 -0.788159525377206
-0.876280506654441 0.862379432382189
0.165656009643342 0.759107449692862
-3.12625875393501 1.26273851782665
-0.0732503541696302 1.80134917852248
1.70477116726797 -0.394387538525943
-0.195699584466043 0.528430515900974
-0.701726559147431 1.57687517343009
1.44473727012492 0.112483564067877
-0.579648190997271 0.697121459609781
1.70939581086248 -0.700279666593991
-2.02605689602608 0.405630750378527
-0.261179201773388 0.0292443994167432
-0.782937648025407 1.5678772599399
0.575242685137999 1.51200113574357
-0.457833146945399 1.12607527799673
-0.331432301250998 0.933916738562952
0.615023674854159 0.918084077822121
0.956109070180985 0.718878336246493
0.149655039840614 0.338530279381142
1.05476913980639 0.595557406110207
-1.41226863137463 1.55737482362491
0.728245493034207 0.820933108359544
-1.37624550078999 0.292915328356443
0.0223171644169525 1.27387375119083
-1.66386518655271 1.30242531764835
0.00983659930310858 1.25780876703329
0.853770716871843 0.282497786441789
-0.250277301817537 1.8299563810892
-1.5347904498096 -0.468582296486679
1.05282809502055 0.806279998409789
-1.2299464724562 0.440015344811797
0.608033873503648 0.517648450826112
2.56299457902639 -0.824389130517235
-0.485213231038212 1.41923433841809
-0.743675407297284 0.363506021222155
-1.88403384738474 0.57888941689822
-0.492738244722298 0.676684067850092
0.664555208628666 0.7885388224008
0.476752709895791 0.923922535195056
-0.950783508893243 1.41946769677559
1.07461166530847 -0.050335823021414
0.766719212074884 1.14349433976527
2.56827349827362 -0.837717453848053
-0.898500407874861 1.15485809147523
-0.859834117715171 1.24480366002549
1.69427178063283 -0.499126146857368
-1.06141023444951 1.09666847256135
1.30923436476136 -0.0926529905403462
-0.840261691135219 0.814047284179575
1.24765030829594 0.301957901544886
1.04020190101659 0.0558674769988213
-1.44631796395687 -0.482399811862849
1.19296117516908 0.570047985987959
1.88988130935959 -0.734658518916841
-0.769424192691042 1.45035069052015
-1.78473934498261 1.92924491777333
-0.114403266273418 0.0176890996967711
-0.499095434033806 0.740725242364412
0.760911983884811 0.699045723187428
0.204122161463613 1.29846937561258
2.10600956622179 -0.696210436934479
0.292707298537493 1.33078154149183
-0.35085201349402 0.938953768572238
-0.819862424532324 1.63360447020412
-0.609948292682791 0.435996295166023
-0.580017890778684 0.728665366206796
-2.48829584821114 0.614244454666874
-2.15976935183856 1.61212652836335
1.32593256907204 0.442910874243959
-2.12792179492619 0.793981721614384
0.191228570944707 -0.299467650182061
0.0508178838466927 0.443783227829692
1.38405250570887 0.0414802529030934
0.234202559774063 0.659357823878474
1.55332282117803 -0.144109829089823
-0.396820552786751 1.00231939157192
-0.106429868711973 1.10182189180236
-0.840577997791078 0.833102808211634
0.9604031906985 0.821933460657986
-0.72804066258553 0.724453424400304
-0.35440272986279 1.33717084945983
-0.929136764501926 0.849838701394311
1.94284182259111 -0.588101372047478
0.996383102073498 0.683014340353092
-1.8701827540701 1.53801565053456
1.84897103160035 -0.520023247852803
-0.118802466822292 1.16252176121951
0.709454691395423 0.552016339320985
0.535316594676018 0.76482383816351
1.2564427290342 0.206398294071431
-0.138074841506893 1.16387687545536
1.60656953448524 -0.39215000006518
-1.50441509632939 1.66243116588152
1.39287178009866 -0.277498094614322
-0.717164614282451 -0.0544907617900734
1.14132433297836 0.45863857933791
1.54433395013248 -0.610441009032833
-0.200440534716265 0.483154082052605
1.88833157018184 -0.529244497980751
-1.6408776575677 1.18862537413985
0.646141119457513 1.14322191074124
0.174522802814952 1.05122507453466
2.02470534105615 -0.660228124178434
-0.702815350778324 0.627517176499587
0.540731058528869 0.478610449013229
-0.913827543153652 0.968660078221285
-1.42498705572713 0.807049699480146
-0.952842737882977 1.15413483817438
0.0909976658506237 1.36057574617396
1.65237102669847 -0.593181563257433
1.36953102105733 0.0319841054503025
-0.106501383392201 0.878688242002459
0.0350691162565579 0.844609157689554
1.50107634304656 -0.411191577816487
-0.431522461775255 0.450540003322795
0.923242658722637 0.411304337994351
-1.88403408857739 1.25527085288118
-1.01202023840555 0.656075466215536
-1.8260598811299 0.902622610843681
0.468264725438439 0.946995185356558
-0.0770258475031255 1.05597410939791
0.0908796973192166 1.64142059770242
0.512902647911228 0.596845861580409
-1.52217369052356 0.218016906261596
-0.519478201049305 1.16822377570347
0.503361495492474 0.892427587713009
-0.988297694134426 1.06409048283346
-0.28753394648755 0.419203033951167
0.680680257165763 0.546897713659052
1.81511749149203 -0.620883219173378
2.02009606006801 -0.492613693131618
0.734319376397973 1.01013193324488
0.535542616894103 1.52886197903124
1.31722921341075 -0.424236381326476
-0.329554397542044 0.405547935817325
0.0793710986572733 0.424508648804654
-1.57881485349358 0.54449653114065
-2.08122179295509 0.22059676933756
-0.276670433531092 0.781963165916464
-2.46039280543154 1.27365024907313
-1.33294421292977 0.724937928419925
-1.07614978547833 2.00619613669534
-1.04587063645031 1.05716014185393
-1.35743039818893 0.56156654346211
-0.899461635185525 0.7950455109365
0.973081660118024 0.446976551127021
-0.628643929206627 1.65633501978734
-1.33424310046366 1.38627103451463
1.59326588101226 -0.339766024878193
-0.596630094907529 0.798692518203081
-1.99625853472786 1.50564604863644
-2.46970733561749 0.835021427080758
-0.933193539778494 0.966719179706588
0.539503142229177 0.431519415337793
-0.711248198263503 2.08157257633182
-1.11653869573588 1.34770463100642
-2.07366076567202 0.829129622862256
-0.0872893570565539 0.769407681559367
-0.98946738478165 1.00264032284537
-2.82743302237892 1.10775176903237
-1.81723219954191 0.927370809358184
1.86756790365836 -0.740877330089775
0.1238745529812 0.563245362216642
-0.415031604513443 0.453263083017726
0.558780390242923 0.389550843996913
0.100553037973059 -0.49770779967942
-2.10870467792205 1.0873186995806
0.699807086731443 0.522244490579478
-1.80287229745047 1.67467235501943
0.86884035145164 0.64205056902108
-0.322990012390587 1.57480692081802
0.772292500612095 1.21519050982488
0.203415172170268 1.05999934240908
-0.0484886279139736 1.14468594167071
-0.341252431531632 1.15062938185765
-0.440138123972464 0.863686654056789
0.894382187581998 1.0405350988571
0.969765086192159 0.196117875373983
-0.294744628592033 0.696646741643937
-3.12803486117222 1.94959896372265
1.51113231995572 -0.528572973613599
-2.42378075964964 1.02941280584265
-0.105682727278531 0.725660341993558
-0.0622784342207894 0.559516783921401
-0.651708504474993 0.85298256329831
-1.89186072684933 1.23166160108685
0.723078435183089 0.374979614971467
-0.311681803088217 1.04315133982991
-0.604402260442993 1.41738592160401
2.02849915901934 -0.573333201253786
-0.0469710705796089 1.95470711281565
1.96908041489709 -0.627017434303278
-0.661718409726176 0.411504542805552
-0.783610847349339 0.564443934321726
-0.869965929787206 0.51837766765246
0.4043460967813 0.806998016075042
1.44648223769162 -0.341891282739633
0.352928102508267 0.711006425936858
0.283013336395168 0.713345548316042
-0.193485278944478 0.983118802659451
-0.109772778380295 0.345925976106947
0.617822078510488 1.35749413786685
2.65628743423353 -0.836169334600705
-0.233371895669776 0.127103786092887
-0.660763305574062 0.720836333841471
0.152639964398173 1.31189928239413
0.790848031319668 0.196508131352697
1.09926135028047 0.77044171199397
-2.12432251607856 1.62068406942468
-0.164030963782081 1.6614378658899
-0.143881971303456 1.17001027976599
0.180733037403546 1.34536680419372
2.49496360323871 -0.841781664354112
1.68557512384664 -0.464853774415851
2.6658573892991 -0.814473550564142
0.63360131003064 0.639780580973503
0.201594675935957 1.13710469926217
-0.431614778333137 1.63194497664816
-0.29815398612547 1.95237748385346
0.131370990955822 -0.0277760146561274
-1.03832657206314 0.876948890812485
0.85788582890943 1.01606770610849
1.62330197095215 -0.408200606018918
-1.91808561908371 0.0801548836715877
-1.56193800961091 1.04126930575799
-1.71424811838733 1.40875594445436
-0.105265318905091 0.521133855590157
-1.48063190941818 0.348623949211067
2.82971297875371 -0.885656457683128
4.46820827059791 -1.02601097815352
-1.35403889300448 0.786514846262503
0.216362688569458 0.806732226866754
0.283858186915251 1.13917823874134
1.04748491147883 0.37435048489246
-2.17032905005632 0.122945150538436
-0.0798050260730275 0.080541110554801
1.60195517251078 -0.234415932113218
0.689038339909426 0.612372335830999
0.395838723284687 1.13122735977851
0.0452284172866999 0.937828196725105
-0.667968485924671 0.327801218462291
0.109195424810124 0.166131637665644
1.42002564586123 -0.0710886395419281
-0.533678030536503 1.14337968498132
-0.347682347474553 2.04778561870589
-0.422812057002401 1.44624189114383
1.86752753847352 -0.606634528166007
-0.341875876344199 0.267737577271197
0.362472690008799 1.18211609648697
0.891660982216898 0.356968850250452
0.298638218124545 0.746481549834541
-0.0616058466523319 1.02358743907683
1.9810829275703 -0.774796474551029
-0.455164816205115 0.657390439340994
0.040730285475463 0.876457374068713
-0.123415232421867 0.11542606594333
-1.14079025448772 1.07526581721992
-1.89413262808929 0.911673816440742
-1.93026399056404 1.2487268037973
0.0247376620102279 1.6889033569449
0.296088025966437 0.819183873092104
-1.74357893385952 0.48376871100028
-1.69400812691649 1.39902494888412
-1.43681785075424 0.449898266172132
1.82180040486243 -0.503166964168463
-0.371785210555812 0.508873613785423
0.225458949031918 0.48202891891407
1.35382899470552 0.223347679404054
0.369142270247094 0.0405339018553731
0.661013951581542 0.462253948970023
0.00762770690548079 1.32773553013646
-1.79599697524973 1.04523072907525
0.289803685273622 1.07036869470492
1.17996042289465 0.0174578412914383
0.563803074308235 0.0806442990799706
-0.627797281651426 0.413414444770166
1.81752363518554 -0.530975705663999
1.02300889145275 0.615949721243468
0.592130253900416 0.246764895651596
1.80635895326692 -0.53370142209871
-1.27636900351584 0.674861218777022
-0.16132124019493 1.22352661186344
1.66131364234486 -0.36154537336411
-0.860514044674549 1.58128671786047
-0.68274207708989 0.92462146384949
-0.863943744472223 0.127005367681062
-1.72540741792524 1.34386464492023
-0.713456921229054 0.450683957707449
-0.784131049960726 1.18843822134225
0.760912015414206 0.679086798253117
1.68374043098536 -0.544482970801679
-0.56990274284641 0.779867379587612
2.76652953400287 -0.910082770177117
0.76579500493907 0.864693627325252
-2.0498183978571 0.934629679090156
0.314379275912676 2.01896855691158
-0.786312959824396 0.00109604388834195
-1.95306093951649 0.982172543864572
-1.06955859031648 1.08561227981404
1.01805700727542 0.66635004311687
1.26457239875266 0.449310319383694
0.780965771927471 0.870694702669547
-1.72315601288523 1.90245664465986
-0.0477282617309026 0.568143655906471
0.867823088775839 0.149075602740543
1.07335971589509 0.126153609667822
1.43421211138603 -0.313887356188579
0.812664872368683 0.20441967849488
-0.439612735944584 0.795145577775256
-0.78924571450104 0.974955407787977
1.65392609762223 -0.420243921158393
-0.79787732563358 0.847963953193145
-0.942733146898656 0.906133884381781
-0.246606743997608 1.71235693605469
1.73933718864453 -0.393551504352909
1.23218326318289 0.199529254671314
-2.85548690968293 1.68672379488729
-0.00105802953426756 0.782715634429288
2.73721696530078 -0.850679284197397
-0.928727011642484 1.33934248680136
0.599908037512638 1.19377990510579
0.916017508978192 1.60304285257966
-2.64152217648435 1.7250044813767
0.78145546855523 0.884135898469079
0.197776215552343 1.34922479210161
-2.13983674477316 1.1448950164356
1.86864185055078 -0.655613057035634
3.88206969532855 -0.980636974817559
-1.83762828072566 0.47511146207013
0.233113630662419 1.4072661594787
0.693393859166505 0.946675332866289
-1.80686282968481 1.84596439056399
-0.853952028961975 1.04158619397636
-2.0681433185579 0.366770127888889
1.53323111529165 -0.0883340992652589
-0.00329042639060679 0.498630677903893
0.197932634512055 1.33609284238291
0.836414734337865 0.864194057640125
-0.215417161425547 0.297917265265816
-1.30836763873028 0.356621508742514
-0.798881398586895 0.635316287157326
0.572351278729807 0.793158891604821
1.85257186380791 -0.546747936342538
1.40592427331315 -0.335393218555755
1.55700917157625 -0.26710044580609
-0.367237594885261 0.598927073518505
-1.36838726222511 1.45047755515154
1.73402700342156 -0.266926651259319
-2.51466006534855 1.21640376883344
1.13554659551989 0.696523471959112
-0.963091025792355 0.201850709331353
-1.36189320562236 0.490935189161887
0.912246162633984 0.57866474294336
-1.31679496513831 1.00674607353532
-0.272704415418276 -0.202055711788781
-0.867686615775534 1.07809085337729
2.2977815956942 -0.840519811953749
-0.614940125267599 1.52721912663268
-0.817111759956572 1.48774997977293
-1.10135936819479 1.26242203350295
-2.51184143012012 1.29429844644531
-0.171286560235448 1.12198870557853
2.2599733956364 -0.76779803964708
0.795647515541625 0.455142863390177
0.260082775698012 0.971442612581066
1.76357491641494 -0.363732185077776
2.00466514014095 -0.75326072664804
0.517301029175438 0.83855357595201
-1.85727308867077 1.30635868763344
1.2671950778349 0.332514840073909
0.142586057396387 0.58113225725945
-1.644258884739 0.347063475020792
-0.484963169585398 0.897804756938743
-0.453368793357248 0.608718748069275
-1.37728569372061 1.51073321731588
0.0804116989094467 1.73011143084819
0.982642901654951 0.893606779166883
0.205177526297163 1.59624398746718
0.524364927367741 0.733279852281676
-3.06078104318383 1.67538654563015
0.19391707437907 0.809431834199584
-0.87375999964077 0.592814405865687
1.69199679007361 -0.208241799815074
0.0110421322317456 0.732002633179162
-1.75848093215423 0.674580354359877
-0.773695144563202 1.75536417984704
-2.36221782633938 0.130419343333089
-1.92976658699638 0.566014542648101
1.49999581887016 -0.415084805483753
-2.01075032697408 0.540835621345624
1.24957291347759 -0.1197786015349
0.110524976102826 0.538113817709003
-3.65528324652035 1.71023390155068
0.82035938613254 0.437815469383574
0.0798294579384877 0.806361120041873
0.821855484768292 0.612569733423871
0.260532454545107 0.63598628243983
-0.54756712910082 1.17585753019582
0.185257604093736 1.15744291338102
1.39523157267694 -0.505451617246112
-4.2470499845903 1.0862052410665
0.658316301244777 0.717060572885113
-0.0185901431396155 1.1741693371704
-2.25555003110152 0.304007365331323
0.911867174324964 0.320222189544771
-0.52296871125579 0.551877399829127
0.0829091342130847 0.767929372995645
-3.4515923582746 2.01259516647216
4.24511477910856 -1.01470708985775
1.32056737594773 -0.432313023808953
0.900466927726573 0.738137142534915
0.700006189154181 1.12409518891218
-2.53610262971142 1.65925813073991
0.930779780503038 0.387844356119569
-0.851777731674085 2.10600507432026
0.758643829475574 0.155140733080526
0.738817756972328 0.0597625737057175
-2.03183667221137 1.64725028717546
-0.101043920822937 0.712162114642171
-0.23992686260209 0.874733037833963
1.99200300055681 -0.64574834162336
0.389842032646541 1.45990583963435
0.565848422147042 0.939998296786441
1.21087915559808 0.723432837335451
-1.33943637605392 0.402114317946424
0.504047943241722 1.18897579431427
1.18719069358172 0.401518704624887
-0.381565433192591 0.564088165524381
-0.941203806268602 1.063271023237
1.30175988911493 -0.145159588818259
1.83902928376975 -0.832118816501257
-0.174472855987462 1.55145607651604
0.891007190652545 0.646842340044577
0.727971335543282 1.09265241292486
-0.0953220937456594 0.385116951373979
-0.697716702679451 0.480300413954019
1.10454815854948 0.319840081041835
0.109981774591103 1.67782604908459
1.52007642255735 -0.131856380197372
1.77289048610567 -0.400193075364735
-0.589968758030696 0.497742668506644
-1.27905278831417 1.698496615805
0.916038639158719 0.867353674770251
1.2582737726104 0.560608574509274
0.0605149536754972 0.814969485326436
1.73909688568325 -0.641244513712831
-0.89960062363967 0.586880927933714
-2.1991965552662 1.26638300318777
0.311797533162204 0.859798747663077
2.49067100042775 -0.799646181807771
-0.843422246907361 0.783525564263722
-0.0670745089089164 1.66936473010714
1.05544669307141 0.490354108393228
1.02866109350131 0.760060213314569
0.458206168382759 0.695016071269034
1.4446564710371 -0.0459941939053168
1.30633829091979 0.173145825042737
0.148305278601892 0.900033198628021
-0.355235514356301 0.843591014297089
1.66666933482548 -0.452937940805192
1.41042493830626 -0.189729172661611
-1.25651083441959 2.03719268058686
0.586338149679278 0.506658174311974
-1.15611056435297 -0.126020276729049
-0.287068454727001 0.367957013744186
2.82894323746861 -0.858687450512172
-1.99437680205654 1.33676779999488
2.63858375762222 -0.882545608671562
1.53139109290845 -0.388949497132076
-1.68013331070961 1.11685710212244
-0.422502000058213 1.52040781775165
-0.565291815349597 0.990184147766302
-0.0566346453167508 1.64056936285936
-0.147628368527959 0.699474517702431
-1.40731444536924 1.24305200498827
0.405514483895345 0.45523246534908
1.00946061828902 0.226959486766144
-0.820834892554642 0.728594339253148
0.129107664432255 1.3404938890892
0.546259657319281 0.420787622975828
-0.196542268507567 1.326631024361
-0.609524432109951 1.6898950848489
-0.583055210698659 1.03167191238357
-0.337270914641416 0.480631811107535
-1.12119398165557 0.511739055625108
-0.583552303953888 0.48459230359084
-0.447644404495498 1.04193345040656
-0.717992570142842 1.14582702869242
0.493661308688423 0.614912215512299
1.73323056855679 -0.609626184473226
0.699064866850804 0.986170426089205
-1.73862903503489 1.09706278130153
1.87410394916233 -0.60806043163189
