1.426186955249 -0.746168993801322
-0.600246696479038 -0.209132595609821
-0.585317621940549 -0.364693778160107
1.19423206441217 -0.784437530235903
0.221062688286962 -0.593850917082843
0.909083470983839 -0.755341044628788
-0.693326573599775 -0.368735772177491
1.34623056084427 -0.773274109860087
2.91952439500377 -0.852457758260095
-2.06830199113193 -0.217984230862049
-0.051483413155755 -0.4621408632443
0.443282961042633 -0.682205575333289
1.37774850073963 -0.772697359662533
1.16789921733768 -0.731149745234234
-0.561585962251021 -0.538316955864913
2.49770404730008 -0.8395059899605
0.703363318778116 -0.72725914076606
1.18916120806402 -0.79735134141411
-0.941533751341023 0.0446459469313379
1.07714626731583 -0.743553076353467
0.508991207469864 -0.765919701869729
1.57057243826629 -0.767604548226429
-0.233580950001776 -0.548371729165336
-1.46590731425748 0.688858899522644
0.513855731475171 -0.690379365258104
-0.195030992475595 -0.499711418414845
0.251251953578654 -0.65658795266776
0.33675451056076 -0.619927752523315
1.3798724592998 -0.744327549027061
0.285764711460935 -0.623317899966797
1.69131509988794 -0.800745298975048
1.255184018977 -0.786709169062631
1.05997487038372 -0.781324664235699
1.16654575323495 -0.738835779401567
-1.98754388210038 0.294600590491566
1.23765895180536 -0.746378567235747
1.95734728710191 -0.828461709769659
-0.117910699178049 -0.631043537403292
0.760798844918603 -0.690362514721606
-0.21441619355305 -0.628948875096513
0.0889218756503389 -0.524115025714599
0.246793753752068 -0.636597286201272
2.2964255167096 -0.827970418792481
-0.142817450898843 -0.523789875961851
-0.229971929221229 -0.5756789854221
-0.661764036252213 -0.184584557315631
0.895903275421108 -0.69797552416892
-1.76825954813321 0.38284911516285
0.242394907892458 -0.595424654993191
1.38620260673174 -0.781535046712531
-0.937832207602648 -0.266896602281403
-0.165323379675151 -0.574396602629211
-0.23269439377213 -0.518276915468926
2.00972984107781 -0.805231907206025
-2.0853166404622 0.842379889851004
-0.535648378059747 -0.306633634465335
-1.15681054787047 0.296916951330193
-2.55888652234966 0.970902107977322
-1.95247540371037 0.0623989518594751
-0.575112689250497 -0.398739850581144
0.294745772947429 -0.564908013886606
-0.290993860495644 -0.684566990522294
-0.0896626379808183 -0.654426080227256
1.30817627426014 -0.782273559107695
-0.302882395131998 -0.515117466541591
1.25292073094664 -0.749001803292404
-0.76882897088743 -0.230779160417326
0.728161378141787 -0.624975579779752
-1.05460222057005 0.230758680820028
0.204117353803377 -0.531200460057229
2.27129397802385 -0.804183113906551
2.79374774734793 -0.853948214638025
3.4214631684103 -0.87258883924201
-0.230740833516805 -0.647046103864303
-1.51504654609923 0.370763538434004
0.209742319470749 -0.654872285166298
0.291179805496413 -0.671997062343531
0.705749562267888 -0.702338106547697
1.45986895238971 -0.767131150988963
-0.155211116348934 -0.55425707341845
0.0640295141695845 -0.615400152529409
-0.0729534717793609 -0.684814542784307
0.311816105584983 -0.604593004485863
-1.89062544839508 0.448448816541923
-0.797297770738293 -0.0606504618752335
-1.37572874498084 0.0738393649264971
1.61468561192499 -0.779470914887918
1.26541790230887 -0.757880182790413
-1.2825294123297 0.372429384349828
1.66049974791824 -0.739182488848196
1.66849941442051 -0.799530243310495
-0.885423938085808 -0.284551456688857
-2.30899075854018 0.769679481835823
0.262149241686901 -0.644673964116611
0.307078930228381 -0.608708224408371
1.01089907842655 -0.777431038117515
0.278217762783447 -0.696196990477218
2.24973220982225 -0.818465422902714
0.129144953087259 -0.606726264985123
-2.33258570106331 0.922024288135705
0.224508100091742 -0.591244109990133
0.0435979097318143 -0.618780031104273
-2.29844709695425 -0.0165995470626047
0.127134601144588 -0.625397850604317
0.316333979380419 -0.571289767276927
2.09401820779159 -0.825179188896443
0.390093147812788 -0.642628838981048
-2.54029319125097 0.624698873228223
-0.699727305130861 -0.327925102942758
-0.22146377784828 -0.413889604718034
-1.27349038866427 0.0146705932663868
-0.246659429825425 -0.442043135543407
0.485316361643327 -0.67463237406855
-0.431332536217286 -0.450975998339024
0.427422163701474 -0.688038492138623
0.293619581917044 -0.571441401832234
0.260102512079825 -0.563259614022226
-1.07599922534237 0.375294714292169
-1.87046890903328 0.410250210587305
0.751833918153546 -0.748712173680821
0.935186762903616 -0.745354140412445
-0.775325670238249 -0.527629078057244
0.191906625172819 -0.557511916701789
0.285773434896877 -0.599510075835899
-0.106220921194623 -0.425622102061787
0.293001178084376 -0.688116820152646
0.11880578755341 -0.518548744704905
0.484013652865994 -0.628436380508591
-0.214708920076702 -0.555951518028551
-0.176825682365809 -0.489947125233046
0.324420059865836 -0.683760277846206
-0.293541982137614 -0.36055609390678
0.723439000926768 -0.715001331252625
1.24570345852414 -0.746414338605706
-1.12429093823347 0.325513992811691
-1.6348628224879 0.45652887932314
0.263718102954753 -0.655253275995281
0.259024182184748 -0.605132183653862
0.173891048005202 -0.619336663997299
1.45478646605286 -0.776872320960241
-1.06492727187933 -0.0101118608402782
2.15033561571931 -0.796077422788421
0.583919528310424 -0.638207269690132
-0.542552282452102 -0.356740837379654
-0.309958288786292 -0.240691654637882
1.10797517063634 -0.73763081008765
-0.496042897770185 -0.317356540739134
0.562482927117886 -0.631577892447647
-0.543913476080491 -0.341629963690121
-2.20209845655423 0.598098867222424
-0.991160448201592 -0.389464195375531
0.14626281256169 -0.505723128859061
-1.1655132527664 -0.190534815557493
-0.616973461931419 -0.304631904540306
-1.10324235500098 0.45799104325457
-0.663884250049374 -0.0309790253435956
-2.53361708392136 0.591371358986881
-1.70315900663809 0.665088958232664
0.966508785253362 -0.694764459119618
0.249848642918046 -0.544524773809249
2.25973261590285 -0.824776607646256
0.628166354373417 -0.62401487939571
-0.195793495501404 -0.583116615150727
-0.951708741713176 -0.0869483092301259
-1.30870839199716 -0.386288406742744
2.26176725715756 -0.837833534768419
0.467645663537554 -0.753145394470259
-1.82416298676733 0.554960389796083
-2.23245247547353 0.718897036975936
0.676634440411206 -0.628665315915801
-1.50271010217512 0.967308172961153
-0.0357671409460465 -0.485485118231282
-0.473311872875568 -0.523713377270636
0.428612814209872 -0.614670485252152
-1.62387445189786 0.00670247990539347
-1.17587744318537 0.236624375528829
-1.58247542480606 0.643909162728213
1.00580227924759 -0.719807971966132
0.268492553249568 -0.658989916233085
-0.911738119263836 -0.395760480384944
-0.631148200211504 -0.116749952629227
0.521933520590714 -0.632939037817376
-0.817182796744886 -0.581112185348652
-0.255049434697421 -0.572839277803173
-0.863615315023984 -0.166070140679995
0.64212735104893 -0.663738440995845
0.659197053369942 -0.708163249042253
-2.40047442498543 1.1329212147257
1.6402223232195 -0.799413508764887
-1.41773442591845 -0.308977399537712
1.0054892035694 -0.760248600576499
-0.432615649663605 -0.354720121744758
-1.22777615597374 0.523077552638417
0.200087528219719 -0.562282003230836
0.30998137886798 -0.576884703685056
1.23895621857439 -0.765860391099384
-2.0794465208768 0.84493039088264
1.47893344586202 -0.812868112524979
1.04633731895088 -0.806330270503524
1.0575692967827 -0.754598174942502
1.69857651927416 -0.814830892071956
0.881628338678068 -0.762498112774473
-0.020209093039411 -0.603377924512242
2.49741036842373 -0.840092042286809
0.217448841558072 -0.646546661689065
-0.202750239251189 -0.642181902155317
-0.6891016023763 -0.381265954823632
-0.123490162839767 -0.522224969067769
0.129622075128182 -0.699153578741197
0.999692700324834 -0.74927014947476
0.346188979589464 -0.673037986432879
-1.18108333335249 0.0255382239354777
-2.25644547805202 0.677083193623899
0.211553581668717 -0.523334988703528
0.656587050501195 -0.644573141034909
2.84417620383059 -0.853112776738811
2.39081135347847 -0.835056757044408
-1.54662146981962 0.253960124930688
-2.42212341494252 0.711444496647146
-1.9482836463416 0.193750340908932
-2.09793619535302 -0.0509477737536426
-0.525930232914738 -0.401169153058304
-1.67947981887193 0.0756695543814868
0.532385146522442 -0.738979073142326
0.835176777616357 -0.74573298415734
0.108988098439499 -0.646007742506121
0.16495554282541 -0.596614840785842
-0.543000716255449 -0.180214614727803
1.67446345582403 -0.812782940455409
0.607652045090071 -0.604148508461695
0.799136777637886 -0.678349300031589
-0.833460515211697 -0.0129525343088396
1.09019722854974 -0.722518066673244
1.72922281143624 -0.795104713641918
-1.07590086270409 -0.119291339680775
-0.764560647692007 -0.257604821179464
-1.25131368401647 0.470406022376645
0.235640477598726 -0.488347200223934
0.968762400902698 -0.666177553599914
0.606625292222089 -0.649844934371577
-1.38701729493613 0.902421247498163
-1.34222819795415 0.0763190529060354
-1.36691835037743 0.287786722345485
3.32547837213946 -0.869172205204192
-1.40937476588437 0.619665070419864
-2.66875997265121 0.474284013673763
1.17051142187756 -0.726139829638559
-2.15720760953554 0.534393554585425
0.323993329438048 -0.693575561384135
-0.527173610477796 -0.374969288128077
0.362656776173454 -0.64381538711407
-0.163853244554525 -0.541956867747255
-0.251749910166099 -0.519954940279168
0.00161940835041881 -0.615775729321101
-0.502934439447326 -0.309964163943853
-1.97608098541392 0.552675721564177
2.59739277146151 -0.849370669735702
-1.27683994204817 -0.121017797557712
-0.5213175958022 -0.28402621280333
-0.415830261349934 -0.641215981952777
0.95646300567551 -0.699340133769793
0.345315753910905 -0.585973125007033
-1.24323159098635 0.0199689034042754
0.100470736801496 -0.599611944743542
0.178402868608038 -0.51953654985689
0.489526069476443 -0.684549248643149
-1.17999786419017 0.319741615879878
0.713097147803965 -0.602521351419277
-0.271713241003346 -0.38855752633232
-0.478463449294048 -0.1377840675328
-1.19042416430272 -0.458271968045118
-0.469059005613205 -0.430693443444696
-1.31618277096954 0.347329338073335
0.0108693288589069 -0.668916574392787
-0.445016944151164 -0.464544349512873
1.18924247236045 -0.750683024833575
1.82609598503307 -0.798870976106141
-0.293469223186595 -0.421811038453283
-0.283710867222418 -0.536347323804519
1.41799067831991 -0.815983091311281
0.802896418969968 -0.732945620332223
-1.97010742096644 0.970618436666653
-0.102913331413969 -0.460025453336243
-0.613603945886293 -0.478217243322895
-1.49719016401574 0.421573459723732
1.13568619711373 -0.732143310673942
-0.0402791278975944 -0.50175744448938
0.3637042588507 -0.686861996694093
-3.91593226994164 1.6161142262866
1.11831864773987 -0.740600293108805
1.13964299125938 -0.718390965352934
0.347776667610306 -0.589766706452336
-2.3017833718048 1.02728075667163
-1.03525638437427 0.0337003753551289
-1.47365872462339 0.670584283888688
0.505027457014719 -0.675421978872317
-1.46607840058777 0.97440954112007
0.710083995938571 -0.710070567497449
0.705779538623192 -0.738051577272338
2.02948867393022 -0.850014127974231
-1.63511795169869 0.56567029990023
-2.57295643515814 0.72295016622326
0.29076439115504 -0.518526511366154
1.18277262537369 -0.770488621449741
0.883524424319676 -0.671627337266292
-0.234123687868554 -0.533407106421976
0.53348775951897 -0.679888468509815
0.685660447288167 -0.689497155539615
0.568598752614296 -0.676834264960009
0.916855437791024 -0.72802132074195
-1.80804203531515 0.877084428694838
-1.54971704061975 0.938291751365333
-0.381804451907994 -0.423745612216194
0.474947608053427 -0.592648970562225
0.0221936283241952 -0.681907756943215
-0.46834573830826 -0.556049892720235
0.692047284921509 -0.712132854829284
1.07930747614234 -0.73049105136732
-1.21714264138707 0.198417429261237
-1.63297149788939 -0.203358325228011
0.264865552929086 -0.575715773299031
-0.397735989079479 -0.434925604764849
-2.97567469007793 -0.315620887778737
-0.998919824898806 -0.096411031081465
2.68904683343263 -0.83889854173817
1.02864472098304 -0.745443946013658
-0.276062073734134 -0.427286474510968
-1.80714903127174 0.688423671921502
0.157625300339046 -0.691702998918244
-1.07974117451851 0.126009020421991
0.961637184960057 -0.704021980692625
0.376648145563102 -0.715035106119711
0.345342665029024 -0.644897386770897
-1.75897666930709 0.694948826879795
-1.95188739689539 0.978476608774578
-1.52642805104323 0.271343619924195
1.93079909154858 -0.816878255101632
1.49391304148843 -0.777745825801635
-0.62043430721611 -0.559043042812886
-0.90715575120207 -0.651126156651214
-1.93323831146607 0.485698850230125
0.764520572496505 -0.713081808937745
-0.549928436007314 -0.247035177353021
1.06599232400666 -0.709461913262668
-1.03699404182167 0.134410254339105
-1.97813292346585 0.32975886963586
-0.24027479331785 -0.712711345176291
0.555907009900408 -0.551866755519317
-1.51157151703131 0.784000343502464
2.54027792701727 -0.84187329884712
-1.24126350922531 -0.377352433381123
-0.0530708642557673 -0.396888184488368
-3.27614458106895 1.04674198136177
-1.63229781275478 0.221189288208773
0.877992347950644 -0.65004320559438
0.425421690799082 -0.597851209193631
3.49687220260787 -0.875318077173728
-0.158848808650667 -0.48978491600732
0.660694948488911 -0.639266117992515
1.54977126455354 -0.787543930850503
-0.350121774542037 -0.554748861592221
1.40214228803901 -0.744951205112877
-0.257501418387617 -0.476482360790595
1.02991147060982 -0.661289766541194
0.818205690941321 -0.747063283296505
1.00760043049543 -0.782450559494051
2.21229537907297 -0.839552941130846
0.42403252653126 -0.659470251713547
1.13885112589232 -0.783244074429285
-0.120062828212479 -0.609640998687781
-1.04995244694346 -0.147139606468967
3.03341030496955 -0.864387855399084
0.0414762765457952 -0.623901032236264
-0.531594130373951 -0.400395128151676
0.0726859138087864 -0.627136869394923
2.27539855987535 -0.844344093493416
0.903586435667818 -0.720725565353614
0.296433090694184 -0.691671446557239
0.0726600291656542 -0.539307276844775
1.07360060371236 -0.685756219670612
-0.679094008513057 -0.165912830190124
1.37813888652187 -0.759261910849472
0.120339763172826 -0.627647754910337
0.504003405350452 -0.606629373629525
1.03840213527919 -0.782897169797515
-0.489397043999205 -0.544089585903658
-0.326446769768039 -0.337271509535919
-1.29423583648674 0.490016101723208
2.5872632400536 -0.852047578395365
-0.0847346121752221 -0.607977515342125
1.04977923784245 -0.715131797935492
1.45283659170724 -0.725817679433277
0.913643733681381 -0.761993783844745
-0.465025952940631 -0.269870647567606
0.0755700685313035 -0.526699395329077
-0.461306403466724 -0.387330977375962
-0.0912250434595235 -0.473018365387688
0.907653237622264 -0.705205426565327
-0.999258815549417 -0.120237245185965
-0.343376958388095 -0.504086721742684
0.616621065454387 -0.658044154005133
-1.4377073301348 -0.202826556714331
0.723059623549981 -0.689412767831211
-0.467559859111184 -0.487901737084193
0.526600706439876 -0.617425912453779
-0.053009709373118 -0.565632519175864
-1.48359146686401 -0.0990358800413979
0.663298891524784 -0.669366356248793
1.49825415475468 -0.79909688033239
-1.49781255279682 0.493481930767598
-0.266895505358934 -0.459817573607457
-1.11376746791637 -0.190918776469666
-1.13042293727448 0.0457808220893856
-0.362819694328641 -0.391988282914916
2.15674657697749 -0.806390901346038
1.45062386939604 -0.795152860913031
-0.814503407044982 -0.154332016832659
-0.758540107389693 -0.270392674067093
-0.486610326046196 -0.549017664278653
-0.143853023967633 -0.498811618244243
-2.68760208838636 0.53368553902335
1.6602304525302 -0.821605781313925
-0.735275560874367 -0.280002201232308
-0.13873215398799 -0.591520275839749
-2.586534336974 0.754845934868338
-0.0691635151749521 -0.586247839983452
0.557669001503243 -0.719315792123234
0.724205132992385 -0.681349736464593
-2.01129499592472 0.558614968305852
-0.666606754549231 -0.352859203665727
1.31431009104836 -0.78712844463591
-0.917103936841965 -0.191575430233251
-1.24999840674838 0.404189691999438
-0.289823146972205 -0.565315839549101
-0.0920872612775677 -0.580297210180848
-0.679576148341712 -0.141487869754334
-0.60212267966809 -0.13903865760179
-0.682056800467688 -0.327195903149417
0.305725520882435 -0.690722897368676
0.925099640558103 -0.659413136715625
0.231575800466925 -0.637834229945429
0.950700262431089 -0.774343273088107
3.05446627738478 -0.868914012551471
-1.03709108533198 0.056111282717581
-1.37811950496329 0.46791725662945
-1.95957710472521 -0.0584178339444746
1.11120037955993 -0.708951196364308
0.994436716227246 -0.792696682124456
-1.14807200938801 0.125911685153396
0.15562241842733 -0.714909149275341
0.914194156348815 -0.669879761382306
1.62109397478711 -0.822758779455397
-1.20528351301505 0.0840906775899346
0.722995113114762 -0.706494028562784
0.764604632288815 -0.712599905091619
0.252068824982579 -0.599789254216197
-0.799224986175593 -0.204352948197393
-0.74868656220101 -0.469079804543854
-1.00488568831097 0.162040416737969
-0.46247994119195 -0.428625739321349
0.96480349290282 -0.753361454428525
-1.5443582686993 0.414582622100579
0.0646060628504733 -0.518682594591347
-1.15300922360237 0.0288099307478939
-2.21361248242719 0.571133819147524
-3.64298870256344 0.392489787333332
-0.720824437173031 -0.425650626809918
0.0147138254358498 -0.454604818731197
-2.5356721196172 0.946108409340113
-0.28415046658334 -0.646846528211048
-0.77603443309554 -0.328638851881073
-0.775375997571811 -0.276434921565318
-0.710579493828808 -0.419876401641698
1.5769649904622 -0.778960320917198
0.899320092776855 -0.712852481124869
-0.783797565344733 -0.444676963060926
0.068215398206915 -0.741397334126314
-1.46137734113895 0.994612636037803
-0.0431578022790137 -0.71694945262103
-0.203571999879635 -0.558978254779886
0.340276324430305 -0.594958424152658
-0.270505233198623 -0.637473796174276
-0.368412052734334 -0.380744276212955
1.64308410697074 -0.756153496569273
-0.133949059094101 -0.642455400771797
3.19272317735433 -0.865020341038876
-0.428319309718872 -0.319162558854981
-1.01547926572406 -0.146780974914382
-1.64863688049693 0.594932542867107
-2.3174602437487 0.56720551575905
-2.06682769565518 0.696233155535314
-2.00545528189279 0.717784372907047
1.15742257090205 -0.757158193257601
-1.52262247177586 0.149057191232792
-1.00206720916441 0.108831269786251
-1.24856716325225 -0.0621427594137624
-1.51930899068748 -0.397033141492165
1.3732817547249 -0.835307442251293
0.603815339604741 -0.680760551969036
-0.581520057623161 -0.342315827395843
1.48224059993667 -0.81886436821533
-0.186972315462411 -0.54247420326482
0.236949556294311 -0.63895896509927
0.377182523041562 -0.605872256898891
-0.519643770883974 -0.236621962542888
1.08521250182322 -0.786312716199984
0.636333611779359 -0.68132755065235
-0.456873137935439 -0.485755128497815
-0.441309369328612 -0.407421204075552
0.980707031332889 -0.781634524454471
-0.9107904280904 -0.0685003996353097
-1.88428677192495 0.528306919087234
-1.04362879046387 -0.0126994816195923
0.383402792708813 -0.628043287422491
0.633828421587672 -0.605295473449273
0.480648192044064 -0.669603493680766
-1.54620946139972 0.549014091310592
-1.75847002406811 0.243734564864125
0.40954088355221 -0.592905833782465
1.3757572195479 -0.819851959215089
1.00059088441056 -0.733069193966344
-0.88660728496446 -0.368143989540003
0.472363064331781 -0.710551781019261
-0.487113068034593 -0.42292102470438
2.48232711665043 -0.843521842433772
-0.693294369553553 -0.191031356845991
-0.547653979527368 -0.630361175921016
1.50887344413918 -0.816026807818189
-0.852734748896718 0.118716034142482
-0.627988065477821 -0.301893513793035
0.0282156741083934 -0.560771466293535
1.47967500519994 -0.754622959467241
0.752315348256033 -0.705152928581691
2.25968524619706 -0.833632748308766
-0.477136236918291 -0.468697885315534
1.6228674357665 -0.806971020458034
-0.746213928883602 -0.067968072298719
-1.58840467171192 0.51616933270032
-1.08047116597786 0.115085444396648
0.463016123328526 -0.715646252672506
-0.321955371194446 -0.640242944642578
1.09769328210787 -0.7002646992141
1.31591097830221 -0.759236166495957
0.276396631339091 -0.608736395602812
0.75936248319504 -0.732758573683339
0.216289114452951 -0.620825250186106
2.42460023310071 -0.824532338391996
1.74982029784282 -0.787327562098321
2.0328668694213 -0.822742483935551
0.457860788093936 -0.667078756870344
-1.37933172912987 0.382878167264999
-1.40433473279147 0.119556070389118
1.583929723998 -0.785609625256847
0.85490737182928 -0.67570997768848
0.787706221453983 -0.764714637490086
0.0612432951450257 -0.513085928451833
-0.146620705837987 -0.474977152499701
0.149511551087287 -0.59345829672087
-1.0260337931257 0.179994042195149
-0.25464852666698 -0.536307554675184
1.02369308757368 -0.779161847092969
1.00380176261594 -0.703214767130448
0.020118581510358 -0.589912293189611
0.268515040609073 -0.618324524055006
0.148604049346986 -0.536433997585307
1.31902175642205 -0.780536477400533
-0.0725987056571225 -0.523853715616541
0.835762555860751 -0.764735602267417
0.334628333223316 -0.581000660575493
1.70427065304823 -0.806187436784742
-0.00329229172544665 -0.541598150854406
1.07741586550774 -0.742489641773472
-0.910357265701086 -0.208871805208773
-0.0367135290430498 -0.594243814269777
-0.240877473785567 -0.62734331241599
1.11753438293024 -0.741001111083468
-0.743249202978853 -0.244386013487884
0.43011952979609 -0.729963614961869
-2.28657408970107 0.816766719538946
0.716132246033963 -0.731912298149981
1.24654099299966 -0.777593357233394
-0.443001419286096 -0.418002431018498
-0.903486074193888 -0.244349255456731
-2.27388710014318 0.521084118162695
-0.776910948994564 0.0516107735384904
1.58859537055753 -0.74209123197874
-2.88520769872447 0.62161105257887
0.796541303755143 -0.692083286517829
-1.28697145651303 0.450340381939584
0.0292082029475505 -0.614251970728334
0.174071455094746 -0.581047524420638
-0.0901864432437795 -0.621773838218037
-0.0590284309087149 -0.459928811997236
0.167191245365229 -0.60092759172957
-1.06169938328458 0.523315848723607
0.800007077703725 -0.68908853242491
0.412288998204901 -0.541433818266416
0.701500919080324 -0.709815092482031
1.00609035611229 -0.718401521245657
-0.404779793103521 -0.280178517240297
2.30145357089053 -0.834062933194411
0.416339993861455 -0.632318017631781
-1.00984359373689 0.189165873090974
0.342706619382559 -0.62799890073545
-0.564302869416349 -0.363970805885782
0.0662003452363733 -0.694184774928283
-3.14689942505887 1.53021897302489
0.198532098711632 -0.562454114094957
1.84416313946947 -0.811867820819197
0.452504197880566 -0.546514747978132
-2.26595399607823 1.3623280654087
-1.19952365476851 0.37929897154261
0.459460055848036 -0.617595580875112
0.018914148366244 -0.552045902071048
-2.09348474918065 0.701387702607769
-0.390711860092803 -0.460390984519234
0.136954978795155 -0.599562302817074
-0.399985771978498 -0.352661901236705
-1.01401191703665 0.062456249115362
0.486571559772198 -0.651178624673871
2.41608065164961 -0.852046617581802
-0.162586817488729 -0.559293011696068
-0.311947944824699 -0.524404181829582
0.959824886064029 -0.681550259318045
0.143751334862987 -0.736098749374359
-0.452628204640923 -0.311931828865888
-0.830077007266541 -0.223297434770964
1.61002440680378 -0.782021426439864
-1.04095746812704 -0.163861880997363
2.42039655361917 -0.848769963755592
-0.353828565619224 -0.33846732744315
-0.651238025590797 -0.361964300604861
-0.35488081319358 -0.516646598213558
-1.45735017384283 0.577969445623406
0.329946002744129 -0.660047058800869
0.872534622973296 -0.677369219721145
0.550876023807326 -0.670984480498478
0.363418559632917 -0.659125570407165
2.1284637988875 -0.826401047166939
0.603044596897493 -0.689153009327365
-1.25526182636582 0.0664067501493175
0.188845207932495 -0.645302913038555
0.895538015666619 -0.734481320093946
1.71666769622449 -0.823162217475278
-1.86621315138082 1.07077062793326
0.185239060870574 -0.661373536640971
-0.135875256707346 -0.760976696155248
-0.549903440716235 -0.303219710249839
0.193410002632487 -0.620014686720309
0.899047252925196 -0.722298272205902
-0.39577969365465 -0.413347174069321
1.24196912761158 -0.767444462186723
-0.591727824657075 -0.226542073442115
0.127713425287438 -0.516272754492283
0.0432292122560296 -0.617826473010781
0.00235531317769238 -0.6319652840601
1.81277485620286 -0.798518322528516
0.313523483862651 -0.579038986603627
1.10638425389479 -0.77198394711324
1.03825242092078 -0.751794784819164
2.21859350737933 -0.810133695630508
-0.314373458063682 -0.573488320364869
-0.490707583031759 -0.481637365584287
-0.74808938332207 -0.227352335484298
0.41743046311422 -0.653893424700548
0.443057636042176 -0.739462963894827
-0.604247352237339 -0.147293266491146
0.760173645633841 -0.693512863803971
0.178742948952372 -0.735472106485012
0.308170924342412 -0.598427928822778
1.23100674166864 -0.746303702292405
-0.465029501608868 -0.405797121908266
-0.532295253342448 -0.410875070667352
2.12977258426334 -0.783849847398759
-0.468474811688391 -0.463242057270402
-0.551049931811937 -0.234691323657282
1.63700125864539 -0.795600847392792
-0.275107401361593 -0.501134657955893
0.731298339925384 -0.724897292139985
-0.504342794526238 -0.420903961074623
-0.0354048925585356 -0.553270043667515
0.381500975089396 -0.647113000996127
0.431375290498881 -0.768488614725698
3.42323889996196 -0.873492495470437
-0.23763824543114 -0.572177803677234
0.217816599683807 -0.631229956591915
0.595247736547024 -0.713557369700709
0.963267823560577 -0.749924560631892
-1.58698653895989 0.559156202072077
-2.53214990033331 0.571569590241536
-2.18321106320061 -0.0091314118339173
-1.84864656508568 -0.158171932720417
-1.64599379506978 1.06888695827893
0.386157442208945 -0.613084882169489
1.5380777119955 -0.783978079153975
1.22123774508114 -0.775842654641672
-0.949769859654115 0.196949858750414
0.174255769023897 -0.567166115581289
-0.915751561779717 0.0501662281542567
0.622484537543305 -0.692935237414147
-1.49401380930243 0.468334979934476
0.343195645988479 -0.698964315123226
0.817897464263328 -0.602984259399453
0.705081801493309 -0.712054078173419
0.311894719391024 -0.57341739363924
0.336353427180455 -0.560199452596412
-0.11373427071878 -0.558613489188985
-2.29700424393135 0.636119212280662
0.0777354760128661 -0.517316929500511
1.1527749316055 -0.775182480196769
-0.505996905491194 -0.312941803516981
-1.00821105819285 -0.426895771238546
0.141399582221438 -0.670571675003436
2.41578998086531 -0.831232581446222
1.43821213019753 -0.748472519732732
-0.566518331397975 -0.424929288376905
2.54891803367099 -0.836554805158326
-0.153257108712088 -0.483747675542827
-1.92270329749891 -0.0649430468724389
0.527979336154016 -0.706740724464891
-0.754933562856644 -0.372786081179342
-0.0681284933737325 -0.623251974411265
-0.323796064571408 -0.498495506771855
-0.953580578836261 -0.24728990287291
0.504899614863944 -0.57989954388149
0.592150306816898 -0.647815386049221
-2.25383367867462 0.281987522870191
-0.897671101587228 -0.0768532779817734
0.563255198040935 -0.637976582467753
-0.439993172860552 -0.479929172407917
-0.625002395251501 -0.339431926620928
-1.74982556512621 0.463027512511987
0.964203184915515 -0.709826191693223
0.757956808664722 -0.704702240898493
-0.805428734694356 -0.362579544215167
1.35777755174533 -0.770404477223049
0.1345366442229 -0.57539549264137
-0.517803922773289 -0.387145674686196
-1.23622839804229 0.226028247103059
0.252487418386963 -0.672421131237944
-0.222522923685871 -0.6032747762921
-1.77315043769364 0.542805063477273
1.16589069817784 -0.755874430875265
1.01119039722483 -0.757501412142995
-1.98996594509036 0.842014915518151
1.21003211011177 -0.693946326832207
-1.90041782531933 0.272127777402415
-0.397122945359301 -0.41914792416927
-0.894419676743306 -0.0173283127646665
0.450856745001283 -0.723986027610678
1.73257280860494 -0.818348120408724
-1.92978920402469 0.979767698980039
-1.94268909324928 0.906126176175198
-0.15944953463046 -0.583685356876612
-0.386883387200561 -0.4723379463528
1.66648383326331 -0.78277177425253
-0.738993637834613 -0.416956406572885
2.36117057789523 -0.836592230704504
1.15164301106727 -0.756044714478225
-0.962344423139529 -0.0364002162571527
0.673176061073113 -0.749510545085379
-0.0984473197692052 -0.526188387208076
0.367328659016798 -0.663309731738467
0.360196078082494 -0.653345073377264
1.43774307638671 -0.759808588760411
0.647140362995546 -0.655267291311836
-1.784423901621 0.112689389351383
1.41535397708372 -0.782850445542546
-1.10883315461208 -0.412278586005139
-0.937580889755201 -0.199149170227061
-2.04127132630621 1.13443653200171
0.89775464519907 -0.69999940553674
-0.362647031033858 -0.4872167396082
-0.742129148515497 -0.0930344657405829
1.03533566909619 -0.681994629006651
-0.626030412210833 -0.399509607622579
-1.54850455289099 0.043092163401507
-1.37573219117194 0.214171882989406
-1.19831013820026 0.112760638553359
0.782942939994343 -0.803619278727049
0.90779572011652 -0.628750641159867
-0.386543339996555 -0.224890161488372
-1.38125231115911 0.867341320844726
-1.62156548900281 0.343080968262357
-1.48494907365282 0.283376360909342
-2.02193670027789 0.355298345830983
-2.60263961592058 0.850894824181992
0.49521154329918 -0.813427472110996
-1.08091951531736 -0.182639903011248
-0.149821885989278 -0.586187394383468
0.468902575431336 -0.698350986457726
1.19534317760709 -0.711340796176564
-1.16762763269604 0.335335939083895
-1.26672554207063 0.0507586927162412
3.41892525662433 -0.872372273964048
1.02048806246367 -0.735337889084653
1.44036042902995 -0.777285914829291
-0.184995790309542 -0.529925857006154
-0.90682602419873 0.317851806334798
0.248741629002349 -0.736457390687216
-1.15463908595405 -0.116633781722385
1.48745283725261 -0.782680574561657
-0.188850254552998 -0.637277498232369
1.24204815357514 -0.778092174474495
-0.177763138703021 -0.612944107333607
-0.613809208803995 -0.517648852200219
-0.227736806854806 -0.529803582465631
0.476902578387473 -0.545693506784614
0.504284585992387 -0.658935285526298
0.455769324148471 -0.695710720857262
0.440372783252248 -0.595890473615219
1.12281294767406 -0.775117513932402
2.43471262276346 -0.849008301672983
-0.394286280153739 -0.393867705614502
1.0680067349347 -0.839103825157323
0.0097605951774802 -0.609987461633392
0.368167543623385 -0.766034901035196
-1.23640253393348 0.514135546987391
0.310537022548136 -0.673682690688294
0.470782155304834 -0.576815086046376
0.406891034890665 -0.758345716273126
-1.97428973710141 0.874898082190379
1.17448472616567 -0.725941647982365
0.789039641818181 -0.728038723588012
-1.82481881118374 0.441510499579171
0.896003852912569 -0.723588360716359
-0.617180352858554 -0.49049077275587
-1.25248572523157 0.610948658266899
1.83577731834453 -0.79704526913296
2.16329674985615 -0.828617643513242
1.97826829290121 -0.790905813419475
1.59640407695936 -0.798785746952912
1.12748098795778 -0.800700989063903
-1.09969090285613 0.0526826290084827
0.149714643989276 -0.573074936186019
-1.21724179893903 0.0541348768463854
-1.8275507154931 0.640729775181231
0.268038157083407 -0.608569162657882
-1.94224267130574 0.25277954973849
0.998610073435983 -0.738019319558468
-1.70368235346594 0.300158713768709
-0.621872870378895 -0.334142669998138
-0.21756693897701 -0.454253094126162
-0.181867122009677 -0.656810007129202
0.751322639804836 -0.721055290986769
0.610976769808571 -0.673830890691663
0.955619931746988 -0.688654341178894
0.757051886630854 -0.679337388917657
0.302504837572392 -0.793363563057363
1.93499428699423 -0.779969894595312
1.30733868717187 -0.771051071516078
0.720223345736352 -0.753299670878368
0.0367057333935976 -0.540705226060412
1.03991882935646 -0.79113792885767
2.57312404046288 -0.824734869614105
-0.39444968487409 -0.5887226001266
0.333225144359148 -0.759258834874553
-1.09016667476005 0.189308232051118
1.42633304148381 -0.803118748993362
0.505589216554174 -0.661215099212314
1.55007390442342 -0.772057563475933
-0.454169111360033 -0.543947135272969
0.526358131902607 -0.724071022748006
0.378381131708761 -0.644402962463892
1.19936809744342 -0.741410080775836
0.689688877224481 -0.717194967312907
-2.09615537841708 0.245087743170782
-1.0519575216014 0.310847258779315
1.20419282659573 -0.769623726669905
-0.440980954138591 -0.47280907951079
1.32710491660931 -0.804552546899272
0.236958492243771 -0.589553180928391
0.825027438270834 -0.630522728220091
-1.35963358118243 0.611183985686085
-1.82359070501219 0.330044954215665
0.86953132406606 -0.725437064050508
1.91214011170995 -0.836740243165398
2.24368378070848 -0.817616938834599
-0.346299595617141 -0.493161835057224
0.440236796716258 -0.638052570872069
-0.644790240732167 -0.571936159615491
-0.35751336130875 -0.441449991548609
-1.0029199736234 -0.121569611347561
0.413933476491545 -0.648427224406578
-0.628901452512408 -0.435975456115618
1.6729749973723 -0.792451624934455
-0.403684593978208 -0.517134310481038
-1.3476606191974 0.264326677372279
-0.790903155087837 -0.11437233306422
-0.819988240333231 -0.479420355948778
-0.209377716313811 -0.442558881598946
-0.306357283704751 -0.486690694341261
-2.04337425344907 0.142050195273615
0.135381006358006 -0.53007769001862
0.033040974791725 -0.588910378846102
1.15412636962763 -0.771330658272856
0.231259662634509 -0.731055822923378
-0.928945404156122 0.0561525094110598
-0.011056350250227 -0.562906209961403
0.825698603615167 -0.731389688735247
1.90044319352063 -0.801630161912474
-0.672320854103133 -0.206383555242852
0.238531964323093 -0.614271277589199
-2.18079516573915 1.09984295897819
-1.02153982749595 -0.154544649690704
2.52734368491778 -0.842656878306385
2.12899085541201 -0.850722739629539
0.459813714529934 -0.664529574884296
1.71329730841046 -0.797693212485785
-1.52459574068604 0.286163937341388
1.67267670176202 -0.804645530669566
-1.70666431160959 1.07594279282033
-1.26376515342722 -0.202162756095161
-1.48413036859021 0.0390080249181673
-1.35513529994395 0.31558789523938
-0.464711401184055 -0.374343528862988
0.480667876666589 -0.616721191403559
0.127155636063091 -0.643885051446689
-2.57707462234342 0.76508015220368
2.92923096008018 -0.861835307747714
-0.261642086317247 -0.508397710399391
-0.777169695402765 -0.265075660762698
-1.15235683191432 -0.241418969009235
0.644075413582916 -0.646129999706738
-0.941726772463948 0.395059983723369
0.63802025887889 -0.643899499646331
-0.757403955658093 -0.335226579261865
1.17281457371573 -0.774936449904516
0.2310657679712 -0.6632517531122
0.159124728344202 -0.500029077171906
-0.72684045539843 -0.258668159296479
-0.685891548858757 -0.272155277134665
-1.40039876979298 0.468240925855676
0.404079742578125 -0.762509473901238
-0.102848243563762 -0.460692190237115
0.445595905141871 -0.622644438948725
1.56780048407007 -0.797674218562076
-1.14583939178027 0.24212264155113
-0.637206835079336 -0.449693130642178
0.95678343242016 -0.736374027927014
-0.866023367769781 -0.0706127342081825
1.45456537659267 -0.811726108373504
0.368183472716867 -0.64461749874703
-1.12524419726793 0.152528962078698
1.29672612725363 -0.769968278767516
0.0495650416494815 -0.551073693362688
0.0241230189540186 -0.442792271188815
-0.739892491255607 -0.349827188895944
0.976360472376562 -0.813481376363071
0.937851174438394 -0.676120412746053
2.25710475452478 -0.818022556213784
0.461898577309867 -0.656104586759198
-0.0379392969263625 -0.492388742857809
-0.19661995185364 -0.616313782321845
-0.905927612746379 -0.463629758725238
-0.253628235300106 -0.471357826786182
0.248346395471281 -0.697805241473444
-1.09662612930271 -0.0963464432896636
1.56551284361619 -0.799943294632178
-2.84264392727352 0.448102800575484
-2.40471692952661 0.754093051130799
-0.842785213236578 -0.110132724651899
1.1710865174578 -0.75382890133615
-1.84374262449147 0.253780076403898
-0.366613196521947 -0.490900272526058
0.856014890547362 -0.73754981501801
1.09172751325147 -0.766965028463823
-0.52399935855208 -0.408156370397186
-0.18466399797821 -0.396698384686351
0.00719762459897969 -0.562862306203298
-0.164253862882246 -0.329052089470896
0.171375125682263 -0.677505587968227
-1.36653231624716 0.330007499024713
0.609582543849083 -0.6569246777638
-1.40313069471446 0.441041662824224
1.06137585393154 -0.796668534789091
0.720563251364186 -0.593478668456371
1.01163377107363 -0.727733756889808
0.298236821054253 -0.674570472604736
-1.38001672625128 0.689634596077503
1.19450484130403 -0.770585552014314
0.0740856201003429 -0.575883425125313
-1.46337545747504 0.753233942954995
1.45971592996979 -0.774010050338206
-2.69348764163085 1.05596857281841
0.423354494344228 -0.672192503939827
2.17658763645868 -0.814692053934659
-0.0673568854848015 -0.539623705550612
0.245484497149893 -0.550293052704322
1.31758773551143 -0.804025245610025
1.10809184774211 -0.686327366016238
-0.608329555673144 -0.247035802356001
-0.57799506981268 -0.427287460860823
-1.29671578822791 0.568776589712822
1.92107038234905 -0.80758604185913
0.914409754508826 -0.691058423986128
0.967794344104171 -0.739332758511432
0.601769400549818 -0.779089303076501
-0.0876989889759207 -0.489662473780938
-0.501548640987418 -0.222684795012572
0.765920287592653 -0.716180185251868
0.698678778256389 -0.652676356911342
0.614817781843253 -0.723375234562092
0.468236262933733 -0.621528473747042
-2.27441435955189 0.864461330298493
-0.37298240660646 -0.336905756159223
-0.629779580289738 -0.42088375998225
-0.172850275915506 -0.630198098777426
-1.74861448066749 0.991841563384509
-1.27116110223814 0.277486227667011
-0.710966727471857 -0.253412060537283
0.488499888452539 -0.582294806710248
-0.720645073238291 -0.0834456122919368
-0.229031805826962 -0.489685835763063
0.229806075747285 -0.696137375328202
-0.695806902897741 -0.31560743662409
0.551805334212443 -0.626348009614649
0.928095849289116 -0.74796458689646
1.53187532693355 -0.790762016674903
-0.861521596688269 -0.378982276776441
0.0525123421753303 -0.553953868551032
-0.605763360142265 -0.514983566170055
0.208097270884914 -0.575099418782766
-1.82148621935031 0.375605890614092
