1.76292039515121 1.54316930143353
-0.0334907470799553 -1.07035313788755
-0.0441421857394915 -1.11366647389299
0.028001602272276 -0.975668255152352
-0.24695312708437 -1.11122845690289
0.0256738529143254 -1.13024107057584
-0.148217041056957 -0.980646644748528
-0.793520506242532 -1.23324253126591
-0.56139148174402 -1.29500701899837
-1.64414706320589 -1.31122808324743
-0.552469523610607 -1.09711148648612
1.427569728841 -0.268693733312115
-1.4573194770049 -1.33739246448636
-0.620886583269436 -1.26482269471668
0.0975978386837771 -1.14536551250563
-0.137802300063188 -1.02833527749419
1.76832080280979 0.535690107767616
2.60282974850803 0.164955793615378
-1.06129164307483 -1.30928353427229
-1.67047948768547 -1.36735186946243
-0.848570091949538 -1.14470322989552
-3.65312149521669 -1.4471764281129
0.966996896408841 -0.59776674681944
1.84768819474791 1.40158248493239
0.202424040310103 -1.12603835813281
0.726674609359341 -0.783104973899641
-0.503038482197135 -1.16266801567282
-0.112894454013778 -1.17542468203015
-0.944903682645466 -1.33387331471884
1.73809123031772 1.26410384128342
-1.1800277526968 -1.30949136762836
-1.52660639969844 -1.32480823630318
0.169001012986532 -0.944802974690559
-1.0785097257456 -1.29544759846112
0.337054032226592 -0.867033236077106
0.00576196156726236 -1.03801582435891
-1.43121673945559 -1.26901675549049
0.583274275697076 -0.963535228626403
-0.690420557957369 -1.18243003378539
0.347894503566288 -0.776215674811337
-0.452249844858933 -1.27880120581389
-1.21585294397826 -1.29545758634985
-0.0132467837802539 -1.14805386643386
-1.15045847290722 -1.29058741135602
1.7843069357639 1.51075427665832
-0.700356646594455 -1.21159477732637
-0.993309139524802 -1.29502100019819
-0.866236112110422 -1.22377717051534
2.0778050537147 0.292293762201214
3.06401895089653 -0.235139263556685
0.828194304265117 -0.846345505039543
-4.15607947314044 -1.46276227251017
2.23589851557614 1.90145237482374
1.71136437965161 0.27477135317371
3.22647152916127 1.61597247027412
0.429249084645719 -1.01681553912072
1.34787762785799 0.255271469450178
0.561969416009465 -0.874925777641798
0.624475876526555 -0.541888403935248
-2.38584029652082 -1.38299798576265
-3.27541915147055 -1.43120957908327
1.72646716715829 1.21108569314883
-0.375404933689323 -1.05469778675678
-1.2334469520735 -1.27993720575761
-0.202659665046288 -1.2290284828458
0.27157254759768 -0.76388348144427
-0.78442021460442 -1.18686927223805
-0.324219235251941 -1.16522498632816
-1.43303870650509 -1.2688950396947
-0.245312314498915 -1.18436107438899
-1.65210326149047 -1.33567250039902
-0.655484652305326 -1.22370132460555
-1.61079602105874 -1.37253191904274
0.545610075716937 -0.888815624766069
0.567344495467035 -1.09256017357876
-0.45805736826929 -1.15853878207342
1.64088359913936 0.844758797564709
-1.28314334327417 -1.28244987983465
-0.193996191246445 -1.20891931773926
-0.98231732603893 -1.27226327140249
-0.141316785778886 -1.05561199317844
-0.368905720279618 -1.17416556855866
-0.164646195800694 -1.12643948932662
-1.50193815309197 -1.33359062698538
1.44481598783872 0.223214973719394
1.07869779324244 -0.388699814444457
-0.203619990322322 -1.11974326633279
-1.9237325390571 -1.30659000121689
0.322368130866703 -1.0682617460274
-0.787432405802407 -1.223314058558
-1.11962942780962 -1.3252831686744
0.676839652279562 -0.588441181257464
0.244490432151586 -0.929925474725183
-0.235519038437511 -1.24880522997528
0.354198660575795 -1.19220824040689
0.463386381405148 -0.727828920606715
-1.34950067021369 -1.24946873351704
0.835740389954504 -0.453188761627743
1.86839585843039 0.575418048505956
-2.02220097851007 -1.36553334668386
-0.255705619756091 -1.30381252576984
-1.36311869808101 -1.28238322633813
-1.07900375575054 -1.34061504906346
-0.696562487057957 -1.31218625713064
0.499727824034957 -0.614997886772401
-0.503728842856019 -1.19196851592039
-0.318786983488084 -1.23425460066802
2.22397662895316 1.32551894264359
0.961462578603831 -0.558194538031259
-1.63741191100816 -1.32401463226672
1.57479958192636 0.383125456411827
-0.164549580738623 -1.05403022816071
-0.545391961136446 -1.15283992475099
0.23398618122266 -1.11365547101319
0.518135037095061 -0.593702161731855
2.30100676689909 0.991735770561413
0.908455897449909 -0.447255476095121
0.213593432412763 -0.905666711217941
1.12430838502122 -0.184772875792464
0.671733896694138 -0.52961513139859
-0.0662804645445018 -1.26290048331379
-2.63590357846583 -1.40847576847497
-1.61239607633937 -1.36070649390243
1.22808598592411 -0.646202385843436
-0.919274954384631 -1.23898312479645
-0.914657759837059 -1.2247999700787
1.52225234794795 0.0768640909355118
-0.591655797549309 -1.08938258288462
0.131204510333776 -1.0026487890849
0.15158269417086 -0.857641728321205
0.595498238944643 -0.646954780820826
-1.87190185927447 -1.31384269429586
0.117616838972146 -0.986877174161742
-1.55635113070864 -1.29957065882499
-2.0985347885345 -1.36313360665705
0.705816985441852 -0.785759446460928
0.407604240342797 -0.824820866031224
-1.24634061660042 -1.33268549655026
-0.987121949035046 -1.34589884384222
1.17267756915276 0.102413365974466
0.299551704224241 -0.887308367987215
-0.494131165537146 -1.08854922482254
-2.55820147081577 -1.39944793246939
-1.2614154074178 -1.28886231800338
1.18584218496063 -0.140634823645532
-0.734375576146921 -1.27748728350873
-1.8552594754308 -1.3470855864452
-0.530491166772185 -1.18893901858433
0.0501858103983467 -1.2008517660426
-0.783304505109723 -1.25798132988688
0.122534836922425 -1.01592742029509
2.91110961710155 1.23316571437972
1.61490514969466 0.618946774989351
-0.791197683310751 -1.23422265239334
1.15540308787398 0.090855189476559
-0.405623989806507 -1.1737482454542
1.47814832745263 -0.328443446583242
-1.32273810850716 -1.31708614837169
0.283292945379886 -0.80692704350761
-0.184999856201797 -1.20734211085683
0.119439887826483 -1.16070715687503
1.11176298848137 -0.484638138509225
0.423409379270732 -0.871717516982561
-1.5306636752928 -1.34434298608099
-0.137243017448852 -1.12790346631673
-2.14510521734822 -1.39072754554095
0.792679592615613 -0.987149115566248
0.0129148408454661 -0.901429595135466
-0.811327362880333 -1.37879108283043
-0.0852153710098381 -1.09016154434879
0.0115132189518631 -1.05755415889036
0.131654443267404 -0.930178573530886
1.75680172437648 0.857655997265771
-0.951741483220767 -1.24135939802125
-0.81192256946765 -1.19143309373991
-0.721139535584566 -1.19389546215403
-0.605420122529449 -1.31316412466296
0.0938850465453285 -0.970139251759197
-0.9924897152974 -1.25820193584448
1.37244586417656 -0.109755575798194
0.146599665399041 -1.10024793737523
1.02766619731064 -0.405520495783929
1.04260457380459 -0.266985569328432
0.72817570295387 -0.758509666744056
0.584975885241216 -0.958529113241574
-3.25206823851336 -1.42834488524666
-0.522218154752102 -1.20525125363209
-1.63373063605024 -1.34610674207627
-1.11436389386072 -1.36474345959843
1.09194745780019 -0.642904065679038
-0.317767528479259 -1.0306280833264
0.815031065684676 -0.743206545660333
-1.21065250100113 -1.23813097550567
-0.823349581975841 -1.19041417862819
1.62056831925212 0.686749019247073
0.35596294802833 -0.871939622403302
0.262925453735633 -0.917037295445873
0.00912111764551246 -1.13658911580065
0.53291793184541 -0.868071856800324
0.380867693845964 -1.03888928115282
-0.600770942554439 -1.34219751935915
-0.916814380167147 -1.22172163429468
1.96118406265661 0.0523647026102014
-0.210103863431174 -1.1179067496074
-0.513930247493909 -1.20035686901981
-0.0156608039109002 -1.26780229748134
-1.1401845982739 -1.29966770764846
-1.17753407840451 -1.19378543310973
0.52406631932192 -0.858932740767886
2.00741349654139 1.33694121216214
-0.60678883944811 -1.22897148209678
-0.611748031993988 -1.23033927513336
0.236457310522069 -0.833346431060332
-1.25738470705781 -1.31184940108672
0.276915482590535 -1.00144379508574
-0.898681285691324 -1.32886760640196
3.42446512386637 0.660626314654431
0.0835034296945556 -1.10253536725684
-0.783136030437205 -1.20567065038279
-1.38437490650324 -1.25093050217933
0.378556117079643 -1.15768403471712
-1.49387518014303 -1.32141614432085
0.0354125642439846 -1.12157655469154
-0.00056332365307988 -1.09427987844958
2.18609118024886 1.82150112962388
-1.30885049921375 -1.34881106586498
0.180876504802994 -0.903285257161296
0.248955728605167 -0.901770865328495
-1.45238514625481 -1.31606517920405
-1.8164990607722 -1.36941678887493
-1.70352955986773 -1.39810700071592
0.952990814237181 -0.325751863467378
-0.0562092319780881 -1.1783814344268
1.21433197651999 -0.553560783612638
0.0777906035183571 -1.02547795029517
-0.0133006807902888 -1.15816474084083
-1.59772362433097 -1.34144230503213
-3.26158211942297 -1.42590609722471
0.987180204481076 -0.580326333808112
-0.3255908615198 -1.19967324541735
1.03996082908431 -0.837634855290288
2.19383818754451 0.324748115086651
-3.28490557185483 -1.42426234283381
-0.756897892077976 -1.22763017271435
0.376100721105511 -1.26973546058012
1.32491742455341 -0.0561072508693079
0.111599119543061 -0.973143358898704
1.93325689727539 0.912095759945133
-0.0838405657562278 -1.14882589009741
-0.134952463177189 -1.18814511702233
0.544490673700169 -0.948053504151738
-0.488649559587549 -1.21218129157835
1.91297040408912 0.456488465814494
-1.19064004345484 -1.35922438596127
-1.15260757297407 -1.2170280455453
2.29185205769729 0.319984906575814
-0.251135017504901 -1.17214247763932
0.680300075716593 -0.897048342090791
2.61004526685137 0.527819528340344
0.29645913221552 -1.08708910092195
1.09982264930944 -0.716225782458057
1.09414545332352 -0.725064158211581
0.480048682422058 -1.08709806793882
-1.34879308122593 -1.32480246289765
-0.208023550355597 -1.35888799407558
0.456132779025033 -0.926778368865885
0.74432695211663 -1.06046780641379
0.045352226864161 -0.976774022701258
1.41568594139475 0.702476514336269
0.897130346046756 -0.683390646342145
0.670007734138232 -0.628098239788982
1.94424425672164 0.154476289168355
0.0952077358479307 -0.973798701548889
-1.15699872800291 -1.25124552611521
1.16920153753179 -0.0299894283899625
-1.43017061515087 -1.28185021718067
0.509884081057785 -0.566280623896316
-2.55378199763648 -1.38099119157837
-0.0953989498893032 -1.04229591033408
-0.620520765829349 -1.22782654399213
1.67709173527791 -0.494862455605347
1.62495467945507 0.47174919418934
0.168853968374528 -1.30742784552041
0.66961849589576 -0.928904278933557
-0.398779135963853 -1.1929321724886
0.0340809289452255 -1.13626894852772
-0.145176916366795 -1.00355955921457
1.06429335388081 -0.371067351277883
2.54769370514743 1.58591440285756
0.357117116015991 -1.0820251304903
0.978644063434898 -0.347819627998193
-0.70427217874151 -1.12809317709207
-0.899742683072419 -1.2791268953562
0.081206566416617 -1.04246278152857
-0.0970766319106364 -0.933086395727342
-1.00356636325529 -1.31694142309954
-0.16182636384289 -1.02631332101053
-1.46320698290732 -1.26976747640009
1.80741586707502 0.321857672615231
0.524396995110644 -0.899026257081542
-1.20510677391075 -1.40722629624856
-1.57471841755816 -1.3103396471205
-0.0472589459556997 -0.882413340919288
-0.404871698317895 -1.1555161877397
0.576697922516075 -0.584045985204902
1.18038831533991 -0.246710112128066
-0.239840190286151 -1.08352990185553
0.0747767371667715 -0.966608963697291
1.30889043601472 0.027240496336338
0.56030611156499 -0.735523458375981
-0.508796695048557 -1.22819016240469
-1.04622576315233 -1.19519118207458
-1.19114413580013 -1.30374518428772
0.199177687090135 -1.02120565255587
-0.0243428203950048 -0.994379931368828
-2.07133202861913 -1.35922336448105
0.122593861999691 -1.10890218254908
0.712072848272936 -0.963956292833912
-0.142502585130899 -1.11437115351568
-0.443731639729136 -1.2231824804357
-0.443344219434574 -1.18482544882398
-0.124442876436316 -1.19713513941934
-0.670393104062159 -1.1939934461659
0.189213287415306 -0.97398004808633
-1.11883571274067 -1.28276182205367
1.33033500680573 0.50307655689121
0.275002838665115 -1.04262872960859
-1.23285314592713 -1.25724630074864
-1.24949605258927 -1.30369744893661
-0.224753017474485 -1.08402218632935
0.371941455351616 -0.898090062753871
-1.08545817932744 -1.29481108500707
0.109407944709659 -0.926050313660863
-0.234621652765343 -1.11455650372944
-0.199986640878156 -1.06500104984112
-2.26858946102474 -1.41476100687136
0.138255415434346 -1.15378590770953
-1.88785887926131 -1.36312173832978
1.12239077603027 -0.190228603192961
-1.09358561441517 -1.23058605984497
0.689023401701789 -0.438736127398558
1.21515398911962 -0.10139694115949
-1.54027621314078 -1.2803319772383
-0.606738485437465 -1.28443283007349
-2.80514177099396 -1.39961121836207
2.32359669779599 0.59806951456289
0.782372997906165 -1.10638636302001
0.805273411829469 -0.522676087327721
1.49378086310425 0.592503673664706
-3.42844655369889 -1.43619387285714
-0.741132085456132 -1.19800489690033
0.231690740105074 -0.745184471249746
-0.052568666903616 -1.2886527137953
-0.220872744254493 -1.07653815135395
-2.97785579974958 -1.39842503923917
0.77437780996385 -0.685812084253178
0.930869033148313 -1.0737817497236
0.969663084426725 -0.497634018271526
0.247303573304636 -1.21211755309203
-0.334492379997245 -1.25840472240527
-0.252781429804898 -1.12540306702532
-1.54238370427213 -1.3481593696874
-1.79683447606675 -1.32695536779845
-1.62312386590279 -1.29845840742038
-0.38191241949426 -1.1621487998825
1.23510670775314 -0.298378427146855
-1.07409442126953 -1.35861758841728
1.19484687807337 -0.393791040309844
-1.71382524955638 -1.32574349056625
1.01622167272629 -0.413793051245327
-0.818529764557268 -1.17379468188452
-1.97935897797712 -1.32239250134922
0.198884229356933 -1.12941111430591
0.671569856150298 -0.93885218532656
-1.60385952163993 -1.31516560210084
-0.0804988559368693 -1.07721880528631
1.07666907458589 -0.0627129191771059
-0.18279051261836 -1.14899624908395
-1.56102826594125 -1.3611136747049
-1.41804628519589 -1.27764327995679
1.70705022552307 1.68304506186315
0.50845469214494 -0.720454421470784
0.158280552115093 -1.29606475828313
-1.04899959453694 -1.30689988974934
-3.26966939340431 -1.42929072609235
0.509157687560802 -1.09384022257434
0.809549266753485 -0.45099404343862
1.57528584438496 0.674304428530953
-0.374381446516708 -1.17523521107014
-0.837627847165006 -1.21289801535773
0.459468825765957 -0.949824302743282
1.81317391509757 0.993846282667549
-0.021142502639711 -1.19117146072756
2.10461703217589 0.455747132394134
-0.895733672196979 -1.24675969386698
1.30176091449026 -0.144916465720638
-0.2837725298008 -1.2050525242141
-0.804793676111698 -1.24885865953308
1.4842486479569 -0.0444494593314803
0.323337265506023 -0.995655778470574
0.00795164552878654 -1.19126310573725
-0.473186947596618 -1.19378539405951
0.672104427653125 -0.843592847088747
-0.316772051186979 -1.08815697524389
0.0249210056715438 -1.26602172689834
0.910498315488801 -1.19041249363717
0.0564067030864798 -0.945296150774793
-1.60385988326526 -1.31558625091525
0.901532822666158 -0.509007529045484
-0.378114355371641 -1.1327024628093
-2.6229867680134 -1.37555340591623
-0.577537603577292 -1.27261163413739
1.47815330046353 0.205699586702382
0.439182587117538 -0.978340548486786
1.80461129811447 1.43306184996527
4.13841950199525 -0.484554002746718
-1.37967154449977 -1.29802575626703
-1.87214946830618 -1.33998010889004
1.45854387262446 -0.297623853128645
1.05105626096706 -0.461345921928657
0.823134482864483 -0.580991221708019
1.67308566591553 -0.182157535236364
1.52694863906298 0.677214586903917
-0.257369041526352 -1.1693562973258
0.105069390082807 -1.21145562216416
0.1251833054557 -0.909407924657701
0.586110541875181 -1.03706050758354
-1.35811863832913 -1.28003690435467
-1.714032819124 -1.30179953513385
-1.39359408696359 -1.27915496073433
-0.228631806980084 -1.23364980650638
-0.93630954756333 -1.33077657892883
0.74151386406835 -0.825331899682937
-1.00421482013596 -1.27418548411083
2.13735948499096 0.233013751577087
1.59789978114188 -0.0968775089955735
-0.439495602713149 -1.16975251704076
-0.826169672757575 -1.22715958775109
0.941286776671257 -0.606185651087153
1.34327989509821 -0.211777921993223
-0.368329559895384 -1.08798991935097
-1.25187396167352 -1.28775692264273
0.934594349356451 -0.776020906935809
0.270780734829226 -0.851040006037294
1.57893963031641 -0.0253709266964636
-0.111568563742095 -1.22979795912975
-1.23229715220744 -1.2767477898227
1.13281602375933 -0.210898839517711
0.931038266500714 -0.681110691502817
-0.070990983489626 -1.15188989897213
0.449532291339944 -1.20255541495545
-0.156847419646448 -1.25506525629023
-1.65639461072918 -1.37618922308672
1.17282081438452 0.242083375731733
-1.19263044661419 -1.30956403838959
-1.68419300628652 -1.35137396711015
-1.8867565906124 -1.35868600509621
0.440757542260689 -0.943611827834788
-3.35946535388775 -1.44564855672718
-0.0384567506496762 -0.983806253107815
-0.036905714542174 -1.1144865484401
2.32028972209581 1.73199062551549
-2.92667958445401 -1.42464428871281
-0.0975560715445768 -1.078815643927
0.840927197947124 -0.549922349081553
0.870312098644552 -0.670168783412578
0.390860721588094 -0.89411277467902
-0.518927323222387 -1.28301196180326
-0.151781202840313 -1.13576075169976
1.84217031037198 -0.26282821903682
1.77980134306936 -0.143436886670642
1.01083167754266 -0.667509858265131
0.429823343487617 -0.851556554976571
0.312757374489891 -0.863092435913973
-1.92556326794733 -1.34143432171967
1.2233574133518 -0.842267469634683
-0.8557118585281 -1.19052337353259
1.75665993124601 0.535321317857316
-0.611081551778187 -1.18360637745942
0.414616774300117 -0.80318576698111
0.269303675751672 -1.04940860734628
0.115696302224425 -1.12132455936526
0.350745892187754 -0.897383526094558
-0.725716628889109 -1.13399497718274
-0.644717407059161 -1.16692996471589
-0.841699946998272 -1.23435314282106
3.67764143069642 1.2601636099107
1.06847716660715 -0.568555930335291
1.87626137258977 0.802583281617071
-0.0822450971307071 -1.13391502449942
-1.67554668285203 -1.3691306072118
3.21445977309846 2.43615057674446
0.537732607704253 -1.17716663881302
1.31350876793785 -0.43151547100121
0.455279222322779 -1.04549353738859
-0.105734939091522 -1.01852582781862
1.97178015187816 0.721594072790299
1.35095851770767 0.00905055248844248
-0.809289837684859 -1.21283123127293
-2.9134860555923 -1.43045546466737
-0.922888728049087 -1.29440486773807
0.616333754281857 -0.704879620241236
0.100889596828676 -1.19604540279814
0.30730264199105 -0.827820512233989
-0.395498119196097 -1.37007413259936
0.22284527111503 -1.1506499650314
0.574459388243599 -0.95545125084979
-0.111660790819353 -0.98497747692777
0.0961750020322809 -1.15853652008844
0.841949893422111 -0.778092758515739
-0.820882159684812 -1.29618804345828
0.845524201034776 -0.811676164364151
1.84111128995362 0.208183172118858
0.415822859029853 -1.06331102558128
-1.52693256735989 -1.32229474909858
-0.357758374896079 -1.15086380225003
-0.345469578886961 -1.00879590777848
-0.971278307086886 -1.30653572601608
0.230117970998424 -1.0071236675454
-1.68340806746536 -1.33313100516589
0.405476627561569 -0.974722446605906
-1.34058292774818 -1.27445979419776
0.896360825892266 -0.800522605219924
-0.45977039058739 -1.11994372581433
1.01289566710692 -0.758860049296408
2.25126683336323 0.555809860838994
-0.77536972418769 -1.21019335664853
1.5652426677517 -0.105742251593244
-0.337786362236743 -1.19390190796958
0.238211649957051 -1.13786135719066
-0.462082384749695 -1.21064915385048
-0.11772270062545 -0.917836409898149
1.10750923823357 -0.396665239441518
1.46115023876376 0.901089948011613
-0.335940007913164 -1.0490684533281
-0.378341221660148 -1.11662588449669
-0.810746154484291 -1.2274283105958
0.0481118967949994 -0.949149778104555
1.08109309132934 -0.721084881361934
-0.536829388241682 -1.14824635728469
0.746747148338194 -0.68678878281284
-1.42768386793122 -1.36497480791441
-0.290317747685224 -1.23445719133279
-0.398164122540463 -1.16114540066111
1.45566311556411 0.150965536894313
1.26011321561752 0.125541326367013
0.389546090714061 -1.14272687845108
-0.61852425088783 -1.23075754673769
0.17279266253857 -0.908563537364762
1.38586159862212 0.219332617707422
1.51287977431032 -0.164531115669076
1.87013491958889 0.488742904614486
-0.442677425009165 -1.2456893385272
1.44036112921715 -0.544686676968287
1.59233278694575 0.491040281398149
-1.31609500914827 -1.26446522609429
-0.199830363888873 -1.14638867876774
1.10016403406051 -0.677492444320274
-1.72080391615373 -1.34424575409632
0.437405893383139 -0.887693195339066
2.8888373182593 0.138907209600759
-3.74415884353464 -1.4453653573282
0.0515673074711462 -1.09918210275399
-0.315126272080425 -1.16480582741323
-1.97599243506014 -1.37016880966638
0.00157870150432359 -1.16920521075772
-0.923351515975669 -1.35971998746882
-0.932637304461729 -1.21279903627812
-1.65926772490244 -1.35846886052549
-0.653920663183879 -1.24148333901209
-1.225308142898 -1.26680994075077
-2.590447814978 -1.37511944426301
1.01249183373532 -0.598453910406552
-1.24910595850377 -1.3107942114507
0.615888119952644 -0.997842685179775
0.519541028003792 -1.09625344159197
-1.01486433087028 -1.29707141790523
-0.234853717120813 -1.14647725590271
-0.237596716512191 -0.982334671248371
1.71958843630064 0.982235165235916
0.0276538062647023 -1.20516254078941
-0.656584654508014 -1.18152398866574
0.875301736513647 -0.585049304123506
-2.17961239754057 -1.38086361492394
0.421605703982562 -1.08167326941754
1.73945629046082 1.12821425359627
-0.199394574711433 -1.14485162323317
-0.0995329807724954 -1.23257122634133
2.98511128164011 0.330329442840818
0.47069507159062 -1.05029802098941
1.27477482932162 -0.812129242209271
0.88498469096554 -0.792366169507583
0.87054111849017 -0.479835942623843
-1.72811143118824 -1.37195929622548
-0.791282427497044 -1.29043396162694
0.0627001834721854 -0.98624591849158
-0.108389817000443 -1.18057927038095
1.10145944696614 -0.540524311266438
-2.41179664342449 -1.3858101368578
2.0214069082774 1.33739957260843
0.361216241336559 -1.10959251342132
-0.665514815915954 -1.22941083850605
2.11820401111048 1.15114251164894
1.37371417032289 0.486339632937173
0.826588390960795 -0.751576419702125
2.01220540981779 0.832389209103222
0.457481637108842 -0.934100219800613
0.94375906540856 -0.436180169871378
-1.27260659187689 -1.29271136661197
0.465513448816523 -0.963455132903059
-1.12488366919189 -1.22233749167704
-1.64970203001336 -1.30877256137401
-0.442131984386694 -1.14016111533143
0.31247631317119 -0.729422479933719
1.50962782590193 0.545510189646787
-0.519156470218177 -1.1319722979257
4.64153070909852 1.81452658746155
0.766791743726213 -0.83738101247625
1.03277760412658 -0.647105895089143
0.829210799511131 -0.945230930243584
-0.625506788283936 -1.33354268650362
-2.02925639907865 -1.36642588683291
1.18020852524689 -0.0409886719010827
-0.757333436412095 -1.23815011113414
0.520903897247153 -0.899298687609686
0.182624175819005 -1.04599191204206
-0.809370520236583 -1.22505664806474
0.249222200214692 -1.13625302925634
0.944607326855733 -0.472847885788151
0.370096329460795 -0.996002354561885
-0.56762850925102 -1.07656055673089
1.63001192496894 0.751941107730798
-0.665416614310014 -1.21042498907241
-0.601899803878615 -1.17231119042547
-0.0843187893257201 -1.18638749570875
-2.32346330293206 -1.39901205779199
1.0781593221338 -0.318643684729201
-0.165965817251763 -1.19826733958118
1.73869313428349 0.0141654678912223
1.47137791954806 0.598582522308179
1.10550689469164 -0.399432765369365
-0.174165216792379 -1.07806047771323
0.569824420956607 -0.959821086847309
0.342852235329612 -0.775739367295452
-0.31818765905699 -1.24039435490223
-3.93095363797553 -1.45609060615003
1.15160463407897 -0.473639770167479
1.04868355744069 -0.708328712373907
0.725682261568257 -0.830516864435889
-0.077080126960502 -1.02722919736482
2.66163930066108 1.16481804249412
1.64072570517236 0.675703658514325
1.22268359408857 -0.48741269131002
0.345437888335244 -0.932487549135634
-0.26313430171337 -1.13945935449251
-0.15549835014884 -1.18741876609178
-0.218196004291609 -1.03802929024918
-0.894337002792388 -1.26650159148634
0.0702770586122332 -1.16137919018788
-0.610667778205128 -1.21580140069566
-0.39855467994353 -1.21536429273129
0.296883403387782 -1.22074316468763
0.909151548523571 -0.646489579439376
0.213532096061816 -1.02221483348806
-0.320075831180504 -1.11144402083976
0.379129764514051 -0.677581971955808
0.906546731362491 -0.8331074467032
-0.849950644657855 -1.24988130708836
-0.303526496526912 -1.1173747482317
2.12187420657046 0.72658146317653
0.960196573001601 -0.833577408652581
-0.940382679148924 -1.22048736893577
-0.0434310072398707 -1.10041327015987
-0.318551888604969 -1.19711079863193
-0.909536990843766 -1.16390283257116
2.21989997113035 0.547074317898095
1.22664413521164 -0.109080998428867
-0.177684397862707 -1.18222568272324
-0.0694817856994751 -0.925207443972602
-0.269342735491014 -1.07318340713178
-1.21769600759805 -1.33055809911377
2.7630900356874 1.62798625086542
-1.7367208971089 -1.36185427159198
2.35301208167757 0.960554922916347
-0.761528249029511 -1.28166820311774
-0.383353549025054 -1.11446155522238
-0.435479709704808 -1.27055525084497
0.131216551147196 -0.97342680592027
-0.646636252434235 -1.23541829406515
2.56922077488503 1.38616119153576
0.654557193794969 -0.853360894557387
-1.57804236000062 -1.33177086710691
-0.534127256608402 -1.15409173619946
-0.917833579138584 -1.17487263614488
0.505326074838334 -0.755505775945028
1.34530383203854 -0.144320114825422
0.345233646374906 -1.14353532602283
0.619785249234245 -0.708476685864042
-0.899560703575166 -1.23011670336349
1.3940363540184 0.0922936103477383
0.295634648103338 -0.867819379242156
1.1972420445648 -0.357475150611228
-0.165095592516452 -1.10235788529728
1.4416343519081 0.253509707696743
0.0451083404282988 -1.0895006774762
-0.978128781349347 -1.31774560990549
1.42804338188846 0.0320649958906074
0.979045703631347 -0.443037821043568
-2.10588963489835 -1.36290469957432
0.535103187776588 -0.818318776010037
-0.852380871891374 -1.22771426588694
0.700060020021622 -0.939476981111554
-0.00171031198196322 -1.13250393241045
-0.470353812259214 -1.06983228761592
0.326015373346602 -1.0142300023256
-0.739754824105559 -1.07114782190664
0.370116434982392 -1.0738433095469
-0.502767655184439 -1.06807836531797
-1.56584141347419 -1.33315743074699
0.998204419560144 -0.330147179231113
0.941273686818033 -0.460696224486504
1.47305607271895 -0.202002276260432
-0.267920235423983 -1.11256568862415
1.53416845566197 0.213518714298117
0.406111966578296 -0.707340796959475
1.58591431817133 0.347065762932635
-3.01356141759102 -1.40488511827607
1.40292368245632 0.139441080928612
0.568617205970977 -1.16403093572693
1.26990771530211 0.172658903755679
-1.03309402744506 -1.35459517682387
-0.545160606006705 -1.2763498141306
0.466552996620007 -0.902749806951051
-0.00203159149459309 -1.05869091829539
-0.723239084629628 -1.22024747641116
-0.777758536440691 -1.20105871915279
1.28048204159341 -0.0775818535786661
-0.0181722519860021 -1.08543021516919
1.1494300762757 -0.405104484813177
-1.17696503895613 -1.21449913369943
-1.43663830665128 -1.35375428601489
-0.211709745754188 -1.13030917278586
-1.12280902260564 -1.34707829859083
-0.562391055027207 -1.14137397248768
-1.09629265154869 -1.27536485834766
-1.36738924388701 -1.30185308754263
0.724288376533028 -0.759464602493325
0.0419545469723162 -1.01131225874634
0.0520621559491952 -1.14131428902103
0.216862521292143 -0.923432233287914
0.946142124506852 -0.417157114223362
0.032366602911114 -1.09909565020653
0.276666621095856 -0.833453962914367
0.076607151705796 -1.06551236529232
-1.66707461841722 -1.3361920629588
-0.0821206915335203 -1.20795563667457
-0.639699008534998 -1.17756601137724
-2.48651268865607 -1.38613454109588
-0.0343711883035469 -1.14454364406153
-0.0485874531081626 -1.25096233813702
-0.287931967650439 -1.04850387086321
0.294168351735953 -1.09541310975271
-1.01090496547001 -1.2220188781222
-1.74290432974652 -1.39071666121041
-0.475767839987103 -1.28594990015578
1.39029451032621 -0.289563466483837
-0.433094525782313 -1.16725117831648
1.87407212529879 1.16834589632414
0.487690091253996 -0.7555362128758
3.53739162617269 -0.483263917414465
-1.34504669218847 -1.2369856855303
-0.848283730540084 -1.23770529313085
0.86986428103878 -0.753134990573572
0.874989521001109 -0.732131989180222
-0.686904080905406 -1.30557256737905
-0.876020135272459 -1.24427243312245
1.26225451694578 -0.347741645764803
1.00818414320361 -0.525655192205277
1.16924604673068 -0.349113166156267
-0.126584003850263 -0.959980446556569
0.315176653631201 -1.045200541024
0.544814152457056 -0.947718315082071
0.834271496638483 -0.524982882510697
-1.6928546092302 -1.36616025202328
0.12482278240594 -1.06519919407256
-1.96217491884186 -1.34510872824126
-0.967538214909979 -1.1949216950511
-2.72110594725544 -1.41629891064845
-1.74823948493127 -1.30650495648957
0.538400213540386 -0.978296065212788
1.47489176035088 0.29264099772932
-1.64906088030936 -1.35971162244569
-0.911426895732083 -1.24268244798054
-0.924053576137519 -1.23087917467523
-0.435028768005557 -1.16779346912633
0.783200895265753 -0.68177619932043
0.442253191123658 -0.778074727904905
-1.76217889473509 -1.30903022867813
0.368621241904756 -0.759125501074293
0.697000170242779 -0.682105206559246
0.54588950281456 -0.619658056609576
1.01709947845978 -0.388667221936769
-1.65932297253691 -1.26121620879507
2.36715593603245 0.326079572660855
0.435947575672412 -1.0138405572856
1.29952636799332 -0.0912399450498881
3.20651394018553 2.43436181864767
0.0672139368845166 -1.00941696712907
-0.945026678222663 -1.22869946912299
-0.879726392988061 -1.26759604970658
-0.199333518248127 -0.962986639691316
1.05884651832424 -0.856335531284848
0.724311061202948 -0.758881536272768
0.363595490642614 -0.987595304525958
2.89158294350733 1.95531140986297
2.56786383970252 -0.193247455939093
0.513236365205079 -0.650413075717567
-1.85231401995751 -1.34660595039455
0.935169584347721 -0.0922944622831362
-1.25802435026975 -1.32984715721116
-0.0578844519090767 -1.06213424935931
-0.169423107421311 -1.08475584566259
0.213932929026001 -0.989014007686445
-1.01238125998327 -1.25463036934022
-0.642764613312899 -1.1334470203368
1.07861630161399 -0.151197521896276
1.41900659898324 0.0138082382372416
0.63314046771574 -0.791828032604136
-0.00317102168703149 -1.05846187882974
-0.229196889812867 -1.18199725092338
-1.03666244893373 -1.29706624207977
0.826456769938145 -0.275694850436269
1.49254331839853 0.343459924623598
-0.86806715431455 -1.15798884869775
1.64606599720627 0.0892961301467699
-0.13757217750929 -1.08005302196614
0.695561826775701 -0.813412409308937
-0.222007307090436 -1.18212174779713
0.0279859893422979 -1.1597790927357
-0.31835715097791 -1.16178558540031
3.11540717071991 1.35950334746257
-0.842731179913573 -1.27388091932661
-2.32515973329758 -1.36533194495567
1.33265390882305 -0.0299796836048942
-0.619412045677732 -1.23163741641362
-0.308683397762516 -1.04610092025517
1.0142054013788 -0.548614971880619
-1.43482090428013 -1.286976231241
1.78678436610298 0.474821573680721
-0.977908049777036 -1.27411505358935
-1.26773661403291 -1.35078470003885
0.124498895215396 -0.969003179111926
-0.502404350811909 -1.2084331096668
0.938973567746888 -0.753144379943139
0.179165474352398 -0.94959873578275
-0.430735271274016 -1.15452166869822
-1.09956239141993 -1.31585728345192
0.135433589421614 -0.898423080251413
1.59595783965803 0.59110066745479
0.662115341742549 -1.2201603862806
-0.0235163217295456 -1.08459093442998
-0.418376668972981 -1.23676492139579
1.81677827172391 1.1606737870553
0.854963140000258 -0.46622440356914
0.280076142298834 -1.24777901492663
-0.191663966833144 -1.11581328587932
-1.81932851429676 -1.32939280240342
1.34598283290815 0.563225902332062
-1.85062726735736 -1.36025747236719
-1.45008727909131 -1.31122414850545
-0.368922749778783 -1.0615590013585
0.0229042698798594 -1.09460207035974
0.515126093567539 -0.777452733934295
-0.657577908633427 -1.22319869913415
-0.87892247910293 -1.13849618964801
0.753043490243314 -0.97386019227966
-0.597256815922267 -1.13088597997569
-0.532319336758854 -1.18903978989234
-1.45063948368497 -1.3265579370862
0.578747687562191 -0.94631518268929
-0.770077795479231 -1.19865750743126
0.690459277128283 -0.705959569722747
1.46032785530599 0.0384264762796035
-1.51044108075938 -1.39258437564196
0.782053837577723 -0.726689183709752
-0.00599705982948345 -1.00405191484093
-0.258013037933178 -1.09394672895203
-0.652970694749364 -1.24685801011317
1.01246330701346 -0.450526306972045
-2.46469072484877 -1.39635044428646
0.797297207230588 -0.583931205856753
2.08104548162235 0.58011463010523
-0.710734513598725 -1.22988300449694
-2.24283734333644 -1.32257066356452
1.28478054302649 -0.217521164399823
-0.49044057396716 -1.37301003680186
0.284032348445209 -0.9826083402059
-0.684834303406263 -1.08120113508479
0.285867191502647 -0.994888927024886
0.116264175876816 -1.02626715840874
1.32027514861453 -0.236284066699087
-1.84661829408405 -1.3453779528097
1.74163084621417 0.40721223695557
-1.97060890856445 -1.35886561856689
2.05573244629631 0.701773202050355
0.0626245342869278 -1.12240887230735
-0.440210614848163 -1.20560383431799
0.434475687378617 -1.02673441769105
0.237303462165294 -0.872453452827745
-1.57936756225405 -1.27238884546991
1.95382017955964 0.083666524062269
0.297819787664778 -0.857018472007975
1.27387074158667 -0.570801889155663
0.0926777221026784 -1.04994200753426
-1.17380490348546 -1.39594185107603
0.350339426165272 -0.99083111191575
-0.489006663818123 -1.20610358131068
-1.04433338215223 -1.32756302814297
-0.179828034412859 -1.18121189274782
-0.658272269288584 -1.23677030036584
1.85591598542237 0.414143678557029
0.532454442408542 -0.710935087840869
0.223830554722566 -0.992109615742012
0.482580433944544 -1.03666651153292
1.10304198651792 -0.467934976938684
1.39562205245972 -0.319938519377353
-1.01405337315489 -1.22284677122706
1.42251947812756 -0.0861913499751679
-2.66663647152313 -1.40341928054412
0.397351370879343 -1.03247646462632
0.0193130519089304 -0.978023257352462
-0.456227604497303 -1.20510557712409
1.42802553759389 0.685115180790169
-0.0509530906500961 -1.12369886197478
-2.06791868311121 -1.38634805323567
0.228001208549716 -0.995204671903183
-0.59237688189018 -1.19199831506731
-0.150256597591217 -1.05334716652328
-2.21063066728755 -1.34260789842384
-2.19511670865098 -1.40631626183731
-0.0137630295231941 -1.09322625435159
-2.29961892420499 -1.36759911404888
0.494995272826911 -0.918827357572953
-2.15447471064269 -1.37162913937052
-0.493807261216777 -1.2292807163638
1.49866755013391 0.409700609292534
1.68035378175911 -0.145422300177748
-0.681103645724563 -1.32342318157252
-0.940924021678977 -1.22832024122905
0.199878707760381 -1.02475925715802
0.576586725885019 -0.813140757605403
-1.30028188869683 -1.29702058365151
0.696699319587898 -0.942972254053542
-0.752710661814524 -1.18414894704417
-2.12956164697075 -1.34495560834653
1.11480516529578 -0.458905322758786
2.06698480306054 1.36583430696111
-0.689060114391882 -1.23600350680267
-1.35028005044218 -1.31908249224842
-1.71265605810799 -1.28912994108452
-0.488340786955153 -1.21699113955914
-0.150439827711941 -1.16080826825022
1.00858226203701 -0.418304484819
1.2086677178579 -0.478663795018173
0.129317822307049 -1.01727860936362
1.86944975936112 0.343346504236866
0.391267229832797 -0.959881064125386
0.0218947801093205 -1.03164529785623
-0.350796869740306 -1.33947770998174
2.92484795766427 1.64067065754924
-0.259736791900877 -1.09532098958832
-0.464176067231259 -1.14383871904083
-1.81057938301794 -1.34276148206182
-0.3422421587702 -1.04826936972711
0.419414389835069 -0.79580935304531
0.744909360593644 -0.915176207280562
0.449763827426771 -0.945691063713626
0.984607890123943 -0.678329373214983
-1.3514092928776 -1.28963906367878
2.38026161861667 0.0785771929795953
0.422564464987638 -0.987052676152922
-0.419171375589883 -1.19975369953316
-0.324370717306787 -1.12359936118771
0.324978826397202 -1.17705087965965
1.85805551255654 2.01859515667915
2.11619106547645 1.31219883517191
0.508971933700998 -0.862143008739313
-0.610556824245519 -1.26171662289974
0.325614012052194 -0.82767089898421
0.460506036635212 -1.08594372587604
-1.05603482836893 -1.24092631781799
-0.962218339602373 -1.26965025204744
0.794291093237439 -1.19458997532697
1.48468094303985 0.420481984859791
3.0123281977721 1.36515475257417
-0.0831381865770587 -1.0737846160418
-0.0108878526991124 -1.3046671144601
0.259457915443975 -1.08570056368373
0.685869386511109 -0.9322724080527
0.292968575432671 -1.0623223591053
-0.170869997261048 -1.16084724939584
0.133536537439512 -0.938595137468708
-0.568673337713996 -1.23764415151408
0.0273826808873387 -1.09192677621282
-0.168512316400923 -1.13595295406075
0.791207673159877 -0.780525620892165
0.126850700028171 -1.24130247514013
-1.84248313617751 -1.36824390447933
1.05956998661221 -0.697788784516526
0.9563521173953 -0.160349274354407
3.19558282140357 2.41583407268766
-0.572439992746114 -1.16517692740951
0.225267358190631 -1.06939522439644
-1.34484648037025 -1.30620343156169
1.14153648311001 -0.647010751938376
-0.38417652026992 -1.1728503497159
-1.66150219098784 -1.32688896581662
0.452117313064969 -0.785123973059817
-1.11708399380138 -1.28062672563507
-1.18355819136111 -1.31844760605262
-1.41976294677222 -1.31503823647636
-0.442837981556641 -1.19571258814606
1.81833698353739 0.733870517558703
0.32831348458186 -1.28027790507408
