-0.177358454660411 -0.0832364018236736
-0.968278976280624 0.266201895931478
-2.38960791667835 0.224150594180243
0.0668064593554744 -0.164143696332208
-0.782006958382034 -0.00608006068660097
-2.26499359421701 0.626940871288933
1.66802877554833 -0.80883617576399
-1.33623115446223 0.122691431779253
-1.60141851165085 0.877490448403183
1.37575774496085 -0.766942859056154
-0.845963933553864 0.24831502916046
-1.60211907343631 0.0884268149596079
1.60118387803078 -0.694586703137087
-0.886062257533194 0.325245637114303
-0.738632132212661 0.297676195156471
-0.421603131871436 -0.114612894572135
0.940852605386766 -0.637425921169018
0.0362905828152913 -0.34213634629621
-0.08422420271675 -0.126382215259257
-0.0609183875641699 -0.199007766725565
2.70871798508593 -0.820435953193804
-1.72103830520436 0.466435270499855
2.98814872730468 -0.867218231234674
-0.717986487075782 0.0759032251175331
0.174172158341109 -0.294964566300597
1.98294545446205 -0.727634636739981
0.209561519478197 -0.342672503930547
2.81880572504042 -0.838464519683825
-0.0695794238931498 -0.314367791866714
-1.51431344269703 0.794054272656392
1.92811290350364 -0.772728187297412
2.01871315399459 -0.750601796567092
0.712853260206612 -0.612715230466494
-0.782788723694649 0.0805449980676703
-0.944152587679585 0.6295514020238
-0.516986986080399 0.338032834909742
-1.53018965678955 0.655879563962226
0.867462037731646 -0.629226117500009
-0.775611397595448 0.123193325025852
-1.55561230603136 0.486275195773003
-1.5531139319537 0.869652658989735
-2.97373950864024 0.9156191240733
1.92217265003442 -0.740135197149265
-2.45485327057441 0.652254208260699
0.47759390017673 -0.566318390795682
-0.612771636324323 0.499395312241694
0.389154978786786 -0.428533765673832
-0.997497822858109 -0.250873439457796
-0.0724641899150927 -0.34330361422721
0.248220301011016 -0.471868394446691
-1.49474900740892 0.537214834882572
1.86621876503698 -0.790569905199256
0.548900807915233 -0.460212224132461
-0.712552203494397 0.2834499718265
1.54565408431761 -0.709189000250138
-0.0642435765842277 -0.160218239052407
1.37409037983296 -0.577083606282046
-1.47832793565556 0.776436330299818
0.458053728710938 -0.468612005412996
0.74331204620343 -0.493160368792205
-1.3184191394787 0.28620157198534
1.46473474394041 -0.735464523392444
-2.03166434530175 0.461701398639953
-0.119446980537074 -0.277421614780705
-1.85749325214332 0.875446537488207
-0.180398611752824 -0.345966539040095
0.414149949201512 -0.484265308041912
0.125695482481357 -0.414742882284441
-1.84122442198239 0.61054780218105
-0.279060839500308 -0.407672184240722
1.0862185379936 -0.684396724041172
1.07227959199952 -0.641032182938439
-2.09829931054575 1.31078373141155
-0.176185928616797 -0.184063828121262
0.379365107859907 -0.486090090673077
0.560460121858088 -0.243925482300362
-0.07846846309484 -0.280434725949595
0.889706659176144 -0.651730284581234
-1.02483977327954 0.449144288306247
-0.130396243016852 -0.149077035708315
-3.52472290150054 1.31284591443185
-0.425528287472327 0.20772786374198
-0.384197108180185 -0.10587609084738
-2.30149604623703 0.275703182019492
1.74345130547672 -0.744058889610576
0.645994836240768 -0.580202634786775
-0.870553018667996 0.854857816908275
0.445523378016171 -0.612234047291041
-0.534724406740271 -0.240548416614303
-1.34627673588853 0.289145366453416
-1.32360173148676 -0.00275682555329648
-0.76906450023502 -0.234289484709044
-1.36763969999777 0.492233097534578
-3.82153019957607 0.859233815683597
0.848994494085497 -0.577389649498569
-1.14889580133097 0.331286285615185
-2.41939936690028 0.34066720648672
-0.461598719285701 -0.519171606840646
-0.507416137819665 -0.102826885715029
-0.0362934994933543 -0.46690255607964
0.678825259397609 -0.56333164167578
-1.1367537964992 0.463072255263753
0.757686722926017 -0.473020001509747
1.30055718000892 -0.652375977741625
-0.657071178723322 0.355584451855087
0.314503974882061 -0.211304359872096
-0.496878068282134 -0.351793478920041
-2.72971810237613 1.41884067018673
-0.787418334024376 0.16056051723811
-0.0275902355348186 -0.234757863909729
1.04546945825442 -0.55845310644366
-1.38008644214374 0.241217654997028
0.761759693091529 -0.474579068095206
-1.26005149043585 0.435250879889794
0.674249226195774 -0.493680827422512
-2.12240738494865 0.2238132090162
-0.605981055377333 0.294678385864968
0.78010751945164 -0.472437331591379
-0.982352610130969 0.500933812100932
-0.986402908188411 -0.20595769805598
1.46077728796465 -0.62066598308504
0.0726329690802281 -0.373310245995368
2.57448095650459 -0.81757574597752
-1.25876902320895 0.326419098115843
-1.54288963684571 0.283784533440943
2.01507518209963 -0.753438868932009
-0.229653802716186 0.201071489942289
-2.56380234561138 0.802060350125538
0.696808079211686 -0.550408091572717
-0.829500640796103 0.490848485210247
0.485029030152422 -0.547217411355559
1.7187734657941 -0.699128125935724
-1.83797852490122 -0.152387642679361
-0.57879412999224 0.0801259076342804
-1.94449808399965 0.878557761124215
-2.3098813415965 1.05755381604313
1.03644570715193 -0.578683861023174
2.77752729220618 -0.796262606799905
-1.66349538019433 0.255381260155635
0.0583796609816255 -0.28366129831216
0.446033662021876 -0.459441242470058
0.865504955873152 -0.501180645783047
-0.746724040822934 -0.326427951509213
0.770346664961742 -0.595693898601733
-0.626358947802702 -0.0523105061171876
1.23686599222034 -0.694414947677394
-0.179267649676432 -0.307582666704667
-0.1151985154857 -0.161097559817432
-0.551267053862221 0.336618155580452
0.992549544570426 -0.537197708629202
0.0260081601203369 -0.417332837581756
2.02576012248528 -0.816528037591311
-1.31299395936449 0.969803198060415
-0.0642624954028355 -0.433555998612657
0.148779382692373 -0.253322163772141
-2.08627830705932 0.331045276306178
0.143188594814908 -0.319814051977832
-1.99733512455878 0.726854204277437
0.389183648708483 -0.504610363362783
1.82328993563353 -0.723749110960254
0.084666812868618 -0.525310966543515
0.589159601755074 -0.437281059079689
1.08146022536521 -0.476599085330845
-0.0369356344962824 -0.165708818418878
-1.93694346870708 -0.0688321606514364
0.749525069756166 -0.60992581771977
-1.55157749615783 0.595068704333814
-0.777342785190479 0.246074363044208
-0.0746588031456379 -0.32361922346416
-1.76360478844561 0.793730571675202
0.222392736915156 -0.570456481632993
0.940516256717608 -0.342328597174458
1.15784641142373 -0.635841606027827
0.645015450318394 -0.567741533512832
0.799235493792026 -0.696635765439091
-0.440223996471232 -0.0560440642361894
-0.201958641060282 -0.413435775086864
-0.320920923524899 -0.116182686630386
-2.738457406658 0.875595653376779
-0.0551006009947281 -0.140530084278289
0.632394278639172 -0.468815948093207
-0.0256048162256476 -0.246859765578953
0.737953547748098 -0.481626042399169
0.21188118449531 -0.486459686935831
-1.60356766401979 0.215180432347288
-2.68005909510494 0.227360550050656
1.04274469222923 -0.554885239113129
-0.439997747208418 -0.288828923761084
0.976814915524244 -0.564599620798628
-1.62155233173115 0.400873922651973
1.48368275233187 -0.638678150171631
-0.596120257891112 0.227666245917287
0.0188146541658964 -0.257435520386975
1.22268277267933 -0.737829099876432
-0.0733736573656811 -0.405297985821263
-0.0497464787316794 -0.152213931331341
-1.26651449401889 0.138279815115647
-0.514726763492196 0.0462200616022228
0.0669628084907542 -0.409004336560362
-1.12445028351292 1.19844749331049
0.65038502616177 -0.548906089455552
0.937338477799953 -0.807757860660782
2.71185752812402 -0.846507943937244
-0.00506548489808765 -0.0959287303315753
0.948269537971314 -0.636298634092719
0.802938872406738 -0.605391789577703
-0.23075812885197 -7.89258014579353e-05
-0.754976033925011 0.0552153942976007
-0.128391503787142 -0.297311034108572
-0.833148447042052 -0.242059401292436
1.15156703783502 -0.510567878514414
-1.60402505147522 0.175766561609257
-1.04989885336634 0.310937561809703
1.64618325951427 -0.739501078966672
-1.80928424977961 1.02000799414038
-0.822115161738929 0.214814276322154
0.160419655918648 -0.493057564640262
0.21879098775101 -0.130416397091146
0.416384608356906 -0.574834836599368
1.51225985989818 -0.696059670434736
-0.66317085577251 0.381455452370796
0.0591046195018874 -0.507225486803902
-0.282651424513317 -0.385655870276719
2.61149692017851 -0.852497999762203
0.823593959919887 -0.66633777091298
0.110245143219002 -0.390763789615308
0.562568441219738 -0.530305764655219
1.58297601127712 -0.685067488346599
0.380605781660654 -0.421934417956409
-1.06126985719243 1.02506003367274
1.4023408231369 -0.720973491229177
1.24568341307556 -0.712659259149696
0.173023451498567 -0.432288566105969
2.03918040947168 -0.689838763185933
1.9225068172247 -0.793576842775088
-0.540945300414481 -0.267931053726733
-0.768089116001394 0.462660380566598
0.55090476544877 -0.357910581331967
0.694304081413311 -0.404962122650877
1.14082057703207 -0.581392190097259
3.57479943247747 -0.900429922292532
-0.146497059598432 -0.267535779115012
1.16114002343123 -0.731048134134623
-0.223297673472174 -0.169723656163444
0.588465701883901 -0.583426860317587
-0.87412232637845 0.430867284717819
3.3491133292775 -0.881752958041999
-2.10545537982747 0.631258999559532
-0.347212075464042 -0.227539792810311
0.100669980769889 -0.337653694444991
0.558456201830415 -0.670511762449704
-0.928767922336739 0.419671234051727
0.220297682984086 -0.426895602548579
1.09827493780913 -0.69130340158557
3.56767702220908 -0.899881435016589
-0.0350416554524319 -0.343188895736956
-1.71782463601746 0.568867157269868
1.30604660849552 -0.567404876579856
0.490672204850659 -0.534419873098325
-2.51043257971775 0.985118577014255
-1.26832242911141 0.0244312767927469
-1.04685337481643 0.335725435395184
0.0470820362743251 -0.239955217713926
-1.18550115601783 0.326504065755563
-0.145431417836848 -0.234160890964109
0.624221800702632 -0.558769223131603
0.647516830411327 -0.554421621706017
0.178945246767727 -0.510854133862354
1.50923796409686 -0.722618124629654
0.665396177215601 -0.494737519686741
-2.33107213422119 0.674117888233372
-0.792873851601259 0.442176942518046
-0.166616075443311 -0.18732397076563
-0.40889644063688 -0.104064164862966
-0.680856103977371 0.320195640223563
0.202809781251768 -0.310975389355161
-0.312075125183397 0.0564701837653605
0.0133066410474036 -0.344361416483837
2.0722575368367 -0.76140287807
-0.999356624496444 0.51271706635361
0.832910880813193 -0.668387259952274
-1.97894540341754 0.927981195266104
1.97214142902482 -0.805188502677444
-0.173423564316438 -0.465561413172701
-0.776291479224574 0.439845380534072
0.341563949517612 -0.51585785310998
-1.41113828431092 0.587574816674921
2.04968295318436 -0.763274596054295
-2.35679835909519 0.803614979921881
-1.22835631100942 0.656032274657843
0.944222540896611 -0.60306373824645
-0.331178970022463 -0.104476777365754
2.06503409831614 -0.830962196140127
-0.40067016230646 0.127126287322409
-0.163284924716227 -0.255764188588165
1.30821777564055 -0.662548817191792
-1.17241632824329 0.142238492568809
0.44079864335559 -0.238856072258374
0.774556140335923 -0.522405140881929
-0.269114116747538 -0.0582735260154323
-0.358379688727042 0.00458257086091438
2.17067432838752 -0.79181274403003
0.1069913221915 -0.549569398009198
-1.30444026280238 0.776649173731503
-0.338050032594414 -0.508834791536045
0.158926060623448 -0.289350571745079
2.46297690834944 -0.851888967845026
0.487967036703156 -0.385612825337881
-2.3327724267787 0.570322935630316
1.18791896283404 -0.672901385389795
-4.01996305292757 1.20803226311654
0.478912726064689 -0.410663466830883
1.30643526458015 -0.690198619428582
1.82484823018934 -0.717225463591703
-0.910921348138679 -0.0107643954527509
-0.165271039052274 -0.0652990375042016
-0.266001049366558 -0.153444718889562
-1.81004461423505 0.483360864593392
1.09185401099195 -0.637560609340646
0.623651453746801 -0.70455343783192
-1.76506124291957 0.510336264143729
0.468061698663009 -0.44599616934164
1.80880772323394 -0.624191627082572
-0.750847503768398 0.268209478082843
-0.266321647999362 -0.198874456856189
0.0385679204841549 -0.297918322177608
0.416199828493683 -0.509725213364432
1.02907321145566 -0.71462290339783
1.31980319897185 -0.685579373866228
-0.385478430425016 -0.216604320467435
-0.947929623643941 0.22661180325685
0.0516251236493342 -0.628108428826201
0.744856185361763 -0.529912734806209
-0.11264725094076 -0.48047650204891
-0.411914432753273 0.189879690052066
-0.00256116083312113 -0.214333652669494
1.50484506361627 -0.65422851840951
0.983374137843499 -0.4633239645684
0.367053107668253 -0.527621783786528
2.76301112239347 -0.87537805045201
0.554889893202918 -0.644165396420003
1.26774199111058 -0.713658888104293
-0.147664074845591 -0.00714126168930115
1.8738120804533 -0.692471561613762
-0.0357038854424282 -0.195974981387056
-0.913958969800395 -0.166572014323972
-0.929218051375291 0.191694125538499
1.44236585689445 -0.693355629184414
-1.13305396362422 0.111318033443826
0.88006890660389 -0.566303298293453
1.10129833360302 -0.537760227519625
-0.887140458980513 0.139412510083401
-2.99627560843428 1.39603274815285
0.426774326545067 -0.644495679739586
1.06362172576921 -0.672186112295935
-0.0938253525026936 -0.143958762054701
0.851867342796556 -0.72991115353884
-0.717218012769813 0.0904673341200346
0.729169623146002 -0.493179331323926
0.209080081067505 -0.452770196483337
-0.923284277852316 0.240430067505611
0.0486773443756496 -0.447411020090913
-1.36941713443051 1.11377439048503
-0.341370432902807 -0.539585496023497
0.52908613378093 -0.532169191346149
-0.350145010986268 -0.365282317842922
-0.7481119125291 0.523108952484648
-0.0286772072912346 -0.499665423797613
-0.0162267415694819 -0.410091284751449
-1.3129300000216 0.489807445598248
0.205503939353054 -0.374478751959521
-0.598216141092375 0.146184361655076
0.259563026669932 -0.389484328359973
1.78348748404967 -0.78162755784703
-2.02155664387345 -0.192327798955697
2.25694932032814 -0.79728546331162
-1.95904823632979 0.960530857117113
0.20815634289752 -0.347112692263055
-0.822864245317547 0.110012411219508
-1.44813657196681 0.242098404616093
-0.622349568906447 0.288469352176559
0.0483786669435978 -0.196883067954592
-0.546255766298433 -0.335985441031208
-0.86303921867425 0.779228362580429
1.16033640997072 -0.55738672185328
1.93725522592181 -0.788775774858798
-0.279973076391715 -0.0130536194692196
-2.01373605394421 0.543881072403332
2.09324329549865 -0.789905179079157
0.096400579489682 -0.341757081955462
1.17339766188919 -0.605256824182123
-0.330461397906263 0.0840808239459262
1.23955848997179 -0.580045517125373
0.193473096664193 -0.485038948002396
-0.959381788731518 0.309189972772863
1.16255230955695 -0.66185938868046
-1.59417750526363 0.25702357013572
0.989395122419071 -0.661612723789581
1.68687668738138 -0.732378042372837
0.0478570670152494 -0.177153453933918
1.40743044395363 -0.645792664881635
2.44728589177652 -0.80808781130394
0.0129829119475673 -0.378285060388701
-0.0311048890438673 -0.384555519785191
-2.88234622272088 1.11996774530301
-0.78249959051084 -0.139566784033838
-0.0260516444252293 -0.437150034472536
0.241830234464224 -0.618982796852085
-0.327105339973499 0.14568766354799
-0.280880608856836 -0.471869203848384
-2.53795009870108 0.939013178733408
-0.656006561651326 0.540501051152134
1.0530167842394 -0.642277051903243
0.438464194473592 -0.524584453125431
-0.699441738573038 0.20449612379708
-1.45358981054327 0.96672943645881
-0.644121375449329 0.195554822582835
0.111312801732057 -0.501508094576673
1.34043917280273 -0.752983916400732
1.50777306313575 -0.694398938044923
-2.53221749088107 0.526244616738418
-0.192849507013839 0.0742708463231646
-0.848170277916095 0.223934794234105
1.35687351215249 -0.639684990583464
-0.385782755734416 -0.0957567040891465
-0.726385981365926 0.446495417352284
0.468663897531999 -0.595965140153265
-0.565075531506219 0.286172522462564
-0.908654489414808 -0.113034739850336
0.275222686710846 -0.432114098009236
0.675937306008488 -0.518703346135766
2.44728749688105 -0.798062402250556
2.10921791020202 -0.774695092866859
0.434845443478697 -0.439245785787462
-1.76054455105608 0.47141961913944
0.0634902557668926 -0.300621617885859
-1.15112240361386 0.405624171981275
-0.805157971240725 0.618336947461833
2.56377267048923 -0.822298083285612
-1.83609437168183 0.962060477515692
0.160349946732063 -0.320830547252814
-0.017356760889868 -0.334995280722917
0.316168901613453 -0.442096765853146
4.21360486672946 -0.925087973276005
-0.284352078311253 -0.143492164763583
1.98273462042803 -0.743479575697547
-0.00444269568463007 -0.204415274867123
1.0325971592316 -0.694877834383473
-1.92907598713274 0.62522967703022
-0.821986998013739 0.00604637951156803
0.648641557964977 -0.445846204521153
1.66509583211468 -0.75547434571241
-0.211144004223469 -0.310168427384394
0.482099046516509 -0.549841486516764
-1.50746369398736 0.321048836575135
0.468611143847774 -0.551140210055352
0.710374764390575 -0.735721220478273
0.376230565768181 -0.400676785945156
-0.458167389130848 -0.222470205610412
-1.79534269450554 0.549756488947149
-0.855241296419262 0.206828219533939
2.72142743198411 -0.877846495839578
1.16936471828633 -0.647316862986226
0.967330797158822 -0.66689504016911
2.28836465054892 -0.805593123013391
1.67518576819043 -0.718807157714196
-0.928954602028818 0.237123703276877
1.21235690308617 -0.690413326942732
0.948661783337947 -0.647198619048029
2.45485084020127 -0.859247909978134
-2.21128673831997 0.947718674693867
-1.65653011550046 0.518867492651482
1.23562870754717 -0.688786400830423
0.267849774475905 -0.53676787297574
0.89149392853677 -0.546465513388785
-0.984812255836005 0.112083519882437
-0.74210505091396 -0.174664430522699
-0.68986689465883 -0.0209418188512588
0.409955028691854 -0.324245647630573
-0.626405827696583 0.0138047190979721
1.62053828030843 -0.679097977480971
-0.960607653132341 -0.247894336962649
1.75492036984501 -0.752689287172412
0.596248823953812 -0.451154219399075
0.108960404381308 -0.235929625556023
0.286168903715381 -0.352771705891889
-1.73922206844228 0.393439279846962
-0.298967058836466 -0.161254712211819
0.146871105305872 -0.42894331534802
1.80221265949224 -0.723633212257628
-0.739781058328116 0.415480777547354
-0.982979724150831 0.462402135888506
1.00806126964404 -0.61257004882609
-0.46206638654607 0.0302567769634066
-0.281865529726912 -0.0942185841268044
-2.45035380315743 1.44114040631333
-0.437668336203779 0.140431901606901
0.032146215661244 -0.204344692998333
0.538340105235502 -0.513817521507525
-2.85120605906462 0.42119459900301
0.601194326128937 -0.526153836455442
1.9054136510919 -0.754086823759372
3.06406527060307 -0.881839606813378
1.12331836964787 -0.600472744814706
-1.75266014451533 0.144491895253935
0.0178616379781816 -0.18352058917234
1.160865168652 -0.693330460100339
0.530147549626422 -0.533700707905347
2.45820766596056 -0.798562804955664
-0.680004869439065 0.165585282308275
0.997794964188698 -0.717279633418664
-2.57998825922585 0.167023881373437
0.417545126248074 -0.261825153217696
0.141365863793069 -0.221921625768168
-0.720109828053252 -0.0195598533382434
1.05737464310972 -0.690053223033722
2.18719804331382 -0.792025482801016
-1.1894917203435 -0.272075715015293
-0.843947813441538 0.320234115159762
0.561118215167325 -0.510026587929659
-0.369878608528754 0.0581066053612141
-0.701999562363778 -0.480443244685365
-0.405133624431112 -0.133955146766531
0.2038352201427 -0.498254113784688
-0.778928889319468 -0.213317930910522
-1.68612587118843 1.30283023692242
-3.64323792480097 0.615418890087488
0.790786992121294 -0.462484054601608
-0.989250801665315 0.367758338279617
0.883816923819322 -0.549244851883861
-1.0097894439445 0.727975653285293
1.54551451769027 -0.749360327229867
-2.19753685286732 0.417825259665689
-0.0874204009906079 -0.206273614092157
-1.78005374110188 0.831621055297137
1.02719981688413 -0.571019404601201
-0.151192532257301 -0.0529077041818721
-1.62039371720015 0.501672084878231
-0.951194571125205 0.470560035462438
-0.658081871840548 0.21038053311872
1.49894363596466 -0.687337288290743
-1.24750452387155 0.554004624751252
0.805167008528156 -0.745285398700329
-0.650713674521001 -0.0174004865104744
0.729799269125139 -0.498004177779315
2.81177242844177 -0.8679605903718
0.35248766809801 -0.286549152065304
-1.59951477569428 0.734376196453774
0.181233710447629 -0.0725861642144376
-2.11916771384876 1.08490663355218
-1.19825888556026 0.315245451255202
-1.14167445255329 0.135456476874847
1.02087816453759 -0.715567323039441
2.39600810386867 -0.819592842358252
0.822095393350336 -0.4619468096941
0.0544813838779224 -0.370378724672018
-2.56367288601859 0.631780981380304
-0.0926017328051308 -0.305129588222493
-0.37654808542215 -0.195418853865482
1.60849997698657 -0.717037846629393
1.9459536228311 -0.69791476616223
1.40046411042037 -0.707226325950556
2.8204030067596 -0.817658310662693
0.779074468340776 -0.533752527034751
2.11096881046632 -0.740424368369186
0.278199267356762 -0.317302334954902
-0.291892544757072 -0.0809715323221988
-2.0533480880227 0.837038402501017
0.240276306092511 -0.22059727568395
0.546934636970752 -0.58268371279871
-0.760219260673339 0.654272388283442
-0.133045288601662 -0.181441737317105
0.84055484696992 -0.408208982408995
1.58340253933121 -0.803110240547911
-1.93925085745726 0.253629744742124
-2.10945271453505 0.493692384383904
-0.962276760832841 0.0222376887778555
1.66052758980372 -0.797122280970433
1.36516617278193 -0.667413473430742
-1.89883593947969 0.412105752578988
1.38518694815813 -0.649297958326482
-0.310076637629943 -0.191801603043149
-0.661904037384898 -0.302783099396921
-0.100240161182811 -0.482353748652076
-1.43890258491489 -0.0243242234281563
-0.111146414658781 -0.295548775575872
-0.68525159823713 0.586986602217549
0.485017398629561 -0.634764979665276
0.512652629514182 -0.515155187762243
-1.874855303841 0.652686203546426
-0.896121299383198 0.28412075846217
1.68354585228049 -0.710701233223822
0.436912390755343 -0.385098054256818
2.33092954615548 -0.80933639004478
0.976218978603736 -0.605800386952699
0.185044066804099 -0.418500822413714
-2.19161602746846 0.000137208929471999
1.33629366607665 -0.644724360920911
0.145789262778019 -0.330768628606334
-0.237996198276453 0.143017503283181
0.291700859439628 -0.523874402768268
1.63293370251005 -0.690182780858656
0.382696586051098 -0.325800655313535
1.71394259339171 -0.746573863594842
0.597253272794207 -0.455366544796638
-1.52121663151321 0.266835019513602
-1.03765443195463 -0.0682840461202766
0.142635444359323 -0.47220714046145
-0.709276127180758 0.0181872802976636
-1.01121448954774 0.0955815210491612
1.23891803231302 -0.586129438006878
-0.482510770244152 0.191126337897484
0.597874608093654 -0.391581714424705
-1.0631429915939 -0.0611432721229653
0.245555411905007 -0.41076686166909
-0.41893613595259 0.012668852842834
-0.362394987700134 -0.0570533219190639
-2.93952438937458 1.10318953253174
1.00050549299098 -0.685003704618387
0.312990085410445 -0.470028732044955
-1.07879237939356 0.663048174432287
0.557053723935529 -0.512719553323662
-0.536329228544 -0.116023327750614
-0.124673268222039 -0.384633471689513
1.2011763724667 -0.84701621759862
0.791806644414011 -0.536545108445353
-0.0355372088726455 -0.420994370048622
1.38731089785736 -0.601540542809184
-1.99463419229675 0.78784920519464
-1.09632985444109 0.434127737966882
0.890838183417193 -0.652066972910643
0.734986406904986 -0.342486789565001
2.53801304156231 -0.821711140986979
1.4121132843041 -0.690749005333389
-0.375096447115651 -0.284528028334953
-2.43422966988395 1.01963219569452
-0.159052698374044 -0.38485231529635
-0.443460205955963 -0.0284392284824999
-0.741741924105087 0.468247176368114
-0.504630364411805 -0.0592534242548159
-0.390179552523433 -0.109921562717873
-1.76239833296181 0.240451664413225
0.41700151058186 -0.223068396544073
0.649700054204641 -0.479701268656731
1.44757502949606 -0.641458890260611
-0.829117147173623 -0.118925996481611
0.182033342905828 -0.118144577769456
0.096613609304714 -0.330379648421176
1.16913450690475 -0.674440055286277
1.57094354469714 -0.7547959601572
0.882047438802962 -0.592834945401856
-0.55420654823659 0.301895895939089
-2.27525910656984 -0.198300503596258
-0.117690134914303 -0.137596627534977
-1.62321227594891 0.322295402158491
1.98105688709621 -0.745683795301389
1.07823463138028 -0.527546303331633
-0.0390604337699891 -0.156001881534835
-0.743232494472798 0.192437551463225
0.921665895798967 -0.689733257482422
-0.286639492711497 0.088083373867644
-1.03625538583536 0.50228251650182
-0.129140523108232 -0.297114648504956
0.175440448195893 -0.177883512458935
1.20386842928787 -0.587976793812746
1.63337178583331 -0.667007863151531
-1.21362180403181 0.221070669520579
-1.670028306936 1.21152211710483
0.0115858230449833 -0.248770734133467
0.747818235576734 -0.675113083815389
3.3078885269686 -0.869657992057922
1.3965641368824 -0.746870732302727
0.134305554359599 -0.405482187471161
-0.066374132314751 -0.518699582733127
1.29861929538672 -0.561892586003673
-1.02563700909335 0.389691543025408
-0.263357227186103 -0.19254344594197
-2.44919059511722 0.195853510115471
0.984830116248478 -0.61917249223412
0.457772494318377 -0.446241437937846
-2.37963438933882 0.351813610507981
-1.70678913114105 0.605142859514959
-2.18122658176665 0.950502847602938
-0.0375052760047456 -0.362950035616173
-1.90962053650993 1.38278235459034
0.120165009206952 -0.260810362520003
2.91278593377645 -0.871747324102312
-2.08010432937887 0.597546024675491
-0.959878106374437 0.817014017602676
-1.99272671950727 0.300536624470055
0.206464169542857 -0.398974395793738
-0.855398783526706 0.529879540088554
1.68060395362291 -0.760837982662962
-0.925953201604978 0.304280034494996
1.8890663794981 -0.771153650234105
1.09909611577826 -0.592729852683007
1.03423817653251 -0.588034559816505
0.178411471237455 -0.420528491011872
-1.27356924732019 0.883138077469153
1.27468521261805 -0.758475539785303
-1.13766097476193 0.383422152924332
0.736412434214544 -0.427296621909367
-0.353774056635128 -0.0576493824065052
-2.35473915505297 1.2926100343118
0.144112276825624 -0.504182181482817
1.27928746624773 -0.773672379987325
-2.82006942504038 1.25118794186137
1.22809790289235 -0.639096694619775
-0.940586018430232 0.37203670324287
-2.12270810173254 0.463332179741197
-1.23701953182097 0.485554123005676
-1.6572727182165 1.6068909212209
-0.475298637903155 0.196401465952571
1.17936872438653 -0.649318696950726
-0.322979946767183 -0.275855986030154
1.11056843929489 -0.592373190407796
-0.0134054721291827 -0.29954083580759
1.53528471474472 -0.681155015472118
-1.9477228445497 0.416323649361785
-0.32475825255756 -0.367847371251541
-1.31502256225588 0.912258076144139
0.511331164588275 -0.523827035933453
-0.550363679488833 -0.147311314985078
-0.0605772888331498 -0.432169848742348
2.34990658780074 -0.778944401014105
-0.410803669161418 0.162284780870105
2.10769686762 -0.809288759206798
-0.0452672931490405 -0.366113365129088
-0.12983891579818 -0.36310772593208
-2.54941395906174 0.802473845550192
1.05894286961524 -0.511955008735377
-1.44144321137501 0.473276112241476
0.446967408808744 -0.491647778179636
-0.526154902180109 -0.162684498718717
1.61209146291146 -0.72242213077112
-0.538306559989762 0.0653248620071259
-0.486141875541043 0.175807593860664
-2.45853928660778 0.267492015179862
1.01437676660484 -0.82292315053328
0.594694942785522 -0.374318654387386
-0.676978894780139 0.105440616569745
-1.24540607836972 0.518331647718127
-1.27501993571019 0.342485808615067
1.94125543002392 -0.778450308040519
-0.780133776479453 -0.0873083340296765
1.77445248749315 -0.765017215715548
0.464243296264578 -0.461234623874925
1.51967920601652 -0.701135055383877
1.92861567475856 -0.756267424112069
-1.48387523006035 0.541154179489998
-1.76982617983372 0.680453702391441
-0.0173863244693723 -0.513616087293989
-1.38910859910295 0.798072199552518
1.4415998644436 -0.715612068872737
-0.325662986861412 -0.0252384522854056
0.118137682931726 -0.39674615845507
0.149299585013949 -0.507549819397984
-1.52490924612906 0.552891419441695
-0.972933037716437 0.60035979337866
-1.3498531657072 0.58540459354559
-1.4244149507061 0.522354771088203
-0.838466122964257 -0.0104575206854308
1.02567698160552 -0.518597695490766
2.18312327019186 -0.808202568894761
0.0916194139929353 -0.244926034204743
1.17892425189663 -0.578201914918871
-0.00775711062311351 -0.117925490041324
-0.0142950360926284 -0.125035108036445
1.6546918237839 -0.748353123698336
0.693861499319395 -0.633317498372874
1.24023208058067 -0.73269405393741
-2.91351739332697 0.91818150880439
1.00887321229402 -0.597694763591329
-1.23115265464085 0.619842002100897
0.858336191308217 -0.624289317470787
-0.146584581740279 -0.188436329215559
1.13173622098576 -0.611759613556599
0.0143521290974832 -0.443244910748575
0.308607118664548 -0.43637582584765
-1.07079534782789 0.434872497848345
-0.50342785858062 -0.374097624078124
0.199159405776308 -0.344811949302249
1.39198974490942 -0.686748182481493
0.0798714144096009 -0.236472417197174
-2.30573212862806 0.49452459076484
-0.968735448276048 0.220590977431893
0.737253898463857 -0.568382342484167
2.13537978830206 -0.734621149998147
-0.242560077393986 -0.188785054495767
0.572828621044324 -0.44173899510027
0.23084149815783 -0.286785138142935
1.37721002039387 -0.699408023678899
-0.100022964988213 -0.188698457430919
-1.91801304558793 0.855505443196324
-1.21810631594193 0.54774031153715
1.0056524066045 -0.66526563333564
-0.449421509567166 0.0315890134190543
2.85735957151064 -0.817118164565651
2.00340841912515 -0.764293686864251
-1.46024133865414 0.365990888833075
-0.195324458927982 -0.0507418123227904
0.0631479602649777 -0.283230454555317
1.10632436755736 -0.710795124798072
-0.816389900526156 0.576530965654655
1.48088562725757 -0.76358819701039
1.06791741255839 -0.428450236949519
-1.43320101846257 0.520048013119847
0.761933943657174 -0.57748703345049
-0.669581178307514 0.375219314197213
0.359170918145175 -0.545101853776088
-0.329564088378266 -0.277441173953291
-1.07546034901328 0.714470938601406
0.694692688869041 -0.414595337234172
-0.112269583761831 -0.419676098248695
-1.32959606097811 0.0692617320121605
0.122221069668479 -0.299955778266601
-1.09310532873651 0.180822265416012
-0.0548265148819118 -0.273460088721924
-0.630351358299515 0.486845788105695
0.424773988999703 -0.263282556962764
0.30085962356729 -0.325333564244411
0.755473220446741 -0.66752897948511
1.01353391676758 -0.4491198156742
-1.64833400365613 0.82295945140133
-0.342707536212504 -0.319098883987225
1.84443012587175 -0.774173005401056
3.31612221313886 -0.907255064116076
1.45199250601208 -0.667235298405043
-2.01567456127237 0.976390016281747
0.060820067956619 -0.400829215556708
0.131669310157129 -0.391323039205075
1.70011072060695 -0.690118586445959
1.45100388660548 -0.650946506522932
1.86413659406612 -0.780711300217968
0.657414175974579 -0.532695671177387
1.44184081157701 -0.739437374865554
0.3471359935457 -0.486123319851375
-0.613648990308285 -0.240833668366203
0.142080163485152 -0.395469693986623
2.35868174106427 -0.798607016761513
-1.2851083467401 0.0379754742124462
-3.7386374386159 0.595335668729751
-0.0730792274574733 -0.283994939792444
-1.52842070220047 0.806124925881119
-1.56196891113037 0.904199015698135
-0.362148572523338 0.110797344147426
0.00591948402020574 -0.341361660879867
1.55101306856338 -0.784992048388036
-1.10472071867143 0.847167431431044
1.61145236229602 -0.748167235230142
-0.040424618179413 0.0266112442419484
0.412316444189454 -0.376194379957208
3.41183189256134 -0.887669086593148
-0.489412103886275 -0.204007325195976
-1.05074860987323 0.716999594393271
-0.676034393597948 -0.00499577052761171
-0.827190436085538 0.0776925199314214
-0.808266690646243 0.396726199138897
1.12990745649272 -0.606624146396532
0.510690420639784 -0.5238039840621
0.57968278614486 -0.342917564046297
-1.49247351561583 0.112993908652033
-1.61579894395009 -0.133216097862513
-0.0593504828194778 -0.12575000852916
0.724722398914885 -0.653469390217962
0.0599682003232763 -0.409668102013344
-0.206968724758535 -0.147672508105229
0.123725054795181 -0.479022016627284
0.540738071426926 -0.613028813036591
1.08169924571969 -0.617613205526174
0.866659122823122 -0.61196345356204
-0.855521735222706 0.019771775842193
0.770693157468514 -0.452200307104929
0.66637736904684 -0.499901772745296
-0.864840004410582 -0.0563666781460309
-2.66885185217336 1.23181887415552
-0.838409588822283 0.000476862265712086
1.82935404838668 -0.792254950459043
-0.0373362103082974 -0.486245460420095
-1.49184282437016 1.06475602976643
-0.826238514459598 -0.243200071853195
-0.57611816931563 0.052672644047276
-1.4666867293359 0.727227663507343
-0.0562368399290317 -0.422200642945331
-2.26600439263826 0.647977263374194
-1.11761663690129 0.559420005266209
-0.0446396793574748 -0.337648826581661
0.265932866250504 -0.348568698033513
-1.02200081121142 -0.313402411942335
1.37433744238328 -0.614213501455035
0.0915942013559082 -0.332487302076821
-0.335058668796609 -0.139768946210261
-0.236012916540393 -0.17990689765485
0.823591525286027 -0.729068158114067
1.46840083755049 -0.611867773342453
2.29414734116825 -0.797144958810345
0.451541951753464 -0.408980986609895
0.0218402233961865 -0.479110526639616
0.284638796906147 -0.535406470659355
-1.36923701594754 0.583851115639772
1.02846047616626 -0.743626636172045
-0.871650535706917 0.0942933504040589
3.20165051017355 -0.876215270019877
-1.93822306518918 0.916338843816551
0.552185041100008 -0.652247597653962
-1.02741547203144 0.138747493296155
-0.73044486056385 0.435559148552831
-0.173391844296563 -0.224211872758241
-0.512998473522745 0.231017052709768
0.722863607705823 -0.483511530824828
0.48209120817228 -0.372409725742757
0.1190448691321 -0.560321004367673
2.54860038158872 -0.864903925181464
0.559963798574596 -0.429699201800722
1.87955084964165 -0.814411941803481
0.545656435217484 -0.529961517938794
1.03671699668313 -0.629872212043068
0.146272439907986 -0.341653685082127
-0.112608611535044 -0.462620079890338
-0.113568149678692 -0.265233923181186
-0.712199525562406 0.0110687214078411
0.948399875960197 -0.647154124249901
1.56923561739178 -0.683589866917924
0.0555356287895028 -0.171899475483209
0.633477586838453 -0.506981506845544
-0.67129778780174 -0.383040032730609
-3.02311061937928 0.754609725272466
0.883356760524602 -0.603898472326066
0.420587627641079 -0.509504413428658
-1.18614463005508 0.532369000738017
2.14942882900865 -0.834217370258424
0.826800934233931 -0.587838742893685
-0.535894423181306 -0.140111012666743
0.298805183730441 -0.434483939472851
-0.253476249386718 -0.1344212797735
0.701222855234599 -0.488137436359328
0.110527459512897 -0.418723413569673
0.663611597474293 -0.494960848780156
0.284817816373915 -0.430215764905994
0.0677452631702482 -0.227641967199717
1.56674534980783 -0.716295313718498
1.37158665137882 -0.640570952371887
-0.202907580587819 -0.133455982051181
-1.26181569511388 0.443978801445725
1.02895634738609 -0.571932379897696
-0.306139957091719 0.00450035882093713
-2.00693888575677 0.709180234599761
-0.676707550162435 -0.335874405908637
-2.64108544885632 0.54599835164344
-1.04211548822594 0.119782895928624
-0.0476755471625162 -0.423139844293143
-1.66707727959354 0.512357195247719
-0.15344521311482 -0.217448784769901
-3.15540384152412 0.751270264256589
0.00135964756233412 -0.601016972616207
-1.38986729340074 0.502153254731402
-0.820352793948304 0.126212939168776
-0.379920800210506 -0.15316748826483
1.86095454044078 -0.815775570492673
-0.30685230013384 -0.299503549325361
0.393406303991254 -0.492754161029097
0.166335362828503 -0.488014161003323
1.2976743427017 -0.733130369113671
-0.394807907213272 -0.0231012951847001
-0.630373991207913 -0.0528838716969976
0.0943145074983823 -0.467629532790214
0.0467875964667343 -0.232744578381431
-0.572025630598401 0.00733455688935081
0.0735787094708217 -0.518472262338508
0.422224427714587 -0.572089889915382
-0.602637361923851 -0.278582698417986
0.475380801381032 -0.35702356403438
0.26830445861753 -0.409241239958011
-0.999352015802461 0.157516129782064
-0.898409613546845 0.130787507050731
-0.99460292222674 0.348156206912899
1.48786385872117 -0.638716586996872
-0.0446990046732676 -0.763097982842374
0.794326737746115 -0.523011057886293
-2.24601748800602 0.703635921283119
1.47548104835288 -0.737588718117364
-0.998869191393567 0.258764365714378
-0.149172390826825 -0.0681413807681065
-0.21119419968596 -0.0224334938914186
-1.63609311920589 0.90489167526452
-0.550829115618754 0.198118017362156
-3.49236646547933 0.381938830838524
0.0165077644002231 -0.415268574434116
1.10310692624475 -0.488279996376856
-0.193070855978211 -0.256016316865258
0.904395600878388 -0.592490457464009
-0.261632977544172 -0.218761074588946
-0.657014771011696 0.247036119491983
0.704331308123209 -0.482731773067526
-0.258956086828784 -0.0963753678806955
-1.00273684996295 -0.0368270371957389
-3.06451257118198 1.29468103806739
-0.938067129889043 0.314769232065566
0.0993483996079294 -0.547881369244539
0.00564793263563962 -0.238711297523296
0.354430764810738 -0.438469811514822
0.0783801483005206 -0.327985474110122
0.125676059306397 -0.318687330424373
0.964978753227575 -0.611513387084362
-1.25964899599758 0.448606426086956
-0.0812770777549824 -0.299586203643336
-0.300821903429557 -0.0766120104589361
0.182251877352818 -0.480231304339721
-1.07487408415914 -0.503694225021659
-1.12189901043785 0.39010812079294
-1.65976340086392 0.519740470476486
-0.325581465430221 -0.232280038888789
-0.729935247055994 0.252158032112669
-3.17086017919885 0.107941500947382
0.479996989913261 -0.528235385593338
-1.21910714360392 0.835079988019543
-0.462261871699982 0.414216014859749
-1.74513525853093 0.300268286644577
0.209478380701787 -0.356529544935167
0.705186198245425 -0.646426763426465
-0.204222931826184 -0.300029624315534
-0.680196782834563 0.126641516403523
0.835839949522257 -0.503453438776323
-0.237517443515689 -0.0601311055696121
