-1.09466750161763 0.392197844662623
0.177312207528483 -0.101069282072881
0.982195701090935 -0.615070889682836
0.886157200341779 -0.594655108892549
-1.01787768628 0.252686825565036
0.712155218552593 -0.60586971284796
0.279841890455096 -0.166618132750334
0.295811972632181 -0.460754779454656
-1.8081573678012 0.912194208638289
0.562879783481826 -0.331632554594951
0.324028835743474 -0.455187542090853
1.19859918875132 -0.662773492175039
-0.0634990443570584 0.244813081642763
0.470826574837149 -0.396879125931683
-1.56338533030656 0.431783991134466
1.07703230520098 -0.510296321671082
1.2326032617681 -0.682831685310902
-0.507999948774132 1.33157893829289
0.967466289164693 -0.594776985889005
-0.520074887127562 0.179249795123383
0.465011728514705 -0.3104372238337
-0.46462194340708 0.162813876387703
-0.34505124712028 0.0292557853331071
0.381122347283972 -0.452597967150167
-3.24227898664206 0.9077566773328
0.144189849297248 -0.0855730974952828
1.02626625766682 -0.391321017184969
-1.35741898923002 0.507659879556267
-0.318391980593007 0.0604294778522754
1.33001526535189 -0.652713257637353
-1.01222046042749 0.787468721284606
0.583732714242796 -0.509641507202276
-2.00768219920359 1.15441308284212
1.73825753919618 -0.754570882995018
-0.327472429139405 -0.0579811511500791
1.64210541241976 -0.594243805443597
-0.909944840476782 -0.218941837871157
-0.00579485549936703 -0.0862667916307004
-3.81978142925626 0.223973139545612
0.17177500899662 -0.330767880799354
0.359966809660837 -0.196147332960569
0.131784423673137 -0.503977951944083
0.0762845983971759 -0.301862429135573
0.311343477261054 -0.0375989661872244
0.349997020713151 -0.19360893779227
1.02141611539499 -0.677832153932501
-2.02578181186916 1.19807958534066
-0.263806920474013 0.262998416159905
1.02955736969623 -0.424317703612922
1.20557203364966 -0.476732789030268
-0.386759425293144 0.51788254847428
-0.382855940356488 0.479519092617993
-0.780845280743132 -0.282624257027391
-0.405509037051097 -0.164689007010165
-2.31008915819751 0.44366086430937
0.551243776782168 -0.432763497542534
-2.45154245181864 0.731557159047454
-1.86702268825187 0.526401722965144
1.98416886249023 -0.750122061935736
-0.442030733952903 0.663971324747696
-0.355532956818467 -0.302839135715694
0.965223640227482 -0.629433102885763
-0.786699439848316 0.433025580709383
2.84874085130727 -0.874944128781066
0.219602612808597 -0.258074095764749
-0.860169792194248 1.06262793982787
0.231404442550177 -0.193203830260471
0.977219945235562 -0.38936256706427
-0.519246434780503 -0.142307134600055
0.751700044410031 -0.414876309280495
-1.03470745751225 -0.0365660271518197
2.00822128642999 -0.77185307526126
-0.130335259131248 0.0714649169665367
0.283151023174588 -0.198115587414117
-0.380539155363226 0.78965052742471
1.90461960247432 -0.813402422212129
-0.266713149523403 0.621722957712457
-1.08188553605979 0.432824470357879
0.219054372796916 -0.205762604892441
0.92596663800258 -0.527850640565013
1.29512342101701 -0.584184878777902
-1.5717907876368 0.59003860337143
0.474610768608352 -0.386717513528769
1.36537664619348 -0.700717748994223
0.423831762007352 -0.391683919821098
-1.6262737584427 0.365356030435366
-0.748067680668694 0.81879708179184
0.0162311127537607 -0.200477365961379
1.02564987799462 -0.467127648500893
-0.842829002136726 1.0628811396411
-0.552465257141786 0.654943530360175
-2.23161206648192 1.1506764246918
-1.20506185238016 0.743931120174658
1.06774620180687 -0.608995442212201
-1.07167488042791 0.762079537103216
-1.30425718783153 0.783228833182475
-0.957134202057912 0.942778044826619
-0.588006810022273 0.472169699019529
-0.300740237530353 0.622800341301041
-0.884489554007861 0.884197541182837
0.482423528657368 -0.372480477862792
-0.791589231647241 0.104045046874111
0.361324627797612 -0.63084712231511
2.94429778418069 -0.889227085840746
-0.616237801573605 0.263606818181216
-1.32206169069488 0.831986341557301
3.02261853249919 -0.837793006318789
-0.405929119710122 0.626703579110944
-0.394975770477027 0.814824370608518
2.15608788957628 -0.780632963144711
0.865368472693566 -0.428106424946499
-0.476402978177453 0.0783974205230767
-0.829808541190541 0.423660076649238
-0.394267391046048 0.0696028888417684
-1.72398218112155 1.01985513130057
-0.802038599056189 0.439083935619244
-0.172986445921872 -0.00505990888322849
-0.973786325398532 0.758796120798024
0.0121563632614636 0.122752626535497
0.699108717032744 -0.45198635366591
0.535498807425773 -0.385431424095079
-0.358350984350539 0.30934675132607
0.452389088063294 -0.268702168959511
1.2347717877915 -0.641235048116188
-0.825404763743795 1.27981061968515
1.7190709079742 -0.711901818392471
0.708827320655588 -0.257241171230262
-2.76663266336843 0.385559714193011
0.396621143620849 -0.458760990263644
-0.992693933140564 0.438151030523427
1.45437384769381 -0.583034535816696
-1.60902369243672 0.792611488832395
-0.107202882164521 0.157038636257918
1.29374090781758 -0.410781536719339
-0.16291699686845 -0.288692417106118
0.457009513782654 -0.31762138684627
-0.591898046894859 0.133773428261661
-0.0292367412949552 0.473843689164216
-1.01971828190039 0.598753219432377
0.755436696082983 -0.311357314185806
0.173486155783721 0.135057584433729
0.865011735098391 -0.531797876636466
1.69883738226593 -0.677415405427372
0.998815761194952 -0.458015835111422
-1.37165662341414 1.16451740559327
-1.43826602946996 0.997947923117124
-0.126249290885179 0.256227000398784
0.0130585545804809 0.176133438946215
0.0327471066202773 0.0269889992563037
1.00673271776052 -0.638671048936547
-0.202284923455491 0.259251098853932
-1.55262921064285 0.572053955815899
-1.81912249015612 0.546657194107211
0.903234474015852 -0.525633246313604
-0.50250306471233 0.621414152982614
-2.41156744068427 1.17935709247906
-0.0298277543421436 0.0862398879812428
-1.02867864651403 0.634891936966268
-0.0601286362345451 0.241927796924072
0.312238826058839 -0.190732582947939
1.73226686599661 -0.709542704664536
-0.524489804907576 0.694216747462406
-0.256489683364627 0.208317221967598
1.65155798871003 -0.531484263514283
-0.846150384194305 0.186138672500567
-0.605084683074379 0.404936868189418
1.23101158967863 -0.618804451389348
-1.03641271002783 0.685889259823593
0.795155443958096 -0.149713080807785
2.63513749147634 -0.881833155269981
-1.90280866854686 0.610065400508828
1.8839034141046 -0.760923459820576
-2.06375253782747 0.229693693431597
-0.869608234671737 -0.330661015646948
-1.66333705953331 0.774167062684101
-0.688630115146593 -0.202420497955331
0.295788038449778 -0.0977145285963369
-1.97595982278101 0.238599775668066
1.64206031543045 -0.619292736827426
-1.90945064983181 1.12299688058823
-0.192916248364713 -0.0862454262821387
1.61167676450337 -0.671832169250446
-1.14954470009573 0.631024578550734
2.02567469244157 -0.750733519435643
-1.82112380204892 1.14249741090016
1.51184454521102 -0.622664083597177
1.0887227235612 -0.440280121951086
-0.718852477336888 0.700076749200899
-1.82725376277442 0.13589319293712
1.86784176108096 -0.668867276764178
-0.409043599191371 0.309989939497904
-1.70946789501681 0.620679682247827
-0.893138087515397 0.949743959128919
0.223874483057497 -0.169451473801159
-0.800080699017112 0.784162603051917
-0.725561406071424 1.06158505325536
-0.12548447953561 -0.0200769472032295
-2.79986808959801 1.48075894805732
1.86611526075855 -0.802567450393837
-1.94545887914651 0.88404228823158
-0.473958074632734 1.23213905091369
1.04734653363121 -0.435282985070424
-0.145484369245827 0.348840518932378
0.135943634298741 -0.141255344349634
-0.061952366906309 -0.158101962869824
1.308157554816 -0.574734098326281
-0.89373520305728 0.0170555192052384
-3.67951035324372 0.909592300051865
-0.866113911560918 0.126518703973285
-0.728949976898751 0.374841481382664
-0.891698505627049 0.452254079908135
0.525715192289072 -0.591878042871134
-0.836041472421392 0.443532645905151
1.98022445329575 -0.663372435249991
1.51167387662305 -0.669581239246651
0.0471006752043864 0.0809173882757404
-1.15559869470055 0.586716618271859
0.969075480894135 -0.517059334996812
0.711654901129381 -0.513446836566273
0.842220602407555 -0.448052416119251
-0.0858030720112352 0.0758592373903656
-0.448354642878943 0.0326720768341172
1.01384013633211 -0.667397853740099
-2.29043145670211 0.429673170592412
-0.209409376982927 0.221182514022294
-0.221156350221498 -0.187200391711224
-0.231270212499642 0.360627349719852
0.873695878294418 -0.480284389511433
1.10406777000452 -0.436516905838006
0.607746884969303 -0.38500030798564
0.00598660965948547 0.253306518948302
-1.9316461424572 0.32166611538262
-0.893068875486909 -0.0460052892098781
0.654125117048536 -0.432564286978339
0.258052204050122 -0.220129817584762
-0.496727799178539 -0.179361818651368
-0.686464643446167 0.832818720537157
-0.597565583815194 0.504295281338748
-0.293387172121403 0.818217742129417
1.34709899641092 -0.737710759993381
-0.628166419268694 0.350978743329087
0.0522116557828465 -0.197786899399817
-1.58062465770207 0.964563682982935
0.269693474057115 -0.352337976295643
1.77141979170331 -0.664937513867685
0.933378910923652 -0.348035722906699
-1.44648337941533 0.584683346832571
-0.352502975224122 0.0098438794416803
-1.39259539598727 0.955490350974221
-0.307600370081575 0.460204200077375
0.337852800680233 -0.326399524888424
-0.194967003482873 0.287881417091118
-0.309396844100512 0.511141428619133
-1.05259140918985 -0.0888575009606865
1.10912169127397 -0.52142238283701
-1.92204505449189 0.516689270806564
0.0338487520912205 -0.0748778390081481
-2.726742642598 1.32159506358672
0.159964100368818 -0.317339811518603
1.8588425050205 -0.768951945815267
-0.93534759161037 0.770518634489228
0.951663654969254 -0.464267629273681
-0.414594735731691 0.264259054204589
-0.0335959589418595 0.337567925509586
-0.287507158221199 0.455135110046953
0.336908491254506 -0.270834465511805
0.322875182407967 0.0514438208863894
0.978676025779621 -0.480539209110195
0.249941611464549 0.226305789230896
0.618889012657389 -0.225407651996088
0.537490189637749 -0.327290794571316
-1.61825022750529 0.655277429150656
-0.268835420510719 0.845749745793392
-1.52757347001505 0.315496595478328
0.726572475076841 -0.289513254715177
-1.78949812657535 1.14326107133096
-4.84261267762265 0.652601083316973
-0.908967690881012 0.657705551680685
4.0627323848021 -0.91728442385084
1.30191140697326 -0.604353533310855
0.769289453100541 -0.394301404128051
-0.926562399870862 0.508591649248992
-0.483289018610425 0.0547678437715587
-0.628303019146119 0.756810727259272
2.45963147098941 -0.752325267573657
-0.406621703453236 0.285636734945253
-1.86119700178327 0.37518313493268
0.45521090183026 -0.358475883448053
0.276326155910197 -0.356276155437806
0.904184106230924 -0.606286182170847
-0.347434181708284 0.515217902979138
0.622001567241648 -0.411700609320372
1.31472844147832 -0.716990254558329
-0.856744302377261 0.615814260093824
-0.383799611138943 0.319367030605945
-1.28515834901781 1.50951958160641
1.50502024881119 -0.651374794044419
-1.20502036431559 0.525744480390453
-1.09413409899657 0.785324971678515
0.566972648339948 -0.179234552906734
-0.102558533215556 -0.112663454808176
-1.67642218030404 0.841708310257412
0.0155879951787279 0.373070349487122
-0.937100172943801 0.521557664736187
0.220700020988709 -0.298607358351748
1.05808391652593 -0.675497481411411
0.855462965660697 -0.549643140146889
-1.24534507840376 0.927791651635984
-1.52711800057294 1.19863799858188
3.04074415118971 -0.859872371986431
-0.600561202402944 0.411010215572136
1.40531245064215 -0.644228766346958
-1.50742386358626 1.42087361790828
0.822428350811203 -0.420454312582015
0.973080053026456 -0.503517975668465
0.91531633670121 -0.537201879417998
1.84568409576669 -0.697097759341772
1.28978144351085 -0.57471528128981
-1.56335572428421 0.749415568558099
-1.50996044403222 1.18593194752687
-0.272343237965278 0.0805574700778126
0.112510184719815 0.0716601983165921
0.243638400957779 -0.476647433507792
-0.166213241135243 0.444508085036832
0.274550607902219 -0.121848654265446
0.135841002651872 -0.139632119967869
0.540933223089255 -0.119627633882296
-0.760298406623137 0.38496149399614
-0.0322938967193634 0.151344270550411
-1.90815549577244 0.637318772895503
-1.89709404342663 0.990178291431854
2.95799090412487 -0.847272244738174
-0.365927752032714 0.874333341134743
-0.233896633815118 0.17715769917956
0.0516167448871498 -0.615266653690923
0.672999539432113 -0.553557516832371
-0.489626211805793 0.754558054026656
1.76276662471366 -0.630030129373926
-1.53710925974797 0.20607037985783
-0.335576440690908 0.249263815904124
-1.21988915523708 0.837068696316775
-0.926233220892155 0.417094432193142
0.783122999023343 -0.632639324261997
-0.142734383848262 -0.105536746742038
0.9453082292799 -0.544443095011011
0.0695674369250789 0.468076593517027
-0.814198988555283 0.388657194282774
-2.31720027750411 0.424585023749774
-0.45191898474133 0.28839839351704
0.358325115556558 -0.424291300522941
-1.24945080955295 0.339788344961274
0.619649986125921 -0.286547168808549
1.1217263552316 -0.710121499779509
-0.0441298628916286 0.0623265190225649
-0.603294819490218 0.128083108020317
0.723165525255145 -0.606825242111959
1.67512574841415 -0.68537088490734
0.764343887789216 -0.319839344854425
1.93577362277602 -0.690859732976632
-0.219602966058531 0.29905163635539
-1.2571138182042 0.795003291263385
-2.17582849170959 0.136500491579435
0.889681018729308 -0.436019453233733
-1.02014656940132 0.21936170075444
0.171971042227146 -0.0624160298493929
-0.357867242548208 0.219657259908179
1.48365385453534 -0.749396451519938
-0.956347405914999 0.642251669080702
-0.2741324884528 0.00184859592780567
-0.256331443634328 0.456579398352512
0.940763477797697 -0.558501952891199
-0.618548798951948 0.423373937084652
1.95767582029743 -0.748690194136848
0.605581034008929 -0.319627211477851
-0.350004387919621 0.577620220187267
-0.699880501669768 0.790083918572405
-0.282041977773039 0.895352337982188
-1.08513398588536 0.348318521120855
0.240489161789012 0.126011017857152
-0.68112049912268 0.122754633081184
-0.759497163498367 0.933772553939312
-3.02422133141553 0.525472889170583
-0.28221840746281 0.447992139837925
-0.0839551374135914 0.121786982859366
-1.05812160605657 0.725816658835938
-0.436636170431468 0.219849623651768
0.465861751477527 -0.436764852994707
-1.7697587611499 1.18018975910644
-3.06011474725704 1.38898239886849
-0.418056406989619 0.304349149995805
-0.946514354368812 0.698450651360565
-0.671688835850766 0.638307355067698
-0.663362982490253 0.561907938153894
0.74481936080129 -0.255573906905368
-0.256060996545655 0.186408670831136
0.0264378302101777 -0.0257842084872663
-0.949583371200992 0.214689732533757
-0.883110061715439 1.07984125510962
0.862005143412237 -0.450872597113971
0.646384011938833 -0.34292966487351
-0.705730747597417 0.401059884438732
0.70719953029066 -0.227669184361596
-0.288605439806774 0.248309336590545
1.78664320986062 -0.731390679376328
0.985030143777883 -0.671381576511167
1.96659226130511 -0.784725840642924
0.500026498605381 -0.368825136349012
-1.48232509845364 0.179895445750634
1.22728708880298 -0.537318886734793
1.36523397475665 -0.604183318194566
1.76814861260222 -0.668330423525434
0.0704128590760511 0.288976507930266
1.73199772481045 -0.701435359396011
0.585392109095543 -0.297511331823721
0.209459743514962 0.131486922184175
-1.46689991601859 0.904811766352795
-1.0286715751661 0.252676707231422
-0.807339070392389 1.02366385768815
-0.938086440571924 0.436338563312364
-0.518204971549301 -0.233476462748171
-0.357740903752204 0.491328002580438
-0.767359279456661 0.159893271439612
-1.17529635891486 0.805237255343186
1.05923800166134 -0.488417589327496
-0.501124763617459 -0.0833541315980617
0.272529094953523 -0.186665112543461
-1.01675762411267 -0.00472672688587339
1.13173061931315 -0.631071564050173
-0.650086365044126 0.115764997498862
-1.19495934440833 0.617808769441642
0.767786208318182 -0.520979885267633
0.778932771622573 -0.420788569846904
1.95556866546863 -0.739422592452164
2.69345748822655 -0.825489369028161
0.631044463727211 -0.257516696905048
-0.953233273716496 1.10744314973396
1.73734910050136 -0.735874888964719
0.377098177673469 -0.284408872238313
-1.87580447164778 0.396279490123844
-1.98958638383401 0.674958197019829
0.922335203360494 -0.494458712394215
1.40078343430485 -0.710821610987335
1.08705172818695 -0.562664707369387
-0.305008554492557 0.362311283688497
1.74759382902252 -0.713347818536616
0.59097454794312 -0.044368959688134
-0.639986146625191 0.508413456171826
-0.85194786097583 0.200701997018419
0.95811485927499 -0.707220250190846
-2.68645653863731 1.21352418840739
2.07915534675776 -0.635982193637003
1.02827335330041 -0.511048896309936
0.411006376512396 -0.179574373115135
-0.42598893218431 0.324351366070765
-0.1632435934533 0.268135634284604
0.280832756416657 -0.332124123743526
3.71875082471919 -0.89430466477321
-1.71737986194945 0.881709738059304
2.68041567896444 -0.815672699124752
0.130538639727757 -0.137032680626728
-0.0696319099890508 0.0411478903136231
0.228754801795798 -0.162311968740286
2.44143061255156 -0.74450146702429
0.540423929138086 -0.423312713646831
0.184462025918157 -0.137017967000853
-0.721681349098367 0.37349158300099
3.19223551472859 -0.865201360938974
-1.06531245268327 0.474235412099135
0.213028598150588 -0.117934893231638
1.04682734084265 -0.556598222623123
0.438083792899624 -0.309848834063921
-0.869638025372129 0.560463921060178
-2.48620907517363 -0.297918614285189
0.675563159547749 -0.558203801249631
-1.87509483797965 0.519859966732225
0.209131051859411 -0.154769559995277
0.647513431388479 -0.546599163903793
-0.700617115945435 0.362705627549797
-1.45222868216975 0.627724696505939
-2.1980802814595 0.717399509709565
-1.76843974092704 1.07254383167385
-0.214516771906074 0.213996444269553
-0.133131471521628 0.519277279912316
-0.307875967102256 0.317566537747733
0.756446592965556 -0.408489712267243
0.713942265738447 -0.518359644784652
-0.527427024211842 -0.0378615195612322
-0.818065621165838 0.71836992560345
2.60054359064106 -0.83212231728964
0.322019794821294 -0.10702594128307
-1.46326123360126 1.46928935367204
-0.706546790064278 0.75685471162476
-0.453948617206264 0.252109037016966
-1.40148658356893 1.0751093822198
-1.27049380384722 1.10239980679026
-0.102589004999847 -0.347710121174757
-0.355014046480928 -0.0549266285928256
-0.522520407106742 -0.0246796208704232
-0.282873897216332 0.290167528918323
1.14179965474975 -0.634351787878504
0.91362668794889 -0.637424128281437
-1.63138426995521 0.641878007239799
-0.723522650929378 0.478049729739197
-1.28354523753968 0.593632135957367
1.16097544968489 -0.720213257130382
1.33958057843194 -0.529011412400685
-0.0798012817169278 0.0269038242106689
-0.0761589821457238 0.0840031592019627
0.0125587937855619 0.340986242586216
0.685774575174195 -0.584564723736939
-0.559075103609395 0.0785938651076498
-0.894664337921388 0.739455198018867
-1.65071005642008 0.769514387004356
1.02292192797085 -0.478725372632976
1.02044047978449 -0.508734321558456
-0.718842393231234 0.383608695408809
-0.265537188970646 0.204355559124974
-1.99346750406974 1.1914841697174
-1.46859268848687 1.1548622775599
-1.46599277538464 1.16796911270067
1.13945430284437 -0.56254334010393
-2.28869399698744 0.597187031989131
-0.140460018811659 0.299510271113192
0.208672740238264 -0.372448576408602
-0.49399114270268 0.271488646354197
1.32173635281021 -0.587822222375364
1.26860360393404 -0.619462095947221
-0.398130513304711 0.0351114531928797
0.413128594036737 -0.128539227449258
-0.0500653308822181 0.124119505354613
1.1921545667327 -0.539378856006813
1.30030225043579 -0.598850983050833
-0.0521596116029837 -0.318162475519762
0.46866794572478 -0.333517105767877
-0.785915004464216 0.781213670578055
0.0789050929250256 -0.169932707199911
1.64124483324343 -0.679786668433754
0.491492623593626 -0.237406113343312
-0.115957510346393 0.389735711852398
1.09210108930959 -0.54576123568887
-2.04970280644015 0.0724568620459762
-0.819516922379808 0.529770848901984
-1.22228037427444 0.632953901719325
3.3745031170081 -0.865226716662047
0.212989503382536 0.103218189599405
1.30354825803918 -0.667502125485116
0.367275496690826 -0.49813982762733
-0.439208565143392 0.256884014014876
0.90106182368942 -0.658925318717299
-1.57985917655391 0.876976990321231
-0.298330283468236 -0.0252318780379556
1.26873510095474 -0.555109531401157
0.218019139862375 -0.120921215498286
-1.78072263291099 2.04756059425516
0.798205808817002 -0.565746829230474
-0.483014706146528 0.114369000755017
1.24958731521841 -0.663440922695646
0.429983487565195 -0.257076907567544
0.528947750103052 -0.602378302034815
1.27011955146864 -0.725847554865945
1.27515930754497 -0.705762721386073
0.692278363380456 -0.46768973345879
0.915876046502157 -0.567932838929053
-2.48216793060185 0.957963520018496
-0.0296738467842715 0.103874523168219
-0.489929827736328 0.611499750060547
1.96923039527916 -0.780500945214108
-0.096392078350137 0.0380070583107395
-2.06070715583772 0.646110636397396
-0.200223793401985 0.0981775231989741
-0.104346271330792 0.157976328725459
1.72709374159233 -0.637847697316844
1.27485752246423 -0.618080885305474
-1.42503399287931 0.593552048640356
-0.78873076432519 0.887888576151922
-0.505360569561724 0.69510348099132
-0.0810557906204658 0.212720108825346
-0.362090116510043 0.289119359702282
0.815947941769853 -0.552053428471696
-1.44910108418885 0.866290797973356
0.476579224746501 -0.239338891941715
0.159137551814911 -0.194681124129622
1.17572154931983 -0.662026738144271
0.601053185608351 -0.35947732487483
-0.195089747273602 0.467669834694076
-0.316404148332632 0.122659761055384
-2.19514316268528 1.23204290966704
-1.38990468981865 0.289010545554157
0.845059125918903 -0.371205103891351
-0.757130558045539 0.488945569734867
2.20140089702996 -0.725436134048711
0.113260038201819 0.267245205161592
2.30760498983927 -0.70074104785032
0.223508016002559 -0.349561999362869
1.54611642573904 -0.63961341568512
2.38351047162014 -0.799776211322937
1.56306078998566 -0.649656219219241
2.28924348312156 -0.767438536194186
0.51642904872123 -0.0503116828236755
-0.962468438865839 0.970978796709327
-1.05771553601988 0.965425513061004
-0.681015975707827 0.723066504706686
0.350327026929827 -0.30306486621299
1.37581867220113 -0.700139206005111
0.090395054924781 0.0376813921297066
1.23891442682152 -0.605927129226821
-0.255445229889362 0.056094215246434
1.18375888014576 -0.607076833599103
-0.329842599653398 0.639625857006568
-0.0101686338806816 -0.109912200587387
0.984613746086729 -0.541053682510126
-0.503572531676728 -0.0690734383460828
1.59780118935376 -0.752105858781204
-0.194623039053197 -0.187885759916965
-0.577841764296555 0.0323209527914513
2.03072202124624 -0.826074480108802
-0.973612614113391 -0.204583798974251
-1.24579306732602 0.777412664907949
1.44601500156499 -0.61195146448066
-0.140182164347097 0.0627223525215003
-2.26619576983275 0.907233897176472
-0.254364197601623 0.240910749489112
-3.55525047177842 0.965303244383175
-1.64079092702044 0.833309942619987
-2.17923916699103 0.766350839052191
0.0532511410348102 0.251107587982745
-0.0886571819675853 0.191343143710658
-0.798565021536975 0.935638986780743
1.73348479451915 -0.749172949466756
1.19147840404162 -0.54840171312289
-1.95360560220706 0.4402209522948
0.497559797444869 -0.322830973172461
-0.962800154606958 0.366389231148949
0.234544200949525 -0.00150250524905346
-0.0400417416555213 0.185560380960038
0.123188188897584 -0.200763466413223
-0.696402915509051 0.84042988456712
-1.47400102721899 0.831554423133177
-0.730993909040435 0.122468062861074
1.31144183653525 -0.713560044909153
-0.203321315320014 0.369658200907912
1.15591158958303 -0.629748391942779
-0.653971728573471 1.16298576254437
-0.812852889592957 0.8071093092121
0.787025468332434 -0.485670473107411
0.749169827834042 -0.452785371993813
1.43546109573151 -0.665135914156997
-1.92525838738546 0.572638535228377
-0.907206792213994 0.717515960002655
-0.296781123026571 0.596831752284974
-0.315681526215473 0.273590643567103
1.679626746387 -0.765662761573719
1.02941085069174 -0.567861087195872
-0.595857237577955 0.0731457559449773
-0.403656399695369 0.313227351029563
0.941974552287866 -0.583010777470677
1.1482837222594 -0.562782040957231
-1.00650959173152 0.298735780010191
-0.205931220064185 0.370801806427327
-0.456205683070527 -0.0997886430985419
0.613208239274273 -0.482167332114965
1.08554184896282 -0.60802044131624
0.694782257854113 -0.327963550184103
1.82555161882084 -0.681691881499075
1.53176492683566 -0.663586246962994
-1.38969950374525 0.140506656350404
2.03242272737797 -0.808707951537521
-0.832135837913029 -0.133203080957337
-0.651223440239645 0.404955973442766
-1.72395660385854 0.840106075095375
2.32170360142179 -0.790646605047908
-0.15677777175561 0.101350418229437
0.652952272455695 -0.416121782891222
0.701935457910483 -0.211665461010924
-1.7111204705443 1.32897098597354
-1.12920199729048 0.559611206466352
-0.571700660712493 0.615663542208982
-0.255360746106516 0.113499594565249
-2.18046482257798 0.878032674642948
-0.0102006460811951 -0.342459751698436
-0.0800585450890996 -0.20586973021409
1.48381920868957 -0.716414288364494
-0.221070263090718 0.609468999893521
-0.906581803342038 0.817956842097315
-0.232848311499036 0.170250731554784
0.343158786666209 -0.434508028982676
-0.441219417574577 0.763647740649187
0.67808286429347 -0.49759013815968
-0.624453340009738 0.378420390641328
-0.285978289962496 0.442866004558719
0.616397725635068 -0.318479860487848
2.26646379082513 -0.796167209327274
-1.04405671166312 0.673167160371332
1.43987584230119 -0.605015827039233
-1.13128624678198 -0.0455540898808342
1.64423480721214 -0.685543597549362
0.0769706603547733 -0.0456623094126919
1.19069385609958 -0.607602379134036
-2.02003135635684 0.569203298432603
1.79290995594031 -0.786239875160209
-1.49591699854446 0.243508459987492
-0.0992330814452554 -0.0660298157064879
1.27945254102549 -0.528140765378136
-1.54305157558492 1.27543754296889
-0.461393818744595 0.4694139159862
2.53667300728161 -0.814522352912105
-1.25814898045633 1.11334541317214
0.815642901039396 -0.393649945564612
-0.580758630348797 0.154869109101917
-0.259915618839429 -0.0131802695288472
0.0359286158666926 -0.116570657523969
-1.20001005297595 -0.225284726961396
-0.92004438503743 0.886186793238498
-1.04543777072203 0.809827743877557
-0.477852010787544 0.28641532331254
0.165580063211516 -0.0165140183299075
1.44548761799108 -0.674773489337684
0.336796482865759 -0.329104280367894
-0.282887368591021 -0.144611966749979
-2.93439394674038 0.92623745573655
-1.28381270223635 1.29143385138133
0.346854797702893 -0.372967080449929
-1.54604443385625 0.702424914218244
0.72269573501134 -0.428523347440387
-1.61312799924807 0.637063073751349
1.30567283548758 -0.645532029833378
-2.25001152197164 1.26381786066535
0.102861132634961 -0.295603211558891
0.0826044760709753 -0.13856869574317
0.91592120234339 -0.572689630001484
-1.96570216057607 0.286296534740834
0.310790632898633 -0.487878380669419
-1.33062817793121 0.0507626702137693
-2.5461129261245 0.453248698092961
-1.81581450727242 0.941632070218273
-0.150765745403041 -0.0910203252624716
-0.401400415273622 0.348477042072228
0.780441438772237 -0.36187615344419
0.555058952637655 -0.30066539110533
1.36876940626229 -0.718269923615075
-0.00421854907316505 -0.214202253591285
-1.06671499070789 0.355889015014483
0.0866242382134593 -0.52221516819111
-0.509980676695575 0.681191666854775
-0.93732109400567 0.624158227484916
-1.10727165032659 0.366121246051111
1.96874443090235 -0.68613708873268
0.097891772864071 -0.0969662970482458
0.348533972745243 -0.497085491715952
1.34367572092707 -0.578952923239636
-0.260225947169973 0.485473540692573
-1.20340667105506 1.23449606857155
-0.0942075975301324 0.0777242990167918
0.55344793609966 -0.498899043953743
1.8108598956864 -0.771922836055641
-1.99828142092135 0.748330659064323
0.646307124641343 -0.380018219890808
1.31580125182863 -0.601073097085386
1.0822824637087 -0.499542830991273
1.71063597537052 -0.697076167074546
-0.79339420190688 -0.516502907924614
1.09729873744986 -0.541932560491837
-0.283487333100466 0.605467957236507
1.28897788542718 -0.661248699696073
1.43163781294346 -0.723145873625407
0.863543176324976 -0.576403739786341
0.581386933582906 -0.363136769832492
0.177950816870671 -0.0304008923941998
-0.404840858183494 1.24706413939518
2.74645908256989 -0.819052621168522
0.29777571131566 -0.015258071050059
0.262894275317447 -0.164850194751373
1.55890112899274 -0.691258710657628
-3.47593941150075 0.576298313149357
1.6147790437938 -0.663853473332325
1.74208276877374 -0.723777507596272
0.119311364317413 0.0789047781556186
0.610231486985516 -0.140707979389809
-0.325230248465824 0.470522659556681
-1.86945023905482 0.506257418684284
-0.49920322844308 0.0634494201024049
-0.191731021744987 0.575285270322348
2.81320929890241 -0.83673871651848
0.721857546380258 -0.403393816807975
-1.28725782775095 1.54838098323537
-0.156504808150762 0.280851021467527
1.39761126481569 -0.57439247608631
2.86405479075864 -0.841353275762027
-0.0821104566443704 -0.0502912142149763
1.9174539066903 -0.790712887925142
-0.932904693439286 0.252765767277973
-0.320476404557264 0.176928871416379
-0.798252625090383 1.15266860640995
-0.889805389497569 0.588985477876037
1.8559533241623 -0.726261829613484
1.10898538941629 -0.720060115377239
0.550672070371022 -0.21978434510746
-0.328214907947047 0.0731496287376387
-0.121218500732359 0.145585189309014
-0.773120985610036 0.423209871116332
-0.327002300377546 0.438182198028132
-1.49577386424348 -0.0228421064038953
0.585482889720821 -0.544124861826302
-0.223943530980101 0.0715205125467915
0.236683631803576 -0.0893358142720915
-2.21871300821577 0.836183663026591
0.907893448851196 -0.627183276477175
0.105215643650474 0.00414622922028918
-1.83999718786 0.868361743252435
0.0614719270747346 0.312511277426858
-0.992008025306351 0.666417912253501
-0.665401045582178 0.346718759338571
2.58426927799543 -0.828104109245032
0.488247819601386 -0.324529227797327
-0.389844951716254 0.331859142734722
0.856621063376053 -0.460343931243099
0.695606460618306 -0.648253461820678
-0.352388617805212 0.531816770529286
-1.48372875054073 1.20108330751147
-1.49039669660127 1.24542103566045
-2.45014767379476 0.81518858146129
0.590255809712806 -0.209166497478381
0.263930487442591 -0.176828780160515
-0.0356861741804351 -0.0932020044886738
-3.0125472186138 0.57269359782385
-0.632884139889793 0.276108874366141
-0.875530169048527 0.568968502076184
-0.0697213587612036 0.0629232184775237
-0.369137447740691 0.371255183015246
-0.0739156327272911 -0.0310658851455099
0.916768778522234 -0.498190867666886
0.490818434214224 -0.316306281105814
-0.253982959041004 0.162046661050515
1.92152691669134 -0.770065606423881
0.486842423335578 -0.503835515639569
0.600540707957483 -0.302600372173622
0.00967961014995809 -0.217957930300297
0.936046633427198 -0.644632926431193
-0.256665091578892 -0.078169417020576
-0.531182920849483 0.133986143682552
-1.76661687668494 0.265963722915587
0.377467884334896 -0.174660477077148
-1.79895666274882 0.142718661075165
-0.614736787402467 0.58946978215741
0.553408936669084 -0.178564626678414
-2.21597616538717 -0.253264178126694
-1.47790289169661 0.110005345649383
-0.655753655905301 0.373893173741476
-0.355670185903798 0.202602468529502
1.8154890332621 -0.652683026393436
0.95536276463575 -0.417203650728276
-0.0322191538606026 -0.132596630157725
0.456586182644413 -0.21151072605023
1.04742825164623 -0.637426115303148
-3.37101797819818 1.39072089569089
-0.591573495825037 0.24923600102438
-0.431052374569377 -0.00841012265794921
-1.80340132225909 0.237915545081094
1.17682298628632 -0.613344317673891
0.773553037718228 -0.41762723135647
0.59498298964 -0.576742582661744
-1.08692767121943 0.202248657379091
0.0447976914138625 -0.202932473226888
2.37756612630802 -0.777632506943066
-1.03198888707917 0.733634408329167
0.000769250634468607 0.107686543789041
0.746156510210151 -0.403547127127703
0.217210547890915 -0.0612728134464159
0.106196069063194 -0.154836535415392
2.30139155512314 -0.828133807776738
-2.18529998037924 1.3828812836356
1.16707842907752 -0.62270151437009
-1.2987488115719 0.843623613917176
-1.14134849754724 0.558834181005507
-0.359695888892023 0.178014767699341
-1.00989231066282 -0.0843916607501627
-1.45418440383091 0.182732087639749
-0.22667309769259 0.729751777808758
-3.7556993206323 0.841648050126705
-2.29798767423006 1.29272386249369
0.685996080375937 -0.697543585339592
0.297662280791249 -0.193647968229751
1.29851451393934 -0.573479191841896
-1.0028962140401 0.751378102084614
0.87099380894973 -0.640238997309613
-0.374417462406341 0.580306041203228
-0.0409032564566558 -0.292462068209021
-0.0672451504119009 -0.258290024737931
-0.0869072353499957 0.441265152738657
0.522010751936731 -0.596940199699107
-1.426625951414 0.886797235770612
-0.160574411057435 -0.0944798883374062
-1.81987285533144 0.480659309614729
1.1676805255498 -0.627918663578534
0.931988286302732 -0.613802280694082
0.308315989020773 -0.448578387534548
-0.588939387619286 0.707249507711323
0.6564582740478 -0.38441511078257
0.751220711802664 -0.361180468616718
0.786183241087352 -0.618127830499875
1.6950318493765 -0.625184436533115
-1.68655672047908 0.62631378472477
-1.00422825259121 0.980777645677163
0.895676335609149 -0.499866438111158
0.0707215589933873 -0.374791175954883
-0.268576780909337 0.375487277622631
-0.828347653381098 1.07129863725974
-2.86928435243413 0.464216763284646
-0.791253632738582 0.927519792195594
0.203457243378916 -0.211989499739165
-0.252239719876435 -0.327091879042905
2.14038297280842 -0.742576508998827
-1.52177925051254 0.385972059836171
1.09576311700735 -0.529685222024232
-0.62982173655419 0.87603892828516
-1.4725089046958 0.314012866657818
-0.0296960794834784 0.145960605505883
-0.132883082055186 0.218937952916404
-0.384200368566736 0.273722847161548
-1.0089159233135 0.647752068684157
0.221475522881379 -0.205908808703539
0.994445717468923 -0.467623552309878
-1.49620242429661 0.781380285191652
1.14497208280901 -0.678587111156251
-0.59835083168052 0.632361092428569
-1.11751947016983 0.502040634082022
0.0839481505209941 0.0200242166012678
-1.04847114867243 0.802835581259011
1.25433371053428 -0.674549714701493
-0.355088667567557 0.661858569346465
-0.195654879281773 0.0599237525619962
-0.00164251556341738 0.209666923009497
-0.208583358923897 0.626497904361599
-1.1372997800079 0.653177705856649
-0.173170562523488 0.209480005289146
2.48135812987825 -0.839149330515856
-1.20719291320923 -0.228595245848476
-0.835343062651341 0.498062864457266
-1.47039878036837 0.858942679702338
2.01219750312649 -0.737503056046256
-1.16362506503684 0.190070211806853
-0.191269279827352 0.496353773823624
0.279861609198896 -0.0709906825496225
-1.0002621103721 0.158856724730725
-0.480896466447669 0.196201908855818
1.13357418672037 -0.522733372240804
-0.562796224421316 0.671930444806841
0.486529543473899 -0.273974180876022
1.5526915344579 -0.717407779063016
-0.021827271633093 -0.155575264176182
0.255723631379797 0.13448341406425
1.34697100201995 -0.562916686526177
-2.45635569061334 1.4131530615416
-0.419083545167372 0.0386244129085314
-0.252187970295192 0.0749832348140548
1.07489820779586 -0.62151428943083
-0.573271986081706 0.645485778772792
3.12959052827953 -0.878114481683848
-0.246779451921692 0.0509532241867811
1.96289123292173 -0.7323420985662
1.09228735046551 -0.669643640116938
-0.625992769836614 0.74425493435361
0.181757215733504 0.0684975427508119
1.18516198204669 -0.512427542283586
-0.559299374159662 0.482214029426032
0.509613962529621 -0.245208605769657
0.53798358642494 -0.547458518774842
-1.1963299161412 0.513068457737701
2.11581090148623 -0.762795835095528
2.41924889610139 -0.808385437661428
3.01972180133172 -0.855162215598258
-2.15321177152047 0.579868587089295
1.2643725210792 -0.625846531323344
-1.0060328851709 -0.101614507769308
-0.232613474180012 0.4096059786937
1.61640528122862 -0.664335940122834
2.74104662294819 -0.830142189925027
0.0365616527202628 -0.270453154686759
1.55961783158439 -0.658935887278731
-0.415881848925323 0.644450474650066
1.03907516693461 -0.736162933957751
0.504975907403297 -0.279203133889157
1.34992265050448 -0.727464751213931
-0.192120850858098 0.238757044776597
1.56681873121641 -0.719231538845275
-0.0977695094324765 0.00985003424167115
1.07487596384542 -0.60628050028495
-0.335611390968892 0.727339579605323
1.01127933051855 -0.581340758360619
1.17869158422922 -0.558016319171544
-1.53410868879397 1.31400239135613
-0.645067843579395 0.665972212105476
0.40936955352636 -0.149540701625278
1.3312036203724 -0.644610806460551
-0.390971933416455 0.40470553652018
0.094144818119358 -0.144268535920754
0.303867803668172 -0.427295562560493
-1.09313307522762 0.547655576434234
0.173267858104398 -0.288774736124235
-0.704054379719055 0.577115273442305
0.937851093865531 -0.415121438325834
1.09132910662855 -0.58576665230092
0.830625766707397 -0.453604592960639
-0.0686631847592275 0.0873607423883007
1.92978276349236 -0.619158513455519
0.398651132395042 -0.188083185563423
2.10635450536436 -0.762289497755703
-1.56531955972575 0.637392888906673
3.87718689054105 -0.903419079148921
-1.00812968264787 0.441609192136854
-2.65330012788614 0.837962558869536
0.446517375387622 -0.485024208977405
0.0448795424979899 -0.233247323377129
0.360824488463804 -0.2961608527164
-1.03513240210327 1.22227812660517
-1.89404527148525 0.157622095038255
0.368465093288869 -0.0433069690686872
1.40471065391701 -0.663991748984103
-1.13690560023631 0.605032492406252
-0.118732919157217 0.00809607242698152
0.570715614296714 -0.0655703014655011
0.683540282929869 -0.350195039468328
-0.173577030761205 0.415054126890354
-0.391242923753121 -0.141357522331255
