0.354176923844909 0.0226150264017586
-0.102041670211078 0.586921002901831
0.237733172077664 -0.019569060663198
0.197601405267999 0.687966980699835
-0.656707426027631 0.756475555208999
0.339143184275634 0.00881911214026773
-0.390639079512154 0.990954755817198
2.12581273732025 -0.562950801217698
-0.780740984439293 0.966254633624638
-0.658039007140919 0.644436822110394
1.21416226455868 -0.509465656328552
0.341333387890368 0.0913261783494358
0.51666523493416 -0.0277754750815712
1.50289966270712 -0.548497874633351
-0.00882618247409062 0.595502649295389
-1.9030340528492 0.958647223813127
-0.321944486684129 0.625600996429745
-0.407206718700947 0.851679655533709
-0.754670326954919 1.13047105449132
-0.442000907822816 0.402057916242061
-0.883662149256731 0.241716019364219
-0.354891956192862 0.517282374813057
-0.7978128434372 0.0922443401700153
-2.76730640760228 0.470644646271219
-0.0493872140176306 0.213632146410988
-0.462769117133879 0.436063546479707
1.37763167971316 -0.631158260711373
-1.85299682849019 0.985118151302428
1.61865499634076 -0.231401347427052
1.06194841511547 -0.591437874670551
1.32515229956469 -0.310561807213217
0.238051287783373 -0.0206478825610475
0.739290685113865 -0.0262565507389992
0.697576010469228 -0.121570375364733
-0.424832170213112 0.547389117141546
1.89765572201538 -0.56538400797683
0.289792750610082 0.113789160524689
-1.13501616009478 0.710924070380671
-0.550335645945962 0.755139427156255
0.689955084872629 0.186261735907987
-0.731403286686007 0.832492036493969
5.6785689170452 -0.962796092582607
0.961299806364509 -0.312429298499283
-0.656645554317368 1.01066564182838
0.0816087416801421 0.357109078185306
0.75140252401716 -0.1695109475903
1.54258486842496 -0.595381769523873
0.44876448635166 0.230418875746219
0.495867108073367 0.299955593888461
1.76574231567995 -0.584686863418578
1.84117390323159 -0.568117770111942
-0.923754358992905 0.822794138032478
2.55321921589663 -0.723258088246682
-2.34400912468707 0.555494606901122
-0.0768175523050743 0.490080409783181
-1.13323767327427 0.346924177558104
2.19681924834749 -0.65408575513644
-0.777111182841461 0.253120757058012
-1.13198560662205 -0.344796121494978
-0.987741795488936 0.42933378905033
0.220387758601455 0.303523715486535
0.281534268202233 0.0308144448681627
-0.319478486962817 0.606934354889784
0.475281684484547 0.364120123789023
0.680461490487273 -0.146269539790658
0.70812822411669 0.140156929248497
2.05596631433257 -0.562514243489701
0.521419448419342 0.00441053387776701
-1.6691999146833 0.913744119200729
0.307022052286725 -0.0821278916088084
0.240535151955034 -0.56602238958516
0.250976576556469 -0.139215965817412
0.447713536481892 -0.102468317860259
0.665293488859993 -0.148425162270071
-0.973471030925919 1.13274404953339
-1.93683302294358 0.416106727969547
0.405033183306643 -0.116589122483066
-2.50038370037124 0.809658178675985
-0.761023923448587 0.32352559485841
1.10929822507196 -0.39039430182826
2.0551401466979 -0.588695635256567
0.617044561617129 -0.000658179820464871
1.09466405754461 -0.386062648965696
-2.29043312282764 0.674890570776963
-1.96538090282509 1.00153692564211
0.341595655725164 0.25550023785312
0.43170251496576 0.231613832413558
-0.969631222815639 0.845423970837741
-0.347718025526746 0.776454588337737
-0.965133322725462 -0.190322799320544
-0.792257129984119 0.725403344223106
1.15566293532956 -0.146066787683998
-1.35644185553451 0.864652258140552
1.08540375781375 -0.254016982133958
1.299211544571 -0.394024274094273
-1.16027068466633 1.3874863847612
-0.629934806551962 0.592631082583943
0.249353399587556 0.190951153234403
-1.20422239725925 1.05128046884219
2.16689941676438 -0.625285747292338
-1.04132016275401 1.42674109532665
-0.758774082240593 0.550736205153445
-2.11830961939139 0.12702327503944
0.899180557407965 0.196987723029678
2.68729646332715 -0.741527478340629
0.284193408979258 -0.138006404944164
-2.18357087754203 0.924109414116784
0.930168161720348 -0.404356049841231
0.488413379405263 0.0973278047719916
-1.32289256282759 0.119409845167484
-1.34027024897871 1.34736150443963
-0.0785406628883572 -0.249001047598518
1.16184032468875 -0.137124039594649
-1.50569260855565 0.0680456044866904
-0.850108162924459 0.532086471756833
-0.171740369603129 0.849519534471612
1.30167490024087 -0.207357046647912
-2.30823843607186 0.963809918792298
0.40379080732603 0.339499162931645
1.14169301215349 -0.137435653918967
1.56636368503521 -0.492702554036624
2.27689506603377 -0.754314333763561
-0.423055912939585 0.270458989438272
1.67862220161617 -0.583601039593126
1.15372885962073 -0.530030138077723
-0.121131742486516 0.446946732570393
1.29501784419671 -0.489502088141466
-2.68017896224075 1.15647089824541
-0.818734388209857 0.7736951924575
-0.796055687179306 0.121155484481801
0.467903310119399 -0.071063871262872
1.85074867521986 -0.624043671162097
0.4518158128591 -0.246435262322622
1.37763518123711 -0.543176236967935
0.471375390851135 0.264630856432629
0.856551841889665 0.0121085820146051
0.00322083628328278 -0.288616660778424
-1.50828043800777 0.502511485393345
-0.750806961626352 -0.0388496200791992
0.104135851190753 0.370756458767556
-2.29259953818727 0.781158410398546
3.22241564711795 -0.743684621685291
-2.21786154314485 0.0263475399456937
-0.176092307679028 0.1859878326753
-1.49142764645376 0.747506196263609
1.74559371534233 -0.559659116392321
0.521620027557936 0.0648100755927007
-0.253262294570405 0.342259222343877
0.469767073353139 -0.110114987236308
-0.952340214254815 0.472512566686398
-0.410914731103402 0.369399594052744
-0.572807356250592 0.151505133055967
-0.514108826578007 0.628334913390063
-0.470778847635893 0.963298801575241
0.0254160201947554 0.218321992595605
0.911191578810276 -0.353635729668581
-1.9030171537264 1.00077651687013
-1.77278134671682 0.463890550041319
0.483985577390065 0.227083787561662
-1.81271403024993 0.88238387692173
-0.150877833204094 0.542862533089821
0.251122238023443 0.432577862134431
0.0841486193370439 0.0844106928291908
-2.55014358322979 1.21060377795327
0.265409683535485 0.374777805924468
0.649943188830825 -0.102046561093224
0.487319639868657 0.271935695770816
-0.531860816314657 0.45944063209717
-0.520415391925073 0.719481105453073
-0.298636195627112 0.174935405990308
1.24536891063645 -0.555422641004003
0.626784964458685 -0.109988388382633
-1.31978820084402 0.671353836093817
-0.973485721967663 0.611615525872203
-0.829481829507605 0.950230566665631
0.563046895836976 -0.099789087012473
-0.42269446304915 0.029528125047146
0.219928312013218 -0.158257506872885
-0.223767024952567 0.386184263247297
-0.144814446591183 0.14638560094533
-2.6267147867452 0.625217490609275
-2.70890921581435 0.927328279416837
0.994037598658728 -0.374725669800333
0.203507611005049 -0.67248538035204
2.38256449344487 -0.629469339995224
-0.364229825661577 0.329330517444306
-0.942245600978371 0.609982974701201
-1.28807488688598 0.628145304283564
1.61497852355867 -0.483328324980874
0.428705213953773 0.110598301010144
-2.09514740853331 0.627569744514471
-0.568776421937437 0.575975488871261
0.430318993315196 -0.080550498673766
-0.741285673595758 0.231151944364517
1.61214727872552 -0.440246029114782
-3.1536412054445 1.1240350225433
0.135832738825964 0.523366314799091
-0.458550557996468 0.0735662429197029
-1.41433958911725 1.41488250497597
-0.322701611911106 0.25257237743393
-0.851137440355593 0.705525669078135
-1.05398593770857 0.888181330564852
0.724204466869824 -0.0418012902259405
0.787449434633385 0.0166133047293261
-0.415283409417729 0.940630451418259
0.531059109675705 0.112735353006142
-0.615241922911317 0.2787599006381
-0.896363816165635 0.995640061988272
-0.395959105571812 0.31174527375683
1.01782209033501 -0.285116766328762
-0.657849780612114 -0.104801332562809
1.10187093229486 -0.33148829029524
-0.140765450069569 0.536344674027614
0.175198849247778 -0.0104676586083353
-0.906280664575639 -0.0644009077308586
0.55345568830049 -0.223923761289559
0.517147619380344 0.103136971737047
-1.56426088231764 0.341202832467512
1.38335309257386 -0.541224081152676
0.705187944135737 0.365085590130818
-0.0600901163470999 0.562146492551379
-0.0356934133988523 0.575043446057942
0.285784397443998 -0.464342747194425
-1.45944047490317 1.13834676152309
-1.46897128905559 1.51319459267841
1.70464948845834 -0.52091371465447
-0.471411183251398 0.809192518513926
1.64405564313302 -0.665427648297712
-1.07678172137938 0.755303586401872
-0.427077965670775 0.138006501433047
0.61451557742545 0.112002095466553
-1.07305304227996 0.817160416719355
0.129096991631792 -0.0119683161653407
0.662676211108084 -0.0921346132825367
2.26893075897109 -0.640016102713209
0.945706996972916 -0.461376335570814
-1.28229718818463 0.811582360178866
2.11163220354324 -0.582253141607559
-1.15432427724431 -0.338941459484753
0.304392618184048 0.296372141479473
-0.0214717892305495 0.0333637210636703
-2.15072170955879 1.38791752482657
-0.596557467782993 0.642428087678839
-1.89394441699298 0.427732624866117
-1.57176362037628 0.933774370256114
-0.355564694615611 0.421229223030005
-0.159726571289454 0.729155199275757
0.36388968905855 0.13417930476023
0.311613750554781 -0.0864301130852293
1.80418220320312 -0.530276553279973
1.2332460177201 -0.669566580331132
0.570393390971665 0.122031966028159
-2.47297469825862 1.5640453488075
1.00455749639076 -0.117843469670943
-1.76244430587612 0.103685479354916
-1.2910402043373 0.754779019326538
-0.807287864010182 1.11510300506218
-0.00711965506569989 0.563224602333019
0.914009591766609 0.0155797821674214
0.94631898953002 -0.107065212505442
-0.243279546194608 0.0391470496886657
0.507604665181538 0.193232318614612
0.857897436145995 -0.307300552846175
1.79893929960697 -0.610934546952513
1.16009036216835 -0.625020875289284
-1.95916902910675 1.17157092673671
-0.589674454495622 0.30891241097428
-0.175841250162404 -0.00472903140071923
0.484927868721293 -0.0877355258629891
-0.951588512127037 0.27434597832682
-0.501242126267194 -0.209187886483871
2.43225499823592 -0.531377214121659
-0.0364440426693164 0.0855070149407609
0.388841885601677 0.0968252272918947
0.789271889120499 -0.124422990577822
0.357440681730375 0.629537441389606
2.29336817332507 -0.6420294722778
-0.301461871079276 0.896405245198975
-0.495124847026745 0.247791684266683
-1.28913801499582 0.231853207138995
0.69284663948308 0.000324874764463134
-1.80552933642139 0.550552110470728
0.389233329118704 -0.123037428691023
-0.840151544006517 0.288572493529559
-0.400511802520094 1.32765417582892
-0.280380982593657 0.0250578270863191
1.07606485838082 -0.278552489008348
-0.708807759377477 0.864094735211315
0.381625667516041 -0.0620116313196278
1.05574786276275 -0.0943662081893956
0.721612249320106 -0.459294897482002
0.948202065324597 -0.639259087885373
-0.282724934535889 0.655759226074918
1.46126809900333 -0.443985842344516
0.0833841385177528 0.316909906127988
2.38762522620064 -0.609861951135166
-1.33628508413909 0.713310634385792
-1.19324873167932 0.842366891244773
-0.893435142310404 0.989175070791998
0.868388772594243 -0.313745365026993
-3.79645018483639 1.07385659033189
0.338351904719118 0.0584451133075616
0.333840551982935 0.0812790659535491
0.0279104295008835 -0.429040286973751
-0.355981131790709 0.69479773633296
0.75859150273754 0.00190860084813693
-0.299438751151558 0.2256328690498
0.322060885716462 -0.475612596419518
-0.0523134960988276 0.718101739592122
0.726779593760317 -0.199863075160559
0.128952312762515 0.568824404170413
1.1025235555198 -0.0857760252297687
-1.18882199684833 1.038405670722
-0.420263416224447 0.6524554507953
2.53950830594278 -0.599678557012665
-1.06143393486317 0.771156654679728
0.974808625562676 0.0099000093382241
-0.172460641347569 0.931000825585473
2.16065116237763 -0.666158142845403
-0.182203572686216 0.676810492508869
0.69643380607171 -0.144666083764553
-0.431884320166481 0.2840528104451
-1.26499467919724 0.148532381737976
1.66201812180116 -0.578634968646045
-0.380446082174111 0.896541183214182
0.568984839626663 -0.248207774014071
-1.38787566735465 0.339785670561648
-1.89964899224943 0.752748212225539
-1.88230094589577 1.60284555622464
-0.927907367790148 0.286300089797286
-2.42294096774878 1.13943851915072
-0.599329255121858 0.0758049721771732
-0.15707345594235 0.0679447088507091
-0.404144839565136 0.463704492283417
0.772257118116558 -0.117102560616502
2.15261803555639 -0.666417543958014
0.849145960666545 0.0791232903334292
-0.494236147929438 0.50798463235803
0.577529713308518 0.513869184875444
1.00195012788242 -0.246864527331125
0.744152445862272 0.142605025292041
0.280202041231637 0.89891350339935
-0.339472625509252 -0.32572969618931
-0.33354067643388 0.308859828689051
0.680813833329916 -0.45693695845253
0.689251065508294 0.0404146330743279
0.848175554196803 -0.156868826608804
-0.858997362282959 0.716157132694667
2.89058459398768 -0.778376620279585
0.240709048626244 -0.393114431195549
-0.82021364689265 1.01730706212696
0.440517712011287 0.223676471489247
0.0532996097892005 0.407964635036785
-0.781283980452205 1.00132353335416
1.64682075821972 -0.522684272629099
-0.533122175279638 0.805209232285027
-1.03988353912126 0.596743671369691
0.283091083437708 0.29134519517078
-0.480173094651593 0.320793259695646
1.62017648412769 -0.496129695957377
-1.02631178375636 0.383996422269809
-0.847243998509363 0.880921097955208
-0.918787732947283 0.451866066118601
1.27785444007915 -0.457734872811133
-0.704099310095952 0.723349927072622
1.52809225164129 -0.639991848858344
0.615069347499331 0.193323560976521
1.75647862897902 -0.479343650149623
-0.373474146555344 0.406403026441894
-0.739191036804978 0.256858839321206
0.405433005899565 0.296433993645861
0.353459164880364 0.426662547107171
-0.941951375876604 0.148978673345035
1.45558115990469 -0.434609260212765
0.12239258726029 0.479799906492693
-1.62603488811979 0.705245562705086
0.87226077620579 0.041824846986904
1.72179680811636 -0.491878955942562
1.32932549773741 -0.667096002623375
0.656642158449142 -0.12520212296325
-0.113048499742574 0.794770455654657
-1.44595718544129 0.446310323644265
1.63325206748529 -0.404846331444572
-1.68927985780522 0.739706272834081
0.0502818671942711 -0.33642338990303
-0.809031839692237 0.543571220069404
-0.658645283561917 0.00662108979879983
2.40787053923018 -0.572358521004723
-1.67270145688889 0.368430403882104
1.68419630184264 -0.525893540537775
-1.14795600719892 0.851752267000553
0.80666025781588 0.0914477434005713
0.0629233211605962 0.179491924189038
0.629700420239015 0.00262618508978062
-0.770008013536619 0.691372918003289
-0.55164742032751 0.403324110437006
-0.289931033688824 0.927102525025957
-1.14995510632867 0.253330612480753
0.162253862630043 0.235005104079534
1.59076107187235 -0.501605804794437
0.256150198225331 0.494357386586879
0.836832624519593 -0.386734513862601
-0.336002456317825 -0.0349634133967479
-1.3708285666202 0.387913336518106
-2.05974272081646 0.134946748496558
-0.798431507796152 0.235242795459718
2.53118791888103 -0.57879303988648
3.12130197927468 -0.742506225195797
-0.384450677906038 0.381611693087225
1.21553988854808 -0.541669541142265
-1.14306053219848 0.133600988598848
-0.197675969594928 0.379108969644502
-0.660577189034365 -0.0790959147004339
0.552767124047401 -0.187486787290559
-0.746821438442392 1.04456514293544
-0.579870596900242 0.403881334912123
-0.0884814457161202 0.673299428441858
-0.936272361586656 0.100166568876293
-0.901868928515519 0.736092774480188
2.66035143843553 -0.648742186638805
0.300267602480155 0.387957834855662
0.908069821253559 -0.375844420287972
1.90667325252252 -0.490683341096523
-0.286553870622473 0.702763022861552
0.235417607413255 0.223541634349229
-0.363977355209056 0.207407481113826
-0.33149417841547 1.11411111293269
1.4813796033101 -0.384263872516419
-0.650415036713374 -0.137777018998209
-0.992295961680921 0.234715943489102
0.286330758912503 -0.170178528168404
-2.68010498712207 1.24037839996533
-1.07148926908616 0.862800568780133
-0.322812179941916 0.402191742688514
4.4184373260939 -0.904181575445961
-1.347558570469 0.507616293518764
1.92294964492254 -0.646384813436363
1.23018047933639 -0.424400937363578
-0.484953835901546 0.435226088171069
1.26172374523545 -0.227680967268491
0.621373748859476 -0.283506370253116
-0.529288000672824 0.706497673763745
-0.81259591313012 0.994106639545737
0.921352179577275 -0.291788489163488
-0.508031598276951 -0.0801473598385358
-0.415086236052323 0.907401438022625
-1.25103578904517 -0.596763044608412
0.771515201747557 -0.196566064589159
1.39114265392948 -0.432896921197469
-0.631134675864518 0.508818429839973
0.771854209085029 -0.311915944685019
-3.09414808932444 1.01333353203374
-0.56335240581671 0.541325849020205
0.838319701106179 -0.265997582903005
1.26445025802291 -0.402071331783409
0.0247686562231259 -0.019581610092663
0.452487200953584 0.170045866846319
0.23637071675698 -0.0347929666089644
0.131927757836229 -0.0532974547820605
-0.377747605380783 0.236743391851754
-0.0858135297504593 0.411548735590321
-0.833250900013803 1.2165687133472
2.46250013486077 -0.707918263391404
-2.53785683253019 1.19614269816115
-0.318248379331761 0.461613908454133
0.522799192097218 0.39212078380514
2.30931770187982 -0.561448678076704
0.399660945805055 -0.688512609428977
2.92504945471207 -0.748990500886692
-1.58905707824889 1.07660175599747
0.846753141455799 -0.235419630735662
0.851035236254967 -0.348507063907742
-1.03925387008556 0.200548473629591
-0.233280150818061 1.02646532876338
2.30803047951699 -0.737591471658238
0.476846684268692 -0.641557169564744
-0.438369869762846 1.26266938990052
-0.810556808395747 0.641276277742141
-0.400534546748135 0.908638494348746
-0.233306890344433 0.277731432961349
1.98456292846462 -0.56505527523426
-0.0859007640593069 0.514963307930362
-0.143977049099278 -0.435465029533026
0.209964518210246 -0.301423253077618
0.00186444429716212 0.444730645962739
-0.192951042439901 0.43775767851859
0.976953190697396 -0.211803075767304
-0.711241066689895 0.464031886437828
-0.363748027273936 0.115289382812777
1.00802704478006 -0.198156666468117
-0.243642459855405 0.238019215014981
-1.04429016867654 0.39568305890859
0.534943884917402 0.466964943247828
-1.04395531888084 0.599544859053998
-0.693257086468774 0.808485536360341
1.16255758614029 -0.11283568560742
1.53703062532644 -0.460960041717252
-1.20707966516647 0.863181354656372
0.665514606850842 -0.0467718902658762
0.273672678142445 0.695094721209016
-0.132834594683235 0.335554866315566
-1.00341361229907 -0.368844819076792
-0.1716231726008 0.131571211988201
1.58493937164352 -0.401110621449789
1.21199470736606 -0.583343982239562
2.25582799054802 -0.432798514573135
-1.60437650667673 0.228003632360988
0.891761341136152 -0.296763359611504
-1.54204562655304 0.463399067790885
-1.41500629516231 0.583151965866345
-0.939224715694148 0.757295493187355
-1.56032094123943 0.835479603108699
1.54708456668562 -0.560561555223543
1.21849355417149 -0.231401678492148
0.0507497233391267 0.536447656090105
1.24376447760936 -0.27717889553938
-1.85702300406235 1.34502398536326
-0.127630949667184 -0.199573897342278
-0.76067960233799 0.119590493388893
0.644865323253552 -0.357844351593395
0.36695873710987 0.538892107439509
-0.990523612697671 0.45976725496028
-1.06596838620185 0.83180426478719
-0.507836127767274 0.761619774996213
-0.39694748677954 0.891765137508637
-0.0377247083279335 0.260195515160742
-0.605048057788021 0.635727703279703
1.59167071674766 -0.367962111384433
-2.24326419251394 1.03237508041769
-1.37318498125849 0.665883547587294
-0.9996247967631 0.731282984984606
0.591183451678871 0.074976706507965
-0.350284264624406 0.867878547791387
-2.17079220690099 0.602199840857134
-0.519890963722514 0.0446655126761388
1.48747580392435 -0.374215873861513
-3.63844274179202 0.803390176107302
2.39089413444403 -0.737400079890075
3.49312930495092 -0.857314429702846
-0.773707655914993 0.528038013046332
-0.850322619025593 1.39984668491023
0.583384496712769 0.300972037579242
0.689423284421965 0.0770988732886059
1.73986079732615 -0.563465085843165
-0.221955945693938 0.319520530661783
-0.53379858052911 0.180604348992918
-0.149552750486902 0.534670148589479
-0.718571525630199 0.620378581110106
-1.28992876026678 1.05676517000558
0.972541600135825 -0.306944236033901
0.632805516865324 0.0337631374779249
-1.67760087851813 0.287421538777513
0.0155639357334606 0.969660203630552
-2.64348763660109 0.0855227212070283
0.0401910032970842 0.420053324355796
0.551849583559648 -0.355965265566571
-0.971366958920984 0.57990974245428
0.487261323215775 0.107356881207887
-1.90336167418393 0.687186527048409
-1.10897870411668 0.45608827038755
-0.287362079864534 0.919734822475668
0.523579496388667 -0.0491692604706973
-2.17258781589169 0.194733829356546
0.527430941907357 -0.0907766762736826
0.952511340782483 -0.454464255414033
-0.0583779372076201 0.372262981548291
0.21576389690833 0.239720369824562
0.0292977307252807 0.396141718168157
-0.811879880903799 0.579989697742442
-1.90460053496345 0.657736781633578
-0.504916577795643 0.510597632772914
-1.44798567911789 1.88037435341416
0.236869602036294 0.827564286807144
1.93734285275993 -0.769104327921516
0.21723203694185 0.58934387958176
-0.833791986175476 0.588247700997527
-0.0652782679846836 0.51401941724136
-1.2029423615627 0.649197535163389
-0.750717356370148 0.130430075766284
-0.291736071188135 0.0488645086394614
0.378272571656172 0.450190315455033
1.14607241618007 -0.173336370759685
-0.0652857359109602 0.217358018401477
-0.836651906976357 0.187577084319582
-0.715677053876702 0.270543788892135
0.460551431696773 0.175011082289868
-0.69960325690258 0.422144363705155
-0.263402453047155 0.561363617579767
1.12185691301351 -0.689220643583832
-0.905351350897614 0.555348046095606
2.29447133690686 -0.722505269505547
1.06780581307601 -0.368197695223522
0.562189533211361 0.0422413206638859
1.07673312495434 -0.21287920560729
-0.845462556382474 0.796617625747579
0.52869209793053 0.0844885472142738
-2.54972075119087 0.125384979936878
-0.688852341610782 0.329163933689544
0.230088541601751 0.179930956725191
0.156523026241354 0.391605311970669
-1.11319849690214 -0.0652414234186297
-1.50266650477323 0.157518700663056
-0.701750515661962 0.134391834979542
1.59583206254848 -0.461277810652563
1.35480765430803 -0.385820550011057
-1.60876929484921 0.415477272628613
0.238754619523124 0.529234972102427
0.290344415644934 0.00520725152031196
-0.900538834227168 0.320980672955024
2.36830974876259 -0.662305397521932
0.962736248125205 -0.248124252579717
0.407138996542605 0.197597055155752
-0.555830142140283 0.609412257099086
-1.20415676171831 0.393678609136488
1.2439685232965 -0.416144613575115
-0.123267100496898 0.436996784292359
-0.563800151076103 0.68748396038997
0.604543820622036 0.0109333124859312
0.0241101039916341 0.406546359171199
-0.0344667143314099 0.5872290365651
0.436378637579563 -0.66780034516088
1.25948334273322 -0.576795351873426
0.374404953854006 0.00457046905072678
-0.867416708131524 0.521949857448785
1.23297246262862 -0.218879413951464
-0.465720617537105 0.963681877266648
-0.628489355140566 1.12953169795062
-0.842385770836269 0.630068899806711
0.681241433449453 -0.140680444347356
0.385383292363099 0.263776365138225
0.206556000500622 0.482709901145606
0.53500812728529 -0.19091002062156
0.897190455894926 -0.174660083217095
-0.826891901197524 -0.12603490201266
-1.28838112564524 0.617074461676026
1.20971747221893 -0.432038684370609
0.272586021547363 -0.308964848057746
-0.304283880048147 0.181923126987052
1.51216318701963 -0.461987138608068
-0.651220699242548 0.556284747580188
0.421040858265321 0.166455397210327
-0.34977154174584 0.681555994761157
0.189597176331549 0.139288597799534
0.913858027863932 -0.327168690592625
1.70085018612121 -0.459885637468263
2.07470455898939 -0.517571571551418
-0.162162009275128 0.550791990787866
-0.719397824332908 0.441923962268102
1.64620047116939 -0.572559664063128
1.10449321044187 -0.487929681942657
-1.39077951666113 1.38839012350235
-0.610177193773925 0.376364573877726
-0.0162638181554432 0.746235915916724
0.559250912497194 -0.224499762270632
0.255496017667906 -0.193773385585583
-0.393489779484535 -0.0586327195643104
-0.680860108237325 0.244265751589145
-1.221348150397 0.648282573535409
-0.771993740078776 0.223504741729955
0.294664991384263 -0.102708890195421
-0.926621479283472 0.533097141921518
1.64215227628574 -0.351383176729146
-0.512375701156027 0.979824293634345
0.43550689425116 -0.055759647052731
-0.521189050986947 -0.485442532801029
-0.0205216671462578 0.293617079907282
0.972082115285913 -0.586217213396758
-3.11298138386755 0.622514816898279
0.456061522499784 -0.110716311052903
-0.222148431429464 -0.0110925318250416
0.912801494966217 -0.262205443241433
1.10835256505892 -0.508623339930319
-1.41017992758605 0.396692996157865
-0.49658249331902 0.615078958357506
-2.07150653506086 0.585046630401114
-1.40886485684733 0.925411702044005
-0.986687648251294 0.891602723673963
0.10131259821733 0.569253029654622
-0.0110306521893223 0.0493426180247037
0.156314397566366 0.145625927686517
0.488637609015651 0.194131848424456
-0.364145028516848 0.340280386774044
1.63498783256801 -0.642138479320894
0.960001520602699 -0.0901649542309632
0.974383615722476 -0.0999414192232843
0.809474033995254 -0.445578891076998
-1.11189184310331 0.286964094784687
0.315311691927155 0.306347118150038
0.585661393072672 -0.0378812552115285
-1.1467099980258 0.171254688322127
1.48026660647041 -0.48529617239867
-3.40781533732267 1.40709907002313
-1.9114354180361 0.569912582337456
-0.266981166041154 0.771514427175357
-0.289039473671674 0.538327324943564
0.0862529230901616 -0.0567027361838551
2.44572573409042 -0.657963177945362
-1.8008822237259 0.785016318593484
1.60302693375552 -0.434937522895971
-2.37955807061237 0.464841517037587
-0.925370022244309 0.472689366235488
0.357218494915735 -0.0557651641105281
-0.602855278563633 0.764129659814077
0.0962466846444199 -0.193308083359534
-0.927204276986026 0.376518810158628
-1.27186557397385 -0.107081078110523
0.385096420001374 0.0348679292554597
-0.206974438295046 0.271220614498417
-3.01128545021414 0.451368282426483
-0.254025863496498 1.2307909796536
-0.937184553090753 0.149568635370308
-1.18474929988576 0.992680513541772
-0.344611887969714 -0.275107657804428
1.49059889854458 -0.309587102254269
-0.927723597318002 0.630588828505362
1.01096721215279 -0.399997189792232
0.338956151287518 0.25643735927585
2.56047236715964 -0.739016851918553
2.67419702994117 -0.790319288616402
-1.51497465960803 0.725234683628878
0.392448765551826 -0.021255420341965
-0.197850855457089 0.674585902397105
-0.929706312002788 0.866765460121765
0.160325727267719 0.356836308215937
1.56047320951616 -0.543781648955278
-2.43997473312708 0.338735324134684
-2.16656660559028 -0.0607917375158488
0.456761192685662 0.0281434924942468
-0.295333365617347 0.10022899481392
-0.261803809689183 0.609186332483621
-1.43975624616878 0.747141844715055
0.455984193999458 0.0183661430141704
0.383905142594335 -0.197842602724448
0.417013658601935 0.665144275976713
-0.579783562733678 1.06727104972796
-0.140626411968497 0.489151441238723
-0.697824693540847 0.386927761252681
0.615634149265173 0.18266528614741
0.824288279265027 -0.454259987421339
-1.81330022268145 1.06444774077455
1.20924339073004 -0.389101181885397
-2.53876553980646 0.897474888293194
1.5433015058753 -0.303883712583229
-0.977222362705467 0.590176008197442
-0.0659785713202843 0.618459903053103
3.20099175588246 -0.784036027080947
0.0368826835826944 0.436402805609237
-0.733438990828884 0.863820267190235
-1.0241605143813 0.786874228537034
0.0240437863138423 -0.0675061354039674
0.154805636829621 0.989083746459406
0.0498903574435096 0.766042418494059
0.776817396454858 -0.219948534540518
1.62198688721723 -0.630002115236528
0.181762034790201 0.226651841729785
1.05363273812325 -0.471568127370048
0.197434973284764 0.21136302204076
-2.13150569130062 0.654488083651425
-0.0286435406862999 0.118676293516837
-0.145589373934053 0.27300280993247
1.71707943448281 -0.782551496443436
-0.140821939819824 0.509507346899592
-1.26125082062826 0.708298906715384
-0.0676621550078798 -0.0328551288801867
-1.87442150083511 0.24038517062385
-2.00790501696105 0.625994402750257
0.430121306527031 0.0316918519724226
1.14500235549451 -0.455273196983247
-0.582000931331524 0.0259140896334686
-0.276893334191944 0.849205125554491
1.58667773664793 -0.557173806674079
1.76609408314163 -0.506143757000392
0.0630917231214193 0.294733167028802
-1.44978992077921 0.962239301741998
1.20970826262417 -0.341150137030176
-0.270063550964869 0.751485365152214
1.22912174752005 -0.176806969917188
0.944499068844125 -0.174890489781462
-0.348989403810553 -0.24689587516972
0.938439031850511 -0.24300607787502
-2.42098268678942 1.08893943696321
-0.910034296946673 0.08475224820367
1.26808526372952 -0.0503077479654299
-0.922911446849472 0.370768151355806
0.050711569157724 0.677462958121413
-0.260215385976695 0.808534869917466
0.826807689095059 -0.479963336663263
1.41202831928411 -0.399120427436701
-2.53954624416434 0.24368129204477
-1.91523730958336 1.07773870111855
0.867520822552434 -0.150814731428791
-0.24024063177485 0.535847571287396
1.31519398343926 -0.30789733795101
-3.36097098861896 1.24199689895365
1.86474491514965 -0.59003532807045
-0.373348894958436 0.709612371986982
0.975702699280386 -0.507816946746913
-2.12051845414332 0.208584705201603
-0.940707814939916 0.760600382601166
-0.00602079144601687 0.588727831506221
-1.42589444992854 0.763581318497703
-0.0346331546780417 0.697166718347669
-0.453850432223804 0.341734161333675
-1.34959005661323 0.644326988017656
0.489161348164174 0.0247545096867662
-1.02726770210207 1.10005620650138
2.64068857020552 -0.733859545532641
-2.04033385325194 0.471916942369039
-0.366824460018828 0.644943922287313
-0.931112250535229 1.07301737520642
0.125135253932817 -0.184755691774796
0.642894473886466 -0.340514778958205
2.5324945696671 -0.714134400502968
1.7817006218765 -0.473737311107408
0.313475463727266 -0.0116720088654553
-0.0322422384775904 -0.0636479672063782
-0.986098865754034 0.441807206440975
-0.528079275656041 0.290357258616214
-1.60031600737964 0.662179424688974
0.848732554921148 -0.220183772978548
-0.485343532018064 0.308557787344194
1.54248856462799 -0.352124293383863
-0.969765774276074 0.841121229800454
0.378005288360881 0.321578488791032
-0.474043673354082 0.148355581639562
1.43405991580415 -0.619634685167223
1.65476114135714 -0.481956989631573
1.19633231255254 -0.0991557650277545
0.701323469845557 -0.349686890145709
0.110075512054214 0.070656002442096
1.18504391105612 -0.38884492324443
1.21166111953952 -0.367007548286565
0.0387811486625022 0.00640389334708874
0.713967023445063 -0.279659509568368
-0.57664953471376 1.21287663851988
-1.06542176759133 -0.366946434910007
1.80966904437709 -0.438993920810716
-0.950987996692043 0.910830427268683
2.51581171723352 -0.705362241946934
0.671004999280634 -0.215739314393271
1.81855613611826 -0.813822079570571
0.343722686918142 0.258341160784532
0.870380937213906 0.0696882187765119
-0.165867101058966 0.35781471570352
-1.31818055958293 0.640574958789229
0.711263994669344 -0.253388871894646
1.01233600799281 -0.548588199807157
0.311755698721587 -0.176145022329107
0.330879613259325 -0.072454721783248
1.04340520604115 -0.488170681509116
1.23861539829575 -0.535291295876182
-2.30138726783751 1.3735828695432
0.276327352648942 -0.146103660590162
0.585136200355711 -0.40108602241297
-1.44026398688762 0.75916497339591
-0.137047389660456 0.38087968991987
2.41782818112322 -0.602465646935125
0.44050343540125 0.348652126616098
0.909934161942775 -0.0208110632750896
0.629960263481125 -0.0651398408287061
-1.36833885157242 0.265339554507243
1.05989918597369 -0.0910320084056159
-2.28916318808256 0.792761728912747
1.95842318306952 -0.567647091629582
0.431477109873584 0.256545195860995
0.704250509366809 0.00954784455225605
0.241034159308064 -0.139814294014916
-1.39797976422799 1.11605813701165
-0.23280099782578 0.158235876732808
-0.989019679434056 0.769600166649072
-3.09565882961052 0.916693144732433
-0.617598701040906 -0.214811521607289
0.127747848262258 -0.0155539885138092
-0.323844670921432 0.653682947199142
0.231875983948311 0.287996491552708
-0.710633336909525 0.983165169346058
-1.00673121237256 0.81363042974605
1.61775144676793 -0.239484623865538
0.672030539030591 -0.0355287786051328
-2.6033709137514 1.13126266738518
0.567739277557262 -0.229433526434309
-0.202270170695582 0.400396779821587
-1.23340891927472 0.645822579058178
0.757945263601087 -0.104321658817498
2.18943578236057 -0.546239740615612
0.829244120802435 -0.422771384052414
-1.79192083150174 0.64943759415623
-1.11280485138265 1.92636234235811
-0.17744876022163 0.29650588753256
0.0703301257820791 -0.0200383916554456
-2.61138462218236 1.14822776924858
1.18704638139975 -0.50967278940432
1.66495223231002 -0.554863750797427
0.345284505823319 -0.142469051392111
-0.765379360095628 0.757314342089452
2.10834205277897 -0.500102530820254
0.358432852747483 0.160332334814796
-1.00446166987723 0.862283046610282
1.99794465823328 -0.62959779635503
-1.57882115928871 0.530819284852433
-1.66021756362802 1.49091287396152
0.595117440671197 0.0140772061320429
0.353290378426411 0.55237865153122
-0.124890754047095 -0.86252887481047
0.158729552100839 -0.0728593313089803
-3.62446961951443 0.37126577982993
1.54488317788244 -0.605740282633654
-1.68414100972195 1.12132003071637
-0.90230255662192 0.663440292286023
0.706625429520371 -0.0726183394967442
0.370835587499376 -0.0114021343157758
0.473189773611393 0.110111544051623
-0.849945665531347 0.203129042781997
0.649109837728205 -0.266362925024786
1.15827902941923 -0.239535874178833
-0.747345578096392 0.961950233138894
-0.710693593218634 0.192544803715043
-0.341039019771539 0.683249605028029
-0.177559854792247 0.724320595271219
-0.644173582181042 0.735056355494998
0.900474852125706 -0.454356665096862
1.46501736765463 -0.53924880275398
-0.680887121126655 0.823448086640085
2.06349821410438 -0.586018736663857
4.95775750522404 -0.931732831956543
-0.187579892189596 0.406619336737558
0.291319395617291 -0.155028065156301
0.126988969501535 0.334377387326909
-0.847334725942078 0.609142323108267
1.34536464325107 -0.433289867294007
1.14145808794516 -0.283262449526471
-1.82686218504283 1.32279949570368
0.436341693333713 0.231864057514682
0.936275152589891 -0.28271556440829
0.34726815070971 0.536620210852971
-0.486138288846318 0.474395956266611
0.357001121794004 0.13890542081687
-1.34529681900444 0.723042851109628
-1.47243073189134 0.326367921472133
0.925366959737207 -0.258949573369721
1.25457732570649 -0.425260025657311
-1.09228123520466 1.07307126726106
2.03307830786621 -0.553850222853374
0.0787163065795292 0.523941664737554
0.458259985723804 0.58777734714876
1.49480498741281 -0.36352409887526
-1.08895628298059 0.337599743109767
1.36486694307381 -0.299461865118952
1.27666241216544 -0.284971269414483
1.3322309829338 -0.476707873211588
-1.07258423688328 0.855287012753751
0.0942414330842891 0.890084141485904
-2.16751932903257 0.800194304129279
-1.13622598337727 0.7453264066047
-0.00289149600474039 0.0315989043750349
-0.587946348535537 0.00971444373966196
0.490444199138445 0.422732526978525
0.404833809167683 0.387850565305452
-1.0227955043343 -0.0486485072530738
-1.75429440909561 0.438443391724475
0.198834491032969 0.0846723834447341
-0.616921737227618 0.860048041034257
2.50008121829545 -0.615385024383062
-0.144215882726374 0.396780357702997
-0.410651570005671 0.423094856517329
-0.971606891722852 0.971615673900859
1.24179190420867 -0.219987009199112
0.530991771420145 -0.145935726719729
0.768707564387085 0.164581938190815
0.446584302132107 -0.215243243498395
-0.278592035845018 0.609586617067133
2.00958381249889 -0.664699856176468
-1.20360742524379 -0.0667194315749122
-0.658490178334128 0.478135828297103
-1.88602637424487 0.79759807744482
-0.693194223778411 0.343219193230796
-1.58155155909879 0.545452541519772
-0.505579626257401 0.87306656442297
0.268457121226725 0.108186764151572
0.910628567585582 -0.221448003818887
-0.79471066412489 0.127233206963345
-1.13629201689562 0.102560824184939
-0.110743845788501 0.271134408951743
0.088501947001542 0.529904135338556
-1.45622198010276 0.665907064767906
-1.75838448362604 1.74984487555651
-1.58760015420144 0.905502686907862
-1.61612487520687 0.428321308174784
-0.703805363971069 0.741555362004172
0.444220414594221 0.065029420083436
0.62354605167382 0.0305314270130496
-0.47640771608123 0.164341185274064
1.05326548119872 0.024523183506264
0.409909901937074 -0.339273279530732
0.704973281583555 0.156485622994724
-1.7015439091479 1.76528608500969
-2.68829039121599 1.13575727238178
0.580653323404276 -0.329813848061028
-1.11030740165908 0.93129034372803
-2.54058746855499 0.282545264203384
-0.407918076257867 0.360615805188656
-0.080861668083191 0.104583778494445
-0.741959865825028 0.955984122662262
0.340023716898677 -0.150735851668209
2.48682130473849 -0.689830389217134
-0.941086597919207 0.0377801095290908
-1.74281898590895 1.32885194733744
-0.274295335191846 1.09123806996146
2.85429004032705 -0.854718702375111
2.19308540561086 -0.575991604518446
-1.08345061681468 0.417593617270038
0.980079339878613 -0.11651790613536
-1.18578150535394 0.541432942704987
-1.76133050522888 0.742938110009319
1.04690861678662 -0.037852260036038
1.76230164575083 -0.539871466809358
1.95053265767622 -0.4964435380034
-0.0334103605489183 -0.0873561262988034
1.32744994418962 -0.350712856520658
0.278022082380459 0.205688634284828
0.787558719103034 -0.0203621469062547
0.119465759822288 0.0875763463799976
1.19625003944866 -0.46281673479866
-1.41317061760665 1.20570045400038
