-0.170651932770442 -0.543751948193811
1.39724294288431 -0.684182032534301
1.76662576907947 -0.710300452901047
-0.836370692908543 -0.115441128209082
-1.4037188222959 -0.315197903559189
-0.475747310673192 -0.542537438496019
0.267422439556901 -0.56272298994757
-0.581258275705523 -0.458063551094937
1.13162533084212 -0.735338368089931
0.816761838216791 -0.637790650105148
0.293915328626676 -0.542285484718535
0.307663787387782 -0.593544129013689
0.847153394299262 -0.640251915180501
0.355774625750876 -0.594379119289591
0.495433727884885 -0.563702177292373
-2.12718322170696 0.778812729693909
1.31187472009853 -0.727447440482805
0.871689834956957 -0.652094427468877
0.72062031062359 -0.612389040144252
-1.61810771684544 0.180931254115382
-0.577164909314067 -0.52745943104497
-0.962133247384344 -0.317806988561432
-0.293483101630891 -0.419978115108229
-0.862551195675706 -0.546151367236247
2.05753246806691 -0.760964104257631
0.858973267117781 -0.555855530420283
1.02056501297274 -0.532071065323734
1.68424156764384 -0.691947515095825
0.488509428349534 -0.63629376311631
1.21027005301758 -0.667658244689179
1.26176314975623 -0.636078924379392
0.127624951389686 -0.55923999211098
-1.12150825951234 -0.128399608245839
1.81183079454527 -0.67908087251584
0.499541567099028 -0.656803686469347
-1.01533380355811 -0.0611581141801338
-1.096416357815 -0.366046607742998
0.540215932478036 -0.648031243701935
-0.435424565853016 -0.432810361025375
0.0867245353625147 -0.626069786846132
0.889114596317998 -0.658745797112935
-0.360210301356673 -0.454755899507871
0.563834816306291 -0.645024630297007
-0.88683930898463 -0.176211867407907
-0.376088586156072 -0.453321425706224
0.74384535060911 -0.640807570000082
0.597441237313748 -0.586396760159671
-3.71744285544871 0.984072729039675
-1.21802538543199 -0.418711232141779
-1.11062255997672 -0.289133990821825
-0.754691718088797 -0.539739195424572
0.186478397527601 -0.563726007783732
-0.180420414398918 -0.654620384412924
-0.569610649828691 -0.456992515797999
0.101150287156482 -0.465985192628015
1.70715811341167 -0.703784555207392
1.9384326946988 -0.751676990989307
-0.238668756815037 -0.488003895804844
1.26107347349222 -0.642232723455072
0.928408140628392 -0.568312898728035
0.623496105342438 -0.655480583925498
-0.427086422987347 -0.318139718060054
1.04751433802041 -0.716735260712582
-0.971663250462694 0.02254122783111
-0.0318548568316772 -0.605470994660384
1.44455935195554 -0.65266317332976
1.79527271152508 -0.797232817326075
0.662900194942234 -0.650408289607172
-1.85336389623016 0.385970635570714
2.56705505871627 -0.759803126863274
0.267129460890696 -0.567410004224834
0.318618752211725 -0.654087089045441
-1.46079863414498 -0.00198258809870276
-0.326412312204361 -0.461735124906115
0.541749720426196 -0.610686750994687
-0.0797640440689972 -0.453895340682525
-0.285807658650896 -0.612913025809469
1.01030726410299 -0.675993589275497
-1.35740648940152 -0.102685569596694
-0.766777870776282 -0.427200979230118
1.16855049146645 -0.67660669278088
0.344899733997046 -0.570339891054694
-0.550557330982479 -0.396594911277207
-0.798407405773932 -0.286589633302727
-0.82914810853169 -0.301118426274973
-1.7850842083572 0.311930147718048
-1.01481914360443 -0.234766571983856
0.737564213193809 -0.65745799502004
0.913902734963001 -0.66768331589607
-0.424804384734197 -0.45273995948481
1.44196807831396 -0.63610311100972
-0.285008165237896 -0.366692881747089
2.89618886278523 -0.773022725312917
0.00424134454127408 -0.47272301910149
1.55405417283174 -0.708244257578286
-0.205847962209372 -0.52529865564005
-0.412562148947028 -0.455570774510049
-2.14814774722337 0.201415495028377
0.923058734142771 -0.740925394382537
-0.0137051667207047 -0.564521331213466
-0.394429022858514 -0.375805612119153
-1.7609097219743 -0.225389368062894
-0.75252576326834 -0.145599730551474
-2.76564014426745 0.463789549202124
0.218118959271057 -0.389812800261157
-1.12444020316766 -0.382537191761786
-0.145077005577308 -0.600890753258934
1.69342443742134 -0.68945194478964
0.609143642889827 -0.506514562585188
0.277742851888552 -0.47834993267234
0.585338889888243 -0.611159464732292
1.05810922037702 -0.628899716775791
-0.50319982604627 -0.375398738627289
1.24003551880345 -0.626862567492925
-0.144443602504699 -0.490534406225802
-0.0504233329567313 -0.608011658383487
-0.93034402237027 -0.260846741065853
1.82876209337715 -0.788703963378656
0.595263623076728 -0.608429116862817
0.491581010891715 -0.630793193521906
-0.256828403095552 -0.532042111584719
-1.44287363708596 0.173368066581045
-0.547012010739885 -0.417614555521947
-0.463375170707727 -0.501164459487022
-1.45198776139062 -0.429979490299368
-0.323447092239554 -0.565513067016341
1.37569502877442 -0.592183818918265
1.46049150511341 -0.732955695278417
1.33782696918294 -0.704165274176561
-0.324471128237151 -0.512345268367192
-0.963444294140728 -0.390655909667025
2.02068929865484 -0.734223901479609
0.780964203765639 -0.676107986542664
-0.135226256736343 -0.616261229733693
1.74871169811117 -0.719398855319499
-0.592915434697299 -0.219895527750595
0.44191712199402 -0.649023987999892
0.433921904734272 -0.506916198992209
-0.00236289566394123 -0.528857646515709
-0.7665725355735 -0.393711801909821
-0.583944803487599 -0.365998623918465
0.106238317161826 -0.485784362973035
-0.314997362647343 -0.454536151821904
1.23214373046895 -0.674585661784941
-1.00919199142088 -0.432733176556118
0.479860658236772 -0.658154626186931
2.16545467089607 -0.72685103696077
0.128527065443441 -0.569454476729777
-0.768573405782843 -0.317315304235273
-0.454302255046845 -0.397659381754448
-1.52895381441285 -0.190784189642664
0.382842836004286 -0.580752364458884
0.458623114936409 -0.533124722399114
-0.584542906076934 -0.771306360578516
1.13304682304041 -0.65999735493586
-0.504672568497989 -0.465705468908815
0.178004498770551 -0.521152082463402
1.12584854145228 -0.597295690308578
-0.802841854396668 -0.177396223203452
0.35482679334381 -0.673519050807263
1.0623796285943 -0.616542851047084
-0.0837610431137365 -0.572865585495236
-2.27363453217655 0.062719016218314
0.419760281523779 -0.52090190762031
2.70266663826651 -0.783077841096792
1.82219170646239 -0.720960299271723
-0.278737207958571 -0.380293087636379
-0.742207549930805 -0.417131594460874
-1.63070089577396 -0.228987098518754
-0.820632802510076 -0.410856319647589
-1.94278453123424 0.0791635121281182
-0.0181591875420458 -0.686955347798261
-1.49520813243015 -0.316327655584106
1.09333850500459 -0.748937353254653
-0.345727055154115 -0.344141744301045
0.233160117592922 -0.622420100671028
0.611579006203298 -0.690015202637328
0.396032187725954 -0.542399052248276
0.0812586378310862 -0.475295776429495
1.15628946536148 -0.695964601457181
-0.435262749510338 -0.358876909227498
0.160434392624583 -0.537682872001994
1.09658022045631 -0.705992644913801
-0.4008355438247 -0.443307909640527
-1.4730443335873 0.0495418071306816
-1.4456387847571 -0.183259125931161
0.881055603878267 -0.691333331050793
0.706114941835626 -0.58546864413831
-2.86693908820863 -0.115752407783594
-0.61114665905346 -0.335307358902431
-0.505549626978911 -0.438258771568426
0.911746935082576 -0.649117723930303
0.395944767858223 -0.573577700282663
2.12928016775287 -0.749633004621119
-0.142123651555027 -0.468427544022315
-1.01824498422456 -0.312093597776205
1.13912765617337 -0.596381248121468
0.917885012887635 -0.588676145501721
-0.0443784970029117 -0.549857343457655
-1.1144473890043 -0.457394082491145
0.490723267764609 -0.633632440725052
0.753224087276423 -0.612759049957215
-0.698879323888225 -0.341788008279528
1.05170194650789 -0.745837708930898
1.53017791594451 -0.658398357418344
-2.2571414050482 0.239111258122287
-1.1025985741638 -0.262409363684924
0.0201748111085121 -0.443891436059207
-0.628933932719024 -0.448596030530862
2.17854709960004 -0.794712013175143
1.29078529990943 -0.669098385158891
0.789902527313873 -0.525151844630392
-0.943162645836533 -0.686184073927401
2.16397476126232 -0.738277966139004
-1.17438882961476 -0.463275529895866
-0.649032039375321 -0.351413829727409
-0.769187475193982 -0.348792250694333
-0.168097556091001 -0.412064951408889
-0.216280514761571 -0.521154775782282
-0.73477158629322 -0.333077377253972
1.55658223126898 -0.710553013173685
1.75665263376015 -0.711816967991679
-0.330684607118377 -0.560806461483471
1.59305551353736 -0.695793357938058
2.07554234775744 -0.708314938568607
-0.796276797608297 -0.321256820704796
2.4065514422139 -0.753604839251488
0.388649815278318 -0.52398063611897
0.825400588912062 -0.613565828315014
-2.06014237090095 0.489576125672276
0.0294283015443059 -0.622024226571908
1.23171120447253 -0.605094001073948
2.07593782374038 -0.724844312518332
1.04529267246465 -0.67054228942332
0.34502130098535 -0.6039587273951
-1.37758147488967 -0.0686312962516455
0.779483280896953 -0.636120378262825
-1.17081417630706 -0.195637558465028
-1.2582882164341 -0.433340958182346
-0.17852997812958 -0.407724026727967
1.06909844593031 -0.759804599467511
-1.85835584798766 0.0749382428480552
3.2480720785454 -0.793907189656435
-0.805090964358879 -0.37303804955075
-0.568506493299133 -0.300264410371509
-1.43775250655908 -0.146714879072048
1.73814457578209 -0.64295619628485
-1.41540317987445 -0.0660856264123264
-2.11262000575074 -0.016147501042956
0.0610075712812926 -0.488222442083798
1.35409561704059 -0.74115987848543
-0.26061471736404 -0.477486857808788
-1.02135751403701 -0.192002854995798
-0.228860578548676 -0.253526219976423
-1.20926923590841 0.0691579883956263
0.909783309293008 -0.669715172101089
-1.12454739539539 -0.209350976877873
1.00734222888658 -0.755536832389893
0.333370321709119 -0.561087854359791
-0.552563005204982 -0.447411621488113
2.62136078265365 -0.74546683291609
-0.580335041321902 -0.466420911544215
2.72252810084275 -0.768876451635224
1.09582857555773 -0.701768903239874
0.888446454026001 -0.601475161319633
0.112718295710142 -0.452139608436129
-2.21998164361801 0.222056151915973
-1.39939993668905 0.312709904357032
-0.425054943250092 -0.611820371525178
0.0158733353120538 -0.584550067225867
1.98597457335377 -0.700873696547305
1.12877921350984 -0.731831354906667
0.768215584126351 -0.530679520043354
0.786030527793803 -0.608651690152508
-0.0798731398260526 -0.51334429779977
-2.46349977602567 0.178783315378788
-1.48955779071551 -0.226554094345977
-1.02280796795977 -0.318616467619592
1.58380999221204 -0.708215102038281
-0.626304599837292 -0.255394453958739
-0.00198365445110712 -0.434788506005331
3.01378317701126 -0.80016393057821
-0.225028461884356 -0.453496148765627
-1.25800002916996 -0.219003908862688
-0.343700343075296 -0.691269919666362
0.625762494680289 -0.59082060053039
1.81229472020842 -0.711494685388989
1.25054223668508 -0.632649957781661
-0.627643766538765 -0.477916708715409
0.835289105244488 -0.657938941057685
-0.536864143584003 -0.363884561014005
-0.420395764281727 -0.412220332421639
1.57930746038245 -0.653710986520463
0.533028478824092 -0.700566835187157
-0.586582464709108 -0.360061869185679
0.32366721522232 -0.595532771632252
-0.02893500520645 -0.52975826275331
-0.365676104959823 -0.488487419047214
-1.28368997821741 -0.176744301978359
-0.80548316917341 -0.247056882352502
0.432583215595748 -0.46171898299051
-2.80021718537075 0.259134081280709
-0.235932670532465 -0.506776425428524
-0.154298370641689 -0.504756067782959
1.1660130681714 -0.696974488066241
-0.73844729421932 -0.411370491863102
0.00444535008345404 -0.569500511499188
-0.847703974901942 -0.340871542728449
1.18933943422546 -0.665425479105417
0.0851196878600746 -0.616686627128861
1.17972949975344 -0.744612854899341
0.838490098518058 -0.657332276484574
-0.0346186783727252 -0.468607047215222
0.297894591142776 -0.588621790282642
-1.45151788772787 -0.11163230456827
0.114823407044039 -0.552214125478762
0.321667610575794 -0.674874294118543
1.61905745061833 -0.763932869435025
1.03159886783323 -0.611403088210492
-1.30865191946282 -0.239797142523531
-4.27536498048417 0.368221043533563
0.565582736200768 -0.601588996559833
-0.239888721832299 -0.443987701832488
0.539054731597663 -0.559205657829456
0.756511251431728 -0.592103135707198
0.652042820502609 -0.548367056570184
1.15092109642427 -0.705586098378275
1.0335656026122 -0.688640524732673
-2.71744532923294 0.834723044390491
0.715545649993818 -0.624429083525433
0.36409236168202 -0.567131208022288
-0.452795798323547 -0.418610669728948
-0.726689997087318 -0.554630286344669
-0.123912159119874 -0.538547062853301
-1.48118282216737 0.154239187268931
0.76992856510618 -0.543010038625341
0.758840650872033 -0.539380980280113
0.303496123983804 -0.526181607770721
1.07800347048695 -0.571170396575907
-0.348336679978307 -0.394587683121959
-1.51865840483298 0.0125707615912267
0.93825444421234 -0.728268804635046
0.130617267218177 -0.534986517725068
-0.792402991722494 -0.266966895521466
0.565339048966561 -0.636548399028662
-2.24858715600516 0.144129259618097
0.434669983036047 -0.563820120121587
0.611681779054391 -0.575977899447013
-0.244346705352205 -0.589626126266381
-1.54527255718554 0.0882057465320481
0.409809112000403 -0.562015418264184
1.70787602327486 -0.736752964310112
1.34809545540261 -0.679072794004326
0.320061916551727 -0.522501117273213
1.389561922253 -0.708015293327351
0.437028445784772 -0.586132178411996
-0.0941114610143355 -0.45729836037621
-1.34076611567678 -0.174396634300586
0.821434214703817 -0.650372509213433
-0.480147868939965 -0.382701978063256
-2.08074000321595 0.107841509418892
-0.738590859124767 -0.359650530113775
-1.02917748440818 -0.301179156758586
0.484114384694361 -0.502713505660531
-0.915929201037505 -0.179941272411282
0.60501653104442 -0.628179498036341
0.0373456156379529 -0.58236849630757
1.74009145862011 -0.689924013839578
-0.0411441040078603 -0.407791115483507
1.28402333630264 -0.616537004943421
0.523576843243928 -0.511279719741524
-0.275885914085468 -0.53979721112939
0.16336375157566 -0.598207425432113
-0.835506780598503 -0.203357222486382
-0.926611978501713 -0.323144720692034
-0.999940548809956 -0.171575355461025
-0.947126190678476 -0.279607553952696
0.896506041843094 -0.606850604700626
-0.265496939946756 -0.582777262424275
-1.06624412348544 -0.587837534523704
0.452868326636517 -0.507168037556133
0.292136505744706 -0.53381688659384
-1.48776423313586 -0.135328578942027
0.865735707336471 -0.69557287977956
-0.554368236074808 -0.382576728534077
-1.64145413462432 -0.110480885206153
1.31961631281959 -0.679161194411886
-0.346637951621823 -0.510992650284574
0.599616687451539 -0.699544866120972
-0.255234156093725 -0.567138698775066
1.57729420868558 -0.703467738144095
1.70225989379148 -0.730223998483595
0.550290960444414 -0.545896488359066
-2.02233610645367 0.381138099942007
-0.383511834364675 -0.573629531359917
-0.919586193059924 -0.332317327333552
-0.144080952293948 -0.464559125105608
-2.87080628298364 0.618085832284451
0.423746952944185 -0.622313632296878
-0.247845252235254 -0.600538689587431
-1.64393672745996 -0.0840485220420446
-1.08703699403252 -0.230583723041889
-0.543818188436851 -0.291688200588596
1.25870725089125 -0.673251992883826
1.17435305397345 -0.650812043652767
1.8192988484417 -0.699899922924178
0.413765264483561 -0.671120488776118
0.0218788392486079 -0.471739661387149
1.71218013192505 -0.698251583195561
-0.487080373144772 -0.286043086667785
1.14209530184941 -0.639526278334662
3.2122503495797 -0.794898757441913
-2.2041031200598 0.0185654757626753
-0.30586291614199 -0.365319975477777
0.171231306126849 -0.535588629201557
2.55059689216265 -0.770070539841207
-0.634162340387257 -0.349037705105499
-0.0979416304290157 -0.433739840828976
2.01971481627339 -0.74019280110457
-0.593250879846489 -0.368727927689974
0.298170033795227 -0.554539754563142
1.25964689738154 -0.690439143320912
2.07511749156764 -0.762551271039412
0.401758765655394 -0.534521448432308
-0.729222626742809 -0.469819313673082
-1.26834578999274 0.00261360375522418
-0.844421094942351 -0.285758378872225
-0.850258165892266 -0.229147420664891
-0.263514324671171 -0.571046573460177
-0.0234889278559566 -0.467243624538801
1.0724853353366 -0.73275518667277
-0.549399860146375 -0.278314126248328
2.71721288335065 -0.7556150483649
1.32398415380475 -0.703744431806063
2.13627124733371 -0.754655640942073
0.582721774031114 -0.606177267678624
0.0959846581061926 -0.459269796231836
-1.37550177472126 0.0769870725459658
-0.348128852762101 -0.524698755598019
0.890617905778648 -0.603757897575507
1.78556552639602 -0.737035866156642
1.64155620696916 -0.748215429583659
0.618656126119158 -0.610860220563143
1.36927345257846 -0.66276298557809
-0.59825285946684 -0.3078292700672
-1.05050055328299 -0.368031918495746
2.48459626152863 -0.77354660592982
1.40532728056481 -0.635392685623422
0.794413188077358 -0.61153015056527
3.34118871727293 -0.817526821348765
0.506886478374933 -0.597009732865264
-0.160242257571789 -0.387258045798869
2.24893648186697 -0.741613757891633
-0.605955079589954 -0.366537761831593
0.42996133069633 -0.649497072350699
-0.959086473569226 -0.242414433787445
0.432286663876439 -0.611184448846497
-1.08486238082037 -0.0884748064130114
1.2244922912801 -0.650821315465172
-0.64869343169549 -0.378967893053272
-1.10488200174637 -0.301127257057325
1.07281971426642 -0.591306316971405
-0.159119615945822 -0.493596702773875
0.915256972615806 -0.71947831076414
0.824249933183113 -0.601035635606215
0.0253990873140499 -0.392692243985448
0.805415311163004 -0.635156231175013
-0.184496631130181 -0.507487229676596
-2.39368683978376 1.01429383858232
3.12748822871562 -0.812749345074019
-0.946437725654675 -0.447269602689221
0.691140657440203 -0.62139168734459
0.601550168500558 -0.625989263682809
1.29660844352452 -0.727740170427683
-0.258676206635811 -0.623020908675418
-0.0328490633375441 -0.457062065645906
-1.38377215094645 -0.0768921624799099
0.272624049960356 -0.755715535145727
0.822341302421837 -0.60376577569615
-0.0914658392290738 -0.484675748165884
-0.894487386173764 -0.444024406591338
-0.231483619445441 -0.43292251354443
-2.059829953851 0.240255545645156
0.327324992295095 -0.735272387421559
-0.433469645881064 -0.390191489669873
0.282145325733056 -0.641083165444341
0.785687744429049 -0.576381255113832
-2.67246143205602 -0.255732996138272
1.03067108149359 -0.674187953000775
1.1044298165618 -0.691621222183249
-0.363661578023807 -0.488947768476495
-2.50937534323615 0.140472505363047
-0.89890941722288 -0.404951236750772
-0.163357716592359 -0.508643439482626
-1.70570659371378 0.132350216331625
0.414366192195652 -0.620187096646153
-0.400805615182602 -0.343016372199051
-0.233483155134742 -0.453568297517611
-0.401540498952336 -0.266806238564233
-1.79028939824202 0.0174906386510465
0.0136079862401787 -0.553053027487722
-0.263699981428249 -0.443750141438217
0.810987930790269 -0.634573586802555
-1.84513021782103 0.2476950863744
1.07445068345119 -0.674793235425262
-1.71411669991921 -0.0335318992166886
0.830838327136576 -0.615820530068723
0.0501185514960079 -0.49906914336029
1.17383230009939 -0.711217586534405
-0.107492543425027 -0.473437698111398
-0.268064720271716 -0.588693864542715
2.57728069714823 -0.787999422663663
-0.603541629342613 -0.585287346452992
-3.48312776437456 0.662120655500235
0.907439333072217 -0.566400748580747
1.57706816407759 -0.725972453661311
-0.378279128044496 -0.535915348455717
0.970876309300184 -0.568896053972121
-2.47610710879124 0.388006691596474
-1.53381163534535 -0.142714023285049
0.429954474513331 -0.593063661115693
0.181705945575178 -0.724716353037665
-1.57228440965866 -0.0719332936491099
-1.53919651762745 -0.222519924737227
-2.00879452003819 0.164972832325062
1.38444609679889 -0.673699093205981
-0.0839971034497895 -0.532237662629808
0.231849090051616 -0.562973669616212
-0.364165456888009 -0.322076291244031
0.355188473367059 -0.511368817147091
0.510840150480479 -0.593903898363761
0.573721815039153 -0.565216460164347
0.292511015152629 -0.60326678586836
-0.2115548849821 -0.542499185120665
1.02137324280159 -0.601306684874029
-2.35094006784308 0.416871388558138
0.356737620334774 -0.467068513814113
1.51149217422934 -0.720974907904308
0.260480825861172 -0.608018630779578
1.09966012079957 -0.622643307599915
-0.743774597728618 -0.00405145451331018
-1.12594071387486 -0.410267011633431
-0.124904435127528 -0.480180586656692
-0.664169045951465 -0.384596344235385
-0.13153324663905 -0.479788537905607
-1.44497992388567 -0.26836054867488
2.46213559175929 -0.732355846473554
-0.654108746891903 -0.534116509917129
0.383617140132278 -0.490379159967189
-1.06605133975333 -0.185160337643101
0.0653077265012609 -0.46338170788632
-1.65343927596006 0.173231397528573
-2.49229849786619 0.760042255145559
-2.3422122162095 0.314410796409347
-0.760712873819447 -0.250223513849264
2.18280635708215 -0.758923429856562
1.79701165779185 -0.784708250450349
-0.810911778958 -0.326144670328629
-0.310703513926527 -0.543670331543937
-0.331211515224602 -0.404575896585871
0.704611765181293 -0.764307686841655
-0.396834963194137 -0.387180799161528
-0.109952364248619 -0.448197968040129
2.93321077638551 -0.799374858892515
-0.721742149995251 -0.367729121471045
-1.18996976846064 -0.268769017452764
-1.52076629295136 -0.0673433168283883
2.74329413034393 -0.780782369614507
-0.190735090318887 -0.464569997192407
-1.81987508336228 0.132113526258863
-0.568897797199888 -0.369241366244124
0.971040290558838 -0.64150432383889
1.06458311259898 -0.595215355425113
1.61987762999477 -0.71687274680251
-0.0347314307602217 -0.450049886785242
-0.133590346473886 -0.594390841246587
-0.0165637543062519 -0.47096934536553
-0.730106777937023 -0.222631289991684
0.327408140194962 -0.478167117139904
-0.515624614346626 -0.499354811357799
-0.590937463737155 -0.3630353664649
0.116005081677874 -0.51913768272921
0.913996593679055 -0.657508985657119
0.0383749641300107 -0.42605989972687
0.905171809464347 -0.690824325624492
-0.144639676239497 -0.534753833196402
-0.0991156682440801 -0.407672805175297
-0.638669233329213 -0.410536991266993
0.75193015798596 -0.531363064824749
-0.92596892341383 -0.122194588501523
-0.173860585054237 -0.492129110831269
-0.165926840596292 -0.517252557875468
0.101536723771543 -0.605706094793158
-1.55666779398915 -0.0659638395691975
0.469831301212946 -0.609331009758482
-1.84616570821443 0.102238445999743
0.966147414146544 -0.48824311739498
-0.686248258676929 -0.410115668476197
-1.15100631768183 -0.228670063967564
1.34310538574767 -0.716951415857528
-0.367587359721959 -0.559142382284824
0.0320046540969417 -0.554837721897974
-2.03974713619319 -0.1357881533319
-2.87422277347748 0.376830647304811
1.24470045267557 -0.697632488408709
-1.80024395963625 -0.0252969250763488
-1.16392913248283 -0.308477049731758
3.17601782769387 -0.796746755468047
-0.975542241744378 -0.472469241051637
0.0126425430145059 -0.514783778286003
0.165333792723253 -0.524631768801319
-0.924672180019651 -0.424005817568918
-2.34966761279668 0.0286816968976789
0.705626728030266 -0.597043242677407
-0.46525878459994 -0.508605538388416
0.494594175261632 -0.618508375362932
0.796082961209783 -0.544654333714356
-0.955314207917996 -0.425846942108702
0.328245018950505 -0.557289359888752
-0.238494177123089 -0.555178351719227
-0.292148672285785 -0.486037703676123
0.863839751964812 -0.647670358616116
-3.37220152680738 0.219251918496675
0.826406689578354 -0.706046856607797
-0.342694638206647 -0.259820596279694
-0.996400367133883 -0.358263373241653
-2.61593889359845 0.654385507750699
-1.85782376966853 0.0750096294123751
-1.04090070816979 -0.297708588797909
-0.295915693014567 -0.621976965219037
-0.635056453470301 -0.311841680093648
-0.261909310162063 -0.538808016461751
0.767904579875018 -0.653320256723298
-0.711032860456537 -0.340726665256465
0.188812523805635 -0.539347658363514
-0.835267156763754 -0.619759227600203
2.19201464366907 -0.772214103827646
-1.07230512684884 -0.225644248353555
-0.99817493092678 -0.473282679982456
-1.4117453447444 -0.196598768342112
-0.732246082428592 -0.345289160801047
0.289598428646975 -0.649285479644881
0.284458227578129 -0.597978783756019
-0.625104546142433 -0.635845809288162
-0.726889605035492 -0.458690574761788
-0.427367792031763 -0.319715363373551
-1.08580230200786 -0.32189370378938
0.845499606473507 -0.683389322611675
0.0317085597182829 -0.569612040729796
-1.09096943415173 -0.34674322888592
-0.253815631945364 -0.528678040643772
1.11239180952046 -0.711239828993277
0.0614612676855858 -0.481226907975157
-0.750206243016052 -0.200470323343601
-1.13732113758809 -0.32729504285726
-0.244308897656938 -0.477599259330468
1.60889031714545 -0.683953916247029
0.567870051085162 -0.505108514221974
0.799923758772314 -0.544577234211303
1.24809724322307 -0.756816366224063
-0.257342076228043 -0.414389258570847
1.83842229208164 -0.715011041318823
-0.584838768717102 -0.410867814413949
-2.16466183906266 -0.186529138391283
-0.525834772056776 -0.362993467354835
-1.24087220018636 -0.0764470343278823
-0.245779390730509 -0.50556104301659
-1.19599066429871 -0.120951194929404
1.25260974361979 -0.676960745990135
-0.157921621794453 -0.480802510231671
0.651125470161695 -0.691437408038223
-0.477647229387945 -0.427792952996367
-0.631696214335951 -0.543953197580451
0.352144449610961 -0.606365692024493
2.43821386489542 -0.764029221849898
2.67619244072267 -0.774954883997928
1.81382970702678 -0.694980282282275
0.698337113159753 -0.695718895568425
-0.787292474447618 -0.0828104239496579
1.30715198040273 -0.74072903375314
2.29771747814422 -0.756592679037277
-0.730239097687744 -0.281964307049661
0.975414508059463 -0.689489485105122
-0.87500037191135 -0.440286144974993
0.237473578346711 -0.468394635623203
-1.00598024766206 -0.349799489655741
0.457643533057583 -0.596231536069047
0.260214464172761 -0.613962503590409
-1.10218452330271 -0.111571144552273
-1.71728158152035 -0.147282191860963
-0.532411532194724 -0.251649145546115
-0.553985120201436 -0.350376844517472
-0.552552568565969 -0.517240968274091
0.308669879662937 -0.505054247361367
-0.0388514408361341 -0.518864657612989
1.68414700233974 -0.72540699085702
-1.00647063403146 -0.197821117117299
0.348226701135138 -0.583116323694931
1.59423258142294 -0.763848541474751
1.32300942628826 -0.585163808717239
2.34668459141739 -0.749864046640751
-1.15864869754559 -0.474320630286999
2.67106949148142 -0.767214216220392
0.464572254603557 -0.539236521487895
-1.57615457855048 -0.221799031184773
-0.019855943045643 -0.505241778242423
0.181193177949802 -0.641814540356679
-0.429480338674681 -0.4524971021294
1.11241634268354 -0.621289949067304
1.51483168739891 -0.642032199248316
0.841756308814356 -0.633205063166486
1.26510092327437 -0.678451896456178
-1.51593837349642 0.0918045943047549
1.71558077308389 -0.699712302021697
0.88662802140708 -0.569700317925168
-0.472633706543564 -0.511771793386799
-0.656459672961649 -0.407117850628267
0.133864889186428 -0.64091641378398
-0.517516727939168 -0.530340990332769
1.03912296955219 -0.567923187609035
-0.453797662516969 -0.183027838619651
-0.288114540485574 -0.356335860874779
-0.0229881072158833 -0.377133231945615
0.719518275272327 -0.608749839385348
3.02222160771046 -0.787299501384433
0.407116265007107 -0.483561039876291
0.716195483612079 -0.55563226179194
0.197740377048858 -0.626331991951161
-0.965195381535665 -0.389872826610118
-0.282918106874701 -0.574420874627586
1.71725939575169 -0.728637510378245
-1.77127303230192 -0.178774317459784
0.896488797157372 -0.555443342486145
1.37880484156493 -0.667592289730408
-0.779021242054315 -0.4290376558228
-0.890584727625597 -0.493679293375863
0.193315734218827 -0.452110673742492
-0.906763052592778 -0.526287831403415
-2.39915890628947 0.00856648519046954
3.23621854018751 -0.797609034525888
0.647844834799404 -0.557648604682293
-1.43880364981747 -0.291609456804548
0.453682143194476 -0.572958791761762
0.921702181156354 -0.616470781768073
-0.447309525378627 -0.289796637695148
-0.751351525212375 -0.266299170481032
-0.729095349176278 -0.499255289054272
1.40497780787874 -0.688298507309393
1.91785237813136 -0.739295364570569
0.0882967595886176 -0.72050720923338
0.45890535847506 -0.71364918321952
-0.83315074597416 -0.415114873051507
0.513234412645785 -0.560994277812324
1.0309103341743 -0.634793532362335
0.944180942143201 -0.637745043188034
-1.21386623986384 -0.327509329633253
0.184834390365591 -0.606505713575109
3.01882573152654 -0.805029513640704
1.4647018933691 -0.663514171356919
-0.423067555089768 -0.539239778186613
-1.50314600807736 -0.40291202391077
0.746800225189464 -0.624168039480981
2.37284550034942 -0.752125517900915
1.03912328724705 -0.637535696553174
-0.369771750896521 -0.405388219431292
-2.26297371739336 0.210902363698783
0.865936783857995 -0.680596632243328
-0.422397110907064 -0.564790057721681
0.62866619951344 -0.628164486226105
0.805788326824025 -0.591478415093542
-0.346815529072661 -0.419568614901926
0.809450846570122 -0.642760277774404
-0.0740677527149601 -0.426176024473414
-0.726612764011083 -0.44535184761896
-0.646157255294924 -0.299444175448749
-0.00714147372201819 -0.519053842525987
1.15747095503402 -0.655581434047637
-0.00696165495498732 -0.505950364719143
0.137146809032375 -0.556502484828663
0.883882126982703 -0.62998660933009
-1.53177161141349 -0.00700335011359778
-1.05483472042788 -0.217357777866928
0.671749514447455 -0.593943413133896
2.56944897295013 -0.752955841663071
-0.843807013351876 -0.244864597502218
-0.365321216004816 -0.416110707736706
-0.284233096400831 -0.453976943238457
2.41840818985085 -0.772893967328042
-1.23404764545122 -0.279577080830704
-1.86471969572125 0.637332644392548
-1.80813612321559 0.0653907436071103
-1.74949120461005 -0.225790677221291
-0.295714414715079 -0.372826957519171
1.99649312780183 -0.757225724903759
-1.08703428306133 -0.269956954745527
-0.701457673401649 -0.359906584498192
0.101682385761157 -0.517296078479029
0.303084792836973 -0.454075718786441
0.221948887494071 -0.677947679419261
-0.70146230942239 -0.611042903035226
2.82183468412393 -0.789166787457256
0.694192652086293 -0.596141002606512
-0.528657844915611 -0.571614633189702
0.590930149518573 -0.611422442942953
-2.05709956205749 -0.314655249817889
-0.445338451455068 -0.347641891179382
-0.250871571559949 -0.538054466171782
-0.064159860433667 -0.58596371659658
-1.80939099880338 -0.180169400255376
0.351192355157772 -0.565301858241709
-0.0865777567958627 -0.715003384645378
-0.778286063422761 -0.527488912313944
-1.53800222640265 -0.177924046523794
-0.427372312429235 -0.591774007941992
0.247321607535826 -0.557522477454642
-0.27063442283981 -0.583934603668816
-0.266161233936601 -0.56106213970258
-0.221480718606137 -0.585756731052314
-0.525225883240219 -0.435063192372603
-1.82758633308782 0.000328945884534596
-2.11637569500039 0.100231185695176
-0.726795923873502 -0.406576748585927
1.81046098483378 -0.712631119827682
1.08181754843855 -0.638147680334384
0.685027607125235 -0.659784568608017
2.2518586292485 -0.74114954780678
0.119785090278432 -0.607067714796906
0.844510486996761 -0.664772275508846
-0.277300764759379 -0.512065170274001
0.679932777788965 -0.641120496635142
-0.172282575905655 -0.609565757137816
0.331866972487282 -0.579555727871913
0.332035380093818 -0.462131345841373
1.41783179384322 -0.694304881584918
-0.441893981535693 -0.6915066817903
-0.0452210965890023 -0.37751331190359
-0.329849728278003 -0.39836682669038
-1.00891692304841 -0.277077836935275
0.165271284565056 -0.551985981599231
-0.671103777635558 -0.219739125534449
1.68021224671187 -0.668695184312023
1.72412063197389 -0.697446527656229
-1.12738460329933 -0.3937853764004
-2.1404224882928 0.253578116864822
-1.00310967828664 -0.165795290973157
0.718902744914295 -0.58065426330684
-0.489305195144766 -0.496348720167317
-0.0327564321063385 -0.536218899125955
-0.629884810270957 -0.461836474658332
1.20029043163638 -0.681547219628848
-1.22659326433337 -0.236031447564722
-1.15591943198207 -0.308560639667334
-1.76944058577051 0.0798156402222591
-0.0144170017675716 -0.611073884120423
1.70203292293773 -0.738341343045752
0.433651168656897 -0.558300184750623
-0.639296144845294 -0.454710371293836
0.516193205881411 -0.610449088652369
-0.545015849486752 -0.582355850569155
0.311707991967046 -0.430194907404487
1.35731925835325 -0.682990245692124
-0.304873278101375 -0.572691979432455
-1.01493016151389 -0.375297126515033
-0.0901409912303201 -0.533658339965532
1.17925565970587 -0.636804451565915
-0.757879835058513 -0.335617254519599
0.903249615519942 -0.699631204674418
1.50855036352579 -0.707329303001845
-2.49562276524963 -0.0343863030619223
3.4064425827687 -0.79952509306979
-0.585696757438094 -0.450139133787613
1.17437822412527 -0.675266717863193
1.34382756742614 -0.638148578178787
-0.0651014437259755 -0.552662103063875
-2.15533245739086 0.068921435293635
-0.540551243467492 -0.332557577885284
1.8806565571111 -0.705747272754466
-1.44208700500263 -0.0916638521608663
-2.24578804740607 0.359495189787837
-1.67135210886122 0.0102781973963017
3.34277934805457 -0.800382220003436
1.71277731426292 -0.75845698084351
-0.919957290547052 -0.204324855588399
-0.538902405311898 -0.43831990458452
1.32463835130863 -0.738477022441033
1.91579784020023 -0.71827795928614
-1.59113023112135 -0.0782996276099463
1.65449019659333 -0.704762094256374
2.55729355517395 -0.756723173169149
0.168445115409228 -0.558516188742126
0.802833628003342 -0.590642357137272
0.0700055328691304 -0.568653816913341
0.443015779149245 -0.680233508643613
-0.745315099414527 -0.430114424256857
-1.00177566572411 -0.183597621755751
-0.436609681017072 -0.481330459055487
-0.512956406514144 -0.524421911209838
-0.703494551235451 -0.640861357444419
-0.242986611757126 -0.502685858251203
-0.980692077411045 -0.28151049178085
-0.473271835113505 -0.611818019436302
1.93458976789783 -0.666761936315779
0.570597567105713 -0.647363036789513
-1.30226373559931 -0.128595247330363
-0.407480625774666 -0.510003770259473
-0.155652119987584 -0.402597779769733
-1.09345392951486 -0.264320086936768
0.164681630815675 -0.43453731013041
2.48624352229305 -0.773577264557525
-2.0852404331696 -0.0810169887174202
1.80044706468285 -0.777579189331419
-0.714831141073389 -0.419120086662881
-0.571607450052237 -0.597740736451606
-1.99835791272998 0.355840980208128
0.156438964869961 -0.56455575460303
1.21191729221216 -0.736346058825366
-1.19068168991226 -0.25399395688936
-0.129782125411845 -0.599557386047247
-1.59484077053581 -0.259282507539232
1.34159101550482 -0.66939348228481
0.11587945862316 -0.58228898740273
-0.321442244053956 -0.594982329530941
1.78454764993769 -0.699825904164049
-1.34905392950787 -0.0732548275560168
1.31139417818128 -0.634536473989347
0.213879935153699 -0.558002695877581
-2.74171789194932 0.47534406020513
-4.63598699172482 0.808217214712631
-2.0014894843718 -0.0249921091472767
-1.00157597272375 -0.49206806859543
0.842114262576009 -0.622735683982682
-0.0897790030360533 -0.406549536319935
-0.373290560676605 -0.663367913696496
0.464428002858679 -0.680312519462031
1.85347906053567 -0.658256847113793
1.29333233603464 -0.650914428573549
-1.84785793654583 -0.145493439486032
0.0417859664972726 -0.569357032498751
-1.50445988054115 0.12914293694723
-0.323579336179808 -0.439817868518449
0.293356187932319 -0.498193975236535
-1.1310697678975 -0.0790123317997517
-1.44063883009803 -0.11371729556432
-0.879718295221538 -0.193241883947492
-1.44883976423497 -0.284368941385434
1.27079622798647 -0.687695404323682
1.3950239112473 -0.675213461375957
-0.550819193248668 -0.357781636249075
1.34855562475984 -0.70629652142973
-0.963752484222606 -0.212882158295466
-1.2635565514326 -0.0623835464569423
0.204726315812896 -0.548458474534009
-2.09802105589652 0.453138053327084
0.730091992002406 -0.564269582597441
1.52718335718715 -0.722030472075543
1.82976471767206 -0.684186321248137
-0.328071792643327 -0.515134419652853
1.55438655552217 -0.715506082266642
0.881235636564839 -0.656993851385145
0.151777689520799 -0.6019520174219
-0.437331807958094 -0.614619870260523
-3.28663876139614 0.544598576850623
-0.721218840019673 -0.343451176472622
0.0705340111148944 -0.483633259180912
-0.552688982479565 -0.393085698947626
-2.0845971880961 0.347179086673135
0.964148612409911 -0.695905977491618
0.346321065306515 -0.478164995094779
-0.945022539322388 -0.294503827050438
-0.793667540548066 -0.350738231368632
0.400291969652337 -0.571367558601992
-0.820610932865421 -0.477656087473018
0.340407172781838 -0.625188315324901
-1.16639571481465 -0.0797756807755722
0.265964970984715 -0.511594188914852
-0.514476271093837 -0.497502673437254
-0.254303463847592 -0.363531786969114
-0.639213135740862 -0.281277202908929
-1.91211324416725 -0.117771565327765
0.685125428560592 -0.637066939403068
0.0301384118952726 -0.506293414869295
-1.07374586258628 -0.405357247326158
0.41244488705636 -0.520267959612461
-0.795045917705963 -0.137476441940838
-0.0609788187861669 -0.475607497148148
0.774939080978155 -0.630166000777991
0.359033155605829 -0.575281754590969
1.17876365236037 -0.650678007767983
-1.35495990030841 -0.390774642151222
0.118550031041691 -0.502098900304173
-0.710484579669016 -0.247663809071025
-2.39667502047994 0.40079198839685
1.74990233783899 -0.686450835502377
2.17286392762442 -0.750650726802414
-0.6052175762968 -0.55495754946802
0.460820696776477 -0.526522316484636
0.627381281207569 -0.554363267472966
-0.698886829489799 -0.458807232314335
1.65723165376733 -0.700756838181921
1.12001534639438 -0.661123536350535
-0.391833407510948 -0.392592367025093
-0.323345718043044 -0.581763829803553
-0.104372799513123 -0.589614835496127
0.98397160916459 -0.641734406550827
-0.134385497652484 -0.552350671140428
4.1365189329136 -0.836328580283733
1.73903902535152 -0.720664559344168
-1.39073426969223 -0.270715920021852
0.05674769122892 -0.475266527719073
1.12573343806026 -0.677124443847345
1.44510543964956 -0.734666477307348
-2.21174511894509 0.0220469666050424
-0.7311233049858 -0.360144019344784
0.264840957889387 -0.634793108769645
-0.665903689867015 -0.290104429766128
-0.973066447891934 -0.423444380188133
-2.21725130396138 0.428546898085808
-2.30908863493697 0.300511724663635
-0.660757548754563 -0.479248826499075
-0.618124802623576 -0.22027888922234
-0.355666396993767 -0.253242204618892
-0.108766093037724 -0.510115465035663
-0.580525311568292 -0.458482934394454
0.152934504502574 -0.529822652783396
