-0.219116167985343 0.441587248202061
-0.508772202032541 0.178325455554728
0.168028698750449 0.590047873403384
-3.26078628993975 -0.854824553680124
0.0878197150146594 1.16175870444016
0.121759905921701 0.851751966806403
-0.318766523155655 0.926337850142844
-1.63295514478556 -0.569786368879908
-0.273447318566292 0.876582185347594
-1.64509088795892 -0.467236772649807
-1.8982373174978 -0.662991532926482
1.40553318037893 1.04922641995067
-0.553220442822784 1.01676198884756
-0.465712392357278 0.421817691775172
1.61186603267813 0.608279891437817
-2.37442765452775 -0.748121586367598
-0.979012678243894 0.145887968389864
0.365270339834761 0.906463531179655
1.08563783730362 0.356807877787083
0.802245377825317 0.697734133883329
2.06398018734852 1.23128184501288
1.13621243986769 0.0916666919438776
0.462342053679988 0.404643491154458
-0.896815272964591 0.643358995842078
-1.32646822212457 -0.61228865873146
-0.696759081282087 -0.0523074924051435
0.311368463231767 0.1834555410534
-0.847499801298454 0.460634482500598
-0.542157150105489 0.448839726156475
-0.0560283003118024 0.902836276522466
0.0899423734862938 0.89555794447229
-0.135996541239867 0.29339216431584
-0.372148920283003 0.888846226947948
-1.0168829121479 -0.122201348849464
-0.132313366672128 0.697266558600299
1.19369809386659 0.973473377568564
2.06111997039064 1.09377657213119
0.275004534178453 -0.101763377223755
-1.53043700244764 -0.455495893681219
-1.6875599698134 -0.581595075211648
-1.17569445048137 -0.322087590802302
-0.482628486264671 0.619222260080554
-0.638672100338612 0.420255402943071
-0.0358593495994632 0.728340812485818
0.267887052037321 0.62947890420192
-0.11354543224398 1.54781105639411
1.47438547529836 0.615020119366468
0.99602757845061 1.73498825417876
0.822838870735849 1.2968704202273
-1.192233292661 -0.195239542497813
-0.905698257838689 0.128262906621221
-1.1362583047266 -0.275897034321977
-0.0716665121447461 0.17995728718571
-0.0704864148347373 1.22929647725726
1.13542935340227 -0.0401432023845048
-0.697153279322175 0.461825548567573
1.13946824937583 1.58790257763888
1.12284329092401 0.278137282803193
0.915063402660814 0.257007962704615
-0.0296876052773298 0.69134755426801
1.49529463353551 1.12366219697432
-0.594977322172449 0.275772851159687
0.782632932232255 1.0198370090492
-1.22112451071931 -0.363517135171338
0.559760593253451 0.49851283522567
0.396192660000623 0.376422076381366
0.109208177166458 0.600758543470778
-0.193647734597075 0.37549913508998
-2.18181527992011 -0.751416232997051
1.40677046682822 1.43143524656778
-0.322118194340422 0.171073528063092
0.506601294735258 1.39336718728783
0.0528430507818534 0.538919265452356
-2.28836734468626 -0.746436527406684
-1.01345287915065 0.177382055820039
-0.450657650200198 0.393416253075364
1.18100455804523 0.36579811509138
-1.39656696057985 -0.297036308055808
-0.261069365569826 0.640768896452306
-0.775258925144003 0.0380679264823956
0.931876829568221 1.32262082877023
1.46759759345939 0.833843022735428
1.02044969597452 0.944444841579869
-2.05477568118491 -0.635733737633326
-0.758247888792398 0.37157839314181
1.51253866603184 1.31952635011065
-0.265663114755333 0.338528545145694
-0.322153343800592 1.01871226614033
-1.32641744894607 -0.276490752300531
-2.48626586045683 -0.768347794471436
-1.19534970801654 -0.323867400650031
0.366850349390568 0.536411821993206
0.686707224899554 0.402736185905059
-0.0712310921413618 0.166273137715849
1.00979679971243 0.0896968267198359
0.283896568200547 0.581515886713523
-0.674631864739681 0.335061977776749
0.660846863125647 0.907641569753526
1.75475211313061 1.28434527944507
-0.161761075803805 0.0794726756205016
0.0196258246104734 0.298403745371058
-2.28085929194043 -0.760348781940377
-0.392921349048612 0.403636357253175
1.31029726478401 0.979959389304912
1.55213952235072 0.00304097363208133
0.662254772437422 1.26550120275793
-1.09671006153436 -0.421800079300892
-1.12558368424441 -0.143233225308065
-0.411139430972936 0.623388413675356
0.368206907281457 0.884283540730466
1.24877502559102 2.15423773843705
-1.32908785922522 -0.334277912615981
0.126060247787965 1.34743321581897
-2.0486894218085 -0.741731785188454
1.08389477931664 0.612280983222129
-0.24541101219972 -0.0609677242655672
-0.617254770371425 0.318720885223455
-1.21600730128538 -0.110231149479776
-1.10025740834602 -0.177499700157816
0.51575169869179 0.958890285770268
-1.9038705016522 -0.70593933566603
0.365742475935207 0.687547957766427
-0.484100793660277 0.603359193861611
0.345527717640373 1.14142986955425
0.85681685193069 0.451238971545984
1.24852011163511 1.32134292231568
0.664350784499726 1.21765579927346
-1.27305808352895 -0.353632412004131
-0.58905999236834 0.654281574297848
-0.191597844910715 0.418662395151207
-1.86430715350305 -0.574740094004057
-1.06100621195226 -0.0538669536639689
0.0757979725441112 0.584861676778666
1.42949369280896 0.970635478770043
-0.293395835932664 0.486019995703834
-0.145828986173082 0.611395827260555
-1.79206506983931 -0.559322627722574
1.76204162004788 0.377856564012371
1.4183842071188 1.96830050761781
-0.749029751728179 0.404203237346511
2.05209506538967 1.21624560218368
0.670325773297904 0.907531908449761
-0.422392664391993 0.468232980595225
-2.44191365025257 -0.76756037139405
-2.44150227715555 -0.770384310601684
-0.364913564792066 0.675765805678234
0.830272281631698 1.58528054378574
0.140071178973881 1.13620997573205
0.0416599159440684 0.52707266418641
1.84267782036912 0.396518617907186
-1.69711174751966 -0.52535362896002
0.472316090022831 0.51775188510277
0.429054806436679 1.18698278828065
0.155673701809696 0.75581155701253
0.709323604423035 0.888347721995917
-1.88605702860617 -0.561239904024066
1.29048974018008 1.2897604222651
-0.867866461780865 -0.00490255110099641
-1.59164798025721 -0.466098430741997
1.79046974019123 0.976504607196065
0.98905180950534 1.17884734571721
-0.253375929837067 0.226989086654648
-0.346552615342092 0.16172084578477
-1.3813473044372 -0.40053239309418
0.129495212360345 0.469862483162041
0.993548523576411 1.01041508633453
0.349762123429749 0.982505933618795
-1.21790694120777 -0.152734314205281
0.702976255047832 1.13823058197628
-0.441681765668336 0.695300913876924
0.0549227134358131 0.921592062963628
0.0278174006315242 0.536268194184658
-0.981487819055359 -0.0515373177627594
0.869525340787221 0.268485812590549
0.563637122740945 1.27183974158494
0.810612729334927 0.396887723261874
-1.12649418159163 -0.222951719575689
-1.04307543360067 -0.25099135033311
-0.789596907527842 0.201760525514183
0.408457465479076 0.688311284555878
-0.933268133189355 0.163115375352241
-2.18154991932597 -0.715978022060804
0.275751628866626 0.758291053268176
-2.81645949360541 -0.793434028049471
-0.163147048499209 0.404849100179414
1.37252683217532 0.830457999180509
1.65444989339931 1.15817934143562
0.772694441034417 0.592768776332058
-1.32350402765812 -0.455621995832748
0.980151300916876 0.197953786160241
1.54949288921852 0.834906174487881
-0.383379012636125 0.319557766879618
-1.27951831036365 -0.4146922920833
1.34182927451695 1.58379306594123
-0.447963066920045 0.703964400399226
1.9158538077114 1.58013804777828
-0.400912560916146 0.886302281639518
2.78711664501999 0.139472541727868
1.33227261370917 0.513637098992616
-1.38289506351946 -0.413516198404559
-0.360707509470058 0.483318559577769
2.57089112255376 1.40768583366229
-1.24646484962056 -0.325296196419338
0.0151162960950951 0.512308118343001
-0.938657962493992 0.485710937647782
-0.0343054754273483 0.379447555425063
-0.625410129041342 0.446534111540869
0.860690715338721 0.948550204871131
-0.558958725781087 0.546446759224461
0.836947341648215 0.18476214285987
-0.251993225048448 0.79357796627521
-0.279774418732707 0.69973263207801
1.24771893874678 1.28782745631122
0.479468284356325 1.06214509258515
1.68133230534478 0.877089093035896
1.90113522087574 -0.158955255531814
2.0115922549115 1.37041925903938
-0.476018942701237 1.23018185069013
-1.80708416843288 -0.518565897099727
-0.453322876605543 0.647906556515395
-0.748664309232506 -0.114041106086443
-2.42423534834558 -0.765920527960123
-0.156170503570797 0.415449118408024
-2.54435874226824 -0.735737466352704
0.259067242058268 0.281326067608211
2.77161707505501 0.735039607125896
1.64752029644432 1.68848877169448
-0.46975033378422 0.467869390578751
-0.545920949966904 0.255047674015756
0.0306534631279545 0.416738923856058
-0.411211682044851 0.672693658255703
-2.06452427407318 -0.84931754887288
-0.765433099456382 -0.189035140847276
-1.90860664808075 -0.455446544765195
-0.898669683303964 0.108870161389657
-0.441885757707566 0.852754934765418
0.314023810461797 0.911088846843494
1.82163674960008 0.0712405706921563
-0.497976652509315 -0.0299642413816225
2.42902443263742 0.223951971757733
3.7865047113408 0.805764132351035
-1.40810855921344 -0.345729136664974
-0.493459953604693 0.55505074786472
-1.5792050562503 -0.478916648223226
-0.194012578581485 0.852272893584536
-0.0635782112012169 0.629619221422873
-1.56169834132306 -0.495961807724018
0.658602352285973 0.920888619248896
0.914243549750886 0.876347627082664
-1.03668726707592 0.209445360229993
0.669530327748318 0.824405012141449
-1.39924834572581 -0.390436325024649
0.135654699912992 1.09808175229706
-1.02312540443564 0.38011095598064
-0.866863239277475 0.184339967732436
0.120296786167956 0.0536154241029903
-3.05955932293959 -0.848573343299271
0.841240594400963 0.644453949505108
-1.1132823068447 0.00475077132241467
0.794408811847586 0.214086469733767
-0.861705319109543 -0.0740137363919471
1.55983373127149 -0.0788682478253561
1.12986340074718 0.338395201309343
-0.44049774968584 0.680178794171361
-0.117181518107449 0.0907512970532596
0.451329336164344 0.649933815745523
-0.071554627633195 0.273583251680846
-0.786469381669747 0.621740544483689
1.09123218487699 0.896364154794776
1.87307623021903 0.963668093373338
1.3026825310879 1.44901013297863
-1.61269422421412 -0.586024590695021
-0.955095360031516 -0.0650379657238541
1.25947277730616 0.637394617290089
-3.34608008038348 -0.867251233323582
2.05324349758219 0.366461827219853
-0.529956979008418 0.620444198871099
0.821294346343965 0.820957328565413
-0.964690306656828 0.146442459664239
-0.96236590803512 0.00484520967115471
0.227602807399865 1.56072426060551
0.622609069304147 1.02016756606762
-2.91770333720601 -0.845383154625614
2.0760279740061 1.58631086273326
2.03916650391121 0.10850581478628
1.73487278683888 2.01936102707119
-1.45430977545181 -0.457256640209985
1.57410790626991 0.980564655253364
1.37806237908309 0.163890668737687
-0.910841286696646 0.698670892390529
0.202607532748304 0.381143287282472
-1.53635784446021 -0.581153005190185
2.10478886248918 0.0368064312939305
0.556105202072166 0.793558632716412
-1.22794457170436 -0.454812326372259
-0.534449930829699 0.485715571962869
-0.491362184641109 0.212726715982867
-0.382310721721173 0.555278384147449
1.99851525672688 0.519588612547101
-2.70028943973934 -0.786026492155954
-1.19770889091197 -0.320357464982963
-1.29467464635338 -0.567915779885806
0.70746244495978 1.03708077056882
0.597784377086219 0.538805437645165
-0.98378712344475 -0.215152787220629
2.0071661993471 0.621709880449796
-1.79980275191154 -0.523414725508236
0.179599336228777 0.595355677892631
1.17529707885075 1.22212400870084
0.161942333880974 0.273688809938733
0.832102668647933 0.70232258008557
-2.44110081521544 -0.730040643648553
-0.627552511147678 0.254235953988509
-0.0231379745211418 0.577091222004458
1.54117795674544 0.635328471412893
0.046747218897099 0.647321059893483
0.247405695413559 0.601885987353619
0.396894801803663 0.987385758508965
1.58571087207847 0.447052725397406
0.716415525658513 0.48585239023085
-0.982256867999258 -0.0257039532035735
-0.868218926665298 0.203396343108835
-1.60710978033823 -0.623208511390938
-0.509963243621092 0.519300432853147
-1.47619252059347 -0.278564195897011
-0.801643914721159 0.293513199521605
-0.148680655550702 1.01772065381118
-2.08895545322403 -0.61867025961901
0.509587278902554 0.957445248880372
-1.03223242728566 -0.169780712792759
-0.390686622546856 -0.0775114733411831
-0.36202558491324 0.421825798869346
-2.630366344452 -0.793164523737732
-1.22746267051571 -0.152222338090019
-0.478538708089806 0.618381721471303
1.54573700825662 2.02316175470124
2.83916906411493 1.66895671156181
0.949872511557769 1.14601449520958
-0.0387353576191303 1.02347731324974
-0.647482830126268 0.421227931150579
1.19839234194827 1.0138178648769
0.449009189719618 0.973546122693233
3.54673583949324 1.27928473097658
-1.5586077319036 -0.577799931159722
2.44890036156069 0.371077901206953
-2.38464440333001 -0.728864860059531
1.6324104210271 0.995481549203766
0.559080765503485 0.0932940172335682
-1.58386402779759 -0.330746439958996
-0.814098734565747 0.334532425767451
1.22079451681342 0.513343706219491
0.404359207837947 1.60938128251496
1.17172943572611 1.42382331303612
-1.3605441019282 -0.36041448898701
0.289735426452228 0.318423382633798
0.427630585509492 0.521573603955697
0.75809249266058 1.51097613536428
0.588434002849884 0.979006539802455
0.282845729842431 1.41886674389313
-1.63769324321734 -0.433321836130645
-1.09388049049556 -0.0377964898415143
-1.2778265748548 -0.467557493616381
-0.603832461930539 0.356704557833869
-0.240230011189403 0.70144057315665
-0.297638363579852 1.0551587957381
1.01847264332087 0.404782669091418
-1.53229510227822 -0.571799917590952
-2.52287697093965 -0.80194628999265
-1.84373557561427 -0.619094556031172
0.107605040637925 0.908847595256619
0.481575840241902 0.958191184319994
1.64788186184026 1.14696461294718
0.989102071377244 1.28204106117601
0.238297824735097 0.780981951223509
0.775331946192793 0.861089332906351
0.161247885613635 1.4831710422039
-1.9243761294403 -0.573665430551229
-0.608541222786963 0.241801083520645
-1.73240970510952 -0.49629507750142
-0.0266874893983178 0.6224771496958
1.17739744748152 0.386159094814136
0.769001540637616 1.12930104439645
1.30079804873418 0.22027281032758
-1.73322875481191 -0.562860824452502
1.20351853455652 0.91634059077542
-0.805606457513186 0.430713588670706
1.29063842665905 1.01111761020249
-0.257530417291389 0.501038992101476
-1.22330252615013 -0.339216460945365
1.97351808222807 1.25742637435967
0.0849105190949428 0.690753891875177
-0.622865479885417 0.663662358040995
-0.851107874316937 -0.286650646569586
2.66180499839754 0.447597671951494
-0.612207805600857 0.286544776629334
0.245005992006956 0.567226836489705
0.157888979038899 0.893668610263045
-1.87595155825213 -0.638801908995587
1.22459541102607 1.06604851861094
1.22373340054724 0.808585502948847
-0.817228465405088 0.316586733037205
-0.0297587910012162 1.10865139868069
-2.65706490028999 -0.791669656216943
1.97771815791735 1.2405550072722
-1.28885645893582 -0.525753031483989
-0.879824086475033 0.40691747399702
0.7483174056004 1.13750770566383
-0.789287559582101 0.183417158857186
2.72398812913611 1.03198540453335
0.964889986933089 0.686560475927987
1.42687421285345 1.12081040866836
0.214292061389921 1.10509488578627
0.275238098180237 1.00313176013755
-0.799285179657066 0.450884730945447
0.804734724525849 0.873120973236116
1.00670095105872 0.841268797227767
0.36517763455617 0.678436651493387
-1.18255975972893 -0.328353929935315
1.0992592481057 0.766148021639454
1.67341620256089 0.91777134496818
0.332214535509463 0.0933654855881053
0.134439440822386 0.381641666284698
1.36807363160407 1.24030240701006
-1.82945331601728 -0.57935634281712
-1.91264375759682 -0.659653480814788
1.02951600478609 1.04005459718834
0.121456387412708 1.41211493204925
-0.35320909057704 0.103187681744351
-0.772016591487802 0.79217341782247
0.879769327790038 1.00415984395569
-0.74054669594915 -0.0820373372345169
-1.17139913418304 -0.358682685665876
1.10796575593574 0.727282121226469
-2.46568841038067 -0.782124601357498
-0.759502177466248 0.283224461867841
0.411448231425735 0.323865296219974
-0.292619916722362 0.875464735010585
1.40618953000283 0.888921507854488
0.956821247818021 1.25123348526658
-0.19782010766174 0.446053404264461
-1.1618153508584 -0.181339868856632
-0.248320561950469 0.314294136446104
-1.14073203880734 -0.177875946202554
-0.107629972073364 0.952709558049727
-1.33746308972937 -0.206684401054214
2.51119581413043 0.685427796190219
1.61558367479457 1.38399200295926
-2.1420260258086 -0.724435332175778
-0.538735761225131 1.12473923025621
0.855034515156879 0.173232514805425
1.48492135222242 0.276622898513053
-1.05504858526573 -0.313829478769823
0.0613702925493086 0.274857837352198
2.54958253481181 0.871300724748553
-1.13170115135706 -0.289770618208121
-1.08982309255595 -0.137237644643702
-0.483474844779245 -0.0382819337431481
-0.738868895430109 0.736898318480672
-0.260726017776829 0.291929036862097
0.160930402271482 1.2051967889086
-3.50112971607144 -0.88163066276762
1.26533131053278 1.26763060091645
0.432625528249792 0.532150072144639
-0.399971774572746 0.959381407649726
-0.0366974882111063 0.225187254738779
-0.263824531463222 0.242262068043962
-1.51335341685492 -0.350121230815355
0.701480728963616 1.16072837280601
1.95290856774701 1.49434101077926
0.509010287985885 0.288638901404983
0.623291759952119 1.63591107757913
-0.500270337564943 0.726795081548755
-0.247472108337134 0.578028399873078
-1.8673170475727 -0.654223820824458
0.901193172001731 0.882920382368397
0.305598349738013 0.757732422688147
-2.27311810114617 -0.707344298449269
-1.68517623517883 -0.668332081045764
0.823534704103014 1.52296988284792
1.48835834494241 0.43808595775057
4.05207276003493 0.427411836934874
1.61817620501163 0.890480339308806
0.189510873812613 0.409962014044947
1.20161499560816 0.534266974177562
1.75664637484564 1.92245870772417
-0.27249418220411 0.810166942845182
0.365811518350069 0.270613685319416
1.24618270362113 0.499200037096551
0.853598973936598 1.0420009818577
-1.67290447939259 -0.616675095861609
-1.02018268896582 -0.0315339792481912
-0.235048705145599 0.755427532041384
-0.414241466330895 0.120984627887527
2.23172958760895 0.985940934692384
-0.097866640464117 1.19509434733981
-0.222583570556308 0.873240807466931
-0.640344816048173 0.407257280823782
0.152301192262557 0.621979341405602
-0.863303297640104 0.472808393663739
0.624466113007882 1.18559964225498
-1.65489451926621 -0.505874662324466
0.472422563350635 1.20959268762851
-1.37519550131946 -0.370433391263237
2.23393535515359 0.250708455275701
-0.435166237548303 1.15508277613694
-0.272802485415369 0.588845024061035
-0.333786393280696 -0.0116286123042121
-2.37820863190348 -0.827041288665092
-0.173753584431702 0.531303942039738
-2.11550093883121 -0.72496222949831
1.50308820948721 0.52782918401226
1.45693160913323 1.4895719679559
0.688711152032725 0.942304735405128
0.464868433190102 1.15220942436163
1.0963868991741 1.00335399073098
0.243611098639846 1.03274667491753
-1.05553187935769 0.0731337316420561
0.375421057556431 -0.157859409261906
0.834858191605613 -0.162186790747042
0.198205233669653 1.1296160587828
-0.204036547910452 0.190706230068106
0.913545654716321 0.536004721966435
0.789230602862871 0.70812870032284
-1.70154848449963 -0.630505499028308
-0.738317489984127 0.808788459270585
-1.68197733766623 -0.578353313664956
-0.272258938760063 0.724321047053601
0.0229801120062702 0.685641755056978
2.45599168491469 1.07441373855883
2.66829078198265 1.06724809598742
0.126178314452914 1.0568562481936
-2.18129762347741 -0.778097808476627
1.15997792113962 0.371471278103435
-0.211422458514237 0.714021596673485
-2.45509212181683 -0.761023476020476
-0.118342954468509 0.607878282942452
0.423757108530674 0.536740498462356
2.04086131602317 0.599926872279902
-2.55772079511339 -0.79772516450903
0.325522738776556 0.447979955404916
1.32845835022323 1.20279956496517
-0.423532166658296 -0.415746542683439
-1.39437456898767 -0.220134109188164
-0.923534167104518 0.00143674145020248
-0.97693820806901 0.0855227334910886
3.17636282952712 0.960575886835451
2.17345917353089 1.22908622136643
0.185671350921812 0.572348833071055
0.460011729281382 0.205910871322948
-2.1229291984386 -0.670763421719903
-2.370321791401 -0.763665384687202
2.66593568703013 0.909086014309579
-0.633307879685469 0.0419336449658545
-0.266287143465639 0.76768257677474
-0.706955784916669 0.153213695726744
-1.77446761283961 -0.532274483482691
-0.626692217538411 -0.209688618672823
-0.0921978897590542 1.32972291428745
1.91609813887023 0.746823079320987
-1.65678954083997 -0.539638822574584
-1.06592574083344 -0.322234813748082
1.07375297768012 0.317638708489765
0.430051001734451 1.04774281605595
1.46409197468356 0.795116615959135
2.28203071218166 1.40977300071872
0.613785490116786 0.790696923537701
-1.64178956046731 -0.558217444572669
0.817857741410033 1.20851657161079
1.55806093600687 0.758289107371309
0.98287576083317 1.37801723228329
-0.534311720764906 -0.0591971508288248
0.400982033476763 0.869003157948586
-1.03861407650271 -0.234254256624799
3.44740328106372 1.24736119937287
1.06846962770341 0.601314458905368
-0.314007973084036 0.140253297058286
-0.856567419927301 -0.361919172675534
1.16717770973516 1.36962511780991
0.181574025087936 1.14719159465976
0.7217812706476 1.02903472410311
1.02025144533243 0.109234151718632
0.601728114166697 0.889020803026358
2.70324724783813 1.363645725547
0.747327649983448 0.373136749244061
2.01908049339972 1.491435884451
0.302646904362858 0.722153703575229
-1.73787712199401 -0.700409754663682
1.42327936672619 1.48747825641231
-0.189082326365832 0.56498888337319
0.702141057185274 0.928529848008597
-0.716581443268434 0.541339079305055
0.581583797016887 1.09215748701619
1.24527477574264 0.747776866406794
0.270423125925148 0.754754896012838
0.325459094841826 0.740151414942883
3.07076152132111 1.10225376991606
0.0258919687342927 0.19527655237245
-0.409478566143655 0.285519177021569
0.653427404719892 1.35471940463785
-2.49906414854544 -0.788739695251581
-0.290196773794787 0.399186830931398
0.855117231268973 0.729301761654918
1.13153133079202 0.395005820723305
-1.01021530642197 -0.0863619379334323
0.158564481064808 0.29472129278443
2.32033008571305 1.29667191117939
0.772465124661708 0.510074583906285
0.964157199599155 0.944810621659556
-1.21448003409285 -0.212041086996012
-0.0168378324812389 0.785706125151414
1.07048427166741 0.457838749347034
-0.42893447990283 0.209982920773059
0.0793037349660405 1.0045847854317
0.203418064104628 0.777735264360339
-1.32382769573691 -0.486141362272547
-0.778419123709195 0.0920011472495006
0.577043769571106 0.852401532694065
0.381298425338678 0.682615738067488
-0.195679537372797 0.350200884930146
1.00948658228774 1.10185119702975
-0.360840336796001 0.750947056396224
-0.899809994400197 -0.000491891929314467
1.00596545899745 0.773774662329273
0.493210310687549 1.08211394225399
-2.05619434199216 -0.719641043514484
1.83832739916337 1.50021391613083
0.334204602919671 0.156995232530011
-1.01197446915498 -0.305799372052332
-0.300275021890762 0.766986406547935
-1.91861370508807 -0.684888324858543
-0.0555905650170587 1.17983130361783
2.45316653419354 1.23537614864547
1.68434046327688 0.220728231281367
1.22443394118191 0.978444601516414
0.668095344593345 0.80238313531241
1.62125382275675 0.910206663662783
1.70621019930414 0.822523357382784
-1.57467659304077 -0.389687927397125
1.11497998043531 0.953003512218377
1.41715777446873 0.783910573717542
0.877895513948333 0.948488528498748
0.943849555130996 0.205409050557929
1.71259845041153 -0.314987759605242
-0.0397162772970718 1.11480273559267
-0.390700087545811 0.13834124046077
-1.54736807914158 -0.309622496554174
-1.31377936303465 -0.365823404484339
-0.505400146376454 0.834799478303377
-0.34126082702112 0.244456491696661
-0.0523206571363158 0.552392843290507
-0.624196129021242 0.813236686727841
-1.63168183932004 -0.600310094306239
0.299080608769333 0.490637855639922
0.36650259309077 1.03854493986838
0.55262825201713 0.510633858770028
0.0304073529989172 -0.0818123098263401
-1.15930842350994 -0.382186792262507
0.0707601112166714 0.447672200551581
-0.00787969758403436 0.609013906609771
-0.637395879394085 0.190186713506732
0.333210006386173 0.123622817609914
-2.184379890105 -0.715153794217702
-0.406281382527368 1.0481378626642
0.946163920680868 -0.296394379378423
1.66343197845025 0.794592706989984
0.472605373014718 1.11782653235691
-0.62740314706461 0.514149245796084
-0.665225955625512 0.194263184127761
-1.67662585942883 -0.626656935621777
-2.57438379303787 -0.799998048682635
-1.2844581737149 -0.0856413622242368
-1.91009566168793 -0.696957841854651
0.446422479212358 0.925867586184346
-2.22491838627343 -0.710527608332262
0.570743974618944 0.382505639189073
-1.05095636816055 -0.337476865729117
-1.60850905449058 -0.593859063587819
-0.224258200145619 1.030500800871
-1.73846566157517 -0.554988306331828
1.52467826286854 0.909704437992432
-0.302173302742889 0.150469863027339
0.427664927273223 0.905290052865406
0.2723177326249 0.932542355472056
0.896337443867914 0.649141020970143
1.59517811936821 1.70238640415033
0.141836689471379 0.510926882410896
-1.49344595700051 -0.497871468530047
1.19988349178262 0.430214436004832
0.75933377767665 1.05022014418783
-0.493871224772187 0.449812639396825
-1.05527030726976 -0.371356815136003
-2.44989215056333 -0.760997766631817
-0.320580425415533 0.535373411710614
0.35555826600618 1.26442055738406
0.586749957998384 0.888253986724955
1.97827054715552 1.39384228871304
-0.95942541673198 -0.41192857990933
0.575180465153098 0.839058583822077
3.15702778603409 1.87010280767299
0.12356687428907 0.701725500950052
-0.706962766114748 0.200293513864252
0.112934035562443 0.725021157069133
-1.21567972414524 -0.286135062288284
-0.063206487399924 0.577638104027038
-0.180222923098701 1.27762312944872
0.557388087396717 0.630523465089308
-0.274923053120808 0.957630530683927
-0.417846514184498 0.2305200559456
-0.59484994730634 0.261579383858395
-0.0767828743403208 0.628288016522176
-1.94616069119443 -0.794366165393018
0.555737303387877 1.12411334431908
0.362600953526938 1.22617848040499
0.624324019156805 1.00383777410779
2.17590519927801 0.930637422266295
1.95320699413305 0.840423611813002
-1.38692515941509 -0.539073315249484
1.04895594570928 0.788006357733967
-1.47395783820329 -0.292599332342961
0.641754787002079 0.402708728626396
0.767229493732018 1.27035539416202
1.47991096008998 0.366755004022991
0.845243794274768 0.328591877511214
-0.847416345445349 0.749474491093545
0.459004996912302 0.0452441195934928
-1.34209059455771 -0.542242477393552
0.132191659033134 0.484867013349168
0.304686657615856 0.778849513656391
-1.10331888800264 -0.23076143949679
0.870154024207225 0.338673047124796
-0.24033654190907 0.0258200695307942
-1.2085600770293 -0.420221899111736
-0.747679643677734 -0.196952795643339
1.13212048354888 0.685643245174345
0.278768344976902 0.400635845904041
-0.781767906649431 0.176524556368225
1.0591960133618 0.817556770398712
-1.19283258709453 -0.364676216473697
0.262978412922109 0.253453605924971
-0.765057438276239 0.751781398287025
0.468319973801865 0.608714757240988
0.480088171157063 0.687684588936449
0.240398325611269 0.852659304250388
-0.221410959408373 0.462720069451517
0.064690150380828 0.519623178747997
-0.117359136168627 0.433000006429614
1.3140750691958 0.676128127957633
-0.5167937525604 0.670324413334551
-0.219599258379775 0.221119051364295
0.129463872763352 0.944715626476102
2.16595966359659 1.73898768031917
-0.550425082045714 0.091791847714028
-0.25156180696797 1.64639693906166
-1.5650622950947 -0.439724643294938
-0.781582803686746 0.0738095265169877
0.151066599736051 -0.0492382094486524
-0.327667694355289 0.374152540301919
1.58947793370298 1.45465952430024
0.567426017556028 0.545753759157662
-0.866783288180306 -0.011215767711853
0.752808846180445 1.01269236500049
-2.7632655037121 -0.825969852505653
-1.08192377871705 0.230569449349963
1.05937644642766 -0.520281761540004
0.135766835222468 0.512460705495416
-0.162460470896952 0.611857699509971
-0.777660840427111 0.394166526635864
-0.332360396100128 0.447317953451168
0.35291854416521 0.980859574130397
-1.6603799215156 -0.606810927135641
0.554119579998111 0.977752849199472
-1.54292264167305 -0.585866214757946
1.30383566530854 0.936334239569095
-0.386082107564345 0.766125860266676
-3.37057718323667 -0.872114960844702
-1.04022162664955 -0.284663573649144
0.134502239152609 1.40753926741823
0.425200587390565 1.06504814000085
-1.01863727174029 -0.15004741518624
-0.763578189664421 -0.287892206049054
-0.0839531422212928 0.501328247991471
0.944119745834509 0.775192025143327
-1.52616304451797 -0.618966695417558
-1.44574315938136 -0.303025302027407
0.368627319044284 0.959887978680272
-0.655547363259589 0.188903129587624
-0.227317362945368 0.670215096104344
-0.489975312969377 0.671429689439637
-2.49524859552692 -0.831416622184622
-0.540537341771968 0.348967612231156
0.285279614471854 1.03951252636659
-0.520153167658149 0.443908271369085
-0.272945931483221 0.530713313242439
-2.15601767641266 -0.775501943954745
1.09715749611056 0.705825734844127
-1.5701377850501 -0.627054304725605
-1.91991840520551 -0.660689593131462
0.234886388016542 0.897661001929751
-0.52414338547069 0.723050222420847
-0.075608641723567 0.722481409025747
0.0294825288933401 0.612666340711108
-0.571975165155736 0.95485790182281
0.255263935379106 0.505017664293573
-0.946789231959099 -0.346863854388037
0.935868323857941 0.599642072604227
0.313613137386596 0.59074439711858
-0.361156617255971 0.32664659319065
0.464681237554506 1.02283747564313
-0.474758957974641 0.398165117932128
-1.66020546482861 -0.572159805480223
-1.21533924296088 -0.516120004291935
0.555308929714854 0.450269490102096
0.267507664837607 0.699535003444934
2.86183212002952 0.453427180752358
1.07019389272111 0.595317997327481
-2.14753011661046 -0.73231521466462
4.0039724912901 0.794916603148635
0.142888609692831 0.634764375653778
-0.282905934012606 0.719291920127958
0.161068060167871 1.10994389428417
-1.40194749333438 -0.457041629682405
-0.911526749941789 0.289128666886929
1.95056038259421 0.608220165302873
-0.559425373637662 0.807879071780795
0.390230818870657 0.356019695427848
-0.369221093496165 -0.334982935069833
-1.0412928424324 0.024354044511584
-0.693696360804983 -0.268805732340261
0.359282254694354 0.728187440787239
-0.856045692837296 -0.228181282117362
1.44959307878216 0.690094710826586
1.80159531914866 0.511220902142142
-1.3146856014531 -0.188694689982753
-0.0937080545294356 0.838766312240664
-0.469129385041988 0.181618010536179
1.13619872316616 1.87346817845124
1.40862228869709 0.592741968712386
-0.800592955151529 0.186688987472294
0.299884033790712 1.50551589909993
0.899526568177504 0.00810977903873589
-0.17670420603088 0.779042350760109
0.688890864872042 0.418424145610824
-0.951056969134773 0.134185431020629
0.243175312260409 1.73351750150968
-0.519262840127427 -0.17196636704419
-1.89807661860832 -0.644646432442331
-1.90895503482818 -0.616647190052575
0.248387260641927 0.550526579391738
-0.000972548738441335 0.614716240058525
-0.428668048882397 0.924309870086778
-0.316691275023645 0.85756180973035
-0.139799430438918 0.48179929278253
-0.76129532062024 0.821275495219924
-0.320684183578539 0.543649535738749
-1.28082936836806 -0.473774798917504
-0.864820193457893 0.674655121393245
-2.09574600212161 -0.635591620565227
-0.0845991366143825 0.818703261991641
-0.155312410958248 0.534848995336409
-0.842273746641062 0.418918964298493
1.20095900505406 0.329279166241543
1.84237900486647 0.844397729281269
2.49028309463901 0.491937407415412
0.593728359143875 0.835248754713769
1.11807144082279 0.884486397475102
-0.151815565778915 0.957146410526335
-2.4215796577256 -0.721868107115938
0.0337485568977143 0.529902989942825
-0.773766179883711 0.710908530171479
-0.632396068519672 0.288374222017878
-1.2455058017915 0.00411136270384438
-1.31418571439327 -0.424251672233969
-0.845742223738607 0.088991934059486
1.06354284361318 0.728186600064324
-0.291979682558267 0.0809101114785971
0.426080009612354 0.705050069293649
0.328120980686791 0.567262083192403
1.69320803268977 0.615393702110611
-0.260375177187001 0.66072153181444
0.60054301489603 0.27285380852216
1.46950467626542 1.24745564757314
0.00097843706231031 0.657948305914437
-0.743298295271162 0.364840510778835
1.80112146138554 1.02778915314664
-1.33838901830125 -0.523105562473184
0.325037227875097 1.44696005376312
2.42386304986752 1.08824897216441
-2.22060008765112 -0.75077012022047
-0.589606571657773 0.783496174584715
-1.35592661427816 -0.271135434872271
0.17401066361689 0.974676143624028
0.30570095432131 0.646424304265193
1.00814257807232 0.263321353205324
-2.29133434262333 -0.767057048759368
0.118449908392592 1.14634354460216
1.30763497283029 1.46156249328406
2.1042287391641 0.808401721291465
-0.329685960051668 0.70755126389416
-0.313757596694499 0.176659931186239
-1.73222094439909 -0.587573221971391
2.71873610276427 1.04737536530667
-0.125992879424892 0.879508442612531
-1.86713204381656 -0.615092233971895
1.05145761855038 -0.106844961461092
0.842998115846434 0.525010991402028
-0.0904663081810729 0.496876068965938
1.35449111618634 0.874154510434544
-1.26856009321851 -0.335424072728089
-2.63910289010762 -0.839285763047352
-0.327582788985283 0.460921804494409
-0.764976393447337 0.544284301002526
-0.345707386376806 0.611275917202913
0.692807732134258 0.53171787311199
-0.852528041848083 0.523076886674755
-0.733348265390817 0.419849725329287
-0.357119105012376 -0.00178039374195271
1.2447799247623 1.34377480360067
-0.596929221124266 0.258731955561694
0.975419199469412 1.23161124691157
0.56882110464667 0.808265988286917
-2.33942043568094 -0.728498245100581
-2.26721888906247 -0.714760623942396
-0.04227497792895 0.536658262846613
3.11529512298785 1.64463278433213
0.06380819003051 1.23772012922679
1.98845344992366 0.781911913176741
0.410181872103411 0.905932290772906
0.0118738720930618 0.947014453851139
1.21789453634094 0.903562626165938
-0.863175116850658 0.0203828402447758
-0.520441603010901 0.701584667159977
-0.0367603383644741 0.845349384347214
1.16944385702758 1.5238569902547
1.16433039448169 0.674356128138196
0.420851288538238 0.511265188855101
-1.14829787530427 -0.268125954511251
-0.0515162635245177 0.973496069996831
-1.136044229703 -0.259926891804222
-0.367363922382845 0.346972413930398
0.0227511979959507 1.5044476187438
0.797775418920655 0.543672112144536
0.739462364153513 1.07584859571469
-0.591895421651904 0.370069168830867
-1.14354918752116 -0.0690183261355719
-1.43088188291143 -0.565607264954013
-0.076206326525248 0.517375991142767
-0.149229151686238 0.477879557729718
0.638853240468798 1.25767426586076
0.551461734614481 0.801038056169973
1.46133985572948 0.310551601250362
-0.184099396727379 0.647449181452349
-1.6687603965712 -0.516737634663733
0.74612159136222 0.749575157207874
1.54893004228974 0.728837782601529
2.32043472890691 0.970091940453027
0.745413263336516 0.85804837973267
-1.65314281381583 -0.657683579396398
-1.84128717202088 -0.573768860377888
1.1486610745859 1.73231335152343
-0.707262868132334 0.256015362661699
-0.0342553974405473 0.430402318589684
-2.27249093402566 -0.723670933444122
0.582191214788656 0.915840588316497
-0.975151191730572 0.0937682782168323
1.47326980884782 1.19823161917973
-0.346104458881875 -0.129797942487362
0.404590712910826 0.678729709460444
0.94319458174568 0.566215096318477
1.60551230673212 0.137893522837785
-0.48953531303195 0.397972727196905
0.689066856571569 0.853511693364643
-1.47166646335769 -0.526284563566355
-1.18721636962925 -0.119987116297992
-0.668036606313164 0.64833249254369
0.389244011390582 0.979011051873484
-3.20565731105503 -0.857416341982849
0.0309263784801446 1.02911490976321
0.58285467602536 0.753190303697343
-0.392186029577233 0.217035478775105
-0.254975247104492 1.21233961279263
0.0072374165018594 0.680156105025893
0.111779199012292 1.05154226635752
-0.395464180669959 0.43603849043896
-0.68601485095722 1.05684191909706
0.192413543998005 0.973322867815172
-0.718290399442104 0.554146310842638
-1.7161251866595 -0.666981590833675
0.386629078063709 0.176888415895286
-0.746106229695378 0.356394535853093
0.672429959883061 1.03774434645032
-1.31428169433057 -0.370193556220784
-1.32248730189766 -0.354876885976224
-1.28809636544173 -0.323951955543347
-0.657283514008914 0.0427277864121994
0.0226014811702585 0.831419138739552
-0.59186924079026 0.0932317043576569
-0.116244472347716 0.333809055837842
0.792467704819585 0.746583790543603
0.40998882570978 0.833535744877233
0.807404488681667 1.0434385318526
-0.523956625897986 0.463095261487686
0.616083388131391 0.786164984785279
0.944906823699004 0.968114288235153
-0.225064830485264 0.374940584982734
-0.340577760579451 0.178701724601771
0.202103647668559 0.801969976647736
-0.926845102036271 0.0031839338800087
1.4970204427501 0.43668317844502
-1.52551030710147 -0.399901173126454
-3.01563857776685 -0.837301172320092
0.0640917017243314 1.36821221451315
-0.0664268754880981 0.234371817569098
1.19460993930687 1.00424256737517
-0.4774661754653 1.50769711460696
-0.148067708063897 0.409442611607747
-2.15240805006912 -0.72960335816893
0.414994552153106 1.05231674920314
-2.55500725011249 -0.829194622607612
-0.0543507182882232 1.10927425412978
-0.0194708101214823 0.749616811595132
1.54116751782966 1.47953705857499
-0.275003756761368 1.00713879235229
0.00408348360237725 0.86108078744763
1.82249309244358 1.19856356846167
