0.0897341146984159 -0.168993339709408
0.643346719207353 -0.307708166339044
-1.20748397886993 0.168593195710663
-1.2286580655302 0.548836343478525
-0.975946769599962 -0.127087332893478
-1.05529520855422 0.603408119524816
-1.00036659028788 0.890675689565513
-2.35527066850347 0.801598327181993
2.3108440650111 -0.841774220981435
-0.72142581391694 0.480617221327934
-0.385484562152199 1.00173978839021
-2.25914246542334 0.815519134631871
-1.29765947400896 0.484755676489169
-1.50252804840308 0.724585174485986
-0.638224496368954 0.92094141513532
0.924348403136069 -0.476852857235771
0.157434196183017 -0.152498540592794
-0.832616849751873 0.968362287170108
0.696115449465446 -0.346242056140982
0.323192293239709 0.07361092283289
0.192089548032997 -0.274619956589376
-0.636629126076271 0.669958065270317
-1.06626831016558 0.675255578158748
-1.60059154491767 0.225725385854265
0.636107881133186 -0.339228861826526
0.890026151645953 -0.578467127901353
0.196553054412195 -0.254208930156174
1.47442691413388 -0.719266814386933
-0.550154501603391 -0.335557959401695
-1.11440075642064 0.581383041906018
1.07727077319484 -0.385681596982812
-1.89017671828432 1.55516430242532
0.503047511305799 -0.107540704555337
0.603019602534332 -0.418591422376583
0.253135714058802 0.224822633826943
-1.24750561240439 1.22982622658086
-4.32674510708216 1.00425300771921
1.50956671823556 -0.646565474471207
-0.418456330145388 0.135158431837025
-1.93524157259585 1.00383848634322
0.18404911810914 -0.283053407422733
-1.38936276940766 0.647999897529669
1.57924665327007 -0.725372864382951
3.0533070865658 -0.838057052791576
-1.03373303560756 1.08901313910722
-0.982516644002227 0.730653215755842
0.107377364404516 0.576445460325231
1.00883390699136 -0.512303119179999
1.44453030065864 -0.600890912917042
1.35494206790363 -0.573209313690668
-0.283516406351166 1.20849273921995
1.89527549532468 -0.742795636471166
-0.462095891138835 1.40346614254723
-1.47202907140743 1.19694592207089
1.89207794624203 -0.785352892518499
-2.94455740216152 1.29440824878101
-0.844413309691112 0.652721104353761
0.0105449223642532 0.179308167924539
1.00568921878159 -0.555294900545769
-0.7069146145018 0.617742962587289
-0.293961664894376 -0.144892642031935
0.714218363680169 -0.552436272413287
-0.111946230104381 0.366283342911351
0.531668479511809 -0.664967591272621
0.164008816211984 -0.102389840607697
-0.0125393300258368 0.464192291581449
-0.466849836675236 0.802771173175233
0.313457765689509 -0.053069087195328
1.27172332763921 -0.536741884550246
1.37336218777301 -0.573738511719884
-2.1773101136841 0.734225105528929
1.73166909799956 -0.678716330767862
0.0710086433044432 0.169329947382355
0.330222180451108 -0.0614984443426262
-0.138056468422697 0.628737956109678
-2.35625583409042 0.182773299823331
-0.131102780070064 -0.316855923761866
1.80987542534613 -0.789629805446141
0.530046077188913 -0.036757775314393
-0.349843282657887 0.557995238791808
-0.940032945128201 1.17323979590428
2.75021137479859 -0.82268367897292
-0.995763913001909 1.01544434328503
0.00348137443226669 0.297503265541046
0.334566320108904 -0.329485811452452
-0.306783987227757 0.0929644440031707
-0.541291894381536 0.523858854656941
-0.069038127497014 0.49583807195521
0.494171185094902 -0.192749000028766
0.0700216546570787 0.257440559627225
-0.566114048859588 0.411562522953819
0.218760923537589 0.120729343805813
1.59594219415918 -0.574608121274563
-0.624994218751597 0.961834982242072
-1.50863486974788 1.01119463123444
0.182050712799518 0.16779514943293
0.788101398787415 -0.449974048024388
-0.503813447728455 0.827115026396787
0.611207833373243 -0.170677711666216
0.923139040657306 -0.40758145857602
-1.05394121549064 0.691608123827683
1.65244604849451 -0.798524961752924
1.36973144961481 -0.734656615275922
-1.00360848060865 1.136219648411
0.563046831620776 -0.310756889848941
0.304819694368215 -0.252051621557665
-0.788999564430972 0.31160434467595
0.318889814883397 0.0664699138125984
0.163774554783019 0.124690473677927
1.6907543319935 -0.663075988368573
-1.25321482632858 0.677524851670274
-0.434707122805715 0.249908421744042
2.46200116879627 -0.839426589255827
-1.93817633629578 1.39095253750082
-0.191039616401279 0.203317719984858
-0.6886873181548 0.395812657436533
2.04265546235944 -0.7959643341485
0.758102955915744 -0.299242355891817
0.85348023412686 -0.502894906813154
-0.654262041610208 0.651287033054035
0.399131151007335 -0.214281505417473
0.024449572493662 0.0479034377641901
-2.10932209555068 0.419410843836571
1.50215870223735 -0.724393265528537
-0.156273161711413 0.651163801747656
-1.08660493491404 0.00657037792082604
-1.13575101823847 0.819762671129112
-0.451337536464751 0.954144410296071
-0.204988792341657 0.261269595390331
0.809979601996307 -0.284649563167859
0.0693189574671695 0.498825259995564
0.084423924209287 0.682743770286684
0.0772925804177071 0.897237959594475
-1.08166161032962 1.21960161491012
-2.50367854442504 1.14417985544106
-1.84395769005686 0.452340006240696
0.497508937837734 -0.141478395624786
-0.00509004098293562 -0.100863284494047
0.710614803085507 -0.430568805418756
2.19002320326288 -0.771988561255137
-2.14289404587105 0.191106971525051
1.17181033985217 -0.607908762942869
0.163110925741756 -0.183345533342489
-0.701505714110016 -0.0409319701117945
-0.333345582440769 0.488699065617637
0.319010840148194 -0.156229409041297
-0.465886353673144 0.45607588550159
1.40245813779588 -0.675652950831586
1.25870077067352 -0.665283624923531
-0.160198122874374 0.191862133086474
0.878377640797387 -0.597314471485092
-0.644693192632641 0.129764045254997
1.18237737457882 -0.518387211759854
-1.17597399036365 0.509812236925431
1.6406632483727 -0.70697971542681
-0.288379356461114 0.391705963826092
-0.0314470879992388 -0.114302567475448
-1.11122845512884 0.52070519731567
0.85600577356028 -0.297498229878835
1.95210304688845 -0.757791527497844
-0.205930299891382 0.936717768038542
0.720425444803942 -0.272070030152706
-1.4956602409204 1.3072212907976
0.852295166419467 -0.438850949291049
1.13438795626608 -0.670811332549571
-1.44362046014285 0.811767751301113
0.716464446421677 -0.363859637953513
0.0138124886539698 0.527511408333081
-1.36653587157916 0.164448671336443
2.1559009473683 -0.782970293829588
0.882818300610484 -0.412713396856061
-1.79550551586184 1.15088776479159
-1.12231554607306 0.666540755997687
1.45325409142336 -0.558065545993262
0.315272440559654 0.103824751245309
-0.311406961887959 0.0299011338378389
-0.573793302105709 -0.277249808224476
0.162396739510451 0.134194906524669
-0.811544221419728 0.589375229195998
0.767919123984865 -0.457229752346573
-1.65636837911861 0.33313928838034
-1.15892644332301 0.696726208607009
0.316774698528441 -0.0580789338872075
0.752279640725961 -0.431459911254555
-0.757879455718105 0.770437188088823
0.687062617476981 -0.302432436719937
0.397850292590508 -0.0872951618495248
-0.119457173949927 0.0894314246561694
0.617773209599015 -0.193021347397681
-0.501376109435009 0.605043556296203
-1.34271108482779 0.629321449874252
-1.54569198925582 1.54043351263965
0.637719965073634 -0.32649188093116
-0.365206988327212 0.23060986926954
0.249858845109415 0.0817075570057718
0.475553386886608 -0.435156914978888
1.31010970035553 -0.666849725974488
-0.473970858294882 0.070860162536969
-0.919869887298833 0.583028433809717
-1.60165381075808 0.473993263306562
0.110885478420109 0.274065012652015
0.912494043497619 -0.572140882706437
1.07264063682626 -0.68968982933279
-1.51895342032585 -0.0269912714324326
0.653110780589134 -0.334613968004752
2.07445610400743 -0.761928609782885
-2.27185565758042 0.431945803895188
-0.391494181690882 -0.290735645090917
1.61544728910255 -0.701948105639856
-1.53586438240502 1.30446927957133
-0.781453150238795 -0.145085833767971
-0.756701483723811 0.836977994931855
-2.00703731077916 1.55470080478201
2.68608922004319 -0.856998198434344
0.482930565933246 -0.548827600326938
-0.385733076871504 -0.0396808547905719
0.603267427949967 0.0144407462837201
-1.0690025055433 0.633473562929909
-0.64629495604218 0.538322234187981
1.09035098421747 -0.563387595852624
-0.622801479755803 1.19469094205774
-0.60693130341011 0.731838545876164
1.24657525152155 -0.663674105773839
1.79190845683819 -0.646121197247388
-1.00858860546296 0.589862983986513
0.737214092496572 -0.44095855062419
0.677882460189692 -0.237799426022168
1.35198468592512 -0.670262907027899
-1.69444414295559 0.691614014846923
-3.1543583143825 1.26600453723173
-1.97352933916463 0.185830208485846
0.419454007010392 -0.0799370313402571
-0.0821589766477761 0.437481479381202
-0.180197152826293 0.515906899156426
0.689086512619278 -0.340160416403507
-0.504669530390449 0.905800457009567
-0.463385551327707 0.588857221384641
-0.226765549876187 0.207422041426317
0.0646064032926988 0.00847847914727126
1.75912099161515 -0.740624539700819
-0.426227717974177 0.356194074430351
1.01334169710401 -0.521605754226356
-1.16067685236559 0.510676280318228
0.366514073105083 0.0597823620140519
-2.57948216817199 0.675977237828413
1.26516429441925 -0.734933929072604
-0.624280839042831 0.196184659092521
1.02268795620875 -0.579749694935714
1.90980670555259 -0.624126414214878
-1.02645974977396 0.692597850486435
-2.12275905373213 0.950786301578872
0.632190843085668 -0.36632389691886
-0.297009708132994 -0.00583719274163574
0.204720817164409 0.309842392331236
2.35123694148194 -0.774670009553638
-2.99305210008597 1.01667633366052
1.08079472505984 -0.661709373209607
-0.756288457237991 1.30271841160991
1.04398785652329 -0.597634638553782
0.721722074527231 -0.663153959572203
0.653343884527966 -0.577238273138872
0.555529916708455 -0.420032289734779
0.490629233011005 -0.437447963836304
1.01823837162394 -0.486209575736018
-0.267432473284349 0.570311412597416
-0.969930768336195 1.56730250707599
1.31685532566568 -0.69960426817151
-2.75817858783518 0.922103212479619
0.0990668245928514 0.639938951888751
1.30671099067334 -0.651857120322892
0.907941549119735 -0.559612941970482
0.191379470042603 -0.053602517253389
-0.662654759008686 0.613381654835325
-0.786960235295467 0.511967433925649
-1.41392133753039 1.28127704614218
0.752659742960665 -0.375319003087011
0.296985418716081 0.106744822297415
0.0375515082011104 0.457426270656116
0.865644828125638 -0.412764033305219
-2.32341997802041 0.911038911118276
-0.875833318255615 0.52311897305841
-0.427792724319112 -0.0331950932691566
0.292811181135492 0.442337026432939
0.812936394736161 -0.181918043904439
-0.816092438407763 0.668222338952177
0.584896250925453 -0.644941485523717
-1.15866835223407 0.940327071014514
-1.23735479916513 1.01317958785151
0.958734573541345 -0.659759655950785
-2.3885131134043 0.613578448103019
-2.11155766667301 -0.656953605724577
-1.19899938310482 1.14351655653807
-2.12851835248365 0.713150305332588
-0.707115371655519 1.0455272207968
-0.436014256185543 0.464557089538249
-1.6004015094454 0.412700409432985
0.246597314568381 -0.335574079772693
1.52129980987089 -0.585935698348024
-3.0948358285482 1.00274703227018
-0.219755862308712 0.0162652208317648
-0.64094597783812 0.0266720120770138
-1.46489872161405 0.774898587579552
-0.751215341408575 0.101371876319899
-3.43693748580885 0.600908581120766
3.17079438842758 -0.870037583015663
0.499542710422532 -0.206891742664859
1.57869034671321 -0.625242464901606
-1.19389208142036 0.869801447009123
1.33716215161992 -0.606446861711109
-0.352534726780854 0.730931436230515
1.52517263248222 -0.690887413816869
0.275601075574042 -0.0772542963757174
0.865012995423316 -0.606539702993244
1.12454728706854 -0.473534742784372
0.115524400227061 0.534598702038365
-1.5818333566341 0.624508736143738
-1.8777115873425 0.340467458538695
1.266880761782 -0.545517002514306
2.48346041100603 -0.780466949558032
1.32229178983205 -0.591957933202677
-0.0853928908547936 0.942924583435291
1.03682721694917 -0.446256414724941
0.721588540994532 -0.104866234923091
-1.83127335293705 0.14367318581315
-0.726302283049762 0.563626351687157
0.678486404527528 -0.288707130603982
-1.80861553032044 0.304801079841278
-0.73896593328097 1.37947856125751
0.177403710625731 0.136282777862658
0.170826445567796 -0.00301434219777094
0.372381305523205 -0.111542604859077
0.0667025829221894 0.566303616123935
0.283629619697429 -0.340870635400205
-1.9819840613301 0.31738958903962
0.213019055477682 0.184313829245611
0.175240727949712 0.266064174120319
-1.5198328161531 0.728938217153067
-2.75069483208642 0.396918720957172
0.105207496569332 0.75395454736869
-0.735220743361692 0.111038678135912
1.46862534182621 -0.550494167343937
-1.10421002038443 1.1980926718862
2.03618318646323 -0.841486405952686
-0.787736715029124 0.92954809410169
0.224771340314899 -0.267454683647268
1.17518682613534 -0.59705422187602
-0.662354446544063 1.25031746576075
-2.19349864481981 -0.176658272440392
-0.59739993521505 0.604156502762439
-2.68878449814405 1.04031929318014
-0.384365649923146 0.84490546848269
-0.202432530512365 -0.00996896086334847
0.276798730770723 -0.0604224388469388
-1.3872410734867 1.04759655272086
-1.13508905845021 0.245584762731281
0.73993277227014 -0.452072146388048
1.0587852484703 -0.638350337834496
0.657223208740947 -0.404631017904475
-2.17677833073153 1.13866186314904
0.569412299596685 -0.0694251592875174
-0.924267895302982 0.552998072756141
-1.80365186344215 0.722323763678015
-1.14564468145221 -0.422048986895639
1.25866873839656 -0.568042541498584
1.36062926547315 -0.628076160831693
-0.360176185566039 0.906315610534915
0.0546651310227915 0.0864080907368106
1.33105464730468 -0.636184380774668
-0.496400247863768 0.360796901155995
1.1418708983694 -0.667906931231452
1.56246924784283 -0.677169907335636
0.850354131875536 -0.348621691139254
1.83713260232601 -0.75045696530773
-1.15314466600826 0.383930169510905
0.0152489447527347 0.533764995605759
-0.529843459931285 1.19580280417497
1.16377688642194 -0.871475854279822
0.0649810255469742 1.00175607451646
1.22162141870669 -0.5535149336195
-0.135450861582085 0.113993979765652
0.00548496201936856 0.543073845695805
-1.53953925558483 1.68441137662143
-0.284413347819784 0.170870576222553
-1.4947455851484 0.765791378903
-1.24145373781365 0.765065152279084
0.57358934169203 -0.33945097871201
-1.87280000585452 0.245698806064736
-0.253509348516366 0.468606532876517
-0.306908529641248 0.599303535668727
0.913375827240431 -0.405068291686933
1.77232249680755 -0.678477919718131
0.249962990344226 0.117646377131803
0.0677620313609131 0.359982465896363
1.47874465656269 -0.603339075216723
-0.0473723974695683 0.113044689778314
1.15265079715433 -0.587237567039594
-1.12156486491448 0.303428365790766
1.54212288340751 -0.707306231463251
1.58178253155534 -0.7244357274599
0.943227447426553 -0.515893761681844
-0.0745842505775755 0.558214703066916
0.916758456481492 -0.501288389995587
0.0764741202178651 0.134893775014652
-0.547620160005835 0.683495421710046
1.00085972334386 -0.551777831066853
1.06014653485372 -0.363230110289624
0.972298957380364 -0.668520508721031
-2.37672077376686 1.38629276896374
0.742142195512976 -0.568118830259051
-0.32688950560849 0.00864699348237297
-0.71633212795486 0.764463852381565
-0.571517724784138 0.754261883024135
0.520045704889055 -0.0851931824020096
1.23880608918914 -0.71442282088544
0.529301259368678 -0.201748654427721
0.790798057110545 -0.484727172615521
1.05666245433854 -0.616287053027122
-0.173108420272203 0.518062051061591
1.97595338982482 -0.72184414086567
-0.910799439259829 -0.005896569017108
-0.590230456284745 0.470520602739475
-2.47479731251882 0.720747204901345
0.229652591516018 -0.00843856944739342
-0.631855025682193 0.127070238321491
-0.588195407291567 1.05858012238942
-0.741398570300141 0.912829971392702
-1.00731237005856 0.622509883251642
1.84074161322945 -0.793567897453822
-0.788889009749421 0.737000884286475
-0.489002409229239 0.791274484737816
-0.083620279910003 0.881067038665119
-2.62195240864364 0.660378559895331
3.4803168928317 -0.881097461786681
-1.4884214041663 -0.110370036703183
0.789850207433764 -0.574050606491467
1.6974361564444 -0.598515070399509
-0.703827991874661 1.01076286946093
1.83263824559826 -0.755499690588987
0.949890611335043 -0.509468720676095
0.798203447313582 -0.532293862148388
-2.13384715563985 1.06410064742286
1.21663169391964 -0.568264174480319
1.46138980437864 -0.561162677330622
1.4162224893221 -0.636660863838684
0.425794362283628 -0.431605506714671
0.762528818091227 -0.393095330604722
-0.332485184463164 0.0939658822493167
-0.0947933253138068 0.16063299724224
-0.150658701074972 -0.14869648172796
-0.654110191983717 1.60112294415756
-1.12452251217163 1.04896467495367
2.37148326133001 -0.74692349248411
0.17109771302301 0.407313691301893
1.08885586238142 -0.571290942160329
-1.14045558443245 0.683983218860625
-1.20478970695546 1.39781385797519
0.159493309249505 -0.519509476721471
-0.917553834415749 1.52788772459583
-1.91214227940816 1.4930863779718
-0.468327575594649 0.392126481856182
-1.51771434417697 0.569324696408855
0.323216979691649 -0.0479228238934266
-0.290408093394595 0.798670247763099
0.626827034491029 -0.485587347929173
-1.18511389234057 1.30363845322575
-2.13419034285706 0.537791527332328
0.271059740954033 -0.439445346758172
-1.84162127991626 0.648777153065714
-0.0794700360913602 0.126753174109072
-1.22368735380841 0.801966705154394
1.17172100522405 -0.605870394249126
0.757356070693958 -0.56063181902915
-1.82336685613539 -0.101389815600741
0.272095171287763 0.0135031438653115
1.78200472132486 -0.701667387779058
2.66257824686984 -0.77610040121552
1.09798430752267 -0.631072105439564
-0.191203570311931 0.499431759281654
0.0602838519578236 0.137861939426967
-0.630176779369259 0.215129145911201
0.984417920562512 -0.385315620754311
-0.147713156740058 0.89782044683801
-0.482532913409629 0.606083265202727
-0.398330417238076 0.418430979894349
0.434037363589462 -0.4727363829474
1.58567607725781 -0.74052958216775
-0.545060238618919 0.513374960169171
1.14751282589986 -0.659369680256192
1.20623909582475 -0.658809730210637
-0.547794420084956 0.392940556503231
-0.00145207839990334 0.621324349719037
0.131235689334776 0.0339248946952156
0.101257681490315 -0.0550290987336377
-0.332631834057008 0.724436249837228
1.32935837583023 -0.591574139714116
0.995509593591217 -0.574614672426295
-0.834112990063281 0.126783419168109
-0.548373884800788 0.62481935585398
-0.571917169067903 0.718814317934399
-0.153400934505855 0.5611707591262
-1.42769562791001 1.02778395016562
2.71673613361219 -0.814565867484601
-1.06193452656713 0.556647051734455
-1.46190633853996 1.27308210915288
-1.98144521154712 -0.374424901691574
-0.144108603199563 0.799718689485946
1.52903386011087 -0.688918173248714
2.16646302381561 -0.700837960189539
1.41133116690677 -0.694028997042448
0.746339748827754 -0.439968149338484
-0.17464181595952 0.558561354309967
2.32716142300886 -0.772056551640454
-1.28449183018702 1.3279548917865
0.179057730192658 -0.070589799515258
0.886802067409213 -0.439500671187262
0.352742411350996 0.196416232746384
-0.782122870556106 -0.0824997167735505
0.395677797835685 -0.546028198632798
-2.407511934389 1.30268103111424
0.545942298988107 -0.164249047407044
-0.283925205021091 0.223857350090388
0.794191759548441 -0.62699334936781
-1.04655512755373 0.803041245261651
0.758735456541905 -0.641515012536513
0.75074217934901 -0.401171157825524
2.36104872611941 -0.756230328380656
-1.32686485317592 0.926809875966586
-0.867040942401527 0.891547534108121
-2.45286050676516 0.669952184443746
1.64802254308834 -0.676578419730505
-0.194905632682939 -0.254194978257217
-1.17492848948622 0.98681588468741
1.73616665505348 -0.706017505323216
-1.19126436206669 1.24268378992584
-0.380999324579926 0.714651709073714
-0.227304659146245 0.151787684004136
0.289373332715307 0.167236525971705
-1.77582840148095 0.800161870282055
0.129425891389686 0.238800882567064
1.56087886896879 -0.708251388512864
-0.498773329828479 0.714860055000332
2.95848079844597 -0.844715278356525
-1.36790855235841 0.132532990663968
2.28238784766782 -0.770021724519459
-2.26075539502437 1.01229315613021
-1.5396985968909 0.839669609180515
-1.36340196362456 0.459393289889816
-0.883736759435067 0.710873341361412
0.224775350379008 -0.106249133210099
-0.386422922830224 -0.033241515093242
2.21069897720959 -0.793606638027085
0.315409824426703 -0.0588854988988729
-1.14367746031162 1.19499295132003
-1.20829532336137 0.293979535529886
-1.46808468398306 1.16248651562531
-1.62702454465561 0.60046940598126
1.24467543105699 -0.544495043370284
-0.785908884814105 0.604649118114163
-0.299699870065943 0.133334730245128
0.45689047872302 -0.31541230813231
-0.406809903143325 0.530025069737602
0.48667836326027 -0.219527750947179
1.60872779603409 -0.653709599057554
0.149444070088143 0.423077581193928
-0.814813735952386 0.768501590170928
0.163628316129512 0.368348331318382
0.909237466499273 -0.43011271752954
0.241870663032771 0.170617898525344
-1.46618300725879 0.947165705111808
-0.732722093542088 0.194024832649726
1.21698482410829 -0.35874584076211
0.44883281621069 -0.116399413945146
2.57780343781301 -0.761850816083246
4.60578939837423 -0.933006921001394
1.56140915086335 -0.621013298685781
0.228416653347048 -0.108823159347292
-2.13604849895941 0.714186074657509
2.79997548044213 -0.843833042920619
0.00948794924940129 -0.158973281508525
0.321335869643415 0.0208280943206921
1.16709861909225 -0.687820047997844
0.245395756893225 -0.59077487445217
-0.313558652051942 0.28195712392
1.39984487508337 -0.695455048740464
-1.33915403111277 0.453269518078109
-1.46449424062368 0.977516315145947
1.60953473441561 -0.574874274197174
-0.546159285173388 1.35564974897864
-2.30212511191409 0.715757658535521
1.17120675369139 -0.672846758991368
-0.379743930818723 0.473103774574635
0.789682674367314 -0.496350939139153
0.18197597360398 0.309019014755139
0.392645984394915 -0.0548378091637346
-0.319533297123735 0.686943827354541
-2.16467714970474 0.629597748359354
-0.325781193218181 0.564263317396903
1.16857546125856 -0.536416907487061
-3.13731806059091 1.0001965005053
-0.360337322947858 0.686367487552433
0.614075075855286 -0.179444597183226
0.190206746346531 -0.138082293578821
0.208662425330741 -0.0915024578018931
1.68510201323902 -0.656103452164462
-0.731465910019138 0.778891010198971
1.73118799473458 -0.70374560906771
0.289126412831846 -0.0906646847256908
-0.268964558640875 0.129628338541344
0.238822462504772 0.085653257991594
-0.54267894568538 -0.0653481888104225
-0.0435317017580181 0.264238554751235
2.48507257225904 -0.815254191486281
-0.187588377696296 0.122521817454284
0.421500130695764 0.0029812122366405
-0.0993066259614493 0.698253317915503
1.1895061320387 -0.540258414502369
1.06366744478449 -0.460103986853156
-2.52016750826444 0.627608938068605
0.545487442275879 -0.588262913340269
2.4687269907284 -0.799678315763766
0.773096880980534 -0.288710323657638
0.336664617539669 -0.350537111132098
-1.3179200969579 0.937641424665325
-0.21908190085727 1.08463709168258
-0.881449859781558 0.441021536107807
-0.463059419357963 0.496169012228116
-0.095628658505306 0.597728651366249
0.460749023422561 -0.420266657569242
-0.276909820182295 0.860010930859683
-1.05932809725013 0.598605044061328
-1.11860708495039 0.575375178413541
0.739940409194111 -0.455509516081118
-0.249402303779175 0.509479453093993
0.951730474638439 -0.494498106531256
0.760345474416952 -0.566097549843391
-0.35386584673357 0.688268572567514
-1.60095228153936 0.843744602618998
-1.01534201615779 0.883656407430459
0.368332315912382 0.424475307164114
1.80038857326553 -0.75100922975744
0.665393251207333 -0.356432721172654
-3.27846837212846 0.898205771268829
0.774259683127372 -0.584875175072636
-0.104150297374664 0.375778345017145
0.232632139865491 -0.0850377781557179
-2.53194395682923 1.09440040307562
-0.344345555926769 0.192353216184159
-1.70810972769223 0.970995931780069
-0.473255647480582 0.644409967570398
-1.40772697442017 1.02278602386147
0.601029312925574 -0.353888432401113
2.49273080824101 -0.836760305123654
0.414182558571322 -0.346403960427575
-0.423978239365809 1.2357881007952
-0.871441119693673 0.683094488349124
1.01622018595959 -0.591382067539449
1.91486723128789 -0.701144528823277
-0.028475206715505 0.341746502844661
-3.20492893822284 0.545887109085378
1.9584852727723 -0.720761546875827
2.42145167786987 -0.794514176447562
-0.835833683389489 1.13021587243172
1.69132900486493 -0.694044353085922
0.767000442550439 -0.332176719563665
-2.57661132684077 0.898887497169128
1.47545584721293 -0.656659722808165
-0.287536765789694 -0.241759154614792
-0.55040819587202 0.92307555246708
0.5110431117749 -0.19151661785731
-0.671682075968861 0.797776039311551
-0.706351765674801 0.55655709203228
-1.27819802914271 0.519972564365898
-1.39087483137497 1.07554668226108
-1.73407216583141 0.710970691061511
1.20635927193679 -0.538132043678165
0.536780362658821 -0.00729801887692139
-0.320856405646234 0.689730677909714
-0.955743520667123 0.29991535881629
0.749765300581137 -0.340592439579579
2.02455218572943 -0.773029902072082
0.503119442738464 -0.194327553582573
-0.891040805652255 0.988283486710724
0.343006199623912 0.124283130875808
1.47190568741748 -0.746552975507551
0.567062006957696 0.046870490692664
0.260991719093053 0.441288392546175
-0.901844248801626 0.271011580441214
-0.498795248471412 0.523975770775794
-0.691423287537234 0.377871610604033
-0.634407145071301 -0.021395415962888
0.484484123936044 -0.0959220916050204
1.19145078753524 -0.764797442438608
1.978430012671 -0.833683981880332
-3.11261082849868 1.41695959258383
-0.261389642319788 0.549237134993859
-0.956330743064754 1.25554363000703
0.0473686993017517 0.0498218061689262
2.05287664052624 -0.778679286571528
-2.17808791823969 0.318689033612267
-0.301884892705159 0.473807162769376
1.51028587988621 -0.713490828649638
-0.671918041599653 0.909056163928008
1.12654200907089 -0.468014192538997
-0.179623428828 0.754057218293148
1.4200666053169 -0.7161389373894
-3.09541650758402 1.61855955100888
1.85398355866888 -0.765170906427176
-2.62030755367361 0.839162026916071
0.0720445801526052 0.694067524230454
-1.36833634978075 0.996328549568554
-1.09106532436024 0.649707177024078
-0.0270703007088825 0.145473920043699
-0.922958183507111 0.564897535309254
-1.56601355044367 0.537193729439586
-1.22158081287671 0.367991124112673
-1.01282951183311 0.470836905731618
-1.07445616326729 0.815653074062201
-2.44524324246668 0.770241885627185
0.564805653710692 -0.326031103536727
-0.74090674983347 0.970762160895504
-0.786189391662181 0.797152048943022
-2.12637742741847 0.816366185968764
1.88528337228488 -0.770498668540726
0.621034512009608 -0.546246803974393
-0.138989411883688 0.427636012080168
0.106448939446702 0.152941345996341
-0.544946437173616 0.295387334822527
-1.21787677334787 1.15733582467723
0.40308487837071 -0.286522124717146
-2.59728194058728 0.248635047987028
-0.543133696725012 0.706671058164412
-0.779293428826743 0.95909313615454
0.549664598951544 -0.118499402587204
1.43803444738064 -0.580670466205671
1.03473781990381 -0.518348588008333
3.22964236482303 -0.867388544393297
-0.719693561912467 0.333798707196863
1.61488006564369 -0.735817035136057
1.26884142957197 -0.689687821970252
1.10948301463092 -0.720284912461128
0.390329644690588 -0.1159687839587
1.13830307999354 -0.479307877578431
-0.796032715753633 0.351191169328332
-1.22715884087827 0.669353918168741
0.892475755947709 -0.669433187662421
0.967088693298906 -0.394650058168524
1.30088474072601 -0.680168678310608
-0.442844140294349 0.83991021525252
-0.855351522325868 0.625101569309785
0.941695839097637 -0.425058253558494
0.381747566749299 -0.488814728891312
1.44361259347752 -0.651082944491806
0.0916910289700987 0.0854268649797513
-1.91942816918205 0.590306196374409
0.12581240220702 0.459133295505198
-0.762710726113476 0.407602553028302
-0.819509729547002 1.42240410920748
-0.998973769382523 1.54290337538944
2.34145905762744 -0.774325769481386
-1.95745090293619 0.790476920415581
-0.0884708609400828 0.462797025053805
-0.84503678921728 -0.287422632758087
-0.665399763495629 0.546087509175159
-0.0638404713898476 0.162520886116459
2.81262738666202 -0.842690546722861
-0.309681432277178 0.096615411617097
0.336258752429121 0.206458212246484
-0.482768300406939 0.608112566710891
-0.706586941886852 0.686993586693459
-1.57217094873348 0.595328238242768
-1.70624026899111 0.496846992640482
1.8447122144589 -0.638827939431103
-2.36881239226618 1.5080518376924
1.45854294317125 -0.659331406113067
-0.0541061860462159 0.134596799082879
-0.931176435210774 -0.169512240200158
0.87371847603769 -0.330580495338566
1.0915546985321 -0.55204399656489
-1.3076776547997 0.910308396850903
-0.0293314137287518 0.425035010862438
0.65945507725703 -0.462092811305264
1.12195744882051 -0.708195325959521
0.845010073465955 -0.565079432266568
0.493357274822941 -0.0603316053731518
-0.569939778284701 1.06395012253061
-3.20617870991796 1.25802580686072
2.14900204124234 -0.80989720605586
-0.536415610568125 0.211102020132869
0.810068575834299 -0.504153482702829
0.569339625624413 -0.390124301402518
-4.5670946191585 1.18772210657214
0.632221231299279 -0.298949670619403
1.43933139369933 -0.68047825992069
-0.689960582078792 0.142079188780013
0.747816215869351 -0.434874556756123
1.30824282204255 -0.608995576745157
-2.28293709744055 1.47710556797773
2.16608368138644 -0.850346471703612
-1.46162608779358 1.00078225868012
0.0346397040940467 0.0737010513852414
0.47095183412822 -0.555160156652107
-1.89438193822992 1.36950555344173
0.122224431393986 -0.429588735607311
-3.49500966260204 1.0765849798429
-0.303495590484745 0.915739320171822
-0.21135642448034 0.325388495105155
1.91492119569113 -0.703150835559577
-0.987870296152788 1.08060741174775
-1.64195945071772 0.395648905131685
0.652568653333732 -0.261262934760646
0.658169830396362 -0.256565064713803
1.56283857623494 -0.665345178223578
0.483543258739666 -0.449495168641985
-0.166114842784436 0.279105898291313
0.555498451303992 -0.413101934321066
1.2141537982627 -0.575633866918729
-0.167477720415829 0.170201687596482
0.639642132653361 -0.587452539259886
1.97693257358445 -0.786273396603305
-1.98349465629067 0.622750221545894
-0.200250751792106 -0.0378771846019057
0.975907549778503 -0.711522912346723
1.39405427862329 -0.602500808242104
2.33941986487596 -0.746731002625956
-0.0367050420435607 0.398755719734697
0.807321879538641 -0.320187450017509
0.786010207428398 -0.537407000568203
-0.135136069514592 0.297552134769204
-0.689980052954234 1.16897981693101
-1.30718115799035 1.17949463042026
2.96094264697688 -0.868807788223615
-0.322116797388567 0.19545739388951
-0.20068436077109 0.0592644412553469
0.347954295079734 0.0453627972703097
-0.419130565161099 0.726600487986428
-0.388952182720187 0.560088664778822
-1.81103326917311 0.502576826674605
2.197314863526 -0.798794171624371
-2.17325737464214 0.614729757217994
0.293956910297669 -0.221381979647525
2.04887688285763 -0.749534476940401
0.0236892087935877 0.0936652559935701
1.86125039776928 -0.750207220636719
0.176723339497692 -0.0281301927120083
-0.171435479067449 0.615455730672502
-0.0898791372215282 0.827770223292839
0.690366230648506 -0.479182228088608
-0.186262728547043 0.139514992195259
1.94655046438348 -0.775199914458782
-0.919670762491902 0.592378923754129
0.425362973371196 -0.135785264711728
-0.241714251701073 0.272782607600084
1.43594059766225 -0.701919428572145
-0.611787349835985 0.724869364216183
-0.768959629108529 0.954431339693787
-0.0898905313845314 0.288466721933435
0.609834147950495 -0.376183130762082
-1.18522056199415 0.416126147193944
-1.23317802282573 0.870479036139942
-1.26744380065367 0.5019726158776
-1.3447375690658 0.959724261916904
1.01979730845748 -0.668336426227935
-1.07712517567961 0.338460196080002
0.924460698473671 -0.531191097417215
0.399774639118852 -0.463518870616775
-1.1247412394923 0.115953921961611
-1.7850892929247 -0.165055032082761
-1.2078909534473 1.12006601679751
0.591237754516581 -0.201689217729874
-0.175045557901794 -0.42168449722266
-0.175332215040311 0.917685524902438
0.291472737648154 -0.107216850884029
-1.62743966211815 0.751979232498044
1.47247221753009 -0.573289692863439
-2.32795653938774 1.0207288762353
0.416537577097816 -0.175415761800646
0.463514633901776 -0.361927901706177
-0.895452896150653 0.962108725994972
-1.36915321959818 0.244679228637295
0.0699074168223426 -0.240788667731775
-1.54811442711002 1.60133577240683
-0.709363265389231 0.431835083894843
-2.54349888432704 1.35122489036615
-1.61722527551509 1.62460718118479
0.50242374751535 -0.155607828640238
0.740349320491492 -0.30081505585111
-1.37494775166646 0.51391880575973
0.353786564972253 0.125928746329383
1.58818730429397 -0.68361794368864
0.229672256380817 -0.263382553540621
-0.188255357701995 0.270268450557355
-0.764214165422314 0.274028023445278
0.421054724872015 -0.216409051292574
0.493851827544944 -0.357536677819678
-2.35229962710515 0.850966131917622
-0.517823220206856 0.366677494889869
0.188991526773751 0.155247123918203
0.586796290879995 -0.288107088916525
0.102883175559345 -0.0603996571118323
-2.72310204800422 0.87659590213947
1.51920807761612 -0.734219347350323
1.33433487516769 -0.523854971193075
0.102783817976954 0.0259751371189982
-1.36665347497381 0.420962562462242
-0.601371111916 0.642847256109856
-0.317953788068982 0.365881011194706
-0.101996348587537 0.89411992896232
1.02320533244621 -0.593155206621048
-0.0532153029228335 0.43294362985331
-0.660017876883489 0.622306088339339
0.690285140621211 -0.669964851895211
-0.352232646837364 0.0973830816468412
0.158008216198415 0.72119707540881
-0.446822340554672 0.69298231597058
0.564780757575335 -0.314617596314368
-0.105122160003637 0.732927998876885
0.958614819764187 -0.507541687471129
-0.701004283570311 1.11925403138074
-1.12537060524089 1.00307886917355
1.41788570499369 -0.65039231274868
0.402160193780837 -0.31206469590468
-1.03172109579917 1.16977051731472
0.494177740162344 -0.0374224175037517
-0.266669461081381 0.950068081194876
0.701012424980003 -0.326124165156144
0.881346426971132 -0.485497783134715
-2.24900768871422 0.506844518498808
0.735453413244989 -0.23688652977214
-3.28218732118843 0.650390397488525
1.39181718161084 -0.636980788242503
1.14450102077119 -0.493554728903655
0.346629579639786 0.0419509853694284
-0.396334544291799 0.575378922521082
0.948934686667568 -0.495686476764368
-0.0499114089269704 0.326025596801246
2.1728020737962 -0.789282149160266
1.86281089863978 -0.765442700635063
-0.0190551736765032 0.537408340941498
0.051023151985349 0.108302057433298
2.68731307051236 -0.86559863322177
1.09860784905728 -0.552592596015004
-1.02494067833827 0.693964269368101
0.677760326874611 -0.256793327759195
-0.554365710683258 0.661323007466808
4.33428325752203 -0.923783074036656
-0.897673950771737 1.58915834531477
-0.342063710836261 0.148698666463889
2.13112913850726 -0.721176442251798
-0.475613785938535 0.424243665825113
1.53306047284495 -0.732289105346401
1.74848580172327 -0.734263162160154
-0.81775397617092 0.981930715902853
-0.276905877358291 0.829644938538573
0.126649661658663 -0.122761965161847
-1.90702199496466 0.662260021287612
1.34552070287466 -0.670553722262483
1.26810735675184 -0.490799323460979
-1.16475215642271 0.78348340856294
-0.582808904907144 0.219433980173396
-0.755464201030659 0.99302152935283
0.526053983114825 -0.0712110300584944
-0.281672646730148 0.582345972927365
0.019477351247871 0.0202186579368928
1.8451777709964 -0.74316284649854
1.40406384610658 -0.755385385658947
-0.318359373930529 0.758003139665159
1.65070997263778 -0.691805601883735
0.329181019330608 0.244959107061493
0.33134362506028 0.0405164812310268
1.10335611038673 -0.582466591508607
-1.23612477633674 0.742207022377087
0.189153243236632 0.0515157671518368
-2.26321546550581 1.67177690033857
-1.07579097580549 0.381098466081647
0.805433411880553 -0.616763816193686
-0.106645710053936 0.0430666898825053
-0.522664032582471 0.503079058827782
0.279846560234353 0.194193890096291
-1.17343379560504 0.34287187954631
0.311844733948044 0.2825483822646
-0.0447122193240396 0.186336507172723
-1.03716662764061 0.821270264608812
-0.457555332913326 0.150073991829633
-0.905235875829014 -0.0635070378714067
1.82172300953192 -0.701717867517495
-0.684111773290667 0.24161707637505
-0.874399379129315 1.23090627239752
0.12809977970719 0.472443352392125
1.63998255395507 -0.704282566090636
0.351690164417973 0.167439755692652
1.78044577518595 -0.705874484120722
0.723131911525729 -0.274524413673592
0.195321276566977 0.108599757165494
-1.13842256898612 0.517423139929212
-1.39226601457935 0.20183875115517
1.16732070691743 -0.656790723993637
0.541065527710546 -0.386295532176906
1.90023251301804 -0.800185190057895
1.44543143395909 -0.634679846482551
-1.80046575665886 0.943139684541372
0.401430459800159 -0.233686816466923
-0.893665565218954 1.04698434258852
-1.0207143376533 0.464619140281287
-0.950082886529644 1.17485469899476
0.0670491911034772 0.81070339218926
0.323394177446588 0.069364224474154
0.743920917307825 -0.481837320285736
-0.606286878465096 0.737675727104902
-1.22728168231806 0.894502050283241
2.13220877418948 -0.775136111594302
1.1360575265919 -0.655933616756469
0.173067325721407 -0.0171047306284759
-1.00357666881106 0.482384426269871
0.131780596525874 0.103563009909895
-0.0834613761591195 -0.00955330724486658
-1.66482894934444 -0.0645446630562027
-1.89864823469074 1.66455838611132
0.0327790849347134 -0.0498549389788769
0.872587552614918 -0.397918191321622
-0.234654140564369 0.490650130695144
-1.0374318829425 0.64526146981499
0.736725593644036 -0.31446689768087
-1.39109607128081 1.44545903914037
1.94075555569124 -0.794168364908246
