0.406362256109222 -0.932156069285902
2.07333522195386 -1.31448447106707
-0.0711682874158638 -0.0629511251908008
0.230491054374224 -0.789533216972409
-1.06896644141557 0.725014121897706
0.577945632719211 -1.00328822985788
-0.689517805476259 1.62629646795289
0.129234654457742 -0.575575426586882
0.0153073561595887 -0.338237674305032
-1.0315087606263 1.11234906628412
-0.712508330213117 0.867543470164445
-0.326249597281355 0.747921449553211
0.217728399730441 -0.484579496390652
0.784395883229912 -0.91193380649465
-0.774281415025766 0.772006054521681
-0.304504315577865 0.365728592422784
1.80962766375035 -1.26587751783116
0.467226407977529 -1.01435595515867
1.59235319442916 -1.22279352662658
-0.397643143565012 -0.345146888325096
-0.377639049112057 0.231659294722662
-0.850387336448701 1.0338552999908
-0.849241641462345 1.55609699861536
0.0486377095661458 -0.397053725028069
0.531807758438014 -0.968590178077135
0.176735498410536 -0.983514269405859
-0.231259749074816 0.165436359017932
0.174496486371932 -0.673017700944666
-3.50328265788651 0.558023728330116
-1.66187465867906 0.509692656947062
-0.344961361410021 0.675264463651105
0.459754612094286 -0.939016735961447
1.42389706803849 -1.34529368409406
0.492695688951296 -0.914829996030507
1.02988068413432 -1.30173748243985
0.69147279010124 -0.959643436506834
0.913813050575785 -1.22861582251983
-1.04700964402547 1.47661342235244
2.19489329759152 -1.31305497211308
1.11027157469834 -1.23461483480925
0.0717618876851197 -0.187140992619348
-1.64332974219752 1.19957939895448
-1.73690910344251 1.36691449632171
0.979848141260622 -1.21536532961714
-0.0303557334692135 0.122657642827188
1.59510572800357 -1.26286705949671
-0.116819922452693 -0.159391839848286
-0.656181721595022 0.644985482773945
1.60386276911532 -1.27288096733066
0.13413776913503 -0.831778617641839
-0.667796270291347 1.39478640769612
-0.0284379852196058 -0.510884571402012
-2.13320447169418 1.27227928370669
0.98848875318739 -1.24192045689679
0.0578929024305946 -0.653924309000952
0.935915369415427 -1.08226246517499
0.727635222518768 -1.10907332030809
1.90082577479858 -1.29764843663404
1.87242159601354 -1.29666536439738
-1.59992480482762 1.68230820003503
0.147270860838685 -0.500497732602546
-0.88563545433105 0.363682583449959
-1.80700815639515 1.35925617988322
-0.441000369648911 0.656425973806238
-1.62690963489442 1.84673766216964
-0.759482391969106 0.409157928461639
0.801551194903229 -1.00202371114942
-0.754149703970444 1.12819016768869
-0.101806524015968 0.260535931567431
-1.61414196856802 1.16046565689343
0.243769578946494 -0.498835623594732
0.869402022802898 -1.00972757942233
-1.93242158877772 0.977109551981131
0.744808851605195 -0.946055285644128
-1.33835409124215 1.16307716421907
-0.340385941720964 0.182472834810379
1.55315172277415 -1.32943727198309
2.06338365065008 -1.34643422002204
1.91404911057067 -1.36061588275036
-0.702038333602722 0.438478602649428
-1.24102893324754 1.34162663894171
0.796493594528489 -0.957795734821992
-1.28729956256483 1.13524869900298
2.29532674347693 -1.34316387102131
-0.964023227470648 0.0063073885271453
0.925135907978924 -1.16529851721637
0.436700573301967 -0.859845154508876
1.56779081123522 -1.26396272267662
0.216073382528707 -0.870477695140503
-1.39805539189011 0.732953664321038
-1.03067446871119 0.745124427472876
-0.788730342983499 1.20187124855916
-2.1502552223222 2.33395000149835
-0.274855336630842 1.06653600933448
-1.94419931854104 2.4436443470207
-2.06671710636451 1.67911496912827
0.223199350660337 -0.734468079060601
-0.541040549896575 -0.0032259792641679
-0.496118757267004 1.38510071654361
0.220055753387787 -0.754930691094925
-0.377327673342941 1.35501327417345
0.956732943799862 -0.984957096305963
-0.99046987126507 2.71487696224069
0.629684680039402 -1.18611339753695
1.28852752393912 -1.23327348227883
-1.15822446898915 0.878010076166124
1.19713815618198 -1.14319379623911
-1.9540592204081 1.73490274579145
0.613978003194833 -1.07211383589305
-1.599565746348 1.48174106487122
2.79888097504011 -1.36557794123676
-0.443155339027398 0.6683462908171
-1.16187135430845 1.33599529343162
-2.5186578060243 1.86009269270355
-0.540162720801059 0.873023729033338
-0.162153134793276 -0.778707645219697
-1.237483588189 0.81044337743899
1.84466253541283 -1.37900492384545
-0.310146367986828 0.0285216253771176
-0.604375725290439 0.730515944514721
-2.09650650638586 1.1999399986902
-0.506247307485455 1.55356165797007
-0.480629300933476 0.602241798359747
-0.562994985121632 1.20821705778708
0.180507780266844 -0.808107885240065
-2.22295534889172 1.87311818094885
-0.608784366536501 0.651413357721269
-0.0386578250569569 -0.461914751395582
-2.1270171096307 0.642302863008431
-2.48374928700929 1.44031478306118
0.663064575191138 -1.14029707967058
0.493967573502852 -0.880127946021473
-0.594547888955578 1.33583348617098
0.0437456074537197 -0.56091184579937
-1.82074131391115 1.85107594559324
0.808439516909968 -1.10159470338006
-1.84674957077686 2.65123396496684
1.52943143623804 -1.15563085492469
0.811312229447609 -1.05940546299445
-0.525585579750415 0.276652315566914
-0.141506495740711 0.00196436666850471
-0.738507434704708 0.0505619457303161
0.609873749209789 -1.01667061394124
-1.31447321976045 0.545984492484636
0.333179808703513 -0.914613430978569
0.113240094633596 -0.725501087213994
1.49393414688208 -1.21750299937537
-0.222906735321836 0.293605860536086
-1.09281014902479 1.39338308092136
-0.226205962615927 0.51262573671624
0.415211272549123 -0.773612208977525
2.8487221594915 -1.38659397609618
0.0272993894738998 0.112061780996075
0.212793343947577 -0.734676329867515
0.406202143722691 -0.956758235314161
0.153893606289907 -0.461530170649426
0.642551576492838 -0.870070226161131
-0.554924886645972 0.923598045566488
-1.27439495756265 1.87965411264926
2.60906378467002 -1.35081602785839
-0.856822966439402 1.51617187598049
-2.16914402967844 1.35998307343755
1.06183662000993 -1.09838910743538
1.54563303838403 -1.23094091025932
-0.108928076917389 -0.406842887289745
-1.5611836609172 1.28522358780945
-1.73738375291287 1.34124426088703
0.414482135011066 -0.912243597502259
1.46788763844664 -1.24015658292232
2.04880219516317 -1.32072356554244
0.971558869684627 -1.19462698158549
-1.01765289680613 2.56765162962903
-2.89458244253399 1.99390451636501
-0.678058955576543 0.833862104163341
0.371778036229711 -0.945818483370808
-0.712696197137511 0.264474526545204
0.418682843031495 -0.73889731401558
1.2701414975702 -1.17218585263343
-0.396475817419838 0.752954591666059
1.18525120400265 -0.931827371015039
-1.44509443388313 1.39365546323183
-1.12500343355237 0.460828510678927
1.73565967637634 -1.24224822182741
-1.45873629649981 1.37816472991007
-0.152508491096407 -0.688588346770716
1.02382536261955 -1.32539583333803
2.47742044152762 -1.30018485221271
-1.87748525491608 2.28753864693962
-0.800824730211159 0.589557322509302
-2.74313384780306 0.890528240037238
-0.215491304483965 0.196060732869826
-0.0657759309808826 -0.46855412651624
-0.431332733776919 0.541744275332531
0.60424690828736 -1.11416740357372
1.44528734009813 -1.21440653767591
-1.70712289765197 1.16362915172701
-1.79160149332311 1.55173580236803
3.01331783605734 -1.39149708383125
-0.609390970656131 -0.197389593502025
0.419842979896693 -0.838441414691925
-1.81510637511574 0.743729049116165
0.274679242090877 -0.621384386852032
-0.957999814032542 0.839004481008837
0.915138174952546 -1.05953252731514
0.382548679308216 -0.709885919638701
0.796020686569952 -1.19554807462155
-0.824637064020364 1.11783962402517
-1.76008854607192 0.456398018320157
-1.05745296328456 0.95043201776267
-2.29337854714009 2.01396968885385
-2.63996992777556 0.991913769333873
1.05801509984528 -1.13063876519068
1.49723730342719 -1.20891907192515
-0.59173302069352 0.455355331633667
-1.15620457621978 0.755789528585085
-0.534183306335858 0.798960837684988
0.669595656897507 -1.0241195686133
-0.142014840964316 -0.236357495154489
-1.03994064213411 1.25561226080813
0.2001137176756 -0.678646818466267
1.98718953779476 -1.35254561737652
-0.93267725435278 0.813685982846562
-0.120331362584855 0.0192056511153921
-0.770456043429793 1.53849894563723
-0.229943416095174 0.0192868497510098
-1.74864363654075 1.60042192308466
1.86345175944583 -1.26844741216165
1.73755787252183 -1.34861447906576
-0.752927864719778 1.62858089254073
-0.20877889918406 0.0749786317542603
1.6294023376914 -1.29101860663387
0.474262761048432 -0.945902010026114
0.140356577224375 -0.558475268238931
1.24373160717285 -1.23301826887039
-0.256374639514363 0.077828335163051
-0.112265135332284 -0.309195373275608
1.47789764675136 -1.18293281353959
1.40312467082744 -1.25819915258991
-2.78581180861028 1.00341807646083
0.4638017578429 -1.02977199324321
1.36767859843678 -1.17989646234686
1.28246507440711 -1.18898776294972
0.026896092802073 -0.292977033155217
1.52907658136121 -1.26558453595737
-0.295726334896451 0.681277207754443
1.46385508187961 -1.23478978943684
-0.799103416632763 1.59550546556864
-2.39494959441143 1.25715082913925
1.08054608900133 -1.26689978350178
0.214435624353949 -0.341819643058456
-0.725631109193536 0.443445661443294
-0.407206054088854 0.203142833778141
-2.21387778965759 1.03753257808597
-2.23910688541988 1.88133620172337
1.76073351120261 -1.29029986812056
-0.2264610663277 0.295744957206837
-0.720453122982368 1.29947367257938
0.659533095028521 -1.07919386542988
-0.413057580436632 1.03542347063354
0.995009417049444 -1.07824051778268
0.0787532650053331 -0.556167988741842
-1.21630218833682 0.63446488048488
1.97767349335755 -1.34191534978339
0.263415528519158 -0.501391577494039
1.03010219582508 -1.05828491204228
0.839373056902298 -0.956254436302211
-0.353433920482197 0.457680078148005
1.6793332743992 -1.21187019234654
-1.71361933024081 1.35112640415416
-0.66547584947013 1.27560949953495
2.12953368723203 -1.30927333951742
-0.697494524223608 0.931782075298738
2.74677523964498 -1.37674667718823
-0.368624524005686 0.253379621450797
0.92948599531629 -0.986695738888269
-0.583556499643381 0.359256283820961
0.783337616580993 -0.876702586493042
-0.674376108713773 0.55796977448868
-0.342876970482486 0.359957844481009
1.15288992902282 -0.977660105833559
0.0399094524459365 -0.135619961678163
-0.0327432355177941 -0.441175908558985
1.24578351733742 -1.1865641070645
-1.33216664312236 -0.600890683726529
0.491530100977692 -0.889996150215152
0.879815704062156 -0.985754892629207
1.08366376382738 -1.15295515116682
-0.994904265732844 1.00954226961966
-0.521180564498634 0.806487132172754
0.927616926737503 -1.05877156320804
-0.0270068429591647 -0.596867808188174
0.519463300702122 -0.887224208829289
-0.490952481892577 0.0650077218118245
-0.215924953098661 -0.11849016736783
0.420290730725608 -1.0264790859879
-0.422539943499862 0.793965943047988
0.402059331328612 -0.7769196768014
-0.332048786346625 0.594481897416348
1.69165897912204 -1.28163388524799
0.963198966903657 -1.09530207044522
-0.444350515873864 -0.404928441861909
1.10913157566695 -1.19486375622722
-3.05557622977944 1.88347862989771
0.421591828460892 -0.738861590878562
-2.10574021077209 1.46557994693183
0.609382765655506 -1.05597706232817
-1.54701900896825 0.837171356356357
1.38794352899542 -1.10593851891941
-1.13331083529448 0.837877865046945
2.45084704805165 -1.3533755642558
-0.201919285758174 -0.0250933846377071
-0.0910264707823825 -0.183592087203203
-0.78387988187119 0.868112844884582
-2.88103206309053 -0.161851383466403
0.164705398908451 -0.580070505322889
-1.49548098939977 2.05219601180923
-0.842230168351253 0.63695246430466
-1.03271630017365 0.761655989320125
-0.525768599602526 0.608857376297293
0.361807372095932 -0.556510225691406
1.16921317670991 -1.20948047352471
-0.571686590049636 1.16498264725332
-0.851875364397393 -0.0235796714547872
-0.922097716884985 2.05415023751734
0.593309387778496 -0.777786864756627
-0.583132605093712 0.572110203791403
-0.666201103751341 1.54354269652399
-0.536557368607724 -0.023686622491116
0.251602914356047 -0.925827817219651
-0.365425522892952 -0.0620925774147517
2.00505034471058 -1.31919954306179
1.25841886887491 -1.166906895584
0.0662110388058802 -0.590629871572211
-0.963284779111223 0.537483908986669
-2.0347167328398 0.873662875380675
1.76178495447719 -1.25240504367675
0.435621993115461 -0.930662256962246
0.0502294221828934 -0.596287551989603
-0.105100800433851 -0.310995477681635
1.29002797731047 -1.23763946575298
-1.59829345847311 1.39593278858669
0.364881432178417 -0.836938196446092
-0.0925343216300257 -0.032921423478071
-2.10809798820287 1.00040934836809
0.172284602372454 -0.945674034392494
-1.38481174422549 0.337847681010484
-0.123456084973404 0.161920855084661
-0.547244666447401 0.698937928243336
-0.0319071031503217 0.0958659608723431
-0.964471627116081 1.12635099295541
0.352699725892907 -1.00427096861796
-0.274789884249459 0.23493178206589
-1.36847607928194 2.10010787312203
2.58693617856187 -1.35806252405783
-0.432319297487536 -0.331791671364212
-0.857274460179229 1.47759110135276
-0.547728907057995 0.901531043196833
-0.170226224205937 -0.336956293854913
-0.741674066391438 1.38806044085885
0.978906226821514 -1.10853848402154
-1.24923574063021 1.87357087045685
0.925597193363754 -1.0502682198714
-0.324671397962323 0.397857898343747
-0.970269637284186 1.26076913186403
0.601265001178186 -1.24682139395767
2.28894763799787 -1.33353672235795
-1.23238221525747 1.83471608516157
-0.50643131408767 0.486875246076329
1.54704282317947 -1.20344781292867
0.274237736449195 -0.608775023507046
1.41279249907041 -1.17513685073329
-0.0364340963618551 -0.632605094940975
-1.04899393882542 1.0822452908703
-0.0344186433109917 -0.343176067696028
-0.53431468597859 0.725234264844808
0.844291742057091 -1.22306790942549
0.121045067744375 -0.717882197693043
-0.0476846242967071 -0.370282257482883
1.0351001813799 -1.17765229728562
1.97930541238213 -1.28095218766666
0.219023666639767 -0.606636492318526
-2.92090758034392 2.25483933941216
1.19786804374505 -1.15896589662732
-1.34916765789076 1.19647070811764
-0.443402346017982 0.594976500235488
0.0424180638341445 -1.06331767962515
1.09298528764791 -1.12142018327043
-1.05099099588706 1.98417028667922
-1.69031897603751 0.798259187598125
-1.55095116313789 1.82949819977115
-0.400038858384521 0.588683252109712
-1.60329268195747 1.30595718639443
0.953640033857191 -1.01367777781042
0.684744657279692 -0.985831597995292
-0.270217309683593 0.454085442210523
-0.216934320078204 -0.281641582064284
0.353263477122245 -0.862871580720451
1.33010484587705 -1.17304166552206
1.40981394476046 -1.18059265126589
1.83400834851016 -1.35186419828925
-2.63358039590721 1.46922112541096
-0.0411111640720827 -0.234965006342059
-2.71668918149681 1.09247168871846
0.874009068017246 -1.07401598884447
-0.205900305918793 0.514965073055494
-1.73685504082734 0.343625008696872
0.543930541808695 -0.922178522220719
0.907161322564126 -1.10876019420356
1.7881800102611 -1.39730970759118
-0.437421754365865 0.930657634806375
0.616086815177827 -1.04118207773225
1.38537634586713 -1.18814449555189
-0.849519639106002 0.754800523960979
-0.841663496822924 0.885182734186204
2.34281344385096 -1.3206424430781
0.996354000828857 -1.1646100218184
0.482076743982541 -0.85589762168468
-0.381048402934978 0.887827714803374
-0.509366608746056 0.843941454085324
1.39061996346225 -1.227455106518
-0.547876774898002 1.53321580479201
-0.724677763696889 0.742472832702111
-0.8027239019678 0.557801284352826
1.83390799863218 -1.24210182907645
-0.929933623973333 1.58427731455127
0.367317759887875 -1.08053721163
-1.45659815031866 2.20366264949249
-1.07757548468744 0.953131720951297
1.26223683199907 -1.19682720726269
0.472631917361025 -0.912864993516457
1.51461950186915 -1.22475209415237
0.319466381674769 -1.12174202626185
-2.52143457917333 0.566047496553506
-1.26097631886933 0.360725520361583
1.58161315228487 -1.30846372277885
0.0340674035825716 -0.400703871447358
0.426268891325855 -0.80733903328403
-0.0585777994797287 -0.306395062527514
-0.77753410511372 1.10028061819919
-0.266058229093853 0.379223919699031
-0.436450430026648 0.793157033579025
1.82094368740292 -1.31036387784737
-0.0472866443312685 -0.545040620146736
1.17248981312857 -1.2475707280599
-1.14181955476479 1.19108292195142
0.283422224765549 -0.662701988942119
-1.45082691203412 1.71332027571847
-0.0831042007983799 -0.74893278108757
0.041935321628701 -0.384528782645006
-0.255748893405473 0.354096896475726
-0.0408242905376323 0.0465678278648839
-0.905373579544046 1.5992434612726
-0.49584421774351 -0.0316841416708818
0.608766461874661 -0.775521918361429
0.717912761499828 -1.04270716905283
1.2946000445848 -1.20486910019545
-0.493846084580529 -0.159283563385657
-0.878850327847075 1.11118593199088
-0.148323547390609 -0.225811081837878
-0.599986855590394 1.67069748198855
-2.38144084915849 1.6874582646706
-0.914649704352715 0.350772846004423
0.724019907986537 -1.18984928367973
1.40192294305434 -1.23517346716253
-0.216950450007786 -0.0379942973014102
0.321951392027943 -0.860086392435332
-1.08729343819492 0.827491247781056
-1.46106551860541 0.682100751499336
0.487204608591518 -0.977060594071871
-0.240564499182785 0.662841957043617
1.30841978822959 -1.14455061267707
-0.721789833700555 0.562522285567236
1.36467340940229 -1.24219588836546
-1.34018282675454 1.26190620860896
0.694307883121789 -1.06307032629513
-3.04063946485572 2.70716360337227
0.484037867164643 -0.600404584518725
0.483403497456928 -0.790370184560654
1.21880008873912 -1.11479021370837
0.238271065722275 -0.976498744343749
-0.0296788078491303 -0.374134240243992
1.05080532391587 -1.17514151426108
0.86175776133659 -1.03272909142796
-0.749102242433632 1.02320145532155
1.40533507357859 -1.15645535790637
0.151484216046515 -0.487772056482821
-0.368029640844282 0.422886562165626
-0.228142619726775 0.144475656363834
0.149086994453295 -0.591198180365187
0.36547846250521 -0.736453548664769
0.824664980734602 -1.3726323200609
-0.117593324871996 -0.312774420192252
1.12700208307282 -1.18628725297377
2.05045877140947 -1.3868464009806
0.42930725412022 -0.74896251402314
-0.620251660857516 0.535782945751042
-0.286806001306041 0.206652110491171
-1.00355222109939 0.172254424557146
-0.996598745502191 1.04185369749959
0.815290147533448 -1.07000952610087
-0.0843451569275284 -0.0199908849126883
1.91784859209747 -1.29803994327356
-0.0672712503332288 -0.054018491740376
-0.85278951713243 0.923974492336891
-0.962790642002162 0.575138211637782
-1.16764785988305 1.03819463838479
-0.857560126259769 1.12196141355581
0.266249960542425 -0.592617998010871
1.11870927054164 -1.04736261343388
-0.200455433768645 -0.00447246817580021
-1.53331218648584 3.09488213000663
0.226342644291128 -0.473633206020932
-0.706393535119808 0.943443739613917
-0.483362366222451 -0.477661244486712
0.129292431440599 -0.450921215475189
2.22581459957027 -1.33398514153806
-0.901669187151444 0.747415848791514
-0.681824029122189 0.922985508211431
0.846482863772833 -1.05908521841374
1.5850703151449 -1.22170572563251
-0.0512230764251828 -0.223956395517974
-2.45172817657801 2.51688151213585
1.21213198012995 -1.13056524345716
-0.637552701683475 1.22361943934654
0.276821465803485 -0.631289734137009
1.17532949450932 -1.21886593941233
-1.00887940850141 0.901497795872585
-0.0519448531427186 -0.118471532728707
0.780021018248236 -1.07222946345437
-0.429145382794977 0.0783518999617556
0.20048446828982 -0.513317581271625
1.92711943826597 -1.3071539983406
1.17074493247971 -1.1616724724548
1.60671450100295 -1.21392958389325
1.11481058754638 -1.03774591370894
1.55162547750832 -1.21624299474356
-0.492255958565082 0.217642274052395
0.164492941183245 -0.592327512792558
0.346275450001383 -0.627452871585623
1.08393531996513 -1.27619943890946
0.373587563345208 -0.763225136285942
-0.314753202941172 0.464836549445687
-0.187106140757615 0.79916865372122
1.4173964279103 -1.10989720682165
0.99592695816916 -1.10694059460861
-2.19554339843154 0.651638547789084
-0.388396209026627 0.592472957803208
0.147194936432977 -0.253925078428116
-0.948945389988728 0.520284426835444
-1.32921663498311 1.83642650555732
0.270334551338985 -0.740352752894041
1.31756709746351 -1.2220461386415
0.768934694479305 -1.05521086855884
1.38425184386664 -1.24890490547261
1.23966263674647 -1.18714313880293
0.522320169796615 -0.854469018037459
1.32197293556659 -1.20285038544308
-0.767498088987185 0.994045958640976
2.05804882426517 -1.27089912850485
1.70621383327273 -1.26178437168827
-1.0527960385156 1.78241440865457
0.866428620303669 -0.974027329833007
-1.96674137028736 1.46682356852346
2.46849437596147 -1.36581400921844
-0.232232197310439 -0.00819960300632649
-1.16491244974102 1.3771936711327
-0.525345685749233 1.00218288521767
-1.08398374985435 1.46864182376271
-0.397560228669442 1.20277981101615
0.653729863131119 -0.954356333992802
0.160136423991764 -0.575435519343237
0.421176993248869 -0.779138272249535
0.127453699355668 -0.332304088488241
0.126990934531551 -0.481562730216757
0.668878485874404 -1.03603557451222
-0.562550737491172 1.08821574543643
-0.233349484886004 0.399624063073282
1.40118158590782 -1.29660880084902
0.938576359920646 -1.11590198227005
0.470313358169664 -1.05766826919645
1.57052261973152 -1.26237124429498
0.410260696271181 -0.955053104815762
-0.22313977286251 -0.0787156145860186
0.525268710144848 -0.877345499898995
-0.421174760476463 0.440539040334035
-0.0469119228691239 0.142782910847135
1.22304018751917 -1.15714415435274
-0.00186812763856072 -0.380218198413999
0.250465863123759 -0.903199118959453
1.03243507131291 -1.07871346211308
0.625559528042069 -1.0008956071563
-0.66221153082052 0.447590383835725
-1.67469197410541 1.69578715054954
0.9250884116224 -1.07486406851755
0.0918745899731336 -0.551194569242707
0.175319629014937 -0.961353722975034
-1.6146978351154 1.20632822497127
-0.04254671375813 -1.01454833851433
-1.36418939411429 2.14279245575935
0.558454087596998 -0.852673793383644
2.15103308700564 -1.35703778277204
1.06359089400138 -1.02264823929163
0.478001083489235 -0.836380164046256
-0.126803341284265 0.0810588837917336
1.02768586758686 -1.0552980067054
-1.22500422019008 1.64409517596205
-0.508468021287145 -0.365256870934256
-0.846120030127952 0.927380385253463
0.756817059376333 -1.04165971845757
-0.805950952435657 1.60811039787931
0.145736817796969 -0.605197341257291
0.969628150418885 -1.14764158694932
1.89863036263905 -1.33558239784861
0.348686563765997 -1.02272210432152
0.376814410252912 -0.808774315799357
-2.46242344882135 0.178230099612886
0.191429799434242 -0.531747191911455
-0.576309940071732 0.528404144429203
-0.178953300471645 0.262565233703135
-0.699954805330808 1.2639644915914
0.659646681286388 -1.08336789899062
1.21088376552309 -1.19846921488597
-0.484275122532027 -0.134025288695004
1.34488550210973 -1.18807671472414
0.464386556169409 -1.04502761444775
-0.307231762668694 0.553505985072809
0.644896959163809 -1.00957437517957
0.572261937552325 -0.792047120006276
-1.60094157428768 0.0452141899411915
-0.265260891787795 0.508895081696215
-0.225975188645358 0.260935310633573
0.973481997011983 -1.1523284783682
0.289161106098475 -0.829831664717245
-2.22329674239039 -0.0510736275320736
0.430004767333236 -0.745202728296093
-0.22890071696207 0.614353439961515
-2.52831588749235 0.886678977694195
0.261523398344213 -0.724593538089467
-0.322486308825263 0.243373879979502
4.03398318393912 -1.45716210799159
-0.259039904423752 -0.124969144103675
1.28306995801235 -1.28776122930834
0.30430719914022 -0.537156683982039
-1.14394298420111 0.289906656648335
1.3915213651698 -1.02583692012064
-1.71388067940899 1.27698260355193
0.661653327412174 -1.04515114684647
-1.01508860435555 0.703374399345625
-0.799642388838068 0.483682243344059
2.07755027290511 -1.31234895182204
-1.16185980712679 1.21959641642455
-1.43074189491165 0.763439655774791
-0.871095386025031 0.449392087463846
-0.225812729829544 0.217245861296671
-1.32363180103338 1.359443126975
-0.655414176770621 0.706733731344759
-0.638913326693667 0.686140473714801
0.269001548750505 -0.690945752656269
0.94446463375913 -1.09296370012726
-0.767159666647639 1.03672777377467
0.79029141469508 -1.18031013678644
-0.782413144237302 -0.00640485810560221
0.806204710656457 -1.00491675416785
1.05416657044373 -1.11612099374555
0.419231840932576 -0.952721425637175
-0.582858876442783 0.349374268003014
1.38369743353665 -1.25238557937929
0.444047554551571 -1.03047482321756
-0.823735974178556 0.633437629510612
1.42936907035574 -1.22821923859578
0.308327112148834 -0.299184897800643
1.32766631672842 -1.29993825130091
-1.36495812416196 1.22063002656678
-0.232901224217651 -0.0538239664558147
1.05757310559072 -1.00816940342258
0.711868867524807 -1.12978186425388
0.574424164119046 -1.12974548134165
-0.621130890200572 0.45589841670816
0.497228464987337 -1.04075321666196
-0.241597326643896 0.347572845847337
1.0315651544647 -1.14159783075111
1.78200058166636 -1.27697336135223
0.95076248944899 -1.09434873250044
-2.05001849252507 1.33153951227912
-1.92745413378611 1.63775666725997
0.681777057221864 -1.03450424814882
0.0994475472135508 -0.770166890573363
1.12873404573887 -1.22273509144597
-0.830362802877919 1.15258806772423
-1.34677860824763 1.73109868923869
-1.29066580273667 0.723802039883514
0.169283751025489 -0.728011989881071
-0.737040660593672 1.13530797059339
1.7831162074343 -1.28561171179657
-2.17895606894565 1.75493201474857
-0.291989276619975 0.584991069810396
0.23243965427383 -0.688969390102616
-0.113810904791228 0.370575297206481
0.959176382517272 -1.11396042797023
-0.459914781342857 -0.122275102561592
-1.00885451555044 0.747546283188577
-0.739008017997383 -0.0278085947849765
-1.74122294890008 1.1954020986736
-1.25722799318047 1.1990574018125
0.049862090145128 -0.128824218427706
-0.190890483075057 0.338291247692216
-1.03788892096625 1.81068641036712
-2.25664320515975 0.761205060203439
0.342340214819415 -0.853323052283163
-0.508906054912829 0.770205535842666
-0.370842493874108 0.660770888194188
-0.61575004888374 0.0413433763188996
-0.127206012992792 -0.332177822118814
-0.183853851439016 0.289733386468924
1.43851647667361 -1.25903308090938
0.0944182787739225 0.111599286204692
-0.0161650615194978 -0.368623236395993
-1.22689681250573 0.976111875369511
-0.158227411245007 -0.388515253196409
-1.51636881278952 0.798275520443034
-0.570371928552279 -0.230123414403379
-0.691676046964847 2.44989087587584
0.936217882828453 -0.984965817954924
-1.24469154242291 0.336845805159463
1.38903780416774 -1.18031818760639
-1.30056408393791 0.608481228453772
-0.321036610571333 -0.266604121503171
0.517959524644782 -1.0553616869761
0.252879868036903 -0.528271701681359
1.47445811305988 -1.25815384303982
0.17322016414385 -0.551811768722815
0.348009753857925 -0.466971775854899
-0.211642899825951 -0.140445088238852
-0.891570352322031 0.292440061623589
-2.21311622848582 2.02121603239671
-0.561665078235943 0.358968071164746
2.20727072427267 -1.34294756549321
1.14774951819913 -1.119468451891
-0.150565815991507 0.286961032506928
1.01312699406339 -1.26782313380315
0.901119073490615 -1.16314809975772
-1.76238635941916 2.46550422590688
-0.0582901998526359 -0.134832538792034
1.5793575052153 -1.2656723136914
0.140106948825084 -0.350725775753062
0.242206097151546 -0.679489932155159
0.555205539927288 -0.95977631436449
0.0269064909896422 -0.0775637368016045
0.705885496360171 -0.900139147592265
3.54418020555621 -1.43673408959704
3.36344421889947 -1.43076934204395
1.04581480143541 -1.1042563024318
0.981474388135153 -1.11607295931488
0.992093174478023 -1.15721075539634
-0.0584142170165522 -0.275279870724879
-0.676895842516628 1.04496613166856
0.970119873275486 -1.01741231859789
1.50954296588277 -1.2387724317102
0.382133720500961 -0.541132370095206
-3.45148000286652 1.22740998947287
0.66891261007664 -0.978427918561252
0.688253064101591 -0.814395982494602
-2.43551733310634 0.706500215410849
0.274090028926846 -0.383927445830779
-0.449928227119491 -0.133795860794558
-0.480122304062338 0.524760228130543
-0.91538807971806 1.42346061927683
0.554029262089868 -1.04195602606782
-1.75399321062642 2.34220379663906
-0.455460836999482 0.871164509842086
1.08270385369468 -1.1138366905497
0.422998522855696 -0.848915889043726
-2.2671283624225 2.14658584231104
0.367144950858643 -0.878271090823695
0.67702127871696 -0.950686047778785
1.83403440793232 -1.3617006775046
1.39199496852789 -1.35018654070781
-0.497027005740607 -0.477605942488184
1.51052060605961 -1.33081035669174
0.039972569032951 -0.677077656979913
-0.860061180721753 1.46632555310995
0.0553210251754472 -0.468890825840104
0.309886290807206 -0.897663936983021
-0.708443359948771 0.102962504018789
0.943864355558103 -1.06589290538104
1.26698452141656 -1.17725293193354
2.17655481223623 -1.348279519718
1.51143308409926 -1.18768846889767
-3.22222973454205 0.807208213371328
0.0695934442262662 -0.240038416631893
0.255052107249634 -0.816078472946238
-1.80683441151905 0.491484541536827
-0.555783961467265 1.7967232831229
-0.621010274961747 0.365961603582459
-1.92390600331486 0.422218669689519
0.0344583276999823 -0.355434940336345
-0.743912586335649 0.798578546000817
-1.21710634721143 0.0208660085888202
0.0549442747404764 -0.473240573618763
-1.16786202121573 0.76069269200939
0.178848748966241 -0.726273158378966
-0.330070655075568 0.410749141246137
0.291916904636976 -0.790750799166722
0.400173298998406 -0.668834217793095
-1.16650707549327 1.4961804413225
0.0296297893673248 0.0919242132054395
0.893889234598969 -1.0424135950273
1.56114223815697 -1.33958800107057
1.27541709870402 -1.26038352112592
-0.226469286751555 0.611541173303526
0.573418470095491 -1.0036243820595
0.515914915897454 -0.723495565196829
-2.18863469369944 1.98178536796498
0.484280273151134 -0.670436189017344
1.11330966762677 -1.02421347358768
-1.56307483910928 1.07569830170109
1.91535487074501 -1.25224360172074
-0.471429894960597 0.268011589130342
0.246162530383259 -0.891257205964357
-0.417919416461414 0.797743130943231
0.534653062312933 -0.902531333262957
-2.0038633515559 2.2910450660239
-0.722245363805339 -0.21657200604766
1.80370599603113 -1.26508046480253
0.327942972134934 -0.772375281648975
0.892065813964925 -1.12357708862654
0.569110411519151 -1.08346894884481
-1.26321528319123 0.492965636914784
0.953028523970706 -1.15931720175729
1.16671560985743 -1.27708857464088
-0.176907108190933 -0.380832240826065
-0.676445334966144 1.67892500137126
-1.77795880781595 0.952299820699972
-0.424065738096242 -0.042477279078709
-0.179759730897361 -0.277637341326415
-0.329981509434905 0.562072713351766
-1.95241665274898 0.538577878397489
0.142140057984477 -0.400780872926962
-0.105906985375374 -0.954934099887673
1.21323088148647 -1.09067590928139
1.14902340433379 -1.30964290491035
-0.411675187953805 0.62781230884093
-0.747279837765023 -0.164717758200363
-0.996344490128443 1.01701686597341
1.90667582396347 -1.3622973179833
1.42570064183805 -1.21715015455135
-0.274056087880044 -0.354333242825657
0.474454443657698 -1.04055560424233
0.247042115455279 -0.468112845813667
-0.323598680712653 0.736747203319088
-2.80184186975034 1.01086685867144
-1.3088650762548 2.10484626414539
-1.8232953753548 1.27869742750828
-1.16572738803812 0.339180731892907
-0.704096831334063 -0.00285069763482282
-0.0838745614585967 -0.0156233957113956
1.16066656386539 -1.17014515053682
0.0574504729614342 -0.291755337308028
-0.928192881459474 1.70797786935613
-1.56615897486833 1.07651479812071
-1.56346093358204 1.52023543056775
-0.808825235331996 0.98392632162471
0.973208706457069 -1.16759242767231
-0.155544297278984 -0.0788796777881779
0.0931361887760125 -0.926639207968703
-0.268632748990444 0.824534946714611
-1.7362913377034 1.12658361746067
-1.40249402106647 1.28219060779965
0.0337476084567676 -0.278641640616842
0.409260242891882 -0.729582741717687
0.528822575258046 -0.82428406510116
0.547648533434403 -0.742098502532614
1.80151231329995 -1.33916252252506
-0.555712337967203 1.4326205847506
-0.37250627425413 0.349306356451036
-0.496105747452786 0.462510750870862
-0.8513451482298 1.77015268119315
0.476279390029425 -0.896220843843905
0.616825812898314 -1.02311863818248
-0.236766468775818 0.358981861682316
-2.6236529617179 1.26596427340755
-0.739875944712772 0.587928808140294
1.09268328001729 -1.15970001415797
3.19068420822565 -1.39637670200207
0.639369848561015 -1.06738454824255
0.00269742439786125 -0.540630285194577
0.0109119759788147 -0.173798480103413
-1.0015493305211 -0.251756905000569
0.263666758259446 -0.565329761039445
0.531059945856014 -1.00579469855492
1.08607140420765 -1.25782401849784
-0.105612128440869 0.579264747613054
0.398848856177879 -0.793123738097989
1.52231405766957 -1.32694983286982
-1.23732760130474 1.96170439295217
-1.80311636739451 2.35071684923037
-0.421401073872992 1.80542528580096
2.52206689451938 -1.36918311893679
0.498244048353692 -1.05169555883464
-0.897841553044654 0.39328421929814
-0.038570090178244 -0.0766164640240112
-0.657996133736409 0.729109744902294
-0.457379484384985 -0.217453951285689
-2.60788276198596 1.71679431527995
1.64926800470252 -1.32254476947565
-0.0884200618331761 -0.0797063096719997
0.95579003972531 -1.07246895848107
-1.85995039973306 1.13461720735361
1.35231281052316 -1.33115154631326
0.469000991646524 -0.721857616841704
-0.133191926199875 -0.133753672455567
2.21730326865269 -1.34138148760429
1.61623720283412 -1.23982248476808
-1.79451666456965 1.78347781022663
0.952955803915914 -1.14128823516951
0.633297822258812 -1.15403228745305
0.262641221411225 -0.656307039609935
-1.66859747421064 1.41795902700365
-0.155022251573555 0.0394957130739359
-1.14948954648331 0.610911844061635
-0.524258597774942 0.53405963679111
-1.57420618862996 0.604075538052392
-0.448804004709067 0.972650122281814
0.373628177195171 -0.921090761457548
0.573314932089515 -1.16685846553291
-2.41203216467836 0.641088166902857
-0.535958957009919 0.528927501523146
0.729963322027761 -1.20894058923785
-1.67624460694915 1.51542847390452
-1.43142560186911 1.11044078097636
1.51480784183454 -1.20138521971
0.812914409224265 -1.18996012574026
0.939817012116303 -1.08518465167595
-0.993031508959723 0.253485048917856
2.43931892704473 -1.35797444550815
0.39162456230348 -1.03136105555465
-0.202629316538718 -0.168770154597588
2.00549689944941 -1.33674811547983
1.21407529579117 -1.20538749985556
0.681511317195033 -0.870989165250289
-2.11137850444565 0.63177544406025
-1.23682979504934 1.39703068797983
1.11068751534976 -1.16414234956844
0.691649493971799 -0.963734170540486
-0.134316801718191 -0.807128724383102
0.850113655211689 -1.1375868165586
1.41434152585238 -1.21806681560454
0.873488188712922 -1.04495207556693
3.40598850983585 -1.43312719556192
-0.320538809303281 1.01626073767592
2.17441219737233 -1.34258211198534
-0.744576702314303 0.268484939071684
0.830517377625626 -1.05963840324678
-1.93162706199547 1.09437361215123
1.3281883026342 -1.06378329742758
0.413134416443052 -0.640306873889844
-3.68536054874661 2.74731347581665
-2.43876055688441 1.08219865910887
-1.05523362483078 0.613244356428789
0.993492999860534 -1.07646191973413
-1.19126289161176 2.00509004503287
1.28848019649036 -1.16510618476012
2.37161565148327 -1.37286426288898
0.798107270295893 -1.01432954183329
0.0601176369121443 -0.472393410982037
1.45171240246171 -1.23887065310509
-0.562744816585091 1.52124950652411
0.689344087455818 -1.01376675238832
-0.164406468906059 -0.347345413459969
-1.99214616188943 1.89645810767576
-0.308326501962088 0.142473916726118
-0.109789708661085 -0.506193451748377
0.107461595701186 -0.665117625480584
1.66392112954904 -1.19134510074309
1.07547463525484 -1.14534141840603
-1.09327113048591 0.136833328496846
0.985988522756516 -1.15791381323427
1.51474205852441 -1.34706537653555
-0.0447815675943411 -0.682888772218291
0.0573499138423402 -0.109897271224841
-2.17916761670597 1.914915142406
1.05382644732999 -1.07534070040506
-0.280167674405964 -0.330573816718885
-2.04558631878333 2.42080011686292
-0.490258188507716 -0.555696986189225
1.06580540664798 -1.06504336121071
1.19380774327507 -1.16934837068226
-1.20520849811117 0.800698767583455
0.65426309835723 -0.752574799542512
-0.463537035212804 0.376991913830435
0.809689368194136 -1.2385555710234
0.505418514464813 -0.995622529190998
1.07917465813965 -1.27102902204506
0.509051921394825 -0.880239515383326
0.598284195698674 -0.926247655179843
0.90278740321275 -1.05848331995794
-1.79297016661766 1.40994525770394
-0.532002182619598 0.820746269924708
-0.212418929272682 0.537276228146806
-0.262310564083129 1.19816072782728
2.1911841880018 -1.32409391650602
0.496439711050792 -1.11052485441038
0.715069449432337 -0.913148142864149
0.890680943780946 -0.973069415833626
-2.60140579422164 0.994828459213266
-2.91224241278608 1.20895359895883
0.0547348253769853 -0.350202172975793
0.171930291129919 -0.721061009492993
0.0269041978687979 -0.742451761611264
-2.0525465447328 1.40593297138467
-0.529664065980464 0.462240003770523
-1.10053463795046 0.40078787171389
1.65851216650571 -1.2911899687474
1.16547290479525 -1.16124286111708
1.85240151972098 -1.30093738956245
0.001129633296972 -0.678252955063668
-2.78289683517338 1.97934192430676
-0.146737223726948 0.23858220177563
-0.861054785567165 0.888764690524294
0.758000658150793 -0.986711051408116
-2.06147064765794 1.1215187041844
-1.3318919167638 0.973361727218874
-0.79484774598632 1.74572343639972
0.361431125482134 -0.819098021339345
