0.961470219017078 0.517664834073706
-1.04438229784724 -0.00381104428931134
-0.342695247787239 1.20419066759913
0.271988882866504 1.09552185777889
-0.116134825889628 0.405844782643578
-1.2792470944826 0.605645224124576
-0.150944891068559 0.395320921676516
0.754130469291493 0.714086661439853
-0.269499564942639 0.965598722455379
1.86010038509031 -0.563428184785608
-0.595422062058242 0.541827602822544
-2.83669811323318 0.80479939391797
-1.10911533590191 1.15680836963337
-2.5986982835528 1.17724167666544
-1.21250942126708 1.23541149596391
-0.819445730856682 1.22127338046592
-1.74592864671015 1.05278576353675
-0.773544000708854 1.50895763200509
-0.382102204924335 0.519311981658117
-0.0484501501736027 1.41563626321029
-2.6548519565629 1.14705995075875
-2.09412273418084 1.03790997776143
-0.154721469241068 0.718808133454001
-1.03656357226951 1.31719226656259
1.97042514870282 -0.419955625064683
-0.798466846313258 1.23600812272841
1.38537243503768 -0.100036316755141
-1.15618898624096 1.09878977688634
-0.096334456822453 0.850189260782143
0.635804484467887 0.786284576634297
0.0245032193547129 0.408352646850385
0.270067706809702 0.758292380533567
-2.0527632251511 0.44111175987408
-0.141860927582906 1.11117505656181
-0.645189171585983 0.794544458141575
-0.472019497425472 0.684447081837463
-2.1528312748047 0.75526550292134
0.4493477116648 1.2808562213623
0.766453748902285 0.51467595479638
0.760854105366532 0.015998273835872
-0.362240172960926 0.797122026405949
1.55797693235149 -0.579533563921378
0.614747386032584 0.0436891358864115
-1.21911480897374 0.763239392099943
0.428662932966508 0.145437819669579
-0.881884646878591 1.32036841732223
1.00686500346492 0.819483106951399
0.974984628882835 0.481300868044243
-0.334433492927231 1.12782986981952
1.05517129723509 0.686502647662815
0.583936786141749 0.644268935828684
2.01867381406506 -0.44444241542254
0.449658783723445 0.634443603925354
-0.941873527551407 1.13357652014848
-1.44931058970186 1.26749159458366
1.57323103862144 -0.163026682927212
0.53086857233142 0.672302240431768
1.14158092106685 -0.333994342858973
-0.595080666189663 0.493721466066849
-0.87808115210921 0.80529073253385
-0.199842911970389 1.1201391050009
-1.70397494609179 0.329226587775737
-1.51669195805795 0.814219375172154
-1.9457281434236 0.716283819030716
-0.749683566595943 1.41907241178876
-2.05536858520723 1.96972396182334
-1.59100714689994 1.79547833546851
-0.917495710872788 0.501324848896806
-1.91243404285196 0.558187198448193
0.220557496679524 0.806721067704556
2.04863531301975 -0.483397238072762
-0.759368022965621 0.513047042734901
1.4143126149516 -0.0287864837677753
1.87738544108871 -0.16978273920665
-1.77946617118145 0.772754889763832
0.469349653457403 0.588903358638153
-0.337389645814194 0.538953353796193
0.506614014748054 0.421098516933141
0.665917698158787 0.23185215316324
0.22173764138555 0.993016388109582
0.112792877866117 1.14430996407618
-0.301911298534801 1.31015212968522
-0.959068684762552 0.569593798098304
-0.381451475373188 0.545925083996705
-1.35484735997421 0.51561396488703
1.01865255252079 0.355728708897009
-2.12944746899617 1.08143940909795
-0.921996937599056 1.06893974014733
0.0222321014662048 0.578279145497169
-2.26344546175959 1.03632738258086
-1.68038970594704 1.18464858803951
1.05121734361786 -0.0699214239543111
0.950877350718574 0.312374771358128
-0.143599395143714 0.932341900344788
1.12863419859004 0.204213015750341
-0.327605552601776 0.836376600639831
0.116627094075219 -0.153479829693315
0.188013400227099 0.786290106025126
-1.54043381571386 1.70606408038925
-0.198479994301046 1.00635251383998
0.115778583507454 0.551630917603221
-1.25039108601226 1.0804090612642
0.0487754209091356 0.773031514886065
-0.4285338282721 0.0511835436826422
-0.0183710916164232 0.704926024548014
-2.5175754219016 1.65366061979095
1.10039681575458 0.161082549025139
0.895020253186198 0.434603482721975
-0.878702028972161 0.751617934623269
-0.501292901019024 0.201497745894757
0.678200580505968 0.11713491531745
-2.08856960176183 0.875690137332386
-0.214842180562861 0.549217763489323
0.0166436758801991 -0.102410579108771
-0.00668662921419984 0.665444087792105
-0.942177914456324 1.77606847685022
-1.27001749516311 0.277409949756384
-0.90231349198281 0.66863063768121
0.331497243090015 0.633442385779129
1.67700083910875 -0.369191627531564
-0.669993715000569 0.499017887812745
0.212661164800328 1.05033018242083
-1.18828701169104 0.872060669852293
-0.330627690994409 1.68314576871697
-0.327306357297906 0.769894328693747
-2.61974299910391 0.17236568026884
1.757587859731 -0.355978562428236
0.26826682238225 0.959667265386741
2.17930687774178 -0.497231595880065
1.01776362885565 0.24498828073235
-0.28142817927413 0.420236555013422
0.338310997018277 0.226429476606605
0.310701755379234 1.21801105118737
2.10217301892335 -0.611065142776419
-0.19198920527748 0.728882718572775
-1.55919351254535 2.19237180880226
0.539976587948967 1.03288236952052
-0.71831503509092 -0.10245530217351
-1.55512548294859 -0.104389478018201
0.373172842167581 0.239452443437604
-0.155535256898104 1.01109170902004
-0.880345601885532 0.470598485349921
0.413623034721925 1.0724941991922
3.71233673794075 -0.873704720543232
0.828417211770282 0.31837599968126
0.697019808280123 0.503798088555704
0.668737373793474 0.55939354929568
-0.144496599325256 -0.0605713489405566
0.467441721684625 0.769878233991503
-2.22508237291337 0.343632800740348
-1.22144258400751 0.841736451077947
0.397489074787113 0.331962870783132
-0.80359163338444 0.525421060287995
-1.90374045590053 1.19859835390843
1.5279942263697 -0.389678661314244
0.242400135309205 0.686853656755311
0.314989789372877 0.0951805134390474
-1.8516111844528 0.572599371097216
0.320137841894741 0.164477616262401
2.10505614737475 -0.552134366461824
-1.26569584117035 -0.0347581845819845
0.452803414480453 1.09125547464441
-1.27507477739346 0.754932428324847
-0.205937966086229 1.5369297214604
-1.89235462810247 0.807274790997062
-1.77314444805265 1.05477765381487
-1.25577951892101 0.868487753972025
1.2912686310822 -0.0529267690647007
-1.82263943678621 0.777426727918661
-0.374371996954816 0.364266550447259
-5.0570757279315e-05 1.04946709395663
-0.606613508101346 0.666459346555524
-2.76139663546128 0.823907601162012
-2.31357393603668 1.27377321143621
-0.436432547337977 0.912239656745988
-1.08548795603364 1.6755186232847
0.129644111551678 0.581380762878354
-0.164183543221635 0.667459110125756
-0.804374575797621 0.427593584938128
-0.448641131573992 0.571141496427526
-1.57683203058317 0.711705894003053
0.678022242800502 0.713098288334949
0.143010388321073 0.898039555731458
-1.52657678830692 1.33674684776455
-1.50391540366604 0.235037533277065
-1.54912398239402 0.967053326469542
0.212321752061185 0.694745870270333
-1.99489677864961 0.882667469462276
1.05250425856391 0.452721755579265
-1.27781686055917 1.00977492155741
1.13162311885354 -0.172081993961404
-0.441501792942689 1.0973905147291
1.53897805779998 -0.0555663865315646
-0.577232243422771 0.0694456102067693
0.714429852838829 0.322663052102974
0.79400755156505 0.0253074894570584
-2.78058371398433 1.53599109737818
0.523192574887778 0.349335080418333
-3.60100130126535 0.285884903870945
-0.440050767667321 -0.0258527346816273
-1.72404488484672 -0.0424358094332622
-1.00018561968152 1.25947440756628
-0.395489125447656 1.05733998729766
1.68928314454077 -0.219298702773464
1.7491750421539 -0.372631756451378
-1.6635398958929 0.832613689682424
1.91849362178375 -0.517557522384766
2.18300604393265 -0.384163982524617
0.56805248099788 0.674145955140788
1.94403989672865 -0.461450243603893
-2.15341792832486 0.678727483719191
1.60387960646022 -0.110323627973657
2.38727494723389 -0.587774329486302
-2.736624766802 0.706235669378383
0.160423857201299 0.339534404214617
-1.11185021593713 1.57439010398552
-2.59303108382395 0.293631202540599
-1.45602314757562 1.4284865706271
1.23402761667172 -0.416989327524128
-1.6584369286631 1.94648846947632
0.159641436530733 0.0216574651877262
1.10732876984132 0.0833760250108867
0.468176495643709 0.148198517151438
-0.958671219215463 1.23128316584093
-1.10541817070205 0.48308658879117
0.400346160588316 0.121193220297975
-0.951667831239711 1.39853995590282
0.429793708664488 0.659018714212572
-1.0956452220003 0.934266200517547
0.088311418392747 0.657706548342046
1.021058237488 0.294305049233453
0.84428180322582 0.459937395797078
3.31894163382053 -0.845680792586332
1.96140606289592 -0.657109538621522
-0.641974219409528 0.821407769981001
-1.29208436409452 1.13039865937047
0.0976072006854522 0.911074632453135
-0.101896811164044 0.987586370344828
-1.21566112891488 0.713045639513275
0.339617740140791 -0.449861130134809
1.90639625716154 -0.449688031135703
1.31956506469421 -0.108877549733459
0.195339690518357 1.16713475883302
0.461216102830167 0.588404651475172
-0.422954536140565 1.38774114640605
-1.82973037916872 0.555352231344558
1.25164572105509 0.202368517695975
-0.39900751902955 1.28984661352477
0.962581420357782 0.883894962071576
-1.83847633025972 0.976656298422294
-1.9151841892873 0.290277450918772
1.1869141075406 -0.0878999882384345
1.21359646123643 0.113303921001858
0.354773540320578 0.651476163393203
0.598544377467875 0.706353986069297
-1.11719198985322 0.397021072387547
0.551695477515784 0.494674780174501
-0.155157473899396 0.762561852615062
-2.25815488515031 1.14271515148371
0.977161053255012 0.46190409638619
1.70431832571982 -0.118330025576641
1.02743956264178 0.529555820135552
1.53618656472797 -0.152184167369476
-1.34880630008307 1.72045359854771
0.444648452816792 0.771397143147832
0.704667393381695 0.0799375253312678
0.783738506553476 0.887369546618452
-1.04561920495595 1.10995270819949
-2.40871422224875 0.856754153145526
0.763075426301353 0.27537627665765
0.266190230886885 0.586191007313886
0.493415679608823 1.31086392648599
0.926076691887458 0.256953553092509
-0.597582179921303 -0.0399923977972845
-0.251511056685522 1.25967107456017
0.97729914324943 0.346950167399249
-0.071181941751438 0.415615206161118
-1.22548225487964 0.411938047369191
0.255325840005445 0.631038497785939
-1.06265626825794 1.20019303877675
-1.08907737192045 0.582803176341654
-1.82293600213004 0.865119553330877
-1.49967825943594 0.630005041201042
0.108695040229602 0.857751001480068
0.380384865238097 0.601513260231841
1.245526654192 0.202153944433406
0.714837145722089 0.11086634644471
-0.504991070331402 1.07095486261336
-1.28540463579131 1.07719993697867
-0.326105999342148 0.431714777639446
-0.347477823246523 1.02733322090062
-0.136223821429961 0.743588015401336
0.754462145921653 0.57634112945223
-0.769744781863476 0.904442444987133
1.16706314997231 0.506211780392043
-0.500950779382288 0.993494258933949
1.10723649471159 0.237512151010252
2.10873058710383 -0.576779268918893
0.816750658707146 1.21622276178936
2.69185271311753 -0.724829984095066
0.711051114263565 0.84445023197045
-0.416827234697976 0.897484611271256
0.735347292376827 0.612637000691031
1.25181849903773 0.195646652762928
2.68440784833188 -0.694650183981973
0.283727844110377 1.05913503029957
0.14715714708051 0.758943982429064
-1.73397886692598 1.05593126863983
1.32227084016916 0.242218133864631
0.56831399085423 0.721725947449965
0.496991044943531 0.806382277608571
-1.13382946079986 -0.163879681318673
0.239859154012558 0.506448768516234
-1.15963379463917 0.385921767130311
1.37991414906256 0.000315943977216179
0.0263725473279589 0.906096052885348
0.36362380756829 0.530058684654909
0.885838263466072 1.04537927710971
-3.14100843766205 1.10616924863142
0.676479553041554 0.789711251755231
0.853175048940533 0.460625766613479
0.0346677458331674 0.716487307130291
-2.87908210791211 0.840061328503806
-0.261928692983174 0.728854514823193
0.180611813263315 0.595488897784807
-0.32148227318071 1.05915841628456
1.18313321834974 0.469865814075559
0.119937485340612 1.1775075058572
-0.433548040770656 0.513413445573158
-0.438879993404754 0.426507115883577
-3.59176636439205 1.8614918605505
-1.06401542515168 0.74438776436382
2.17534600117865 -0.518665106199053
0.855438675491945 0.323650843581907
1.1933648369795 0.238764726132902
-0.602185509601787 1.07657814426545
1.46209332683304 -0.00249794278535218
-0.40063060382169 0.91002333426905
0.286386926632423 0.602649412312672
-0.603065275641781 0.9048828659448
0.434224473419753 0.910027237137474
-1.81694412867378 1.32544912643458
2.75573511248008 -0.707089303656492
2.17647511722604 -0.56620541018571
-1.55433068421112 0.899475243281556
-0.249214876583591 0.370027790126313
1.02500798021477 0.147180017261035
1.31900382424414 0.0956291740798306
-1.67168073201889 1.48526540932357
-0.402333907361248 1.46523925236966
-0.483388808004791 1.13378630624098
-2.65570219164709 1.0275568633602
-1.31851924892465 0.865226856612473
-1.80643943627744 1.04845748588545
-2.55414108747163 1.26461609144576
-2.16253965633941 -0.0326833563226424
1.26779401055947 0.232023123485301
-0.345767368069101 0.571523510323504
-0.539064395601816 1.51925903652781
-2.1272520015957 0.844038711045925
0.633681856575191 0.245722724614225
2.11231850686909 -0.478586318290475
1.01434474663077 0.563774780732202
-0.264357364800994 0.918152179230451
-0.710120949122246 0.775683792995868
0.44614661968974 0.545837572060523
-0.525467493009874 0.926627575942004
0.157129856789798 0.241862984203033
0.371370062323708 1.23057721468369
-0.012735928831269 0.400641389539953
-0.899349555351988 1.74926142269301
-0.698002424005782 0.476203136132057
-2.50320205399222 0.370840370705949
2.45048978121036 -0.608363314537992
0.780159257092027 0.22714786010727
-0.697049640779896 0.64248813756573
1.71574763923843 -0.331643276209569
0.211229722286995 0.984075917935602
2.08682471294219 -0.536276208627561
0.672851362957947 0.389997911355202
0.0230968362002588 1.3173967738089
-0.452180510817479 0.841702857959837
-0.499737458913593 0.733500611165111
0.48795832297186 0.909857332152819
-1.34600373284495 0.726728050408123
-1.68148402451695 0.923875349268792
0.0644802913587517 0.730815553897427
-2.76945343538127 0.657115120068289
0.304888707084172 1.16680649541551
0.0365092365166234 1.26566377704856
0.614614363600018 0.810167418845431
-0.514731350850531 0.662548380739721
0.232031750610306 0.740271455075185
-0.209392675242419 0.937278982785945
0.851397171790165 0.273063372172456
0.727855690927714 1.13493672707345
0.278904978571371 0.687438754726958
1.4448660634293 -0.200903236822287
0.959185415735327 0.309674762880372
1.08562721048211 0.238313465979623
-0.418114294599407 0.560772874728607
1.58522441154818 0.255067752287819
0.574190134600034 0.605800677389788
1.17428748871424 0.412460457169604
2.02595535332381 -0.478518827760332
-1.15562861870624 1.32495624306859
1.66662229033589 -0.386380562405869
-0.398933509214872 1.50433995640268
1.52336928263116 0.000424252731849234
0.392673919026477 0.30943654673157
-0.303709032509106 0.341140549242956
0.587802813443161 0.380342824872838
-1.13696533560586 0.322240847705567
-1.71486965809991 1.43238729047147
-0.880170205034798 0.526465513105042
1.74243284061426 0.00732648624209081
2.96189371021223 -0.704296647771376
0.138969465233618 1.05834173740032
0.985692020964608 0.674682208966213
-1.19162212355073 1.34954835118653
-0.157423450639836 0.687172655718164
0.320529377780603 0.627789283777239
-2.33780299073469 1.63881167241073
-0.830632913042831 0.161332555107069
0.826288034700786 0.379088520616764
2.56737525711425 -0.798322636084324
1.80493560794836 -0.312393335512506
-1.63486630699142 1.04648740522333
3.38002026289143 -0.812918976531847
-1.21857021784763 1.20456367734277
-1.03829491071972 0.585867556942729
0.304752428097807 0.803707213490706
-1.01133854005147 0.562393726213601
-1.83323225129598 1.11600152147298
-0.982156744081188 1.47386813682843
-0.507853250639013 1.07332942426287
-0.667929472645707 0.477072892313514
-0.566101948023781 0.520525421735492
1.33100143052828 0.163796287082365
0.447031487586148 0.878661946837306
0.373545770220147 0.54752521600704
-0.0301672400145394 1.18094690984852
-2.35780497309959 1.58163152499693
-1.16701149460173 0.932890098282388
-0.596802707994323 0.49801704088886
-0.888408613831361 0.690469657501019
0.447445781945394 0.587330747841523
2.87394252118148 -0.750516188967577
-0.102138327812414 0.89060804835266
1.54577402530178 -0.482372219735964
0.833838958237034 0.514361846528657
1.56421037878445 -0.0849261439112211
0.299747350235541 0.831036190019927
0.352635911373065 -0.825093830267309
-1.23134231044846 1.94865354462577
-1.06567065175548 0.737471499926719
-2.23189229156896 0.65960266143832
-0.866358023188971 1.04024451617121
-0.388708546894134 1.4096777455603
-0.379778523075602 0.816058261129698
-0.277362960572244 -0.539712844649634
1.28668031455943 0.0972506097301331
0.7310072473685 0.243033570567343
0.0873958022837825 0.281176898525448
-0.815573354092202 0.763837488941941
-0.656916301395592 0.932778208213042
0.718361016190028 0.390360262967669
-0.880129723306065 0.797745654951697
-0.886536397381746 0.908319142242576
-0.041919149995286 0.281886958031711
0.167779155911 0.565643273229947
0.82685139460654 0.150765155107772
-3.27561307617873 0.946973359617569
0.106683101501165 0.607411397941668
1.08124574921769 0.366585946066439
0.580932121209727 0.0481736894761857
-0.988273348764553 1.98749211208956
0.392959044115737 0.63044632329701
-0.653350377754167 1.42513807848961
0.97392172360364 0.422359803244252
1.13499931540786 0.363881757040817
0.200518148475826 0.631005582939566
-0.00558306436405495 1.04153633686588
0.0413661063632936 1.07691342857829
-0.880217519076564 1.78697757194731
-0.491746790021004 0.417356829989501
-0.145142263361006 0.741749686501124
-1.22744402986422 1.30875583940444
-2.58978010477517 1.37710691280456
0.995356600871111 0.263992005978636
1.62164425965625 -0.299826239523399
-0.918589226983198 1.89557664382204
-0.282880373825232 0.298825018499352
3.51154740028838 -0.844628426636113
1.10014272925925 0.130710553905664
0.366502613569229 0.313181938199872
0.107010385813525 0.718603904447108
-1.04735370281637 1.20226932728483
-1.71822694906886 0.839980547465061
-0.768485900383457 0.989312982302349
-1.4693560268331 0.762629667064215
-1.38403958708558 0.806146918411247
-2.75666050750332 1.2670510585633
2.29111960619165 -0.668119135460955
0.937783248430744 0.286735218257153
0.608673360520585 1.00014484599847
1.23642379978165 0.207006163644018
-0.694481890517227 1.34384485454379
-0.375332755479024 0.358324338041331
1.04837906088173 0.905104344701369
1.2265947340668 -0.147748709547555
1.27300459017879 0.0857669413968127
3.35365829029667 -0.842712728867772
-1.16655724125045 1.27209300243346
-0.493724758831522 0.642880185781422
-0.902363797771451 0.981455577399171
1.02310125464958 0.764897174568366
1.40386653642677 -0.345392547285849
1.40155475771717 0.100726815738523
-1.82743348845169 0.0461342680307214
0.587897266656352 0.444923275518262
-1.27591591150905 0.646818258150673
-0.299250206435774 0.843521339659531
0.835455350261399 0.452876127145931
-1.86473779471918 0.817573358183465
1.50618941153845 -0.183761596826844
-0.532415919677182 1.15681168841508
0.645283124843157 0.732098098203868
0.611388809689042 0.735382469942016
-0.606779285412753 0.675339702687528
1.21845672333241 0.544015396393353
-1.9798258703152 1.16228213550491
0.39082754279895 0.944077312999421
-0.823681236121604 1.04546946695802
0.204929545635264 0.596941155197095
0.112801099171645 -0.176564852993197
1.09872676409419 0.457350950199687
-0.719341871148952 1.06768620320494
1.75556409398844 -0.281613709975007
2.77171232881747 -0.701067855140758
1.54994477501871 -0.29572765435653
-0.348954397870711 0.468200149248641
0.88090936769971 0.150389845685226
-0.702006647637867 0.524944743314613
1.11423058112875 0.344523525842586
0.0733382670913586 0.779892166287588
-2.00150181293895 1.11057476569161
0.0329520104596326 0.175278598739388
0.388619065599855 0.786127599754232
-1.91849001935432 0.787946593401774
-0.365246336331361 0.819425803307849
0.391121069341641 0.473302945147275
0.194358098223046 1.25783067376972
1.06510346243743 0.52622779405138
-0.00243727055702302 1.10608527445449
0.423051684170036 0.259016224535087
-2.89054395069908 1.34200413318635
0.318360225169044 -0.269170719822523
0.662292997347449 0.037499851706273
2.96419066867823 -0.782979461482891
-1.99510878023311 0.885432846680678
0.0297648816257868 1.4890639679489
-1.74967259111524 0.786126511080711
1.44631248513355 0.293063173573538
0.436856368484866 0.503832340342581
0.760800418557887 0.980810274970071
0.796575909797623 0.334394878454762
-1.29613452111732 1.29443814166092
1.58180727474561 -0.119924728946388
-0.0910589563780412 0.320244562131631
-2.06832323517848 0.521653487402149
-0.364641685396049 1.20395941688338
-1.72374331926826 0.96862882837489
-0.885331066637382 0.81747556955909
0.786098319939577 0.368631078254414
-0.5011605605848 0.0584985921848705
1.12021047785157 0.285367643066083
-2.43646999203575 0.734917825395186
-1.71961969133171 1.47292725698157
-2.11181355877885 -0.00979142605333982
0.244110042806942 0.949071152648229
-0.204622294924312 0.712074207417975
-1.30762571143806 0.935027794161975
0.722224428720706 0.428776057391004
-0.343416748607996 0.473034229269866
3.01674434243323 -0.770550133734141
-1.86330429200532 1.5220061558068
-2.29835299339636 1.06902196702847
0.340032685039539 0.515655574164942
-0.686843954833804 0.480283453173043
0.343992635065046 0.604760381676212
1.44523351891373 0.124987854918738
-0.129150666475658 0.0721165583247659
-0.707119063669924 0.287733045257544
0.244227497127863 0.862282722461753
-1.28380130164341 1.47676112142611
0.78432141809428 0.586230129961282
1.05585157439402 0.28018226973804
0.0519708962542593 0.766869031268051
-0.379649520366819 0.480297112852705
-1.84845778041106 1.12756435471482
0.768575040132919 0.493163307252067
0.389178505163735 0.0554886595360803
1.49587705191553 0.116220225309353
-0.111851376491845 0.92787223344722
0.01740452838474 0.409627294700724
1.36525368283314 0.132600852680651
0.823121653237318 -0.309885842004355
-1.02332855674052 0.997529334824905
0.46021101459881 0.655363948209451
0.501047186018963 0.918205038678998
1.03469137962211 0.334048014731108
-1.61133553221308 1.04615231389586
0.268454367376909 0.485582068267573
-0.0703813527608712 0.489776119947612
-1.76110646103816 1.48773763556517
-0.126117001154862 0.361553876329624
0.873777737682121 1.10461096835495
1.13698806115625 0.334576326523704
-0.581861809021846 1.08427871332563
2.26815824465769 -0.711092003824173
-0.293301657043593 0.301386992986361
-0.534236907224803 0.863156110123681
-2.37494966747828 1.73305841579904
-0.150431529818267 -0.186596549932789
-0.0350913283785783 0.29266774389722
1.73001137464048 -0.147321682131794
-0.0952097537054999 1.07668289753203
0.764909084290383 0.634752006438161
0.781949491680194 0.487143653805439
0.490102966469108 0.443369171943521
-0.845351385577048 1.01404867065557
-0.723837914559502 0.461954640172633
-0.028790765833022 0.758197211255421
0.599922091660059 0.413474597540914
-1.76019920479895 0.629933232103566
0.661822388501903 0.765726106964641
-1.47031866581243 0.269762349998078
-0.901199883265693 0.74389832098067
-0.599849460279357 0.869277931586951
-0.114439217596024 0.581727123855095
-0.855687791819215 0.746375830840912
2.19452314759478 -0.722309062821592
1.6366907052843 -0.179092914077462
-0.678741147126258 1.6233606573589
-3.17836272252511 0.602588746938099
-1.54603781241443 1.42000472102874
-0.144428685506779 0.00874684994322461
0.0686800293266313 0.582251120898464
0.125718045951339 0.599326856588103
0.292063550311179 0.0751798329424258
-0.245271477258259 0.980068151660845
-0.480225804977372 0.489977615438568
0.0846041841335592 0.233695842430217
-0.0557082040718146 0.53214408203349
-1.20267344907628 0.632453540275705
1.48827754917 -0.0576687668269638
-1.5070690703788 1.265987111648
-0.107538265813618 0.470834969684467
1.34927730921652 0.388696829595075
-1.93701641398199 0.677756625566696
2.2481889065015 -0.541315365561334
0.488995521697176 0.716845252661142
-0.766285876901676 0.684542149047945
0.0891507853576894 0.973564673705013
0.149336311135463 0.943829563079347
-0.504815315212408 0.149342379566285
-2.03882271301906 0.674857553609278
0.250159187780058 0.482768362918107
-0.08130610173591 0.289347852404733
0.89715618339302 0.205644815791198
0.878671651620413 0.276268820069143
-0.535789583414097 1.08841888897844
-1.2973248234428 0.455735661048525
-0.73263959372215 1.38980533215732
0.642161777664571 1.11744092546984
-0.545319704783942 1.50580482897509
-0.231557129101707 0.0329005287632371
-1.34103072257013 1.17534308458311
-1.18247662332057 0.970956838392332
-0.00582700123424766 1.71527251833652
-1.87666073736533 1.60560405453918
-1.18871949356537 1.29484350875171
-0.534356517112197 0.70654701907576
0.722986352443857 0.558725227452006
0.311257447565464 0.775726232979127
-0.6756020414143 0.970434271828723
-1.56716664679116 0.901003454276522
2.81209435111258 -0.742379009143394
-0.221382411313998 1.21879603570309
-0.841206774146341 1.30724175565206
-1.42986860375442 1.34053806515985
-0.250724438414006 1.15334468494769
0.857976237845521 0.137374213659708
-1.31996701740312 1.65936024568719
-1.13660449241729 0.364311830098596
-1.00839754814593 1.04327818552076
0.421783081140011 0.563081505506688
-0.400988193569489 0.888284317096577
-1.2798861956997 0.97973379934923
-1.11861367170162 0.456518146033983
-0.721079287218285 1.26048027747967
-1.84907526107014 1.18406682996935
-1.04208818513279 0.71724496618891
0.926182757935054 0.813752751553946
-1.78461905731198 1.49343167048045
-0.0682106685169069 0.308364146033027
0.83158058844484 0.210772601792582
0.627294217542388 0.896981947705251
-0.596686968247585 0.879660088137529
-0.309383897558814 0.608906907377479
0.915747285106502 0.293860366203262
-1.52338642629306 0.719206900966233
-0.784057592950837 1.96903457784687
0.407418282180794 -0.0060293075720208
1.12170911895495 0.594530683251978
1.30607317401626 -0.355105654765498
-0.677169002803455 1.07121883323107
-1.24875808459033 0.527973273081414
0.546311577821725 0.239466941927413
-1.38537028497147 1.10405524751475
1.29757094008125 0.11741703337237
1.11584391162986 0.152558803854378
-0.471802747378371 0.927354572374202
-1.39912723769167 1.17797482300026
-1.89760031491993 1.29273991712746
-0.422601094884724 1.22383292798574
-2.95250842256014 0.290606084732912
0.0724977337923067 1.20303438599346
-1.07268495184869 0.872509320322262
-1.60851222713684 0.895382340583603
-2.55148082650839 0.529212109373745
0.200178018824983 0.799611220800871
0.162008699955162 0.761782219589176
-0.205908156125073 0.634167951976577
0.944743105732682 0.31476135911613
-2.66643970963541 1.35591545148387
1.30523755448577 0.251017958656921
-1.23930305600098 0.408907490607335
1.73904392634885 -0.614503952482297
2.52391686307842 -0.662357152897533
0.0699105771909114 -0.0765968330053614
1.11335505998704 0.115507916315917
0.461146997289556 -0.269505243449682
1.46152650775084 0.180384872385641
-0.910994615197328 0.467806347982155
0.277179479173277 -0.0699618744015982
0.360718488052565 0.767703035565298
-0.415077742485408 -0.0370967571192875
-0.378894446254626 0.710577499923814
-0.159730574156033 1.01309517561337
3.2006126490936 -0.805953097376812
-2.34750027127695 0.862087478785983
0.707394898168848 0.673776738510226
-4.31555176598643 0.570312130375164
0.511415588994861 0.889546335609327
0.380701378647574 1.06944593948857
1.02046719284246 -0.265416477457454
-1.10850156033374 1.03102682986408
-0.00814859017483416 0.155496959020648
1.1485837676272 0.321983741585702
-1.76803337780552 1.35423021991526
-0.554793553099836 0.751324012612005
-0.975133275502629 0.746740422641667
-0.674487917715365 0.700030988645482
0.604488242648738 1.21223682336597
0.846479533340225 0.614218435993459
-0.391441313841655 0.362065507471661
-1.26682605075721 1.48580554329625
-0.357807656607932 0.351489931950305
0.00454457932037138 0.74844173663752
-0.100952074068287 0.777018866766704
0.45266887513459 0.324282002377049
0.768163676528707 0.484642985250012
-0.978145679574115 0.303294809993072
-0.187258139489264 1.30958039834072
0.501012895240163 1.40509628243504
-0.63363434305048 0.380962041846302
-0.486961903399283 0.979135061373148
-2.93863383561695 1.01396783165472
-0.537304429534783 0.874758456790576
-4.77605077837636 0.90376234484478
1.19128584684998 0.0205678740192194
-1.49251983166762 0.494754956014373
1.26288364130938 0.698396656343372
0.532544010408481 0.730773389843949
-0.572469068781599 0.0270818056574517
0.957528969186681 0.225383990970978
-0.147975462226051 0.474224929555236
0.0723910873233405 0.813457729196027
1.0439764261149 -0.246981606445843
-0.692578303899544 1.5404184471481
-0.378411027973701 0.998629229039916
1.16224885031672 0.0799625132524013
-0.000140333275363394 0.801584297732288
0.0479286975422145 0.252921115156407
0.512705279385036 -0.12959422772797
0.978585672965827 -0.0253569155626963
0.8755430997451 0.21328959377288
3.20479545768571 -0.785590861764023
1.24467723469301 -0.0391337642321557
0.408572737752181 0.170634384811041
-1.14695878428729 0.875330061371931
2.56877568899243 -0.692969934741722
0.464737794387611 0.480385767512519
-0.517576584516128 0.49177647880604
0.629500553896978 0.545855692867679
-1.80289569030048 0.830605194598224
0.286775284254764 0.919127083450979
-1.15878578549306 1.66787237052748
-1.20886810541527 1.17232211955278
-0.115251173409327 0.447525501818405
-0.963158311822095 1.31185476062775
1.08370183733561 0.0915857929108957
-0.257530987079917 1.08962650502738
0.568149234306879 0.608037877424747
-2.08142271370558 1.42120593726135
1.77673465644522 -0.437234336676668
-0.52893089954991 1.3818147836039
-1.11667683505034 0.442343091952775
0.375058112968976 0.902838268579159
0.461579675201177 0.773523206659358
0.579672562903423 1.06163835079542
1.74645701895619 -0.285323119542577
2.91672424928613 -0.793766550549555
-0.374815091712094 0.744424231404471
0.911967899481918 1.12599479083064
0.903268118682908 0.444063788258062
-1.45855244769935 0.815927222491244
0.374290671207088 0.173273001483038
0.0651272155970805 0.496684154905692
-0.281946338863458 1.52859014536056
-0.504252799738671 1.04243108097372
-0.863068414567598 0.267657457727797
0.487682062917507 0.353221795073303
-1.33245643518592 0.474650437137905
-0.0740459961229523 0.492454602661668
1.37241949829327 -0.415368893425171
0.174083911076858 0.664801703843879
-2.23642923113765 0.0180696314867669
-0.369022155237429 1.29868273389574
-1.14251404012186 1.4318063901395
0.574019867943488 0.72376055718055
-0.871268094613485 1.29193828692485
-0.825422709463752 0.596924402578968
0.147156396281561 0.876915322995818
-2.18156490284912 1.04433607405258
0.560269238578202 -0.0419041901160032
0.602955129835971 0.585926759346096
-0.605295858295249 1.12597177904988
1.21248174899582 0.351486281608728
-0.525656562151761 0.560038801311197
-0.833874758839961 1.02590851881975
0.106865256503892 1.08924979468517
-1.48425546308995 1.29080890121318
-0.368390223818947 0.964645885287972
-0.200508204489638 0.670183465167432
-0.378269633257609 0.41146255993894
-0.122868171029371 0.494879579023493
0.467006274717396 0.774805894404404
-0.660828697260106 0.438430131360191
2.21010904634283 -0.574555746753321
1.89587768561977 -0.477839897802906
0.95091412216225 0.423320303142026
-0.547292388074421 1.08621408640433
0.737946863436571 0.534540803296431
-1.743597271386 1.16268368238344
0.4261231742083 0.936069356103039
0.452928545998377 1.21259745246169
1.14722438474496 0.123188123338222
2.16924189226276 -0.586664205109779
0.524742320948292 0.513003309323764
1.80278618606992 -0.371690252365451
-1.66604062005758 0.928617725248129
-0.483909831711144 0.877907498085764
1.99717297038235 -0.496793185619418
-1.30066757671433 0.975668785844844
-0.405462180397492 1.04933984343892
1.32199170583516 -0.300223708562934
2.75501027281214 -0.715500858339843
0.785531485266488 0.402675829891268
2.62690322732348 -0.721667779586606
-1.58300433735845 0.644519715570593
-0.614751885218179 2.017987788641
-2.14418459394261 0.871855108171523
0.222772579942156 0.996693407539007
0.947787582935543 -0.117805824994715
0.686363228544721 0.706625943944936
1.82910630092426 -0.398849673317941
0.77974853631645 0.597155238058744
1.38722703984322 0.20839020348388
-1.68031620616233 0.621792926320984
0.559207599902571 0.877884914848098
-0.185304100598765 1.81896143396939
-0.811735156458686 0.560420557984111
0.0723127304566228 1.05608135309403
1.35201241207385 0.335126845095019
-0.108321073782505 0.368682305492299
-1.78390486020633 1.10632752891225
-0.465057419810811 0.807593608404528
-1.6274930025012 0.937212942851637
-0.0483823306979762 1.30855756794017
-2.78785501654329 1.04414554330021
1.46490765914218 -0.0162987185802706
-0.55759102082384 0.533958160583389
-2.25531660547807 0.934344260259079
-3.11106809917077 0.979952790107081
-1.14525322204528 0.801003200494669
-0.132845790789685 -0.171271484238062
-0.950964898159655 0.748687764741544
-2.34545516471608 0.496072875959771
-0.679088903891075 1.3338448926717
-1.28648489135231 0.804139023801165
-0.236586938239678 0.204878238240178
-0.415425386944723 1.00427648821577
-2.30178451433151 1.13264181399582
1.00914562394919 0.498249787798176
-0.166679885901932 1.13928413194017
0.589858240058808 0.463957956724644
-0.202462230347267 0.688305923658644
-0.247376702939154 0.122343422825264
-0.494569166148025 0.451582238137526
0.211371484153121 0.603747597339229
0.228656743062075 0.78867194261978
-1.87203235395547 1.32162430532185
0.408338252178 0.758914726672666
0.587085906602876 0.384028909350454
1.52525010924323 -0.367773081370278
-0.851986145139544 0.773188167000531
-0.916501975898942 0.638759999332987
0.401594469060169 0.630422314106201
-0.889793393458435 0.272687014250048
1.06503916537233 0.736080986404941
-1.23498226517841 0.716787472811356
-0.0783660089262823 0.459725386189359
-0.346600322705566 0.50472683857989
-0.788188684423946 0.395284728717717
-2.05959277577607 2.22037294924982
-0.353897430100478 0.67161094415815
-0.0548607786554668 0.92432170330469
0.133986118422286 0.756145483222639
-0.809091534671927 1.170470036765
0.450259641778965 0.126894989461732
1.41736948957549 -0.279861183510831
1.20352480327611 0.221239976768979
-0.58162875487631 0.979440327220988
1.16669485723143 0.263458553310407
-1.04568483697162 0.807231619753466
0.206912833171214 0.45614357864716
3.41862373820421 -0.835743639796969
1.2889689765403 0.0639669025164211
0.721306294374632 0.468483431383768
-2.85352957173945 0.961351401074911
-0.466803574956866 0.575649417588581
2.05855338147368 -0.473114877910768
1.20609355648366 -0.138126250428305
-0.575669002669256 0.595993711021172
-0.197736483859891 0.579416075283835
1.85971668061123 -0.349815684597462
-0.363978722111356 0.515458178142452
-0.620668270613054 1.12162225252071
-0.121990519381143 0.497685317687317
0.632887785265779 -0.483737916296273
-0.492036640059964 1.50086894737925
-0.234979689607294 0.98203082439724
-0.871780085448859 0.700198201038464
-0.444304903529684 0.504662906363499
-0.975614817866697 0.241527681055144
1.67031081758041 -0.457525062392454
-0.84744015582453 0.447876632023891
0.868981171215745 0.526690605429065
-1.18582777939618 0.930205782431093
0.014435350745799 0.333298041432116
-0.632132063381567 0.517418397775259
-1.17144049224059 0.55791043104923
0.454660968999939 0.729519081692358
0.542915803750799 0.390068193593431
-0.738570400285453 1.37694319884141
-0.310715974609798 0.863710095944879
0.24160398947164 0.827135864658515
0.577046009023916 0.955981838303865
1.24500469205588 0.17906557527167
1.85099357974314 -0.428412313226733
-0.797372416366308 1.41458363210086
-2.28145924156112 1.14704572969078
0.0250599682536576 0.996509926982654
-2.48233851686189 1.110372841331
0.423746911303227 0.792654287589404
1.09816347562893 0.227723301537343
0.332996059937902 0.796164292431758
1.8652939555053 -0.432339547087215
-0.882874645154943 1.68943575880123
-1.35550185701016 1.44278886049858
-0.275443898387131 0.682951253928674
0.735745794642636 0.589920471015363
0.28309838518444 0.707705598781503
-4.31941549787928 0.0543481951447944
-0.804958768172352 0.836455627841858
-1.16194370615923 0.0679298389994364
-0.14247972674384 -0.258978192549204
0.296193429186322 0.358164896776074
-1.52797420985453 0.943022410883979
1.68787512528993 -0.375027646630602
0.0629707251260903 1.01027026152661
-1.1313895294975 0.725078554567621
-4.16241312174463 0.888457797709509
0.391886993526529 0.2246833960907
2.08786387775359 -0.321880613314953
0.806685992754711 0.245220642175808
-0.00933322023923012 0.220371531620901
-0.343839747896658 0.299953882035414
1.15179523763014 0.417969558785605
-2.14401250054144 0.392140187378799
0.869771767089701 0.675737247662143
-0.365698512508897 0.580435970104727
-1.2855353206455 0.60439916750326
0.127225388039964 0.577079806521547
-1.88692031697921 1.22385015141513
0.963600368351589 0.292175523018943
0.626049145248352 0.232399817622657
-0.122113786260167 0.832925656843316
-0.270538937421034 0.19441138207695
1.13480233631649 0.254293096314363
-2.33668266465377 1.01592426193704
