-1.66280214698644 -0.891714536034737
-0.52660967054626 -0.86879851238961
-0.0366569241861546 -0.750816025467374
-1.1687582361247 -0.823043554880164
-0.273104894637376 -0.784132844194427
0.58492239198373 -0.61338756238042
-0.418166680303139 -0.788869596185092
0.629001997422612 -0.684638064291842
2.18865404004471 0.669937031899552
1.89166474191064 0.0897076382171326
-0.546526816659595 -0.832771927705386
-0.412998017519715 -0.796541313851719
-0.199758475825949 -0.748131209077438
1.54318569313889 -0.515971457949537
-1.74325552143026 -0.905366789743858
-2.15131319811961 -0.896118569036918
1.3810023527293 -0.748440733095162
-0.649125609999918 -0.783170744566475
-0.218722707562861 -0.75005613676702
2.19165255803288 0.235571694306656
1.32527552376341 -0.513208705937557
1.1405580158017 -0.615912000649165
-1.54628392389821 -0.865038817825838
0.0613182886189912 -0.701849771842793
-0.597586590951416 -0.806349869189351
1.25153765793213 -0.347364041184395
1.32715101454217 -0.323626775900718
1.43087022751395 -0.413960330379389
-0.607802544565528 -0.837867755313166
-0.444910436938497 -0.853479931939706
-1.32453914015254 -0.866558031475399
-0.323193841790416 -0.841008080758163
1.28820580245455 -0.450382354035648
-0.843374450793416 -0.825383598855546
2.96230788239379 0.7542934323566
-0.121619483370467 -0.83524991703277
-1.13527472373924 -0.838455736002136
0.843698716869182 -0.602915525812992
-1.44075043818629 -0.898868827839218
-1.67677032850314 -0.889123789394075
1.95365803139299 0.274121219645918
-0.116201740458391 -0.818595900220298
0.370948148821966 -0.650355308254713
-0.514661311325803 -0.78935171189377
-1.87286537172401 -0.886206334931481
1.74932008624426 -0.473783892441242
0.404382659802746 -0.634052317895248
1.14951550893096 -0.528138240990137
0.677148684263528 -0.773667386718969
-1.15455982948795 -0.865461663269181
0.959411477657608 -0.471091930567381
0.483767328440368 -0.762842599341323
0.740623881221892 -0.616734903360998
0.501892045293898 -0.684661276435294
-0.86803530976361 -0.850255249270711
1.24459072644277 -0.611580755465722
-0.525953833602848 -0.798653768916358
-1.47302901029213 -0.928981713722183
0.466714512809193 -0.696212080318491
2.57337260377413 0.68545323954679
0.435049772306382 -0.707374408924853
1.09122274959915 -0.490140819264442
-1.37582714906813 -0.842380505688852
-0.881648690578296 -0.785059615759103
-1.17984521275754 -0.814086849906579
0.443205724982597 -0.838732381392316
-0.696710786643519 -0.814791159068243
-0.237026440813878 -0.856494981396871
-2.93487644910915 -0.928644751412549
-0.278164734068382 -0.84074925378545
0.0483680013935482 -0.764822974585342
-1.30668760961615 -0.842847074024877
-1.38414790017202 -0.84681103269231
-2.55240605359798 -0.912363626355907
-0.000928898906590242 -0.751879095907893
0.015894670511875 -0.70030427766094
1.73926828253782 -0.17234795610785
-2.69905849437863 -0.913904749923344
0.706022458546411 -0.757441906275451
-1.26381598329903 -0.889821041321853
0.745426465396597 -0.590724803560555
0.484726536459557 -0.707807336236598
0.687543751861968 -0.735511717514563
-0.300767476663118 -0.799888951021444
-0.862854273734368 -0.833622512977036
-0.395462670094634 -0.781204782534258
-0.357714877588821 -0.866195499738094
1.56342529008743 -0.264806077259947
0.911983439955927 -0.508166477814706
-0.266229431476172 -0.805358811484158
2.05989992015209 0.345602748181575
2.94650651234328 0.833332843289163
-1.45400623132459 -0.84663600749573
-0.172059740063009 -0.79919806324901
1.72386926763854 -0.197247729445133
-1.48929257239808 -0.8655352716051
1.41952689640638 -0.54411293190716
0.842890564735447 -0.541349040369976
1.16538304578153 -0.672516224056381
0.533213878292627 -0.656501448527898
-0.662514761130988 -0.857792548275788
1.15734002404677 -0.568074210986016
-0.183122148583817 -0.661333001546715
0.785394645325407 -0.583906195022499
-1.3792724441322 -0.868120608773535
1.94883226105371 -0.215597233569296
-0.370741315050416 -0.777832351522973
-0.879531405461776 -0.862362948581996
-0.151791532870288 -0.820343047080014
0.619674555965146 -0.714263803571019
-1.70391431064257 -0.881693230685496
-0.92984805293958 -0.857625063275694
-0.207792704217876 -0.796829804636049
-0.917050542997124 -0.800364336015992
-0.561415053734813 -0.853625687082949
-1.18548568759177 -0.888374922387054
-0.0324738119160839 -0.720875392337027
0.171682348849102 -0.75670157840191
1.43953841990744 -0.396658309892923
-3.6637454192457 -0.933768378051166
-0.568475668295843 -0.858079525934265
2.34934036687985 0.272590640933579
0.895166725841238 -0.542570899458603
1.32928733677583 -0.221836096096957
1.17045606443257 -0.243140441338498
1.60463645853327 -0.459240462241943
0.588342422310997 -0.577999194325454
1.57653732601344 -0.403385478585283
-0.580978258218317 -0.800351579383817
0.363118156232825 -0.68124416838121
-1.52772844647576 -0.844602969059942
0.819157447125839 -0.781214035301201
1.36043309501998 -0.199598524462999
0.968985467393116 -0.662724899165873
1.31836439974642 -0.430330924551643
0.334942962191928 -0.749519662128564
-0.115602023098194 -0.844744797847267
-2.03065137951656 -0.866468791446549
-0.0356955572290095 -0.737823798432087
-0.308401513536803 -0.833247281380948
1.35049660711605 -0.50337742202991
1.72730950142436 0.0540829164034369
1.56232717690282 -0.264632969472834
0.124690173829366 -0.800916865362657
-0.767420724999698 -0.790345886149407
-0.389352992801866 -0.803602955010269
-1.73491224594409 -0.865033161201732
0.586713121095325 -0.634532587921042
0.0242409259005101 -0.730690079394601
-1.2189976268526 -0.881523654992784
0.822902216141482 -0.72052318707299
0.0199096371861484 -0.761183727740723
1.09698403810918 -0.443333941517992
-0.427246567229775 -0.750525549058834
0.696083652871009 -0.545716344805892
0.486852921266997 -0.707828658507747
0.971559206017722 -0.574531610973058
3.02635191448295 0.279529381750862
0.615683714092755 -0.580998245500721
0.216864911774885 -0.71505248790494
0.804511912777301 -0.680949028140295
0.206335268453246 -0.756122234335848
0.746522471824775 -0.492802135075139
0.565382128305269 -0.664254071006751
0.663115732111909 -0.61814411841799
-2.00766509423033 -0.902856954260654
-2.77793737940595 -0.910078063851025
1.59321928519967 -0.36306630558448
-0.633864038380311 -0.822950500022257
0.583276315405454 -0.702119140254211
-0.458022345836381 -0.80873860959934
0.176112773566372 -0.659673771527165
-0.762747252455438 -0.871064186098221
0.619528111072999 -0.696512683579274
-0.308284223295887 -0.81086402926611
0.783941756291519 -0.548731435331038
-1.58960458150024 -0.878837055822538
-0.0242717188160669 -0.676634899741787
0.48501415055076 -0.766532336138178
0.669638255122363 -0.583368381964197
-1.3164478666181 -0.836313609108851
1.77086381751934 0.142847905001648
1.37356818859258 -0.539823222035652
0.189630937369961 -0.733194659356103
0.618158245472276 -0.656072185163369
0.0849652234370115 -0.716766516114475
-2.28676476436939 -0.898613183532677
0.889910617400982 -0.684165623957423
1.72565237114141 -0.3739058080709
1.25365747140413 -0.682666602943256
0.742122635636726 -0.677725360405536
-0.059327604385561 -0.750845561685213
-0.00681978729185653 -0.688973783515644
-0.110278930552581 -0.728998846746559
-0.130652206297266 -0.757206996968474
-1.03156779998579 -0.850235648841218
-0.35006255797822 -0.842595642292904
-0.71358068196526 -0.858144851255806
0.619398538188673 -0.594682065837442
-1.83212128575672 -0.892134195236781
0.337092987430073 -0.722606471738974
1.14635822296175 -0.409003890708168
0.462485476512781 -0.574120623329599
0.924732719052612 -0.701440144169155
0.582435971275648 -0.660155861562599
-1.06430543773095 -0.851140415016095
0.836253729046523 -0.623809589631529
-0.897952425759546 -0.790548169573947
-1.65420121771003 -0.916709578114935
-0.497245291201416 -0.772181308609646
3.03350031739398 0.816112051823536
-0.50972632204408 -0.8521178146411
2.43859519758956 0.438325513171578
-0.432234336152503 -0.782323329901721
-1.41814847580301 -0.917975055444357
0.453821938988193 -0.787589861814444
-0.84397682545298 -0.839297703032744
-0.114546066913505 -0.761601240462102
-0.0570532688993513 -0.762936881977138
1.38610267890746 -0.313846794143771
-0.76613907739597 -0.938364614919733
-0.237025578736331 -0.760958122275051
-1.96068259751944 -0.878449721151221
-2.25512891072904 -0.894999281719912
3.58361410880022 0.956370745384958
0.407750103110167 -0.63883864505948
1.98833530890788 0.108974525793834
0.203821135073564 -0.779897013185828
-1.19858912028436 -0.849446276061024
0.926642331019892 -0.67670225963114
1.26533059849267 -0.539541390668452
-1.37573392281209 -0.877520245209845
0.720079129738078 -0.677445773425058
0.0357334331416266 -0.822517629979186
3.18824033283418 0.376377130037503
2.2848244498232 0.266923604797581
-0.569707236238344 -0.848868410705145
1.31908123005693 -0.539449345790933
-0.476214242790992 -0.811830712411657
1.33516055312021 -0.518203558809842
-0.471359584097924 -0.836032117336239
0.81814129547425 -0.488170174229111
2.02944227361761 0.235435188077494
-1.09882715308263 -0.910734758142141
0.342527996963882 -0.736755581179568
-0.767420274996024 -0.876198595289007
1.10978559542578 -0.728603922452245
-0.75906966049219 -0.85114519437268
0.155521863370642 -0.792207699897775
0.00132459381070329 -0.747518955296524
0.390829696802291 -0.646542898644889
0.0602656083530947 -0.631576273190557
-3.64858395885771 -0.938211216644536
-0.975593308820256 -0.880196937140551
-0.745678114402493 -0.840605562965947
-2.60940161916459 -0.943424659331265
1.25712498835437 -0.272483695803281
0.535712737438098 -0.769957024217448
1.95033113606586 -0.0744108059784261
-0.386919699904577 -0.853074747088322
0.373534769825813 -0.791614222147618
-0.671477277005322 -0.806911921623891
-1.80276182884165 -0.87541618456719
-1.10701965556135 -0.879065351109175
0.0847735739520167 -0.766620322255671
-2.3442881357652 -0.896490869561644
-0.537146391287356 -0.818507741052092
-0.435172296258993 -0.819162645963799
-0.729832852527547 -0.853154005893047
-0.660212190243304 -0.845773369087416
-0.513402061616296 -0.770699559446707
-0.221053219228173 -0.799225630624317
0.0962500768228086 -0.751059703507439
-1.14018506356748 -0.857956809084599
1.22895220034439 -0.397118250155586
-1.45760553425703 -0.860662778133076
-1.32896997820796 -0.865375491699494
-1.38563311125381 -0.855532762389085
-2.6169453151826 -0.904618316745583
-0.480427457140568 -0.828957372648786
-1.58624609432079 -0.86877236658806
2.17750127675493 0.674137617250943
-1.42661644219386 -0.848452837377821
1.56671683417062 -0.553847490471288
0.819001436548667 -0.55857925710546
2.07756652081281 0.159621914471795
0.946165464954635 -0.60810176893367
-0.170127509090029 -0.77624609528562
-0.131590269901107 -0.716126984805861
-0.812680306152658 -0.798605853501769
-2.08147536296232 -0.929748006707211
1.05641342415033 -0.414289484250601
-3.19470503038991 -0.925822018134692
0.578104460848111 -0.727246599179328
1.37898263462026 -0.54597407192938
-0.624367617188515 -0.811535187485103
-0.417455354681475 -0.794563438662987
-1.43257622749542 -0.823316477359507
-0.0938540483912197 -0.835227004316129
0.768449470991516 -0.658685833279891
0.919681582639227 -0.598664076121964
0.098128486197887 -0.740218652572983
0.0146590145653669 -0.752643652168618
0.685110352868853 -0.75935070431932
0.727940454793257 -0.574162732677487
-0.475552162603861 -0.760136641123009
0.618187245273265 -0.800743090372551
1.44905008173801 -0.405980434255097
-0.728233249610092 -0.820527960877554
0.572476075063589 -0.672859549925057
0.770639193929689 -0.694486784455852
0.65788653416739 -0.543695767786645
-2.62591401128807 -0.933128047356096
-0.568069978199456 -0.858474915533538
-2.4946785359653 -0.900615449545478
0.578874862856227 -0.646945149812161
2.54154644246371 0.191919099833191
0.55134022416097 -0.785565760531106
4.5725927477945 0.946559060101664
-0.241060409095385 -0.79600740302968
-1.72252674127105 -0.901024894503017
1.26167055719209 -0.469118075973541
-0.633125747442977 -0.861174425537099
0.542528392652302 -0.63355744006531
0.413707595506732 -0.793989250567119
-1.62592830578894 -0.894779059176468
0.940253656965619 -0.643931651581993
1.36882951995386 -0.342026416617403
-0.257726470377764 -0.866337542470636
0.948324454963081 -0.812847754406608
-1.00530211111968 -0.87347944521485
-0.0314850590889683 -0.776119928466789
-0.881424141043142 -0.878159936651132
-0.15186721582783 -0.753483152488496
0.198436042442982 -0.850985344402696
-3.57743034720411 -0.9320793766461
-1.95259504716213 -0.885343245863716
0.916105587166298 -0.727453499793145
1.21711197929337 -0.348109740623159
0.667235524923407 -0.780009035042124
0.0885501074822028 -0.739209081277746
0.626040154142805 -0.623138032033032
1.5455746120396 -0.271439029967741
0.279983506839745 -0.783263664745109
-1.08342495010284 -0.83144838337724
-0.711474284914262 -0.824859939302634
-0.322787963724644 -0.79601823405213
-1.12354418733223 -0.834189875894087
0.312195808039797 -0.814783778958619
-1.60761904451792 -0.898731743302467
-0.629211430919621 -0.755703192720671
0.529219408651272 -0.689881975027694
-1.94498395705644 -0.858819334358409
0.928035079496713 -0.550204842070798
-2.22448945519487 -0.92913455529169
0.0548728301400812 -0.718648013502713
2.29746329598602 0.343239859352996
0.0647601035756139 -0.779575972184735
-0.00211562910096907 -0.691583773491881
3.13501010416683 0.145960688812601
1.4535196305752 -0.214864782018469
-1.31256467030416 -0.86887513202054
-0.00263081335665871 -0.735736711533467
-0.727374788984634 -0.861583012397966
0.854360516475278 -0.6036388413662
0.320571931053534 -0.722765320043126
-1.26736499830845 -0.86609812771332
2.12174730718345 -0.165722041294561
-0.38747171633894 -0.827956602958773
0.994452087746945 -0.660485984577968
0.435564397141232 -0.638691335019044
1.0603504000089 -0.350728684344061
0.18370910538583 -0.655217628340393
-0.955849833047999 -0.775827963621656
-0.227342352198914 -0.766723143851949
1.73776623985436 -0.0646586118964801
0.26744735002617 -0.758400704857927
-1.91377456719454 -0.881767804466523
-1.03621159755039 -0.861702226028285
-1.77057771262473 -0.879051741766829
-2.27951866958295 -0.877516271527797
1.05012448405917 -0.674235857927171
0.468418994614062 -0.726076479656122
2.65332201078521 -0.249331763102462
-1.2477334463199 -0.872599108402338
0.982148891516898 -0.514364841338723
0.61886628951351 -0.703298251237177
-0.057824443405716 -0.746585364906065
1.01071387087759 -0.748846453357978
0.0338882425671969 -0.776351181881638
1.63964404871715 -0.0973396010910658
-1.97963415277388 -0.869023850181106
-1.46731348965609 -0.888974933315367
0.462341272936879 -0.785349813000313
-0.293581341793005 -0.744961646052382
-0.921693361865435 -0.8644148283169
-0.100482008548362 -0.729994141715704
1.00569474412571 -0.573984052566512
-0.354009951601686 -0.738291634955924
-1.39767764310076 -0.9018638964127
-1.06126897436736 -0.854771453456719
-0.941648339110316 -0.829489362654869
1.1889313235989 -0.10805878271988
-0.0696708952550892 -0.765856054275982
0.137117991358612 -0.758656022107178
-0.69143124240015 -0.825442134443289
0.103674585729969 -0.796210702771123
-0.418614007015321 -0.816858557877543
-1.27293685305615 -0.863673816917644
1.0423073346989 -0.559627256760563
-0.509576745388982 -0.813813346097156
-1.76690406710072 -0.895275315567204
0.87644785375254 -0.620560369016031
0.876868535677163 -0.598248557575917
-0.400359795478973 -0.830371187926152
0.202334380205282 -0.759093238573229
0.733564583435939 -0.555325882520217
0.757448396751793 -0.649149282788746
-2.33195925613962 -0.899755709641092
0.518153047197264 -0.607135323420978
1.80014853494234 -0.0885022859998897
-1.21084589840616 -0.853596545009003
-0.249002424238167 -0.772277452667688
-2.17162536425354 -0.903479261994658
1.84522125783988 -0.118561959421357
0.989635382781994 -0.457034835286515
-1.10069447660099 -0.874027893913996
-1.94536523649604 -0.898560150925323
-0.613322852189357 -0.788047508109899
0.170193854407108 -0.771601125913343
-0.225384587686487 -0.721753195196232
1.18112178583213 -0.512911485638005
0.132630984813681 -0.745543995102285
-0.63888268836022 -0.825065162160683
-0.422703619689837 -0.788387945863392
0.801820326925116 -0.560890293054963
-0.148894888737934 -0.785317261588566
0.623207310291168 -0.704651309067683
-0.999094449630347 -0.906883867525029
-0.3654909703116 -0.747303872685341
1.37705095987653 -0.729794002291948
1.89485832870027 0.507940089641329
-1.31475965992813 -0.871783049225584
1.06809981953191 -0.411886001832528
0.487168524734263 -0.571253958958608
2.15566790791272 -0.0573624661534508
-0.637705423104255 -0.824980510097592
0.354653094557474 -0.627085854245555
-1.87143390026384 -0.921283250124069
-1.3167021872048 -0.859141818488556
1.3803669331931 -0.459517997618614
0.000426697960666875 -0.751534673847188
1.83952218650796 -0.108363211159147
1.13805269604597 -0.525419317052958
-2.06543183235382 -0.849876734237463
-1.02039672897177 -0.794050327996418
-2.1251617234169 -0.900812311000205
0.612903791676922 -0.641609635677036
-1.10890074299254 -0.894969730907538
1.46263199627075 -0.30267849681364
0.183159830504929 -0.681569891472379
-0.972564175581869 -0.835217056751771
0.712671740634923 -0.628453061719615
1.86152701437648 0.0260195167150415
2.19209025485703 0.433696038203068
-0.884912985767516 -0.789745705831261
1.52242013002146 -0.420602292499664
-2.26198539336466 -0.896141641255879
0.913515381405069 -0.602654313206778
1.47942487608406 -0.585824341037698
0.964263745394787 -0.704929016753062
-2.25341824764953 -0.900430001636394
-0.956943885893926 -0.820264524701691
-1.65037567437173 -0.851795688243711
1.17422019633625 -0.566641301987304
0.100926405458528 -0.786900418036959
-2.12428334032837 -0.894266492549487
-2.03082053498426 -0.892082304879609
-0.0423604649108365 -0.879737566998521
0.420752797671233 -0.753386936779255
2.23922752586156 0.185960477121317
-0.778049982102104 -0.831151146657521
-0.367818848367297 -0.790801853502462
0.766221396553138 -0.519806013035581
-0.108410770426098 -0.809570247624676
1.08869387351251 -0.731856319721831
-0.967670120476614 -0.841226077807696
-1.23117192202204 -0.834804342286202
0.744990889668301 -0.685119410907008
0.517281013186945 -0.678902836038576
-1.07375707952539 -0.836038326935078
-0.955420291664559 -0.790505069290369
1.11879608925531 -0.486563923187025
-1.68817862168039 -0.890896624550731
0.72973901508085 -0.638830438737706
2.21945277634302 0.759243626326029
0.193353460944342 -0.871633478670899
-1.7574589276237 -0.89782101028279
2.05503471236367 0.415232731346129
1.73791559234013 -0.228930087476483
0.305686799900865 -0.782761683033799
-1.76128436804966 -0.8813357778495
0.192300502303219 -0.605064909240721
-1.93851021659673 -0.867826365331089
-2.01500125875479 -0.886843060539312
1.31304811172112 -0.366946125719413
0.65873504779103 -0.659407887428536
-1.67446592119225 -0.877670868552602
0.304939112644486 -0.830516225934166
-0.00983267930779648 -0.868134042431121
-0.0422592393270081 -0.740135676011779
1.04603671205927 -0.613943191314499
0.590570751088183 -0.641654465190799
-0.243148419080395 -0.810501108155844
2.01325713291512 0.0336169942600404
0.826968669014391 -0.697247073259715
0.117509627784364 -0.739206388812015
0.877896817020221 -0.690701987652888
-0.42348949934701 -0.859150500641327
-0.557616704590524 -0.825330428354411
-1.10896707431941 -0.851918027070599
-1.15412896526445 -0.813869604878462
0.860048439040146 -0.892749987311437
-1.07585554742349 -0.866261242694848
0.583306875054211 -0.772980283828927
1.94843427458069 0.304494668672377
0.900755181451822 -0.695558325175893
-0.109106736766069 -0.748278845154728
0.709785411879533 -0.543387256219774
-0.200705221154186 -0.787413071662801
0.301771326674658 -0.775026532071483
-0.354899508015482 -0.869792926795257
1.48803560801846 -0.389757503035362
-1.65022375082006 -0.875310596104949
-1.10748055658954 -0.883947926464557
0.71126056405972 -0.707428739253058
0.879529345928789 -0.627749388756333
0.511855827970849 -0.593678137947822
-0.162899619518529 -0.809869574257534
-0.994029219793722 -0.832961031261569
1.14832840238409 -0.666718903697
0.552379354146961 -0.646412426646791
0.443538365177149 -0.659858582636047
-1.70936003188446 -0.905041976429879
1.65445853336426 -0.338337006836019
0.817590386502478 -0.676588808866484
1.03177980941619 -0.501830486323201
-1.18847106857929 -0.837253150917116
-0.887975831582328 -0.845196387002616
-2.0037615513524 -0.890286011342542
-2.36815163041358 -0.914854599895133
0.371964922545068 -0.686053160519956
1.02664899279687 -0.511906123824751
-0.849625520619903 -0.869462265324493
-1.04353308285637 -0.868906139341627
-1.32851558832145 -0.849588696569419
1.13480909289745 -0.433914864230187
-1.32443641965881 -0.906244394489147
-0.220979298860485 -0.706269978052486
0.723848738008135 -0.627596444008463
-1.67605168666584 -0.868127736592785
1.3381907681857 -0.547709589423664
1.49552618010952 -0.292821488417645
-0.621532799334538 -0.814569753734569
-1.9471461997923 -0.856464996423035
1.00057107045583 -0.57537430961761
-1.52246592170827 -0.852849594140095
-1.34917574554103 -0.931074308141149
0.251548942832834 -0.715534305117597
-2.7293687130947 -0.907350077086755
2.00965797666233 -0.0898297721752879
-0.166665501423291 -0.791812305867413
-0.770093525555771 -0.807582913222818
-1.02815507912519 -0.834234211269232
-0.208420408464469 -0.811423649590743
0.531084687675269 -0.667394865864016
0.587351901204664 -0.6652736480385
0.236037834913241 -0.811377151346549
-0.85456070941049 -0.852990283239011
0.692241388282297 -0.795038659016618
-1.31095749751697 -0.887612800893751
-1.45780824908127 -0.865504630715706
3.41402164012981 0.193975422624419
-0.635982016341997 -0.832239883207414
0.702560656394341 -0.708468720862011
-2.81836816071952 -0.910006516370643
-1.28961459969529 -0.867382255918003
-0.380956923618515 -0.827482306416684
1.5303606385121 -0.628057451633852
-0.530862877957813 -0.920572027385067
-0.904294367491329 -0.839086718205994
1.17769629615328 -0.720150832286879
-0.529053696625116 -0.805676165431093
-1.31278296710132 -0.852393050159527
1.0918931333103 -0.350728683021775
1.99332288150006 0.157700597849936
0.921367727093023 -0.582067566506712
-1.87538023061632 -0.863566839140511
-0.238288627495927 -0.817655560908326
-0.0480826336147181 -0.757637633923593
-0.480307975220524 -0.792724209960519
-0.610477173206786 -0.85414401371243
-1.01389835376564 -0.856101682738241
-2.00339066142757 -0.886276725022277
-0.857481984065395 -0.893650813728798
-1.03866348802113 -0.809428654948497
1.3065426951462 -0.637141815819308
0.692240298638849 -0.747136130554818
-2.30821755898757 -0.906503021344813
0.15315853348422 -0.66231033455068
0.474040519602005 -0.752884851233982
1.70883617302931 0.106451526012488
0.206930926005179 -0.656921781804831
0.940663548220014 -0.539308505949949
-1.45228998210326 -0.882225591767366
1.50806766219866 -0.062066275462286
-1.602076659951 -0.826331831525358
-2.58809375175592 -0.907546855686138
1.88361689860452 -0.083146590233078
0.0862013027053212 -0.744630829183381
1.82135789889546 -0.208203094551723
0.249713002666107 -0.680782297703152
-1.37023824263409 -0.861788628636648
0.721222011802768 -0.573383734861994
1.13817354969918 -0.744352679081774
-0.463100855611587 -0.790145414459635
-1.18544141965129 -0.855105884731526
-1.13874955232276 -0.898836876716132
0.373204471429675 -0.782834750070336
1.19102979447636 -0.682328263199328
-0.828089612995748 -0.789721740530009
0.0515202624172144 -0.710333217814484
-0.379600436969704 -0.792033831424588
0.61878791549056 -0.556937031077891
-1.25028707482272 -0.867973835356577
-0.481289069694943 -0.789361081522555
-2.29125665562625 -0.908144337682944
1.24980245130234 -0.453704308522241
-0.835995710072569 -0.776170556855613
1.4951714780982 -0.428418838662242
0.872246514721214 -0.59719818136389
-1.6451148752359 -0.837047020243122
2.50711675055425 0.512042331298874
-2.05774850133073 -0.897387814192266
-1.4120889112153 -0.861553961394004
-0.468940637794154 -0.823337226226482
-0.192367695329929 -0.679705958917861
-0.450398606582532 -0.807587106703661
-0.774154015473552 -0.814951705015667
0.074334461403105 -0.895628002394529
-0.11977139054479 -0.801306969463619
-0.311884243478361 -0.728520943125341
0.546708197067296 -0.718223937219562
-1.41024434765382 -0.869637659532425
-3.24267079575318 -0.939491189814201
1.86185113667007 -0.091909922312096
-0.00184057247544037 -0.813750729429684
-0.0955295178975715 -0.740172047617178
1.41521133402107 -0.313610823173979
0.185731235074647 -0.735792170176769
-0.661973185244211 -0.822068108250043
-0.167972333623957 -0.758621210774079
-1.12398734735543 -0.867296994456946
0.356612921211126 -0.793419566915971
0.567745758933264 -0.718829675506307
-0.377834483691737 -0.825051447439228
-2.04976956670781 -0.891697959243611
-0.269328128163266 -0.724418583268104
1.26362590877763 -0.494925767390746
2.33736378352525 1.47453200518734
1.73742516447389 -0.0414874359984737
-2.55777422742029 -0.896401335822148
-0.636725007828066 -0.882287694796027
-0.425550829107138 -0.825640087096029
0.672432817709088 -0.72597436245555
1.20552489413932 -0.448275826627195
-2.23720728056203 -0.89922781280327
0.587881792589992 -0.628170076692972
-0.391453329908596 -0.897192431006632
1.07803659958881 -0.393720972352786
-1.29342337037155 -0.875686388186251
-1.79121291256491 -0.874655661933323
-0.564175614257785 -0.782181007941916
0.520213352095571 -0.722254383616039
0.948086242096331 -0.804816839864345
0.020656452622705 -0.859363236312062
-0.097091224737443 -0.752085366846707
-2.15615734043215 -0.886048802588118
1.9345331290551 0.194674843817151
-1.98892266727673 -0.900587862517087
0.987439534716322 -0.507433504166024
0.756003120218414 -0.657108360705589
-1.3167292738637 -0.866995021865527
-0.170049363091378 -0.800031499839285
-1.75448601563955 -0.886945438380941
0.67082290228459 -0.647158777868465
0.127733076960485 -0.654562475746611
0.935949198834448 -0.673491962522285
-0.52297380346155 -0.793555638763587
1.64791173876981 -0.735277734119701
-1.73293478604102 -0.849819103917553
0.792013087747183 -0.461402072392009
0.177064159385988 -0.775779801671099
0.601597159505507 -0.67524444452405
-1.9141448100538 -0.856627785681611
2.82791795105912 0.493979265024896
0.481787180927 -0.612385882285949
0.286082311679647 -0.78256541262019
-1.34862133336703 -0.858642461850062
1.77601089882543 -0.238029074641589
-0.529237989839342 -0.841920885479738
-0.266388682308787 -0.657236693609035
0.432802169527121 -0.757748579656029
-0.0743061280904473 -0.830716420165779
0.497602312940048 -0.704370614052238
1.34996392954435 -0.603841408831113
0.840175355720097 -0.610504122248967
-0.256142988675241 -0.790856313950729
-0.344207853964326 -0.76518672033638
-0.963411958117436 -0.846654230805098
0.130317035761191 -0.737040614338219
-1.40110566454641 -0.872512154552599
-0.985060887032579 -0.842288851665712
-1.17946532517534 -0.880054900450277
2.20719796344879 0.43075526968469
2.21845816342889 0.309088111036826
-1.52915453306028 -0.852606583363692
1.09760124070058 -0.458902119797367
2.33967920565452 0.0636149577844622
-0.412202565450677 -0.789856503986611
-1.62368451247485 -0.906544456050352
-0.861638256530802 -0.837526323831021
-1.01140731820145 -0.833928383764543
-1.09940624712945 -0.828513473137165
-0.68130991604032 -0.777778551109405
0.590110956074714 -0.741903836522205
-0.384425386396453 -0.850335734674197
-1.03019943158793 -0.834967430593779
1.77109881373272 -0.251861737660019
-0.808880973370418 -0.765509769434108
-1.16098373474297 -0.862632379272849
-0.0477381176850744 -0.854710790632219
-0.113999740555052 -0.777152216682047
0.906048524628204 -0.688620450267007
0.189311830645676 -0.692952646088303
0.904064104004122 -0.710088049981721
1.78250552855635 0.22983842115591
0.670368078463676 -0.714713522576672
-0.49877280645517 -0.842043629486217
-1.27371808423822 -0.921613319653725
0.25239858078202 -0.765657573515624
-1.16315060041909 -0.877699822534292
-0.816608874566988 -0.841786104997725
-0.169335783812038 -0.690217353329245
-0.304367119237806 -0.790816555590193
-1.46215532834097 -0.881845064088679
-0.50048296756443 -0.782501582801574
-0.267566418443702 -0.734821568606511
-0.872018291530146 -0.852397707894998
1.26642133370319 -0.592571231584952
1.80605221386622 -0.0529212219927791
-0.201679478423471 -0.748952359102529
-0.101756501609791 -0.761263588706693
0.465737711272305 -0.709606977590257
-5.41081909214039 -0.963674063815224
1.75221799545187 -0.0268380129811959
1.92385315117914 0.108794329216012
0.895890995931313 -0.703645170534169
-2.09503189353431 -0.890545460501702
2.57953589901373 0.344339015903065
-1.60172515003324 -0.84587876331612
2.33912470170027 0.54132166614027
-1.23838382056411 -0.872870930274059
-0.826718899956949 -0.830550864924092
0.288549247176372 -0.703589209025873
0.538285499889951 -0.610454453784344
-0.734032200557032 -0.836283999765911
-0.166882017664475 -0.789666309104246
-1.41185153157854 -0.876284572098924
-0.62033480092764 -0.86919647068495
-0.636586700595268 -0.868641692951505
-0.416938766623973 -0.799148074008468
-2.52675560194515 -0.929585467114776
-1.28583954941401 -0.855147351060922
-0.503067647280956 -0.800428241808521
-0.777817856622947 -0.884074971873067
-0.176067719398949 -0.834371574962831
-0.133635119119516 -0.759024695511414
-0.102471259051879 -0.735815737572933
0.793627736173098 -0.701735304901867
-1.4818256784706 -0.877715450965169
0.70835578839125 -0.756832925176386
-0.223206814793466 -0.818625029229914
0.329855868312015 -0.650764743810129
-1.12464902643197 -0.804680852940815
-0.823243416069251 -0.853678577633124
-0.671011406901516 -0.84985913816461
1.15231091333581 -0.531852420452867
-0.631631433376563 -0.850537537408707
2.12103662413015 0.354170510609698
0.760553579079441 -0.596578789230816
-0.793288864789018 -0.801797611921609
0.361108614616195 -0.63955665749323
-0.083789893359483 -0.809285351766214
1.61077088872072 -0.42096661549858
-2.29795308672211 -0.896397083696577
-1.58995750354177 -0.866811343631946
0.776264773139626 -0.469295731347394
-2.22393928832498 -0.894860726288834
-0.811791136402007 -0.785453278709651
1.62186687756131 -0.432709517053414
0.594657609712047 -0.656664503544128
0.219881852061078 -0.544383928133147
-0.241826404098842 -0.808333071152673
-0.837527762060564 -0.85159890066662
-0.982337071849441 -0.82519688554667
-0.0916715996224417 -0.766467942252263
0.828845978360029 -0.620992599203482
0.35786960879092 -0.809255342310721
-0.341976872272287 -0.784494937287061
0.286144681495399 -0.788508048773222
1.16507449716375 -0.424186088393216
0.0879349086272668 -0.730457133714285
2.01099533853086 0.16118250696766
-0.85825522221695 -0.80177664782495
0.0853124524215733 -0.854266325689786
2.5004802655676 0.760612377519077
0.352469681325703 -0.775022188237322
0.427286898979105 -0.735252626483131
-0.0730907032625219 -0.779324855386939
0.850331064139063 -0.580192739075806
-2.21493368972448 -0.896832350415619
0.122958304913321 -0.695110914747654
0.59434853470394 -0.622405449552902
-0.246338376176707 -0.814365500427296
-3.87165342879532 -0.940972413794992
-0.893217870278206 -0.832289238836522
2.83355073285955 0.558799780337757
2.10709115559422 0.318741592172135
3.30278724819177 0.639777526559827
-0.379162080570283 -0.772749835280185
0.215715799955718 -0.808542308540053
0.196549068212777 -0.777858848314064
-0.021592497946553 -0.814943150770904
0.347774406347008 -0.628625819421827
1.98022164817886 -0.26728393495015
0.73643430305416 -0.588524107338805
-0.4103826053467 -0.754581625774353
0.972556439722619 -0.510389064346397
-0.0900122054911256 -0.768333078205535
0.752292097445261 -0.613831495605007
-1.11613681901128 -0.857366379747734
1.24524852368965 -0.567499931534807
-1.4448098241562 -0.870395398876604
0.395474327440791 -0.660819855248213
0.413022550523775 -0.73360679642287
0.711651972284964 -0.703380630104848
-0.712145887856948 -0.824958941673558
-1.22802095342086 -0.84309340736796
0.872167303194246 -0.564345423820742
-0.162821301062431 -0.789748937376396
-0.283952189082317 -0.849457712444109
2.36507707698269 0.140024567664314
-0.839057638958284 -0.846821394418178
1.08647880472428 -0.48475797787873
-1.01315611634013 -0.837584314245907
-0.250870656687975 -0.75111216365057
0.0477709187141131 -0.75220857470538
-0.542648831646182 -0.817220680134887
-0.674816125784948 -0.794301123051607
-1.72603168610473 -0.874212331677792
-1.11121825645357 -0.856364225550001
0.167795563510988 -0.81522454795612
1.39996571547414 -0.485233013254209
-0.514022539005319 -0.852450306923111
0.224207357715579 -0.711856639103658
-1.12784253138096 -0.853756978658181
1.24140715452851 -0.619644264127805
-0.774506374300854 -0.877995837499554
1.91383165477786 0.0985556352001855
-0.918481864133088 -0.807301005613356
0.370152318805077 -0.861946616049236
1.36524579321016 -0.435283273597275
0.346879161177323 -0.650283826544921
0.272532653096618 -0.755819386117746
-0.0868497832205724 -0.672115250139301
-1.34864657105874 -0.876594053623276
-0.237201074796092 -0.75335911831186
-0.524240295910358 -0.801788052659004
-0.839582616144183 -0.814531935870192
-0.381975559220811 -0.821764858779751
-1.65599250868704 -0.87560661381597
-1.66396491164251 -0.835781210049432
0.111093640542458 -0.835791364363761
1.46561704454337 -0.337616010418968
-3.47452836432082 -0.938088089882444
-2.12997289837594 -0.89897023594048
1.20903154891581 -0.427833085958178
-1.24271131129841 -0.813143347144783
1.40789566673674 -0.329157329782018
-1.4012519528999 -0.87943181898395
0.521365258386409 -0.582891742721365
0.488292377418359 -0.825091671134632
-1.19030150168942 -0.809665252471203
0.368221920493759 -0.708799136142276
-0.228727653302695 -0.765200015295323
1.35730413163363 -0.309906024543323
1.34107526948713 -0.482731198914673
-2.11331755091448 -0.899817164971821
-0.995008620123313 -0.818975087093335
0.520957824366117 -0.712173856976547
-1.11321855750329 -0.881605823328018
-2.52609289883372 -0.915069466618884
2.56988502253204 0.152924915432588
-1.31964029006562 -0.862324460038732
0.72824109714393 -0.6528795342799
1.0315826305837 -0.598535038724827
-0.642296313177937 -0.837377961980454
-2.31359478648034 -0.915070631997191
1.25422978278841 -0.473680076469099
1.24379652222642 -0.498100092586669
-1.34301717558116 -0.869824831943861
0.0566865569110535 -0.794631612063979
-0.0646202231671227 -0.778334036560185
1.45910317107928 -0.369493133957503
0.0213952859691295 -0.675552978814368
0.507882354771145 -0.726884013405925
0.406413429201974 -0.704491064737368
1.93057938077171 0.162957030695559
-1.79173796878687 -0.87946505199021
-0.693387791921829 -0.887781237806476
0.760833919640367 -0.570320957154298
1.22484936504083 -0.310834164484383
-1.27541963052347 -0.852098172179469
1.35680307654269 -0.563953865288397
-3.21142808409867 -0.929350755476856
-1.80883760446227 -0.886786742680969
0.588818686517317 -0.77395494651503
-2.19479172542259 -0.889151829042189
1.77809400421439 0.0236652237826155
1.87620724181361 -0.50274191834925
1.24036666700755 -0.648665712882553
1.68352664796289 -0.139326184667962
-2.29981307744398 -0.908172571181763
-0.695681501464135 -0.816083723153977
-0.479597221450108 -0.853955527124281
-0.082787210884179 -0.848286442108235
-0.281593008478482 -0.767882499311008
0.034517516589118 -0.829937968672864
-1.44131036087119 -0.876649762118263
1.43984407255382 -0.443549308530704
0.798564719860227 -0.586243317867986
1.38164228021088 -0.593424676192576
0.684834347344045 -0.656749292273302
0.181253196626874 -0.765984814829692
1.03278097605398 -0.563406274199783
-2.56341269521164 -0.890943917578978
-0.369755796205857 -0.722011259074052
0.253255520877104 -0.685373279876482
-0.659823414473918 -0.794976292988883
1.61259560075367 -0.31466495851702
-1.13477091777209 -0.800523525135373
1.29622627072537 -0.639195050239572
0.956125951630314 -0.567812934882157
0.989768610661663 -0.599372500599999
-0.486009531284103 -0.78574047205101
1.02379373791035 -0.503165949043731
0.318618202769085 -0.763084865905926
-0.464139053733888 -0.796217378570473
0.0238409610861728 -0.671623452754579
-2.12737524196563 -0.917396631716939
-0.606084739187473 -0.841669458825375
-0.670279209290843 -0.78769227645384
-0.0971633436832562 -0.791844470035449
1.06349200006022 -0.580805145320607
0.780680452994905 -0.660386204413346
1.10086351122593 -0.672595090926918
1.10754977070169 -0.506295192085066
-0.10611144873914 -0.798042248898786
1.42144785156961 -0.401386925195847
1.86144107377788 -0.134586578298093
-0.595603827837379 -0.793885575039064
-0.13179171983079 -0.768350555051211
0.413455279550713 -0.759474202837139
-0.0993866248027206 -0.798566145116616
2.3401462130814 0.318446603902052
-1.74020387696643 -0.903374329448552
-1.63147941662223 -0.881943221543921
0.333911965650249 -0.742135392035246
0.071085076795324 -0.817873352073577
-0.509438310425605 -0.85595258751315
-1.90409155017608 -0.898765383002081
1.1586622259582 -0.482655436923735
0.0207202327728298 -0.827811614297326
-0.448376943406722 -0.84523657882843
-0.421706229054704 -0.807968343783369
-1.09786235619272 -0.865822453592382
1.10062714382514 -0.41401457680068
0.670787763285195 -0.613044443306652
-1.39025276659908 -0.864078948307571
-1.07203627768558 -0.866145269379942
0.663342594747596 -0.624206732460396
-0.905421554309199 -0.882848261448365
0.883932448577542 -0.684442696757336
0.0317052312400236 -0.819362494002685
-1.06580614569114 -0.867129591797313
1.18109658284314 -0.477820887071392
-1.49818855857038 -0.842753623682371
0.0254001983848971 -0.736622512443749
1.38293851475888 -0.538551340576655
-1.26103994272422 -0.854881056754943
-0.194906114506346 -0.825587438429264
0.719937736219094 -0.545188848308345
-1.24446216600551 -0.855643032260121
-2.58835807814421 -0.914724673494171
-0.310406342130172 -0.774328974556753
-0.597879536755733 -0.854484996942495
-2.5898394153048 -0.917577026741156
-0.061792085498686 -0.722630612024118
-0.330407525855419 -0.805892587490688
-0.98153988052102 -0.850074009699544
0.152191874608296 -0.753131614252105
-0.68126786199745 -0.772687617314656
0.929031451220757 -0.603567332657127
