-1.29486810733765 0.528131858164417
0.812808547749902 0.726068078680977
-0.0416606413951266 1.50524733684968
0.00190826791236312 0.32224702462576
-0.390629297463267 0.867356926674915
-0.929393733827308 0.747004373719247
0.804616224563274 0.686932051338509
-1.95293890672763 0.830781958208585
0.150856979751181 0.532907031892618
0.721066899359039 0.465053079550518
0.284505002432833 0.216543455466773
0.564323325953468 0.299479649951836
-2.54835473636446 0.194335445497871
2.4019057148871 -0.774512443821511
0.236085678296777 0.633688310338815
-0.700148626574402 0.888625991293703
-0.314310529569393 0.866749450570804
1.77443118524409 -0.354858452219345
1.70086779898165 -0.565753265205115
0.598792325756367 0.83278544789191
0.0250626226858128 1.22670862465753
1.18826365367961 -0.294114578636545
-2.19446081036201 2.48193711668845
-3.23742346466156 0.60471923569159
1.44121413730543 0.626927239102112
1.1266386625608 0.679374906282026
0.417514782226448 0.677566258219052
0.360515657122489 0.593848580520949
0.924175042245452 0.472103846726191
0.279287263533482 0.63863131616303
0.201739428576178 0.764043661811843
-2.1102300379356 1.65502891520745
0.520287897837597 1.20140612890239
-1.1927599922138 1.73959800679995
2.14610708475289 -0.559252833626634
-0.503154458179286 0.363079796389253
0.232427786764347 1.18686261523723
2.07724257835402 -0.689733773193552
1.17041937314276 0.457695723402276
-3.37637036964486 0.563889499756128
0.0133814927507222 -0.338152731423725
1.25731663145304 0.674128543660138
0.843793602365151 0.534549772642892
1.09703344488246 -0.00704114161494429
-0.315955422180616 0.682318839123876
-1.70442109163969 1.05954715425927
-0.748390980776454 2.06552623710772
0.592456795286845 0.290215599624767
-0.982473085438607 -0.0962774404456366
0.076650096375168 1.07132432030785
-1.3185431653922 0.424731130876409
-0.990433846053896 -0.079187605044874
0.288984903907312 0.879572807046994
1.2089212204116 0.510317916249713
-1.78071727523534 0.799845991862021
-1.33109993051126 1.38036665147726
-0.219237228056648 0.911625841979234
1.88010066814227 -0.474641759847345
1.08740596891482 0.237365394456443
0.304615113509057 0.647644552163402
1.15435228716413 0.684159147275751
1.63644054073981 -0.17090682788044
-0.533887174308017 0.184761218864455
-0.568077137141655 1.42245076997779
-2.48847836424556 1.34507539533257
0.195710412378857 0.951991132247736
-0.566643004639459 0.749925800842973
1.10586899122776 0.36635084862865
-0.311421098176548 1.3306387704642
-0.703495836725021 0.974229675482322
-0.189571914554522 1.26084957308717
-1.89950032379106 0.897693723917959
2.13001677403809 -0.618421773459854
1.4504046749053 -0.0437739987676711
-0.40293658056223 0.532502888425415
-0.634372924108573 1.47349841648576
1.96431715467259 -0.602204990079247
0.22078773219079 1.73861577335896
0.202756159180675 0.781771773518432
0.759760764144116 1.01198275264245
0.709168729615373 0.402095722102559
2.59393500763355 -0.78794037211949
-0.327427566591665 1.05515301094029
-0.860805286733531 1.83819917938976
0.109093504345998 0.933628515492415
0.57073681379223 0.601060979288992
2.22193919869009 -0.632396551655467
-0.257221081552414 0.734245334102866
-2.64007125278944 0.710580712125726
-0.82700603766086 1.08779273353946
0.0326361551424413 0.21347157240955
0.250760094135497 0.489671791384869
2.22293462513197 -0.760473338617981
0.913570887883443 1.56330529216903
0.854985565938575 1.07495238228226
-3.01123661569011 0.629987130117145
0.953840099939061 0.83883475660462
0.417565088086559 0.221152535313374
-1.07345207734433 1.06095410641378
-0.682912075570628 1.36762009379545
-0.34981495474419 -0.236107875500819
1.99899698325832 -0.550845436705991
-0.255579320180011 0.527981457542666
-2.47597746741828 0.850881952595229
0.731252941463908 0.934044655798182
2.64069855844972 -0.856582085439129
1.32626692340018 0.00251556365586642
-1.34347425602279 1.3263820378542
-1.51475678004564 0.438155196135909
0.828281404929801 0.356699183651058
0.22599822337861 0.381438132642843
0.992107562905065 0.388063570427811
-3.36549908456168 0.974966297910846
0.0192596321252408 0.626916375134317
1.23743426036933 -0.00229250784967777
-0.757151914306915 0.631333278060845
-1.12336997056673 1.01506040025103
-0.245348551526546 0.408799209120091
-1.04517174798515 0.779644638233075
-1.14990057913143 1.05647322060876
1.59356577873406 0.118001095371679
1.47953505082759 0.602953166196295
-0.889502780819106 1.82455856746461
0.282788323668509 0.989318993023924
1.34194624972567 0.158856299083615
-0.557741702366584 0.228374137125699
0.694427303419178 0.759952980847588
0.538967475982811 1.10284604174753
0.647507473675369 0.422496048716752
1.0951220041154 0.8216423939523
0.580176679739534 -0.00256676581014192
-0.465685963625247 0.53193637320049
-1.29042424098901 1.00980998565596
-1.27554645861393 1.3697793858787
-1.58669627352058 1.97899323916336
0.682787399000449 -0.123747888107713
-4.00744160324633 1.28090063738636
-0.464806921967634 1.02035960866556
-1.74126105006968 0.376515862438279
0.555437810467941 0.393948214947964
0.352285763013401 1.68014829230172
0.587101469790516 1.08212635592861
-1.79867544177541 1.44820661564412
-2.29282150236795 0.554524169675676
0.108833004958004 0.599043704043958
-1.80412480058247 1.63382955975432
-0.0282540452915091 1.03859776402204
2.01134448668947 -0.722815971003356
-1.09046199935066 0.916666580091582
-0.478913875388631 1.06557968570315
-1.93606796667128 0.570714572863587
0.107170694905948 1.32438939457279
-2.08343824190964 1.16922910083916
0.993189686689207 1.21766898164892
1.13258173673975 0.594730400213125
0.149037916202793 0.552715062305938
-1.60999846069075 1.3191738118865
3.63245993282714 -0.949235118680586
0.920135279190777 0.950742120986083
-0.0137415882281797 0.706536519190864
-1.61863786331544 0.573851705271298
-0.072564548856579 0.88899417239559
-1.18420278783494 1.12148510239312
-1.34099835281903 1.90962253153694
1.20656262070973 0.56961539180542
2.0802363302093 -0.649225254769304
-1.37343449167092 1.03744811226289
-0.657772276342519 1.0567093507319
0.835887942616981 -0.048352724371261
1.66010178078866 -0.392889140565479
-1.55280856036972 1.40316272295261
1.02027896194289 0.553639778982351
0.661320478670343 1.14421375846831
1.72291924067349 -0.628189027897897
-0.37182432946581 1.22857496550788
0.60023926531191 0.400334287668039
0.537270294428409 0.98742270198156
-1.04026132728838 1.61964964751584
0.00355219919642987 1.34644373636937
2.18134593347189 -0.587398444165376
0.37572077471053 0.0214457127516026
-1.53281811504607 1.69454804704417
-1.7897910127792 0.650336665588555
1.29353818896181 0.204848958795912
-0.851553492681136 1.45916060584216
1.81707189847676 -0.475898478085115
-0.284154253554371 1.28702958824728
0.375966279711504 0.945573334215944
-0.369100270042305 0.23093860896256
-0.150954054972232 0.18272686007277
3.25418726239524 -0.878379610746904
-1.01767221127912 0.552205952456036
-1.97329737680085 1.3779674406262
0.547239195259202 0.79186222739758
-0.164375662994616 1.07279686913914
0.833746770946688 -0.118646028147742
1.43758167498758 -0.143467461089606
-1.35182805910456 1.73935830554682
0.743568280232034 0.497333983244837
1.28815097177338 0.735880649508357
-0.583498556113758 1.0011333421291
-0.979465832403431 1.76709896400234
0.399347392824927 0.632918803940518
-0.0136276659718882 1.06551862960988
-1.92342369378754 0.25883256226506
0.0395281642976198 1.51621382294577
-1.13252558221898 1.47987915279775
-0.155303996145314 0.967130361406396
0.245123428775818 1.5212771604123
0.934583582374723 -0.00645596711813301
0.83727304238195 0.521115515311157
-1.98650187906788 0.432859263617414
-0.777978793596188 1.123428838322
-3.05215418587264 0.385207857245427
1.89751905801038 -0.51876056823924
0.618720442333531 0.689520061176806
-1.72227849377254 1.35672206842458
1.45277979747707 0.0305148862652439
0.228974266536791 0.803187904644155
-1.70616784001907 0.502363988551919
1.19652982032889 0.56350573336287
0.223637676847203 0.737585354114215
0.123921443149186 0.930055883573681
-0.629253564149983 0.680559067660309
0.647721546508838 0.276670249528956
-0.136411509029776 0.850456149224947
-2.25146453731572 1.33748630195397
0.580193397558799 1.24105098616797
1.67351267124708 -0.443562024181029
1.09626438439247 0.209394175216392
-1.51437954714926 1.81834159047319
-1.33155341642704 0.36768919857251
0.193272390641958 0.71393912630663
-0.999203912664138 2.09945478476405
-0.716474245469057 1.28772181885207
-1.76719428000705 1.69344631375199
-1.84343430999948 -0.0311953059971777
-0.00742840600444403 0.841677717531354
-1.14905998275455 0.608302986169624
1.98411432711449 -0.515524878791011
0.787247105272372 0.822750556548203
-0.513187885655074 0.727607824688093
0.856836572404679 0.572979308291504
-2.42223636194286 2.06193919467753
-1.23233004526673 0.424332242572942
-1.25484274493956 0.936500417529767
1.71755711431332 -0.217218519470616
0.950155046593594 0.615305377609747
-0.289087965346971 1.34657692933616
-0.0671935447346685 0.381630088919456
1.13164182626857 0.590184278047143
-3.10818722081635 1.52949847120016
1.61458986464228 -0.504187754048415
1.05343246624594 0.442132797816438
-1.13262879623635 0.661707499847342
-0.901241169846169 1.23867656444637
-0.9869878291488 0.877109243263989
-1.2624029142702 2.52719025053491
1.33968087550252 0.610832039274079
-2.14294878833118 1.65766022031355
1.1293246644351 0.269757924147974
-0.265492184357329 -0.274374381288117
-0.0891299928781218 1.25523538814514
-0.0445509683332235 1.60098895074461
-0.399690618735453 1.23822119866253
0.498085609367859 -0.111620289031296
-0.201076243013755 1.06176926045428
0.00227756567422795 0.873998889390825
-1.25194283982287 0.845189454054736
-1.1925441151445 1.1070753879609
0.857599847928854 1.02542707348836
0.149591001951098 0.0261996701966815
0.606838324700566 0.768586215611429
-0.109640727312042 1.07984656614804
1.00500666518853 0.266705786505464
-0.125148665904327 0.767176350151434
-0.837434644947336 0.526386914771732
-2.02925224028545 1.1764605033019
-1.56668667170914 1.23279054988575
0.34002395091534 0.929414125021196
1.64434342215266 -0.383577770332272
-0.514636601641407 0.786683918627091
-0.564136038349477 -0.0226865083998457
-0.417172971488059 -0.0478540062495508
1.07888702001516 1.13872075936717
2.22674329277667 -0.749986532679142
1.06430004645598 0.612975449927592
-0.233211860310185 0.942427590433242
-0.343084748481543 1.42287989848242
0.412247375004227 1.28371030919355
-0.74791071567084 1.76550281685023
-2.24430256098055 0.754789369317038
-0.25824441164458 0.959304479471196
-0.767365802313564 1.44850729851973
-0.159773368045314 0.482555053378437
0.922894317013538 0.894557611392181
-0.21824963186348 0.567896653506478
0.511196834008143 1.34836054682197
0.779883646010578 0.637168083357182
-0.528234273707524 1.19757932791745
1.46588407090009 0.108535021576413
-0.745361383561296 0.92685083348007
-2.46084792765227 0.670499567899002
1.39028654620844 0.515859481592151
0.710848133543099 0.421024168077139
-0.467335769656026 0.359837195292553
-0.509045931514991 0.223744662158119
0.428028668211907 1.06490945361803
-2.29988451604857 0.673303010360316
-0.246001365483113 0.865388555733242
1.09262526479168 0.248729354354877
-0.601375977080432 1.01126726705627
1.69685399926027 -0.249446214415753
-0.622022831591979 -0.15987083801456
-0.353641260166242 1.29655418003839
0.173988419612455 0.491452651509379
-0.994638256679116 -0.014589836193037
-0.82790181286016 0.936315028912519
-0.242391896035866 1.58637370554867
0.399850828639768 1.50762513154736
0.089647567245565 0.692161008419482
-0.241551904040835 1.16017309301741
0.393059378881306 0.816583041890309
0.199054905221983 0.642038826938681
0.957571071871308 0.157299077708461
0.758362625209163 1.06261823386799
0.308226457680412 0.171053815898431
-2.04640514289997 1.17674870344169
0.236916420920503 0.696014277306869
-0.507343341892888 0.830159278661549
1.61908250808042 -0.48624892254018
0.104923819986192 1.69984379344796
-0.0137097404384703 2.06800997651703
-0.928855646453217 0.600933982051154
0.17981104178542 0.451874253480395
0.900792749541387 0.00706578108799527
-0.565476954854742 1.06485196608649
-1.06458061910601 0.694760414949783
-0.0120397395308137 0.794773077396061
-0.00372354445298916 0.182556569618716
0.514531442549584 1.07692151563245
0.796863434741713 0.64418354226684
-1.16682767563569 1.24755755048367
0.0946260932698814 1.03833366373872
-0.870697782180233 0.890210439213717
1.30834336177572 0.217128838910975
-1.76216433712856 0.97790042226563
0.0913304222283183 0.46290211020224
0.356153414053294 1.16085900799621
0.752612468125966 0.582884558471705
-1.92159002035061 0.833441763277144
2.68584362285951 -0.77385566148004
-0.600959040163807 0.304048470780961
0.706744506966132 1.01458303738971
0.0713937052175623 0.896034799276914
-0.0540907964565243 0.592780863483576
0.403879018302216 0.697452401166335
-0.914831531685815 0.828523103034963
3.87086688960154 -0.963335354487734
-0.0691403568834262 0.80454835641956
-0.978274842339335 0.432356008051153
0.475477628020122 1.18656133353282
-0.986015491548815 1.32373362771789
-1.32250699379914 0.992302823551593
-0.459441363088656 1.04080719381564
-0.633395747713158 0.87216774121769
0.117584740142382 1.3191469651244
0.393927074541002 1.5423392872545
-1.11588225082066 0.867918133434446
2.42362380808728 -0.739561598500684
0.842074731156197 1.0262420916592
-1.51866191736944 1.29806730333829
-0.525595405425231 0.764459826600052
-1.12283828919814 0.702001569140317
2.57055472424319 -0.745055966473832
-1.79337452767381 1.81814242415302
1.23895687825278 0.107497425409471
1.14601188743666 0.133541570959095
-0.782699312507807 0.273813033230773
-0.770214282800296 0.286034667761713
-0.552164020621806 0.454443048235533
1.76241948525095 -0.137876783680356
1.56768694689099 0.287874935925509
-0.566586951411349 0.0923374101103699
0.892869603046898 0.882141938084515
0.455624294366139 1.60931667715147
-0.334442538151847 0.882526383506573
0.410156590963629 0.990299348689035
1.54447783962083 -0.116175150956261
0.754863712709383 1.01537752964972
2.37935183981801 -0.713711105821054
-1.89707069533866 1.07437573773032
1.17295405124701 0.44401515894929
0.299197917414421 0.380305572805116
0.00248516389853985 0.924328911161319
-1.26294187165925 0.386010901233052
0.658785632691557 0.776356588794577
0.526234695509151 0.894649613522265
-2.08926309970079 1.02829320019543
-0.221319140818318 1.30780289344416
0.186308083716447 1.0057848743187
0.318996868030438 0.310471443637519
-0.395853945636173 0.881581894647815
-1.15224207991885 0.679003839786475
0.399471012499745 0.925462896968555
0.814442149681138 0.480718148312195
-2.28155045455075 0.744462272143337
0.850354333213914 0.553811709582208
-1.45920587797059 0.457354765331841
1.7365296098849 -0.192084933136268
0.800888863129669 0.927327525735783
0.383634346994253 1.58634670048227
-1.15563426912799 0.560683081849579
0.437533728045166 0.669644284719994
0.613125672243091 1.12562791190916
-1.05158941464221 1.09822761878863
0.626441700312122 0.714083766965065
0.645104818143966 0.226021814003389
0.145201056959726 0.496465506122313
0.459319717161265 0.485681402607405
-0.133309150221269 0.46721538381582
1.53136830610891 0.407276010434017
-1.47844960957762 0.583461622355938
0.966790994110123 0.125892022598045
-0.877675843925542 1.20139749178993
0.967427816882295 0.49584430147349
-1.21252948523641 1.23811193279733
0.834164652795515 0.769712107433711
-0.151366119861762 1.24495160540041
-1.78547918590627 2.25008708725439
-0.837162598818687 0.699202643394959
1.52510388440716 -0.172307188822518
-1.36307833729212 0.405356511285369
2.73510497200583 -0.71913531986055
-0.421432410495336 0.740152243431833
2.13838666541319 -0.592244714477686
0.925964330822687 0.193721826016436
-1.18631307050399 1.08622907356664
0.172743180117652 0.500069988151899
1.36439831943795 0.112100494125556
-0.824678170900532 0.148648265948608
3.12120924872472 -0.927670824055136
0.321653227564828 0.642456520403943
1.32651543969323 0.371207401025745
0.85148117586406 0.873626394439329
0.203919526071073 0.28845912204245
-0.260301217806937 1.09637466115743
0.462644321489441 0.786086216878007
-1.44557343010416 0.620505004540849
3.15687748420618 -0.902856895636125
0.732652845611376 1.60033764286448
-1.01143987323738 0.914162975578001
1.15751769948165 0.681093747030956
1.89789050521074 -0.753225117655837
3.52647420169079 -0.944896764953782
-0.763337172024386 2.00420120030394
-0.0715871798125411 0.24694971691343
0.281962702783459 0.11583528366789
0.691039662999437 0.927712574146682
-0.0761866094290762 1.02330586279969
0.311846144661687 1.18118005453543
0.518478712266307 1.12012690626523
-0.826967267492877 1.51069463472135
-0.75663935575295 -0.0159531030581874
0.905219937302504 0.298681345994105
0.536417241240082 1.65295687118896
1.20343694937659 0.11029574421736
-0.620029242111251 1.21250469464385
-0.55753230450009 1.78120577774252
1.22982798796201 -0.16600422048969
0.877501671887252 0.728081091602378
0.912672491894213 0.924616684176486
-0.778241610754536 0.70930240357081
1.49745660632768 -0.227121522394439
-1.41854304239278 1.35435474553648
0.432454059684454 1.13218529492431
1.73593039799522 -0.371985175330151
1.05611329596362 1.07893088117049
-0.171746165634437 0.489499135138844
-2.21656583456538 0.723053745481266
0.669001366478058 0.126808541013288
1.86249028678558 -0.617289866966136
-0.354591400189787 0.975247647588938
-1.77180134301939 0.737137365934549
0.504704551781791 1.11916964020479
-0.1143495229025 0.806905884782178
0.199393748374494 0.730503232142376
1.48420628016525 -0.0177624999781663
0.96339925734085 0.783865816081615
-3.47534592702747 1.4292922934093
3.21402565358173 -0.945126444855802
-0.709531931756793 1.42957176558715
0.928028805139991 0.667189843661791
0.518408779788421 0.844157479468401
-0.166420752739066 0.898308817905104
-1.57068693778979 0.609932270279406
-0.959931409036606 1.39671129131908
0.705328722825215 0.302664682276361
0.837289748021949 1.42127694973963
-0.832083529632391 0.947370496770458
0.472346040128275 0.466457844020356
0.41615339034438 1.07773892262518
1.71336824130984 -0.363875763624369
0.551272086202009 0.622227101195656
0.778664773726924 0.575027359910708
-1.047314045144 0.562972266055473
-0.20118666713836 0.78463516037642
0.0577664200302483 1.16202871315538
0.491697916921044 0.107964392583405
0.613384101689875 1.02760359159674
0.283607355808702 0.2104216290662
0.479300151457409 0.858608772861982
-1.56904059270765 0.973807976786062
-2.02617759611628 0.448965431234112
-0.490145507296085 1.07000170416124
1.1229017461046 0.0613890112648303
-0.141966309064375 0.631432147410212
1.37617807175971 0.335039971297488
-0.488063281354724 0.0986149835108128
3.2060342980643 -0.899040802394659
-1.65262514782722 0.774388575580712
0.132287906087836 0.562541379597846
-2.07872454264483 0.453814201320631
0.242847185910654 0.703952274053019
1.02065919372717 0.11441687158386
-1.69599969399116 0.414581363516682
1.24571691335515 -0.249155302525256
0.829800517530684 0.621589945659545
0.428668870902312 1.00195872599284
-1.42957123034136 1.49417293688147
-0.667418068232308 0.911558762584288
1.31223037691729 0.518247583504001
-0.485618686811635 0.803385648531948
-0.947791388996626 1.29888497705615
1.63521487087468 0.010835506968338
0.21349121271799 0.426386610219075
-1.07848337209868 1.28285054133972
-1.94289502842407 0.718480298837059
0.497104699454987 0.743126573626545
-1.35854816151528 0.94084188760243
0.883074583301615 0.838666639594925
-0.991656318663726 0.678983017784793
2.80793029518913 -0.793767177342505
-0.0505098999909811 1.41159158081303
-1.39520946364416 0.699298926861803
-0.743994753588361 1.02947485183214
-0.0511054841017115 1.31350122197648
1.30277154484439 0.458632251647054
0.683608032185671 0.492730170517842
0.399308714767548 0.687483561284437
-0.861416215946492 0.668087001696697
1.55690252152153 -0.15030130790937
0.34776120789865 1.04155744198782
0.725672311006651 1.09546850125516
0.744314037664892 0.5348871200767
-0.838640694690145 0.492804031888103
0.880048718950019 0.596588776264713
0.37164896092884 1.24327250952211
-0.884441000768736 0.355964385680394
0.679199760169268 0.225939078464489
1.43866505640741 0.275649548314595
-0.627297335453801 0.181820240193018
-0.10120230340234 0.637915684837926
1.1003575574325 0.48856136332103
-0.873225115934005 0.14632555572928
1.55151360957787 0.140942377061854
1.61385771917011 -0.0313596351931414
-0.725664043921921 1.34811988802627
1.34244103281524 -0.078486205174348
-0.202257027514766 0.99898584753688
1.51791570610677 -0.0814963194933273
-2.67629029865758 0.777902543331661
-1.41203272970659 1.17773453505573
0.258598733665393 0.647621890973588
-1.59061409733555 0.730854878260712
-0.638833807499606 -0.0815800068054962
0.454268832147123 1.09681002300332
0.46300385829733 0.85487794175849
0.79462909597057 0.131732068898378
0.515449841397079 0.92565834978267
1.92262493708688 -0.605151747259844
-0.0917940320628906 0.108886702841865
-0.404419597085258 0.619500371008239
-1.43273761712377 0.399242036141304
0.73981854026221 0.43441646383072
-0.77884035693603 1.29652409047058
2.0183856350378 -0.728550795424712
-0.435816918083166 1.35652242138972
0.536849294015918 1.61114231134453
0.533033681705994 1.27734517383639
3.39686452149623 -0.905539196641462
0.00188255451209822 0.241417262099749
1.6988955594441 -0.173853849120338
-0.728012137851986 0.521305164607338
-1.40032320640513 1.42835319485085
0.682911890541978 1.10960066671064
-1.40661740044561 1.1382445317312
-1.5547874728084 1.16846191098119
-1.23024212165392 0.840787302566657
0.827648816436528 0.71773913252298
2.14875253642758 -0.493089052210645
-0.234034404773569 0.895240367997414
-1.0412465385946 -0.231018086756321
0.526880661363503 1.43003541782114
1.06807987255676 0.121253247662916
0.159966493190556 0.128974202513966
-0.652842901698496 1.10199819546197
0.54194629554355 0.70706510806244
0.971468931809827 0.888398711940468
-1.37187982984121 0.549538357091266
-1.05670717506332 0.761522201503445
-1.4482674818124 0.819398862356734
-0.100515453220029 -0.0810341691840962
1.241081750636 0.966012980223745
1.00901151156213 0.61504812130633
0.616929914504568 1.38323685160295
0.170998009954777 0.712848765248297
-2.47980081938201 1.12633920919652
-1.77389522064783 1.50140151347812
-1.26282055958778 1.44579377976643
1.50063050384682 -0.0312907924315447
-0.091376111688547 0.67417264880874
-0.140028832090448 0.335453051440073
-0.0979504144907032 0.567960379947996
-1.79648869531369 1.24569774591708
0.395017962673286 0.512762341423145
0.34559713955371 1.29533385036259
-0.738917220997587 0.842321180200823
0.750188915509691 0.797669253335141
-1.82885795187994 0.410928637418614
-0.183753805610818 1.02445561672472
0.510219804763699 0.899408696468302
-0.38070873527422 0.966124999631715
0.648254387710931 0.999398239419446
2.48882357249639 -0.686360703507679
0.854477359434542 0.52925011400481
2.41601773114648 -0.70986006242917
1.72799667648082 -0.096548255622511
-1.01152653958874 0.754427006415796
0.941478450790072 0.379864436585358
-0.693061533477782 0.462792650579949
0.14018142836926 0.772608885363719
-1.43697833972043 0.622233239153553
1.40960535466659 0.105536380065626
-0.588859019187642 0.96730823846471
0.574653880418849 1.29739811534276
-0.783013689351262 0.424489058829731
0.163595522125321 0.850372647692236
0.227571299872649 1.34052955885111
-0.595363639469999 0.904057950068882
-2.00692008097309 0.93607364454925
0.400803847558899 1.07577137796393
1.39919815684506 -0.0910185360768642
1.08327631882573 1.20089582046557
0.618325212617625 0.964957516137922
-2.92831158469491 1.80731119768598
1.76815360894731 -0.248035132031103
-0.0557068684193734 0.774550197513995
0.289888059622954 1.05661585724488
-0.859520970277965 1.26008979104039
-2.65782074863694 1.83166840920671
-1.3369940305071 0.30986270985998
1.03748369509623 0.640195093012797
0.19916397611884 0.209840713823313
0.731624308454623 1.30915968579433
0.642922848569475 1.1626454632748
1.70859976278141 -0.530192922912821
-0.829881055927239 0.849105940207501
-1.71635289826675 1.19676776691876
0.220990195467771 1.51738132376015
0.654474872573621 0.549616877364101
1.36852904451605 0.546814363452672
-0.969174726195159 0.957298194590246
-1.0261432940237 1.01408605878343
1.39282009425306 0.252083362060073
-1.93523773955876 1.01213976456622
-1.90679701609458 0.703273591419283
0.662826745972976 1.01923814555895
-0.591301274125474 1.3869927075061
1.4631998267292 -0.0562807435981752
-0.13305968958799 0.752104448790525
0.373685463250365 0.712619758527887
-0.496227309934984 1.17672060772807
1.6314075082806 -0.297189474354418
-1.42216119375693 0.29300762127114
-0.132034029255644 0.79512038027166
0.959081893902743 0.825522402064733
-1.82431735956528 1.94449153038749
-1.76616421801245 1.70059898728394
-0.975589751952518 0.0444828713427389
-0.326059940709768 1.01015680035831
1.87579831271084 -0.26090048759946
1.21241481458425 0.423651317469884
1.06499699001514 0.588048228519745
0.348577252301329 0.115138692075937
0.27455878367454 0.577452828309525
1.54732671343722 0.069304358841386
-0.545212422456586 0.0863224229306014
-0.982222684308611 0.476892666860279
-1.85420924310821 0.952166085884867
1.32707240374678 0.17625853612322
-0.460962345302172 0.647396205999895
-1.60073978363047 1.35615683915229
0.753597680252353 1.12637095401319
1.21447116387619 0.636813827095431
-1.23632247429584 1.66235396811852
-0.186761473963396 0.812873104573585
0.499771456690616 0.714015426462569
0.932150425709069 1.31893392762057
0.339596596854423 0.895082130613818
-0.387468113872129 0.796401294739267
-0.956290638324773 1.03532815050593
-0.834228989049323 1.35032964002825
0.0504594882476783 1.76071185243292
-0.141922246180017 0.621650592056461
2.66945522848659 -0.796146395716635
0.0711310381038839 0.565876767042309
-0.300178391376287 0.639153722490169
2.3040321827698 -0.553803809546488
-2.13926212220257 0.800626428732484
-1.03733683687881 0.539100379707723
-1.51294187570798 1.48374784340171
1.23658955020808 0.39907358188384
-0.739873847954822 1.09028592495314
-0.57595982948563 0.416126885353384
-1.31588377303442 1.58650681145668
-1.58606025042175 1.7428780743016
1.40106601736979 0.40066836489032
-1.09295261596901 1.11550423368909
1.06007126908794 0.805542620941432
-4.18247400945041 1.38687663092189
2.12948073367461 -0.575663098194243
-0.0177431480423674 0.318564572510095
-0.383655141914181 0.666374154645599
-0.15561870309325 1.50854314685742
0.750246671565678 1.36563757751423
1.38066618369144 0.408940209717935
0.640428557370006 0.303470728170237
-0.410025677514744 0.705095574282526
1.77342987839899 -0.397633272276756
0.562552774081713 0.165722171342309
-0.451004212832657 0.528458600792246
1.26301272954996 0.709954884602783
-0.00498534391699068 1.62959575748093
0.0253445203292916 1.21974881862334
-2.20804808429651 0.838726382620207
0.944444595906303 0.563958630466277
-0.299801763598213 0.751972762606282
-0.329310733198382 -0.0128210043996303
-0.869750927432048 1.53224372414236
-0.407830295788385 0.326060772158365
-0.590787873373033 1.60949859979653
1.16745105561089 0.434307145237656
1.73933321725369 -0.41166799852551
0.893968800871355 0.759568867184025
1.32404222578989 0.435101482536111
-1.09869238531045 0.480322956438991
0.458015737175972 0.780707064273415
1.44233397654318 0.288023798527153
1.61221925748726 -0.247275674073829
-1.19072199521636 1.05401158782165
1.75507211996449 -0.406863895053174
-1.46013661436778 0.758896843552093
0.462328077333268 0.99782612704438
-0.262091214998991 1.41549305401378
0.420762667994392 0.632177049043246
-0.934728743232987 0.987045706746809
0.577801422099517 0.968372563855811
-1.91506010133421 1.3937640819641
-0.202901568239821 0.911790026645762
0.730162592510085 0.670116066285571
-0.665957299091495 0.202222036615486
0.311795448962463 0.72194844689283
0.0384054360800685 1.67484612635804
-0.638655404782818 0.912717424695287
0.685818019464365 0.987268758777471
-0.774358974129083 1.70370214196364
-1.38026078622616 1.30246429325689
-1.24005635547957 1.26211069734232
-1.25704182885142 1.15709367712858
-0.069243764080221 0.931432059420961
-0.0687541822822982 1.22620420423871
-0.200817600886603 1.10375691919722
0.199065801590191 0.432782925865122
-0.0804882601190838 1.3735386885361
0.538630010208493 1.25329413060274
0.0493811222366351 1.57491838928212
-0.324450832707379 0.710648595996227
0.28010238638237 1.27762367263861
3.01004483468951 -0.87880676615076
-0.474297679387964 0.77035920661138
2.58670178253026 -0.757481249002796
-1.59639465462743 1.13409321100936
0.105300544486555 1.13195112042854
-2.35454901324297 0.665937295478784
-0.648266558278592 1.03677998929576
3.79173112887114 -0.955840436197271
0.368404271170121 1.23617676508566
1.62401109322296 0.0333819958982248
3.41305368942845 -0.93745228062136
-1.04335283072829 -0.19838116894209
-0.197953025645808 0.584070096550064
0.255861994545174 0.064675098972482
-0.726703901955155 0.483198612583781
1.68288866041916 -0.32682757229868
-0.473187222433575 1.37040993534716
-0.449707391266331 1.76608748470566
0.201615211585388 0.763680671514497
1.98666311120513 -0.534708266335564
0.409042454599963 1.15029607047813
-3.21775421602293 -0.453701027630461
-0.687148281615441 1.50804169516409
-0.0566233925954534 1.33521836483661
-0.6192226631171 0.206460829242778
1.07146018368016 0.226791514345618
-0.715806197925491 0.837963235597808
1.41166138396292 -0.0403730482984269
-0.851243120219084 0.448194842908116
1.1381067099168 0.36986003356255
0.609870855101285 0.745357254011052
-0.414521645203918 0.899305609711489
-2.4396649602651 1.12027783944285
-0.882442083634898 1.34617333239816
-1.24427019169974 1.77205343930213
-0.155656954525387 0.625757527373989
1.11142628916961 0.616965817002631
0.663314329677611 0.599123128578764
-0.587321434592889 1.09669368730215
0.614597198608975 1.02110152864231
-2.26571607068387 1.53606172245223
1.79988215871677 -0.184903442477987
-1.38743739820999 1.41219535615342
-0.474753155586124 0.970921548023136
0.0677473093425841 0.416000066223214
0.867585309239494 -0.00594030739040741
-0.123576553461909 0.394438017185829
-0.748094635814056 0.403046913238486
-1.86775198456608 1.13165693133145
1.20331302137453 0.114302671229225
1.18975800648062 1.07277896372585
-1.36808880910309 1.44757671858106
1.15781678978566 0.34305380528938
0.0689243725893181 1.13678478413679
0.545902068298608 0.849424513128517
-1.30141352285846 1.7314628704602
1.43861327441896 0.366543327517839
-0.490014893762036 0.211999968197554
-0.791152835672255 1.45019425278026
1.29972580365511 0.107459328612349
1.8408218259803 -0.369725394869447
-0.432624799486408 1.28842492412943
-2.07348127080176 1.19309132331299
1.13456029806559 0.112203964657195
-0.191079086735309 1.07502510414915
0.55669092710751 -0.0216816287376742
1.43035423909306 -0.196298046551443
-0.330936028540236 1.02605436968799
0.180257871600823 1.08004669592528
1.39357658879834 -0.0315351488072836
-0.793338085682964 0.581575211202389
0.849338261824105 0.735846667344501
0.952859943468778 0.207524512095567
0.326433498155816 1.26251944885796
-0.177031877861126 1.0011937663531
0.990497382569299 1.10307133188681
-0.69590064109023 1.37266208707564
-1.64312527531391 1.17351076627944
-0.0105097821778688 1.2818294188301
0.480228709587125 0.477247093563091
-0.164867707546655 0.991261616515135
0.343735086324377 1.02964543784871
-0.367938840059831 0.0969020805967532
-0.702711573521732 0.707602018214164
-0.271194814056725 0.627504202164421
-0.206592194638243 1.47499486680397
-0.95524772843697 0.609731385901939
-1.33126541704024 1.98806824816341
2.25930157830757 -0.564735020863852
0.913635164748482 0.494587420787714
1.04520392807786 0.656183324453619
-2.75808322543585 -0.0708625258141833
-1.52546149209041 1.58277511362241
0.51933021843407 0.889564993716757
0.198055395287699 0.808197193216783
1.10725859089938 -0.2183846563996
-0.901409616617494 1.28785817121695
1.44091670650249 0.246013669339504
0.613349375966587 0.317979514390099
1.72184715736635 -0.268764692022032
2.4302350069578 -0.642360052797912
0.161482674702879 0.760211148689304
-0.563367930170429 0.217801962625234
-0.791473762631042 1.04389930735137
-0.498458894500531 0.924744249923838
-0.741855845336972 0.944364462415786
-0.409210942840197 0.903276628632943
-0.552436696139242 1.09008384511108
-0.785914529655461 0.539933490761696
0.212567241991811 1.0953829147063
-1.95571203235574 0.818790741068826
-0.587210318760476 0.674847402646714
0.485702219740134 0.799494089720008
-0.731411810345727 1.78736019496983
-1.25824409005268 1.80421602862954
-0.43849472211418 1.25320932263645
2.31446944463194 -0.753550072348675
-1.24173642437238 1.68140740698611
0.283728582283031 0.493622476978361
-0.544097249211474 0.967221969614533
-1.07406768473025 1.06615977952162
0.573370751142103 1.0820363569739
0.187054081871249 1.79593446764971
1.09517719017091 0.656189142720175
-0.735982254407915 1.6166072031956
0.892121173550435 0.523088101882782
-1.9159675259679 1.03690260922733
-0.175476228684998 1.46279599593098
0.0251462570844035 0.581144738808794
0.486582783392598 1.9789845384841
-0.0873937731087694 0.373501350373384
0.582084655473847 1.31609499729739
1.04971611015177 0.207711757447852
2.00781162972528 -0.450640884754793
0.853994130621059 0.757138637428385
2.12707516910281 -0.583227100579766
0.226733958205141 1.21846861555831
-0.176599612710309 1.21656566581916
-0.594391725144231 1.28605036544372
0.165983603641905 1.28093649713167
-0.526684335180383 1.68846970518473
-1.63676469437358 1.07065063499849
-1.04359413563907 1.61526424180343
1.85419597992763 -0.256188653153106
0.424678008609903 0.573664201025674
0.0451598330682865 0.43198359876681
0.0694895065957466 0.543645855497372
1.51101733731659 0.0188437900998142
-0.332150530779707 -0.0350763798957693
0.445898432846762 0.0419079962126576
2.85860887294237 -0.843626456306101
2.25977549318688 -0.778016041964391
0.347487291734172 1.75491891315819
1.98873990949415 -0.438834536328017
-0.561194736951412 0.786013811158249
0.687656767781374 0.584000964062336
2.29475060992249 -0.694531254214095
-1.49138138961388 1.2720644628413
-0.406611759368793 0.666623813989051
-1.64857486005542 1.43696819219139
-1.08174090897053 1.4637913086678
1.52870850970538 0.00242005969701539
1.76905826052453 -0.837355595276277
-0.498197399795256 0.492131882726234
-0.959142961776175 0.421036861431257
-0.60664876643803 1.78118369444799
-0.252089065534973 0.43263870187666
-0.24829849802389 0.600645790396068
1.47932684120673 -0.377298276086907
2.89688841562072 -0.862512250717918
2.34401195211198 -0.668409723681111
-0.469640072835275 0.376390326015722
-0.667906049705312 0.520591108199049
-0.683309175333702 1.52279123062563
-1.42459675579864 0.509494219805858
-1.18640333243382 0.283215949448476
0.365874802065952 1.72504086291055
0.584529190583285 0.968995563735519
-0.955587099344365 0.909695641981749
3.96105799672894 -0.972590199554518
2.47976076054194 -0.758344998950489
-0.503165063190464 1.11735250869427
0.17510985587167 1.19992236691129
1.94350421461488 -0.436274600116627
-0.452025523923449 1.29111544089313
-0.416434491714647 0.517047694958048
1.53717631676648 -0.156217530676067
0.16015723106326 1.76310907354506
1.24114345590977 0.735924897899811
1.47842523776625 -0.148878123057268
0.629498477961143 0.942052684389068
-0.895241733896161 0.800400768637198
1.04376867886221 0.49750672821517
1.69534462051649 -0.665650609404897
0.195532916841392 0.498627154821636
1.40510602824925 0.0568364225504377
1.32063248524338 0.531798959241677
2.10330000700533 -0.689621191664077
0.92975170860509 0.602115641426137
0.513795082413305 0.230392960977583
0.611091432311136 0.778878133261312
1.46406364632746 0.165905166818305
0.0343560737371817 0.17995197663752
0.958567112040907 0.18803450543344
1.06451153206671 0.813295355907633
0.192693717055089 0.490720475817848
1.7952678129979 -0.278911538847832
-0.384017307900685 1.2646279650288
-3.08429582041452 0.492397243976965
-0.497744816878869 1.17379840393138
-0.633198704441658 0.0470816998009328
-1.62387403385068 0.859046156750383
1.7767533715394 -0.289038927439335
-1.48905129891207 1.51760035509799
2.01248375439017 -0.678377313285652
0.982644880420145 0.705518460160937
0.649295864344704 1.23514751614942
-0.388948723375682 0.189850897794219
-0.26684585070814 1.11067785935948
-0.311972324175471 1.43827614221684
0.535780123506755 0.325224707029527
0.990361732683821 0.377993060057504
-0.00862542030734836 0.439203787524513
1.37974667996184 0.681728420461924
0.321898696532664 1.20488510459056
-0.108071168937851 1.11744668818108
-0.312212934165169 1.36625795967658
1.11011889744115 0.274650255547604
2.20993615313118 -0.689810531596242
-0.447956212313179 0.123787195352086
0.641237067703176 0.550606355532914
0.719667951955363 0.910671007362602
0.512683999189261 0.871473001886851
-1.56613085325115 0.582718367898656
-1.31904279798281 0.95680646475649
