-0.811999182197193 -0.692983199565006
-0.330817760962007 -0.439989607627259
-0.369772776797297 -0.311900983884028
0.669830623277892 1.24419059119468
-0.824081752401262 -0.686055397906308
0.800647933319647 0.826650323057656
-0.872713021220177 -0.729877034950512
-0.911287214813227 -0.780249814326564
1.47915292465316 0.500178227638667
2.66332933382335 1.10860095479102
-0.860518255897943 -0.63627435150037
0.466289648157648 1.07074104023512
-1.38407505775771 -0.689617349214005
0.227972590604657 -0.276057377112739
-0.480246156508315 -0.418174963112703
-0.462075041906784 -0.341316205331527
-0.81074165996452 -0.480085870908838
-2.3805864607666 -0.766658847613768
0.474740827522628 0.181807480873334
2.01385312401733 0.213710195455323
-0.0541785832275588 -0.130029710930855
3.56670261754506 0.82882346889222
1.42929888222359 0.430532964427542
0.507715107923038 0.12030276230885
-1.39627537828514 -0.740379054863866
-1.78349913683384 -0.735079135283127
-2.9717618840585 -0.866195881215099
2.65503621290227 1.57003108204918
1.9058268829608 1.4206892447846
-1.40484241183511 -0.628086168130527
0.983954308877572 0.944016013692666
-1.16332690232363 -0.536695321189393
-0.690904946781106 -0.325097474366846
0.458218730215151 0.119288972363106
-1.32383395493625 -0.756532135146752
0.503586130560136 0.331820113324467
-0.244981449527286 -0.447469587423438
0.359699807014882 -0.0399106013167118
1.07428228453483 0.354538426237194
0.752125814412558 0.259529514328103
0.125563339985293 -0.0343032586931826
-1.55354501870813 -0.742690756298714
-0.0148035713977838 0.00689223872865197
-2.15812505886323 -0.768406746642092
0.521907363855218 0.580332418470526
-3.16021872113133 -0.903229255937749
-1.05551865498757 -0.58254637981972
0.919329418776467 0.0844692816539123
0.924247663692454 -0.146579442244112
2.11715337772606 1.08339593514032
-0.895668714730505 -0.484291274652106
1.30327918900333 1.12324145983875
-0.376344340202443 -0.39006670394842
-0.0560731137732692 0.0762711980907352
0.303180049608546 -0.0747823609738048
0.135771742311223 0.101289636644995
0.427510306246268 0.632509200503386
-1.04329840590445 -0.653229870199725
1.68761042866724 0.370214937888716
1.04776185906786 -0.428274041749226
-0.559567564610611 -0.568872315935252
-1.1239495511173 -0.640274723739696
0.681117005234562 0.829485495837542
-1.22131072457788 -0.557803776761276
-1.10514213359538 -0.627606141197295
-2.06926795595555 -0.793717607399845
0.216256269527948 0.00794377016700298
0.802228334013593 -0.152046399940425
0.423481379812046 0.389614834952789
0.380129518233779 0.284547496167402
-1.03426655244971 -0.538807839753099
-0.689485441117928 -0.442945703406688
1.65139472766229 0.321328251115979
0.957550016726083 0.0868094776958228
-0.0671807249952076 -0.0975061404540212
-0.048539198118223 -0.121271285454064
-0.74224024901801 -0.419960327442409
0.255071974032228 0.079921636216929
-1.68249296103505 -0.741933738843302
-0.315424529719957 -0.36662651929501
0.297428157637501 0.298970059923666
2.08259229348017 1.17744947852843
-1.01153060983936 -0.833051839310665
-1.18993699289843 -0.662857125079108
1.78256962886967 0.367769920424992
2.68423700245182 -0.293598911773561
0.219266605358931 0.245569132751178
0.845837045306646 1.10459779061578
-1.79171857760221 -0.72605677404867
-0.348117081773937 -0.180947002514034
-0.0701796407353285 -0.205445234469425
-0.71795635630429 -0.574348307254333
0.841513611313793 -0.274168705879834
-0.790454042344014 -0.704951980704802
-0.811797940882687 -0.563692722992214
0.364241774301635 -0.575014170157254
0.158297352757133 -0.0780026643637163
-0.110568632883942 -0.196899759659703
0.0632768395953876 -0.101389134230859
0.459979256779749 0.136097015809451
-0.140559418162947 -0.213682014346785
-1.03831752235602 -0.548950792417001
-1.70443713499793 -0.712667293834403
0.269355965002104 -0.369440433341407
1.22784262944794 0.655031481423097
-0.618773079807341 -0.501919812136708
1.10248969124526 0.186824681281951
-0.423879060345838 -0.318163405134915
0.565855703629216 0.338194307438332
-1.54743460901369 -0.666833435092936
0.0439754621901003 0.210743486549413
1.20610537088586 0.916917332314942
1.0981322395787 1.10559459917206
-0.628576165273144 -0.430111860635298
1.67223552438513 0.323810665467115
-0.184720460089532 -0.285131557853381
-0.42100769729576 -0.1960928994267
1.70316898764206 0.461348436799055
-1.82584734669509 -0.739297259989121
-2.23846111394533 -0.817807175118671
-1.6494825577518 -0.687858209119865
-0.994119997173997 -0.642335237254257
-0.40738069666375 -0.556212130978988
-0.189465465239551 -0.321710933159578
2.6171905287564 0.739064863289329
-0.398348070629114 -0.523023516016601
0.868684228619819 0.631185949909454
-2.05125146405578 -0.813484292673614
1.69712625901103 0.274272173492781
1.23134467280756 0.601690436835384
0.336954024113942 0.38489436108024
-0.453227871845557 -0.276579029783128
-0.256049971220153 -0.23473815940061
0.421119674882997 0.46967239979785
0.184325648315354 0.0228015970229168
0.498022486466111 -0.370604382314299
0.356448099886891 0.36392110305365
3.03279196243725 1.32984924305058
1.27837147235136 0.375837482155266
-1.25229603144242 -0.599558308687125
-0.64269557026838 -0.57228560400586
0.574275389202368 0.53198168130844
-1.52710901811652 -0.748906151041165
-0.260800360984457 -0.304286533567279
1.73077269038718 0.530430480641176
2.12571366585302 0.572184461264628
0.93400903016151 0.833371492353621
0.301848308200477 0.0372608232711856
0.689923345188387 0.821059749510038
1.50369742008946 1.33355934448608
1.72734271909913 0.102533455504988
0.0641604080758158 -0.255778253810824
0.498629348830488 0.156999739102312
-2.0754255358194 -0.803299611153484
0.205644695372793 -0.312592166378563
-0.729315682724795 -0.313170215262194
-1.24429634936416 -0.634544874188779
-2.39366022839179 -0.821015015837911
-0.184408347209048 -0.113481979460476
0.558652941784891 0.440090368261856
-0.150553150399304 -0.285414313198245
0.743955143662633 0.161404061413854
-0.200358294596814 -0.535375466066027
-0.206560436959889 -0.33034463046136
-0.397688556473602 -0.45149975790702
0.428167390960102 0.568432051160146
0.00771306058988334 -0.123930249972348
0.343228673152932 -0.292614124511915
-0.393025810078344 -0.334830594847311
1.29045045629585 0.338229804084079
0.108097450290563 -0.0685866413367942
-1.02971154164098 -0.570456106205061
-1.52878841638539 -0.588411767657348
-0.278791278146665 -0.240773945557311
1.04839472604891 0.0977836430549875
1.56707444862838 1.2925361124312
0.275430494906322 -0.190318642232512
2.4666642185139 1.02853085583709
1.50177405239114 1.4147172334953
-1.10952937555755 -0.557931063394506
-0.528389244961828 -0.357607893745034
2.26526769206884 1.02268576715566
-1.54908068864006 -0.700311881147339
0.518808385793907 0.250680266118396
0.939334417573269 0.113273874339371
1.08922890470394 0.10617409441826
-0.223379102767124 -0.370387148126731
1.2357055849813 -0.411065917299599
-1.12875262840024 -0.720136461491544
1.20879517545512 0.118847441076038
1.34535782367983 0.713879974728529
-0.938831238146376 -0.374402450147362
-0.731933942781202 -0.738034781036704
-0.313694153425998 0.0585269965941972
0.0890844169979741 0.152937189756583
-1.16864088213379 -0.607077653141637
-1.46984561299028 -0.66490689693664
1.92818369252684 0.334559021110239
-1.22955017051603 -0.699486584769827
-0.187215766054682 -0.364954923094667
-0.938088253161887 -0.553404259888699
-1.16086758769413 -0.638230919395209
0.199582696748495 0.0536737292786238
-0.197248189539706 -0.36885676382286
0.909012009752322 0.359297266969923
0.239509738619935 0.205240089074092
-0.927231495043682 -0.583358149952821
-2.78280096883025 -0.867880604796
-0.191344564551133 0.0331899987029335
-0.464250022065167 -0.583230132231782
0.570755311045859 0.79018716353667
0.372811406398913 0.491036177835618
-0.413397111720567 -0.363531419399633
-0.527966041705341 -0.244568170930412
1.18765299260263 0.937151726384359
0.0452071276572502 -0.133453753432777
-0.536376511499021 -0.311265821773265
0.0945539381720719 -0.184149136239016
-0.296576171671539 0.0822152088468654
0.677748389708522 0.551042023906004
0.589152472938165 0.498734809868536
-0.870681331198838 -0.541348603592331
2.3945219254464 0.839427023961204
2.18108595416407 1.45636911555137
-1.38970686558542 -0.689865745823885
-0.750990640672075 -0.606660711212065
1.06896797286555 -0.0867777703326693
-0.297080920497074 -0.153181316258046
0.71738159390702 0.727409629724962
-2.53110350594528 -0.89549783639183
0.826877781377812 0.780857578548285
-0.414969023455789 -0.500918060456907
-0.532512534275957 -0.476368048903786
0.0841015382779084 -0.290674429275302
-0.544237612558811 -0.55268452160955
-0.454758965359726 -0.43551677072935
0.55279542746284 0.781105459036937
-0.427603627558175 -0.339577697236764
0.00892453473660768 -0.204758164337712
0.499181790614049 0.00794140677284128
-0.159861947353879 -0.585920590657844
1.42231408661013 0.994053901688438
2.53404365128859 0.771320712444929
-0.997727677861138 -0.715370109837403
-0.630794574979229 -0.296955137648571
0.461187442759715 0.403221584657548
-0.983837321675964 -0.821376288165085
1.50775572732506 0.512742412141643
-1.26264993432853 -0.750811326098828
0.17662572206205 -0.0054890300937382
1.95403617786312 0.421754725411458
0.757466399419389 0.635672624636012
0.0269496957727844 0.0200056897176056
-0.77434944918236 -0.45287701156344
1.76914964946597 0.9861536316017
1.14088337757486 0.225578791750143
2.10712484481449 0.602743599949278
-1.87548759333271 -0.825131689145184
0.496455106979802 0.404255657524455
2.7802873203939 1.08473250962385
1.16853517919642 0.968567785995345
0.766601594173197 0.327457798398346
0.428256558351138 0.659587873857588
0.343415486069203 0.311083671699364
0.616571280281248 0.308945179308505
-0.487769429347322 -0.211773892963297
2.77536147511244 0.339548195070975
0.020683512130339 -0.374441804932704
-0.0763642756210566 -0.456527387943861
-0.685513049500937 -0.459750424563373
-2.27718906659241 -0.819979823477724
-0.368243375737538 -0.254438234583364
0.749922975527417 0.502102893947027
0.665012128512994 -0.323266935735661
-2.15509406598375 -0.79295044863694
0.461637299102494 0.126181091128114
1.91129807382834 1.01752736825889
-0.364892524230239 -0.422513371167104
0.520772823977848 0.253212279138228
0.177418488079377 0.272435030910853
-1.3489649961082 -0.670569317025219
2.58857547055513 0.380335160171805
-1.99266253251198 -0.689940118305785
-0.164571773488469 -0.259748100416864
3.03296142698714 1.93050109705868
-0.466936289812634 -0.352014297880099
3.15727727244675 1.21775092375056
-0.857137040162389 -0.689355518579946
-0.834456878175745 -0.449276237546181
0.03062015682593 -0.4499967801034
-0.777905948146846 -0.564250267329906
0.0150666086381972 0.00978715855515944
2.23286182933482 2.00239778474206
-0.529357126772492 -0.46448915207554
-1.56660631755712 -0.734781652086196
-1.087382496136 -0.684510418835197
-0.814099895072531 -0.51674684917138
-0.406525590273694 -0.606236458029095
-1.63066493081563 -0.755388013062998
0.360995390470355 0.372599434927659
-0.798219810931803 -0.647096888825096
1.0819128202894 0.916633686723656
0.137726830009946 -0.180864025894121
-0.176597736170804 -0.171845283828471
-0.294128888741971 -0.255499410326983
1.13100282437227 0.396965737977667
0.403690338674407 0.0117358508433079
-0.266156583279965 -0.00102101799856125
0.438712317773572 -0.307758215972862
0.197551609215569 0.31298071486253
1.07075008350043 0.376765703062646
-0.51682566651197 -0.387966012431886
-2.20565671880038 -0.78562451969396
0.109693265638727 -0.209348215173426
-0.394388237808266 -0.56454196858618
0.046765071944989 0.0842978874540652
0.747009223473727 0.186916744382388
-0.209609101607529 -0.120956653974421
-0.118053135789822 -0.281441525077165
0.777790828010629 0.220298578713388
-1.34244225055329 -0.719281885110173
-0.169035216788747 0.0940428593532396
-1.03419395995171 -0.48427082968463
-0.0862328215753292 -0.222725844590927
-0.466993921709902 -0.295559893743429
-0.723745996518489 -0.364624842999384
-1.95944688500267 -0.777942782938921
-2.59009042546956 -0.876783830442286
1.93853429714406 0.225581945886194
0.86346835195436 0.768524752991182
-0.535091592537084 -0.341444175113851
1.69810788777205 0.961619022461091
-1.19512655938805 -0.649381348312097
-0.626885359406139 -0.376028707931789
0.105406159510239 -0.194864418310343
0.300000878444987 0.526005154830032
0.319211581108034 -0.0182831296929401
-0.300081088563922 -0.566503818812747
-0.7625260454835 -0.53371717431954
-0.244261562898124 -0.427906162626329
-1.62715439765758 -0.73966705037706
-0.901000347571746 -0.458621294386434
-2.25843058406951 -0.833878696980244
-0.212328645958126 -0.438840637341557
-2.03468514855292 -0.815302591675435
-2.98618658331805 -0.895232615923942
0.865540127422562 0.406161447519289
-0.0857493582967063 -0.167856569107379
0.830870872014194 0.949080890090243
-1.82717836418502 -0.752668746232026
0.0710130560729659 -0.0645137322226798
-0.544610863005827 -0.379064948074843
-0.336122731631083 -0.0760454060816118
-2.30826513858749 -0.83254703877574
0.135503231597772 -0.225551702662487
0.825488741494073 0.255286516965333
-0.675026977221718 -0.536284132324104
1.10047994605694 0.463398889040618
0.676051764183456 0.463772861328989
-2.07558593793657 -0.792426237735208
0.249866288693547 -0.136405170007978
1.21583286761744 0.677870024065996
1.73452956801798 0.620829370662392
2.45044513405429 1.34103384717764
1.00813927912984 0.975856817067778
-0.795310537767197 -0.526698528826309
-1.03131619028384 -0.648280290481411
0.879735033552492 0.894364933766717
-0.00523665594621072 -0.408104278874599
-2.15448014292928 -0.830193478348988
0.585044602569169 -0.180346152064088
-0.0683782850151202 -0.401556492948504
-0.910122718593315 -0.639769780725207
-0.16276547605054 -0.180970551025898
-0.365984655611568 -0.246906892401703
0.484459910154343 0.303124955966542
-0.943282533507351 -0.521769308946947
-2.46998905293527 -0.8258786529531
1.40900443796138 0.0778279392792264
0.361141858666903 0.310178772334551
0.495827485250935 -0.205348042400329
0.519525489396752 0.217594927203059
-1.34842762918045 -0.728180827235764
-0.151015228579963 -0.242498352013335
1.64117783022324 0.209721730086547
-1.00024492529382 -0.465174601610638
-1.81302628874782 -0.633158924215465
0.91573300084211 0.495694548416914
-0.396597836328356 -0.186542619123424
-0.681011593421789 -0.615512505452559
0.365021330109935 0.709043380879547
0.568870705898171 0.225202430994896
-1.01747349925076 -0.596492464404512
0.488170001479455 0.0570344113335574
-0.453412063182933 -0.195543762934738
-0.295176211051553 -0.555240744889636
0.316801093093552 0.599005057489097
0.812559584544881 0.657174173581272
0.95373990168024 0.10396266050146
-1.66707463427911 -0.804266032211895
0.224313400477195 0.267153327233769
0.968241485474274 0.317602116901857
-0.284540145402724 -0.217342143279201
-0.656296108770033 -0.596245717017074
-0.0710206046686404 -0.222937046425633
-1.60310931622996 -0.705837285651214
1.10039048839578 1.43174625435799
-1.65557632824423 -0.713738037446167
-2.95648430329304 -0.860320984178917
0.117188552033494 -0.270329604276689
-0.377078765265763 -0.366487380774014
-0.547476500775478 -0.435324769828029
0.547323410261272 0.0140867845098654
-0.367247104092476 -0.32561852457591
-1.1075072938628 -0.608493197464484
1.00507617515629 0.180116274771592
1.12235292273951 0.447695867591309
-0.525314876074302 -0.39183901356612
1.82310692399414 1.85992358438041
-0.137693662882494 -0.312619351467848
-1.42813748909083 -0.5923208064827
-1.46723303597628 -0.590598966857448
-0.9208238130028 -0.677558855332044
3.05103215870058 1.39799926131892
-0.858925954534135 -0.373681711537967
3.4052692533672 0.105793302440503
-0.535402279983285 -0.334671483152066
0.228018807264102 0.491767710253055
0.715110697023808 1.16488277471009
0.374234232346949 -0.171124016098425
1.73972079204503 0.879249491322785
-0.111739073304935 -0.259138513774437
-3.04576473342073 -0.870549703751233
-2.74138273804161 -0.853399194431211
-0.477109215196224 -0.281810794799071
0.682250104711062 0.3437394320938
-0.393133906153289 -0.312516294362848
0.393231553815011 0.0267584502053876
-0.487001705417124 -0.356881162346234
1.73142390929387 1.14980123688777
0.199768865325197 -0.0909981188911511
0.148612623093779 0.0115414166799903
-1.08711166399228 -0.534357816716218
-0.306144110039731 -0.206101538517036
-1.19987057579937 -0.589862020585703
1.56673142697533 0.128682321951224
-0.674497558467257 -0.509813147703516
1.20076973185205 1.0006186616885
-1.40801114961093 -0.718381964679623
-0.581281076643797 -0.566208227344528
-0.297705348247744 -0.216554936686042
2.56017427882157 0.981501305504271
2.55472863240101 0.941023686574246
0.983700571923114 0.251332304988875
0.292905644214097 0.191707083437612
-0.526481570714673 -0.6846121000409
0.831993812003326 -0.509837018185949
0.21952461394367 -0.38582193848396
0.793099998847461 0.383058304158208
0.821812553218369 0.9218579294453
-0.36113832556914 -0.544905500645709
-1.39153159350935 -0.706825270627583
1.30127413601224 0.913650957867161
-0.539793268456512 -0.213008391441043
-1.57982996215799 -0.669401440066144
0.939114813895799 0.0432646630224074
-0.302056374569277 -0.381857662539535
-0.0142765286534169 -0.0741589305858054
0.301055215761155 -0.160491429624049
1.55352449573268 0.615168640708542
-1.62290137253904 -0.707564471311884
-1.99787439054143 -0.773979793125262
0.67810928128792 0.458472372070902
-1.62808464022137 -0.719651426614919
0.128755708687672 0.0741885881040643
0.188587958916563 -0.282086820814984
0.442073820392938 0.660547698353192
-1.38387551947498 -0.732179026256576
-1.99943703896818 -0.801634261878207
-0.469693666131774 -0.514364385478861
-1.40748580783558 -0.620167918735087
0.103440597585205 -0.458687450023543
-2.27971770484629 -0.781737325981383
-0.361854125523406 -0.189721075680293
1.1167034969246 -0.00383591310913767
-1.36974311833708 -0.648449453407412
-0.0873589504087524 -0.127856225370837
0.962726465722547 0.0943743007910723
0.0604846803113566 -0.43504277792871
-0.355785718684099 -0.285596335687224
1.16101810811953 0.616690723861216
1.73756026822102 1.1550604634113
-1.2616849156116 -0.559828908748835
-0.687522237791004 -0.590322840443296
2.54715084105287 0.396385189950878
0.404576336880706 0.0140938928267412
-0.395312838224557 -0.544109227702675
-0.867829134252895 -0.71468413031709
0.347098207507588 0.223869981145027
-1.03693163389626 -0.646577008972515
0.878690554644082 0.582055834317504
-0.279857523201711 -0.470296701793896
-0.466669383797473 -0.557085425187906
2.58968807631402 1.2471158006913
0.156848637122379 -0.268423387070155
-0.622787142239578 -0.311686218348817
-1.33367019096774 -0.739923672646821
0.546422392767039 0.21433715991679
-0.539207005434818 -0.257477038111181
-1.31042070928878 -0.650379220416135
-2.15478827246185 -0.772547137624412
-0.865634057423048 -0.648606144391688
0.363020091537004 0.488948234430156
0.898349204356403 0.767895784047189
-0.951891926400526 -0.459494167952966
1.42188278007056 0.938238512276206
0.983427182244016 0.327068950972248
0.00768409899941523 -0.262514004050393
-0.817878227602215 -0.579000374278718
1.19867692470516 0.270343182726182
2.34671184158362 1.31795013398985
1.38279166234482 1.12301134831347
1.48800049691918 0.373321030030229
1.29410238570176 0.232019106744879
0.917298963890717 -0.195216041279958
-1.3741354617806 -0.687648726656833
0.365174121080482 -0.0094603376405957
1.0371435162102 0.017005236712374
2.2008414634854 0.941931257427097
1.03015071574215 0.550165912812561
0.256359024235187 -0.271168621560502
-0.181798041657833 -0.174375144386504
-1.26423151417432 -0.679893851933763
2.25538473506358 0.185209830018204
0.611402088294141 0.508882973210662
-0.803636925508432 -0.37082359629991
-0.359004670585293 -0.0812102353352019
0.011383942367175 0.373323416819647
1.66532074385645 0.426700789641258
-0.922030438560559 -0.407766803398318
-1.05241223219778 -0.661996606547434
1.1213388848613 0.730740561201724
-1.93834696407624 -0.689860565550416
0.121610967146939 -0.0286258537717357
0.770332702360907 0.282007269889484
-1.92481060002145 -0.817740359916062
-0.65572597800471 -0.492914261734862
1.70456291046141 0.736091123807135
-1.04052129885522 -0.58566712711827
-0.811375404696161 -0.524681113284516
-1.2222863755863 -0.607859788621377
-0.348798277078517 -0.26609297950291
-1.06897958452238 -0.634406548885333
0.109453982631225 0.0499245355599047
0.961496202439167 1.16199080382896
1.50590812298514 0.349383138106867
-0.228353972942985 -0.559669038403935
-0.410478924918065 -0.231500002465797
-0.433162305955216 -0.602498241348135
1.37682092778293 0.404520627774297
-2.06587345866533 -0.745984271830262
-1.23431568525083 -0.648238069674059
-0.509312953488289 -0.570378774660889
1.2290435579358 0.675546121322288
1.88430530132775 1.821892038746
0.909501787316381 0.255618948917504
0.673614187742946 0.247887408069815
-0.507810306290567 -0.481807023510182
-1.0145268736487 -0.618705142508231
1.30702023444589 0.709935949917229
-1.99497958548564 -0.818996170934488
-1.63203655386018 -0.761461809516282
0.663345232017146 0.14014811464176
-1.26371713724034 -0.658363434560474
1.92077096436316 1.50317526698719
-0.00883711879562799 -0.250511527944345
1.44169661636492 0.75220488246673
0.192627443351864 0.192967207388478
0.42932665532154 0.276526522888453
-0.797901544347872 -0.777193846247882
1.04857818748075 0.0732507755067212
-0.694948873761333 -0.470243490321782
0.821966694386377 0.524665690366811
1.8014238280996 0.873013921361641
0.232450558194512 0.0878000618450662
-1.07319268321516 -0.675576970631715
0.1167737344002 -0.0366949629675726
0.315744437936193 -0.0502722534418825
-0.201957447677981 -0.249615864611566
0.477170171445536 0.0278783849191282
-1.79069497566186 -0.708054897117566
1.43329670116837 0.23302708623174
-0.247326516862134 -0.0829088859147528
0.613855645097463 0.557482183008072
0.925352564721743 0.741581156268689
0.806281649924275 0.0311750520847664
-0.101652717522489 -0.447137360059664
0.983754606186317 0.540327431233357
-1.24414532256121 -0.629251289460361
-0.841499655302141 -0.741257192918277
-1.08060769528701 -0.650201035850261
-0.519999221456758 -0.608710749379033
-0.276658142614034 -0.323244954783983
-0.859176936495799 -0.457065043914007
-0.564840599769409 -0.342866498635393
0.482316492815666 0.404170496405633
-0.484424588709727 -0.607333487705491
2.59551256077794 0.84807269586165
-0.158038998321809 0.0245619964147382
-0.401897890374623 -0.630360529850478
-1.33945314893203 -0.738372306300983
0.971069432055288 0.609127852596554
-1.02570900115958 -0.491921009680285
0.132642964543966 0.280934989922671
0.397814577870851 0.247588707424892
-1.59804567098896 -0.812014272462376
0.0111748632310366 0.0510753771814264
-0.47781701271278 -0.353120244341314
-1.39182330999535 -0.551900814949779
-0.421293209981984 -0.213374819024067
-0.70646228478844 -0.545121548235096
-1.72075416012138 -0.718730784115393
-0.284217450596719 -0.591580040432693
-0.0397385756113663 -0.212374674722859
0.161491534175525 0.10587188401744
0.0520227083402123 -0.0914848277272048
-1.20785909358193 -0.691397055393309
0.566302100538163 0.373949278305366
0.442921856168696 0.172882091873205
1.92033722785921 0.738415663530784
2.24298265172031 0.742617197782173
-0.572361715610429 -0.635415086076886
-0.373084064595331 -0.362234289690664
-1.27619731940661 -0.612933289890612
-0.342643945346515 -0.29603423281881
0.523555750673765 -0.0979757714829219
-0.863313586963051 -0.557746691396827
0.679356492291307 -0.0976844247838273
-1.02508986570894 -0.69659553224851
-1.8577221109061 -0.753189582371617
-0.278367481426265 -0.450535759024854
-0.275986803395382 -0.364524552101189
-1.34473358723874 -0.679046729894838
0.20453649544665 0.482095071399982
-0.8414674278356 -0.522662160458586
-0.963383539149158 -0.535792723344678
-0.0208514921028219 -0.56659014740168
1.83144772435694 0.778364628509768
1.2314215997617 0.475337511461512
0.128925558488642 0.0227893312299868
-0.508900057274101 -0.455959612369479
0.23063222560831 0.0223321361423831
-2.84021919936198 -0.848855356788689
4.21887369055676 1.30588770573684
1.52389564725972 0.808251274638298
-0.713183789589678 -0.536535061954615
-1.45887188399937 -0.688509013661458
1.47962883800702 0.729705042359889
0.0286120662963447 -0.316784969841482
-0.47390666661682 -0.511150742673198
-0.115363417003582 0.0205845098105471
1.4795708285038 0.619901878253672
-2.47013680947418 -0.869052684848
-1.14580493898224 -0.66801505001988
-0.599544743103402 -0.348227710718207
-0.564336937223677 -0.491667097324283
1.13821963912313 0.740255979154224
-2.84589833019478 -0.842231183383541
0.34613057803981 0.336395481079032
2.77151171342656 0.426301825432165
2.66192081911688 1.08212103538045
1.04655763250168 0.026247331472331
-1.36681863203226 -0.67586914139158
0.403136792172196 0.0538476474412706
-0.604745219235648 -0.511282582194273
-1.25844156877964 -0.582432069161219
-0.811601375802208 -0.609213639795231
1.80231902391949 0.264126588002869
-0.963605901047994 -0.645928493466467
-0.124038063531077 0.135152973464245
0.542218536321896 0.504211082206811
-0.956806500455862 -0.607417255450773
0.539183158654147 0.268690803763531
1.09381863450112 0.583401154697261
1.23704955636567 0.742118113038539
0.915766469747755 1.01777525551071
-1.48532863530643 -0.627326970408126
0.475766445603804 -0.0832492834275766
1.18947215245441 0.26692213115058
2.28700546681013 0.430603411560884
0.93461891069411 -0.115364920130255
0.187356411793922 0.135473739051062
0.665183272747757 0.220411618395839
0.988795587348832 0.356573587670297
-0.945835661760858 -0.559056199231637
1.67009636790195 0.62029133310028
1.61851176699918 0.916010853254073
-0.0302145371379834 -0.161265403738923
1.05180647680947 0.664095336564753
1.36945193473675 0.332820947577624
0.790536887278659 0.144137821608718
0.177444230713701 -0.25565825872462
-0.0427406392735731 -0.144462913976277
-0.275655756871515 -0.18735538777779
-1.91133707653537 -0.803484557131416
4.36033511547816 1.17146735179167
1.41978795512419 0.709614373385036
-0.440364209037468 -0.521280838531788
2.56921152823532 0.163935009840624
1.80936330542348 0.669517167367314
-1.45864164326489 -0.75297749273716
-1.59919492645184 -0.71430764231648
-1.57649401060137 -0.693287891585232
-0.567536552158365 -0.435611589106615
-3.08876864414396 -0.893532011828572
-2.87628247242037 -0.872582219883658
0.498136274622762 0.368349861535756
0.35283627244786 0.150361915130394
0.863132950460546 0.411844907048413
-3.33198156942393 -0.885841614323934
0.0814787992690017 -0.182091466602826
0.793869153979553 0.51461209835785
-0.239286874322511 -0.523865677289419
-1.18689685904726 -0.602903116228177
-1.48788997902675 -0.691411412409399
-0.7516057295041 -0.625637638994137
-0.211444530519398 -0.437313489556366
1.63660650490103 0.86283505001572
1.01881583692442 1.09021512604512
0.44931978542628 0.447073493050734
0.0947817169200578 0.0746867658063735
-1.26474953556758 -0.820315991151352
0.0787773935593894 0.188917958399758
-1.06007106951261 -0.503090429821184
-1.73113763080768 -0.806796163557217
-1.79878781503721 -0.699785478792832
0.75288651128783 0.399222377646503
-1.75390299969441 -0.727390548614734
-0.701071296246271 -0.514260343981083
-1.98252224505277 -0.762515775801806
-0.516798468093286 -0.417532270726243
1.04010862674289 0.538126043249086
1.74286871175967 0.342869682306339
0.632379758275463 0.526974407844696
-1.13551319915907 -0.754523837282673
-2.68823533929518 -0.845176561290242
-1.0375470134522 -0.579945333699799
0.920508778398625 0.369628034357253
0.868775119860295 1.03721948759418
-0.135095864358721 -0.302313361444332
1.47585721961964 0.994490538571664
-2.93773012063684 -0.909399304143886
0.681488672161691 0.57752731084396
1.00454076837989 0.946654776056975
1.86109686156749 1.31397002386347
0.0543235098242671 0.380671744427309
-1.39924702734355 -0.825616090030201
-2.33962069513347 -0.832254979714851
-0.653867818696109 -0.268956539705634
-0.115193960982834 -0.221692507523896
0.56278984215877 -0.0050524608915099
1.04401349853701 0.592755259534937
0.212864710112681 0.497725691729921
-2.78121365509981 -0.877361673341383
-0.160084285497298 -0.192739786777031
0.968186555677136 0.13890836437237
0.116530570338844 -0.167717158286826
0.872001878952939 0.979947679435373
2.23099965970172 1.29557457135494
0.0511302298303468 -0.122423346070481
-1.33100186771841 -0.534229347113601
1.03205429290705 0.503397534779085
-0.555857443276547 -0.159932646984678
2.6600908911803 0.796048898887102
-1.32963676717365 -0.704523729490431
-0.443806080215862 -0.335636754212044
1.4771826733803 1.27989438965229
-0.338398486521214 -0.235527603859906
0.727560277148067 0.173864526827217
-0.35374762155301 -0.351162587912236
-0.854284059306383 -0.590265526241258
3.1364140170338 1.12566491829912
-0.903587708301543 -0.530989411638876
0.644029486049268 0.306623767253507
-0.469833737566425 -0.226496010788283
0.364161474890136 0.467180971685758
-0.547054124520746 -0.381421389526904
-1.30215600669426 -0.656228721118168
-0.573272595529625 -0.498655596616957
-2.21697932253369 -0.795854950578151
-1.5391076899476 -0.818558280272417
-0.987376196109965 -0.59742152108732
-0.391614601470462 -0.540792976622753
0.114363362999162 0.303361083035744
0.139571073313751 -0.473886042628439
-1.78741549964111 -0.713843724487154
-0.522467160034802 -0.462241215902103
0.495677015208631 0.821896957863374
0.467509267677515 0.73669355360643
1.10700443725366 0.23003110130123
0.966862531330029 0.138976531512396
-0.829524462234338 -0.629295644095187
1.97349407229886 0.516813881868319
0.65866612512964 0.914400574458865
0.636668814861756 0.412132805469225
2.85275393104073 0.651112953304663
1.00550123447695 0.583396454989029
-2.22182220910926 -0.80721601272453
1.43025069314703 0.571846829564145
-1.65729604153569 -0.736537027914499
-0.736447043212706 -0.560068518423845
-0.834348948965009 -0.693294768764252
0.295962605804435 0.364851878665705
0.216863053969008 0.363994215908868
0.612880626703992 -0.136186437628658
-0.469025508490959 -0.578956520094139
0.218662409999781 0.380184786835905
-0.0233892321090621 -0.12914638707247
0.42500468763148 0.672728362037795
-0.251962603622494 -0.30338913473482
-1.49006945683791 -0.690421495956043
-0.400742644379069 -0.514252394160693
0.310599314158269 0.711527268221211
-0.348130992689537 -0.685367796631908
-1.9094323503884 -0.711712548551783
0.515043008615317 -0.516269513060241
0.975685069571939 1.11109886975798
-1.67315244055347 -0.754126005162472
-1.59048946094296 -0.735650439062465
-4.05208186359601 -0.949906366091815
-1.15165685014666 -0.668061508256692
-0.478666520803641 -0.262916898408219
0.439888959058585 -0.0576076673918031
0.0321180122247326 0.122984430434187
-0.370455235755888 -0.577802493602389
1.10733376644554 0.623185239750849
-1.04391565244476 -0.510782687945394
0.41138170360604 0.366824665068782
-1.92331242914733 -0.828030024207908
2.04417683864428 0.311802791085245
0.720773105352002 0.244402724638828
0.516308006280678 0.166114899752683
-1.37830522634724 -0.625291828974821
0.593994512160135 0.582766117395598
1.32532511813686 0.633025087600568
-4.43806467478835 -0.969963570519592
0.822500751085181 0.269900134618335
-0.8971626105884 -0.531219419738778
-1.9175556628547 -0.850282707149328
-0.0258855414706144 -0.00817521209261535
0.985035256671362 0.716110010164787
0.0922987886838894 -0.062871109259197
0.446802457726533 0.302715884312455
-4.59435868813325 -0.975240017568304
-0.868635444632291 -0.647625192922861
-1.48686505998734 -0.723723447028481
-1.93183959368291 -0.822202309424117
1.97741759209415 0.542654863164864
-0.2312798544883 -0.24549631800924
1.77909649842756 0.642880152830499
0.466803547358934 0.895010481553214
-0.458934637353822 -0.216522540828969
-0.140780429216897 -0.223874799573798
1.55911489105398 0.296677665037955
-1.94527233750853 -0.783188212503356
-1.38331422147026 -0.685716621799089
-1.47573548468943 -0.659918014604979
-0.616841044805529 -0.203678232765364
0.959084585623151 -0.20590721264789
-1.12045882089124 -0.517072308579581
0.733097914523162 -0.123733399250512
-0.661325739134932 -0.444590055355472
3.56519741782531 0.979099875696617
-0.335119935044491 -0.623024830321792
1.09839035683115 0.114407745774719
-0.573024078090936 -0.479394209914565
0.641623769390087 0.443675424855713
0.595096594781265 1.21430644649451
-0.823570836542107 -0.474269490620784
0.102693983773884 -0.27850752185763
1.10111970623194 0.145597464499971
0.66467262089617 0.634576223257639
2.4858812795323 1.07322312086152
0.499527600553174 0.474277122935894
1.76344800753777 0.115346239402213
-1.37770813714966 -0.692418820800172
0.453637448580892 -0.0177761399507608
0.487138192233079 -0.224133824629073
-2.12776422400025 -0.798116730185218
0.451294615201246 -0.415208666822551
0.747048349786262 -0.0621650738675498
-0.424639105407627 0.0586583573886781
1.24999060930883 0.709927939096513
0.689897039168319 0.242410356509823
0.765912969131416 0.793512691384332
0.713152949642181 -0.337742617209229
-1.50131023618342 -0.704614803730159
2.80032561523583 0.659583110463249
-0.70577006032501 -0.337080498477303
2.98232881822712 0.102054298954267
-3.56487027256263 -0.93821262501756
2.28016319863294 0.659561542360241
-1.6199431737363 -0.754416278627688
-1.31321336314361 -0.690539044894902
-0.630209644807928 -0.328817042583429
-0.189094087326913 -0.168547882946175
1.06217912250068 0.0933309270358093
1.39968910544912 0.540215869234884
0.515291368711965 0.116873126888887
-0.548465368545186 -0.383124220277941
-0.0939912303490641 -0.131816349588412
-0.312479389429634 -0.117419477767839
-0.729633074749561 -0.638695931165661
0.87286302368673 0.543177027854679
-0.322010634140845 -0.49695276645912
2.24967320894091 0.684787173498206
0.0494206667152192 -0.279192593913572
0.206204006585337 0.4209655437824
-1.98450974818094 -0.76313153494891
0.618814815104596 0.361316771698246
1.38725469149507 0.996170285340076
-0.970637100219407 -0.653471660419613
-0.580623458017681 -0.688298845007751
1.69823688301855 0.675510120351723
-0.0921132544141631 -0.419014986946501
-0.294760356111813 -0.252432929881099
0.428617052034975 0.696333274535816
1.04062113761557 0.918087580743937
0.0923557185050752 0.21368407877633
-1.77554957432436 -0.728371141429874
0.565831810506093 0.13880269042336
-1.66617420731751 -0.663394392017687
0.538704999726723 0.615807965951263
2.0539476091913 0.585624975910936
-3.41493175993354 -0.916892476902848
1.31590244194606 1.12874081709559
0.382641288395746 -0.0752403611133373
-0.733677418977138 -0.579576991124874
-0.293332951337873 -0.214692270356614
2.11264126813531 1.37848323655292
0.52122876178429 0.787289788431851
0.465094846117848 0.387288225636729
-0.247805353278599 -0.364311144072535
0.120332206436948 -0.0467591242852472
-1.78453790278113 -0.8313443497221
-0.55318391138664 -0.269373317686955
0.146102345180359 0.51235667285747
0.198597542225331 0.0833883346174219
-0.29986542699581 -0.443863897343939
-2.05323922289043 -0.855246313099603
1.55612904765521 0.875981213134372
-0.877999426866177 -0.646533313464516
-0.371950408213261 -0.206008464780559
0.495973738154394 0.441999324699355
0.572703772423704 0.580762128664673
1.20846037182044 0.449397409333424
0.594895655429296 -0.0644811812036284
-0.0031908416070678 -0.418886812631261
0.955398977907171 1.03743439247534
-0.0804252686228067 -0.170199812490736
-2.55592005900739 -0.858948179255069
0.30054541356294 0.179137167733068
-0.742289701699496 -0.416352318991004
0.664445959932187 0.324509924845572
0.227509261999669 0.47680817168285
-0.507683138604022 -0.235278993788385
-1.54700964581649 -0.73097915938589
1.28992360545436 -0.268753220725317
-1.4215299625723 -0.730774584484299
0.936720688483438 0.196339304891865
1.11049932834107 0.68113979867496
-0.891608173720009 -0.594374301603711
-2.15699819567408 -0.860948291910399
-0.342635299280012 -0.343431628897659
0.322152350863233 0.251160659202428
1.57389351104658 0.153961849447868
0.406668669778925 0.250836272890215
1.26208410475763 0.765497795198484
0.394455983323308 0.553055001956643
0.136071751468351 0.704188935360747
0.411538409284713 0.570116056860577
1.36151586596652 1.41675986793743
-0.082152306459774 -0.104443084812655
-1.21493720343208 -0.647623110742359
2.06140159662334 -0.358329446221264
-0.391184979916182 -0.245063561276616
0.380118991808179 -0.190389049723031
-0.511206781858428 -0.565112342701752
-0.30068415926107 -0.509657125840509
1.24030478355509 0.578266502903497
-0.946337389005521 -0.435385263949655
-2.09826741808945 -0.830394732365764
-0.212262541767891 0.0544976090359318
-0.0292799905422925 -0.159023609159182
-0.919896796407505 -0.501647385034965
0.569528923852297 0.0193410291658184
-2.86265060418475 -0.901430146797208
1.76998634710905 0.0363356654719144
-0.480551040618521 -0.353869706265783
-0.238687862773379 -0.434692495482785
-1.07615933890723 -0.578342922569237
-1.83108082470458 -0.714734782203834
-0.842683320891968 -0.521278593326065
0.929003330566089 0.714599350142111
0.594785534792721 0.542488662020096
0.0487637883527321 -0.123496328956056
1.75878152203833 1.12449755409971
-1.2914199292594 -0.728813521597298
-1.04683363667258 -0.528307655322829
0.820549620263789 0.379978831314168
-1.07797113572628 -0.469780245868529
-0.371013784519855 -0.372230934580757
-1.16200850946843 -0.649490800447506
1.15191655756437 -0.199109563110837
-0.0412388543415408 -0.135107686400604
0.799679983674667 -0.06216550744246
0.0642052952259015 -0.110748976843427
0.240541796495405 0.301327235857083
-0.656821252041117 -0.280855231496414
1.23594298828396 0.294741692584412
0.548065502464505 0.450749026281428
-0.535022349239576 -0.626948418729988
-0.253593155921638 -0.336380717146875
-0.13272686524243 -0.346203711910688
