-1.01809338569941 -0.736906006754896
0.0500722895669103 -0.702733799565995
1.09774029469555 -0.608946170539294
-0.153246782443819 -0.626530864065135
1.508537936857 -0.501393326455301
-0.0670399205780089 -0.566214616813302
0.00519574080789563 -0.674270339211052
-1.04517070039965 -0.770588638915394
3.29362923425661 0.479462901250886
1.4393225999988 -0.343493203033063
1.93649899544716 0.330321252219642
0.90026912595608 -0.477599239616023
0.0904106387826011 -0.512834136192347
1.27635656316403 -0.580075070209908
-0.54785760415533 -0.692310553638838
-2.1619150288079 -0.793649386131653
-0.0649746141352995 -0.713789898104729
-0.132394450869797 -0.726439147417022
1.12547074241016 -0.463672872405905
0.501992327302181 -0.492942063151055
-1.27450273775858 -0.745937555139587
0.553852090494306 -0.587188921098178
2.48033267273571 0.279960674632966
-0.11568763726106 -0.718746402199462
3.02276924350336 0.571878345945583
-0.829746660901272 -0.753280502578322
1.49341684412243 -0.203821448675768
-0.449154557695331 -0.739706955496241
-0.469742512676604 -0.588125995674943
-0.146904472127311 -0.690813204458834
1.11701987107074 -0.567328227169725
-1.58244786264174 -0.755653859024901
-0.32117885269982 -0.741005686731089
1.97333116836758 0.0105284884856572
-1.07775971616081 -0.710973785211028
2.47633177086226 0.478476411063637
0.768999186286176 -0.622244593941393
1.28964178472795 -0.366867702350072
-1.88150519046796 -0.784961624752101
-2.14920445443044 -0.779000691548361
0.579293450340216 -0.64457148388189
-1.19043101903166 -0.764971531137466
0.780882166205138 -0.490726322027561
-2.69957862982635 -0.8211187953487
0.874105793985793 -0.586217789189903
0.345724446271659 -0.59399274788748
1.18240083244572 -0.543076121162095
-0.809775166008163 -0.734540837453131
0.712843453805536 -0.514910258166396
-1.27613007479072 -0.764153317302944
1.622089616369 -0.187606227160616
-0.0773720950013521 -0.749892588982329
0.544856072383644 -0.592396343395094
-0.0847660574977268 -0.660950621249019
0.954439384372238 -0.360353793987096
-0.0733393171231337 -0.695890441479645
1.34972406831982 -0.610892960368814
-0.994470324978927 -0.733321262784105
-0.709284747606132 -0.730525765929019
0.505236655560824 -0.567130866528744
1.98834743022862 -0.324895333073054
-5.28643703443266 -0.890352346103239
0.0782391684878647 -0.68156956345782
0.714178438786476 -0.427774058077249
-1.75651671741458 -0.791099251772883
-1.2086441009344 -0.805416458151328
-0.820829816156495 -0.724642663942604
1.53850174948482 -0.385838226566656
1.60326216111098 -0.229541788471608
-2.80668911077216 -0.830013254158523
-0.155177638754282 -0.640440337163397
-2.33012626012678 -0.831068231940438
0.0969897803242389 -0.631143704533729
-0.174795852320414 -0.709797447322094
-0.271542045894592 -0.724159886532016
0.0486855351070719 -0.699812159055321
0.458666126014463 -0.606062210040208
-1.84615982668933 -0.789748169128475
0.352951403900688 -0.587014431053341
1.05361388761523 -0.507666329228415
-1.34205005444157 -0.75744534529684
2.21995541955659 0.29660508662362
2.09527134540573 -0.446697463543541
-0.616979585293667 -0.74475338656544
0.0544044527091422 -0.652765350428057
-0.693675383470842 -0.840068045983808
0.283722474207796 -0.681640972970485
-2.37527747434546 -0.812839218542755
2.69345267002063 0.653241710571836
0.572770296071916 -0.607466172248965
0.935961538869942 -0.481055913788837
1.08621655468057 -0.528579832976085
0.0117744513176889 -0.719016942469875
-1.33591463644089 -0.775311725006662
0.301307866479606 -0.624301055086033
-1.83155598507588 -0.783083629973561
-0.564092559300364 -0.769445910537703
0.245194720330966 -0.584387113108972
-0.700883074281151 -0.715320510059654
0.944595633060515 -0.500899193897015
0.968391796389992 -0.72964269907696
0.743532472906155 -0.526289070301948
-0.452360581544525 -0.719494513282423
-2.13529206578851 -0.833049414878721
0.611597151103422 -0.596010962419482
3.93618622146818 0.186923135126985
1.1014648187093 -0.340481457310135
1.40675257186064 -0.249924401892284
0.187923402614258 -0.653316484604433
0.705750513265363 -0.451951557361062
-1.12476695345309 -0.736204177743844
-0.72542088826694 -0.737546626110849
1.71300042075518 -0.3393993613503
0.0427464820915062 -0.643635513112979
3.27121195176974 0.275427725633441
0.983120166078435 -0.539004147069557
0.501663488593682 -0.494132316222144
-0.417699074322708 -0.694917959422417
-0.0638467627166052 -0.625600671589155
-0.0512477885341622 -0.61772855650508
-0.883678804050857 -0.814511526561365
0.923284758865177 -0.517403794234021
-0.726823702339282 -0.737939672828818
-4.26849912302665 -0.876997523373042
-1.87245377040948 -0.79535097345043
-1.99072071142008 -0.806917559163679
-1.93090699510677 -0.819164418474781
-1.88984151803411 -0.812479230699943
-0.551091700344905 -0.769847317992342
0.712270009088418 -0.415525174646131
-0.586914401879589 -0.773644427087237
0.192724584234411 -0.55434035073871
-0.58868022400023 -0.704252105337996
0.174942513457576 -0.652765663690587
-1.54930080526422 -0.771056591231132
1.26078325722552 -0.448236778398677
0.773588106764283 -0.607211447342239
-1.10957538912989 -0.72384040260665
-0.22393334020821 -0.637838563025159
0.827826130821585 -0.390866002150237
-0.642150821556473 -0.736044738332899
-2.2747315774791 -0.797758698478433
-1.24698461354811 -0.711961623343434
1.23652154414997 -0.566864151856172
0.191641610072483 -0.491378287165218
2.19238312048248 0.237713405810626
-0.564191706060647 -0.705336768043463
0.82159333427927 -0.507586673734812
0.73495479113923 -0.680322906663921
-0.532508224309341 -0.743118864611994
1.11904538735646 -0.450511262605316
-0.0317620031332031 -0.633420640466592
-1.33087594348789 -0.809276505885157
-0.245466552543312 -0.710517712412027
0.389889847127422 -0.533535465327594
0.961036311838674 -0.537296915432651
-0.56801123855984 -0.790474187122211
0.528165387790987 -0.644172385336171
3.11155601936092 0.647729424739506
-1.48921293589047 -0.795002277723411
-2.74395178865454 -0.828650637579993
0.206348983259734 -0.580694819570969
0.0154526473718301 -0.75719791832668
-1.27104117520599 -0.811100680897124
0.0660343700032105 -0.578086672142735
-1.47531602644269 -0.786674200524188
-0.643726840778591 -0.657706024412671
-0.891000800020599 -0.70009535839058
0.993624659274735 -0.524893428166626
0.814313231541341 -0.484878600609252
0.625867411756051 -0.53474065123475
-1.77261360067051 -0.814593936584218
-1.07554315415571 -0.766580277840358
-0.31770602017847 -0.718901642245016
2.05501869224996 0.0477671590476899
1.96459338839892 0.06900867211618
-2.31292440851368 -0.8052122773589
2.5149499837161 0.568359183350272
0.191902345834969 -0.646989047300218
-1.01967009090153 -0.700697296936039
-0.103923973761185 -0.694411851490407
1.56837263538395 -0.294940668573214
0.585980296108156 -0.521797161741138
0.563684849029715 -0.498419588781946
1.99289065811952 0.0126038775049493
3.58783002547542 1.0094799712107
2.05290168237629 0.254182793139973
-0.242075310798157 -0.651499940475417
3.0508934658421 1.37928171870199
-1.81169616043609 -0.786193528118731
0.483227556162248 -0.492999034404592
-0.36791185457804 -0.668828975416257
-1.27810750282353 -0.814932078858966
-1.05186460920344 -0.785749859686171
-1.58369162001854 -0.83248725742075
0.0829226458069724 -0.540567152646544
2.61191043825227 0.63931160810258
-0.405323699984044 -0.795037421603346
0.0207753238500392 -0.695304338689696
1.47633595541086 -0.531408294309739
-0.269851190809299 -0.773299237433438
-1.10923358490137 -0.718051385136164
-0.60905224249111 -0.713448171708126
2.54541740567345 0.224340231614591
1.28816206174033 -0.373631643387358
0.949277967600877 -0.38657092914566
1.17496233891663 -0.210899594563896
-0.186017893854639 -0.616553873581805
0.115298396152723 -0.686444485634945
-1.55637106147212 -0.804910690917045
0.728717754017006 -0.463205074252107
-0.780851246982402 -0.734430946858773
-0.178092677298049 -0.674620840728161
-0.43225716729079 -0.753410523327874
0.228133088436723 -0.624631250874162
-0.266541746420571 -0.637393224486449
-0.5780323801723 -0.731145332468122
-0.213993781735992 -0.633768285433887
0.528205158555157 -0.463622970396377
1.07706146456808 -0.409742391439821
-0.370110632657811 -0.686313331235467
-0.49472259456931 -0.671617064991618
-0.325931909595074 -0.689673439229421
2.77823352133202 0.253340707246866
1.55828919351501 -0.5525465396653
1.33252003148685 -0.187953740935265
1.61487828235681 -0.159892395255896
0.455046259792537 -0.634398367082964
-1.23043188546534 -0.766393156026772
1.81324066203124 -0.0705396573363336
-0.820015415325789 -0.723524850812175
0.23684336630925 -0.670081115916561
1.51619672578351 -0.0458422301725057
0.507923618542964 -0.629189855024826
-0.972725460122388 -0.730455700845602
1.07224566250304 -0.528557257215327
0.567234491734747 -0.584536491549329
0.131380845678825 -0.673269184141926
-0.0478487752199932 -0.695550148991368
-1.29157493726462 -0.766969707637484
-0.72576645393317 -0.757436509951422
-0.489725251871486 -0.681416108953571
-0.362520669443486 -0.675794302034367
-0.280935042158432 -0.564804531402568
1.26892065311067 -0.389786147248743
-0.658758413630195 -0.769796962899771
1.95508524393525 -0.176713966206196
1.70779660917189 -0.117476715676568
0.490915067080348 -0.602875198868752
-1.1196669173517 -0.782429305988862
0.880433010532379 -0.500453980481809
0.596318332400024 -0.614608321514385
0.510206441166852 -0.486879149099746
-3.12373866869226 -0.853089071547969
0.278007592395647 -0.642710128435439
1.08452332330828 -0.443830865646451
0.575829394182486 -0.629238710571992
0.399327915429489 -0.731239824182328
0.546249425865522 -0.668771883020307
1.4531605083039 -0.191813642738883
0.289302851057333 -0.616073099577975
2.00280696966767 0.289988134640724
2.12906561968424 0.134027524005516
0.384303160462916 -0.524368164089318
0.541488628264088 -0.725585669243483
1.42959160409443 -0.357326836934056
2.17335371083669 0.121609025246461
-0.629987856571007 -0.716731312417173
2.05995064231064 0.31564037738323
0.156812627698862 -0.728816961096639
1.34643419659359 -0.434028826731066
1.15538439164763 -0.392390824933943
-1.04131859763555 -0.782290254620162
-1.79377268727763 -0.75064255430473
0.333909524760995 -0.546459522261586
1.75735622414426 0.0718747127601668
1.24275966501013 -0.706929968860302
0.629310524100702 -0.621239354509264
1.31759665074835 -0.603261488439437
0.851778542590043 -0.4445726976001
-3.51559382614741 -0.858774376702792
0.835900906186212 -0.357095897361689
2.91392593863257 0.0092343117525317
-0.0234434796827664 -0.737579047823693
2.35745989621742 0.0926167808267452
-0.634419427641801 -0.690935912148031
-0.00890616626922966 -0.677261373588865
-1.72405205467321 -0.833399989593905
-1.87868966642202 -0.811222598724468
-0.821281394284119 -0.739734920706567
2.66731810166198 0.277692631065431
1.0400831594891 -0.461890003818797
0.0899194860394439 -0.561411125424945
-1.73981276797944 -0.783168458536035
0.415814236964006 -0.471940957316614
-0.413475299977282 -0.654724254086483
0.432286514595899 -0.674879924037882
-0.23243666767775 -0.625382631932636
0.358317240540689 -0.679981807675097
1.10203830337516 -0.292100684371413
-1.01045987929299 -0.72280562878582
-1.86091553042322 -0.789264957302242
1.53371703583762 0.00733766867852698
-1.46151539586527 -0.78258755295238
1.41269998856702 -0.354759674728296
0.178266198435939 -0.678878900943219
3.06051641188104 0.804641445228856
0.0174029709121589 -0.696312481225725
1.13697503453334 -0.372534834455144
-2.07326560660269 -0.796384458906444
1.30372283293753 -0.363374933921673
0.430051742500345 -0.59637466256965
-0.159912847262423 -0.663924791856503
0.761794461764633 -0.625454827837744
-1.07500780629119 -0.694530788378092
0.894404440924693 -0.452963358541768
0.181521900174239 -0.550443705309332
-0.358351489232038 -0.728011653932495
-0.893344769018415 -0.755738508904998
-0.174951087103142 -0.666728156123184
-0.105118134403984 -0.721086843144177
0.0528232926836131 -0.680170852672075
1.60960889488357 -0.203379695228377
-0.602929641649458 -0.700250764495651
0.460656479405719 -0.642074845147149
-0.293137200676456 -0.691629366150916
-0.564380600488367 -0.718632206340116
-1.10747104986252 -0.822111720864206
1.1335642674059 -0.662473511528694
-1.22418134154576 -0.79771812307252
0.0924671725382239 -0.643020641433538
-2.11312454846206 -0.849565497889636
1.62693941147815 -0.448887363979662
-0.822093909073405 -0.697865356734112
0.302014781980312 -0.475383387931113
1.76759855658563 -0.149145231540976
-0.580628106156424 -0.681951413435913
-0.424718143001589 -0.687414736596808
-0.206177073368322 -0.74951681575259
-0.708966372052763 -0.660290306739582
0.150708977206966 -0.588126104405157
-0.202931105721722 -0.712414821240108
0.648313295337747 -0.524418826897655
-1.16103988995764 -0.777559663168989
3.37019867520737 0.775591461584719
-2.14056425369804 -0.818729204989444
0.860943582787294 -0.412418434289276
-2.14132873367397 -0.801523238536813
-0.959840570222261 -0.756365420016262
-0.307609876560108 -0.60489909573331
-0.156049489423196 -0.617130823385434
-1.14250758903044 -0.756177387166167
0.907867924530727 -0.403545739669626
0.609626939005959 -0.531602941560316
-0.347979184050875 -0.684485000444944
-0.0465951537950472 -0.703896970982091
-1.48576618178573 -0.765415982442431
1.15258010104274 -0.549536838063209
1.03081601328179 -0.313544124662963
-1.52844416344891 -0.791202492799629
1.8025959517159 0.0411003484960694
0.521802182784878 -0.660635069848645
0.891107679627793 -0.519048597427546
-2.05651989544909 -0.792347451644068
2.03797620321534 0.069156249214281
-0.968581772500451 -0.708232451524348
2.93083172158988 -0.0656152956488677
-1.08504967309995 -0.749380668854911
-0.966394445881448 -0.71216230824942
-1.15924395454908 -0.746077772927756
-1.30351250981136 -0.7757482767505
0.126818429292506 -0.649204122102413
-0.628178849466158 -0.759513265713572
1.59618443520516 -0.0328237064798274
-0.0990936152619201 -0.592058013867332
-1.07140913790067 -0.706471145616435
0.261201176477899 -0.504091340484457
-0.964892057325397 -0.784847098815367
0.449985578469448 -0.589659203186067
0.79617268581511 -0.528486028219935
0.744814998875799 -0.398708669279091
-0.308583241180243 -0.700175637693297
-2.24362118481102 -0.812111607647513
0.487569018963571 -0.630870542885824
-2.73384126224413 -0.849678830247351
0.0529123940252944 -0.701542416332028
-0.762716300943943 -0.731099047488253
0.809192073825186 -0.428841361852149
1.62607566268 -0.198334969657592
-0.348594851995855 -0.692244213811243
1.22528276664635 -0.52667719086587
2.0262915491984 -0.2081222626674
-0.959849028108804 -0.680479709469941
-0.534922933831211 -0.737598614572969
2.54614912269282 0.340263824402844
-0.669996883536228 -0.768215537790764
0.383183483445037 -0.493091469154749
1.82665310037375 0.166414209294945
-0.705239946804867 -0.682379951735467
-1.70395900250568 -0.786457768991469
-1.26210132892573 -0.734542160092041
-0.887137280546855 -0.711159521541035
0.732814129691246 -0.438799935684328
0.581037354415205 -0.575522122043489
-0.571200383446851 -0.679307615918049
-0.250289850699978 -0.659824656889122
-1.34848793111678 -0.777931981643151
0.42990603425846 -0.677044827276355
1.05992142915894 -0.511603692342315
-0.473348854791331 -0.681843432539828
-0.0135219290401991 -0.620663401978285
1.94522137751429 -0.152267665236449
-0.402245977202885 -0.659995476055385
0.309679355465023 -0.508276885360875
-0.187202671229765 -0.682432549766625
0.526925088351042 -0.732618270133235
0.0589660291491863 -0.625188872771089
0.151343194175733 -0.594543635256171
0.873081372772307 -0.560339283185835
2.00010095122666 0.0763445651326478
0.268624543897545 -0.603421713798534
1.1308246741525 -0.463124815817623
1.03248403254027 -0.37428471496073
0.299950333831517 -0.52122681771416
-1.23134818080618 -0.766929249847348
-0.818091651394967 -0.783313961718624
0.472371713091941 -0.632414114941323
0.780429603662618 -0.586498564059487
0.478801707138983 -0.632683036584609
-0.0460784642379346 -0.719932502689371
1.92124673434414 0.021761513702898
-0.635279266387679 -0.809598409975147
0.810481854371343 -0.625279011083867
-2.71652759274757 -0.814707474685756
1.63530088035034 -0.319084748615007
-1.12421302689816 -0.792425635767507
-0.425582489207155 -0.752881837336016
-0.479034818472342 -0.665006082173442
1.62323174175554 0.0274863378005306
0.575692997113884 -0.662754371943795
-1.07799184047974 -0.757453226012332
-1.54882133787738 -0.825581883252171
1.07705339448749 -0.477644528283041
-0.375503732319396 -0.801068992489905
-0.111619034863691 -0.633184995517532
-0.533224859351636 -0.717598565823051
0.903357132371761 -0.510751494226474
-1.43290376874612 -0.756080026881668
-0.107903532232683 -0.714845944998098
0.590724620777689 -0.681360554208897
-0.427740378718225 -0.710868867436406
-1.98524339988084 -0.77298584054361
2.86755263858145 0.180655840219341
1.68770060446056 -0.290707996452062
-0.597680673501251 -0.751233982070626
0.755797207867988 -0.503080963688565
-2.38603371459165 -0.811997255940412
-0.10292691453252 -0.624433736739357
0.812456622964321 -0.509494405046302
-1.67871144006517 -0.794963206123879
0.689131788520096 -0.591747800344997
0.531389561008817 -0.625063727777228
0.971020356833476 -0.450994310317918
-3.2273626932546 -0.864536228817203
0.636651557964996 -0.488885118041946
0.022156569475492 -0.66601214705471
-2.05029277169335 -0.819991499057066
0.713891443686402 -0.500642175824499
0.353912010870579 -0.572291707440531
1.43853573789812 -0.329027876414055
-1.1495405167568 -0.810814785338733
-0.399606248652261 -0.702355903658146
-0.443150886641526 -0.647857052549089
-1.07418589281712 -0.763678731038801
-1.8973006727942 -0.782544491460261
0.97130153333283 -0.432117950202255
1.07678585160864 -0.604060503371293
-0.305719403325572 -0.691492599140691
-0.597877969514229 -0.693556340522465
0.0872832023427279 -0.504512806623916
-0.45854647475679 -0.642503456710341
0.532553455699846 -0.719961938959116
0.447255615935843 -0.557316068240798
-2.4239661714667 -0.846364194192118
-0.954362138876598 -0.731302934599743
-0.161642067463788 -0.664132339400001
1.01597483822503 -0.621049633231896
0.324943749608876 -0.676927330213665
1.95543355253156 0.382653685097698
0.718028093696227 -0.407656481504662
2.17620745112121 -0.280147493043492
0.0436086023172612 -0.631145620135629
-0.279584564003426 -0.659220881663562
0.385588987281238 -0.625519898985728
-2.10969619447758 -0.822552813631271
1.11704084476405 -0.482239483053708
-0.253238814761782 -0.683074889140107
0.714648462465534 -0.570427242847833
-0.735884634912264 -0.72784427504539
3.65779513235418 0.531591230781995
0.0569233754673316 -0.67980153211835
0.40007686504876 -0.591954827802126
-0.602716533015457 -0.755999446334775
-0.388046115920597 -0.711781209528115
0.786195002324496 -0.611359842649112
0.746320397674608 -0.539874741504264
-0.54831681956178 -0.828881244213512
-1.42129911499806 -0.765666869363719
0.447503052438714 -0.580446218682659
-1.55474920469871 -0.782879018263074
-0.516080627531464 -0.704406886963044
1.63820845686421 -0.214114476781912
-2.24988911584143 -0.771846256388509
-0.16243378037515 -0.634553955860428
0.369824410541327 -0.646596148539112
-1.57276414099268 -0.819678990527463
1.59601604865201 -0.445837593451193
-0.434688970283718 -0.618821861828534
-0.539433004082155 -0.675777366205834
0.0959692025201643 -0.643761932605658
-0.353247059308798 -0.746334534044029
-0.257107545288409 -0.637621560483835
0.0658712215411156 -0.637334365208594
2.13698371124241 0.33758270138033
-1.02996364886046 -0.78223989370163
0.855150000098717 -0.52922344983817
0.766838018930606 -0.61298144581843
-0.657373351781056 -0.748371938274347
-1.8325993846765 -0.811503456165599
-1.21513496590793 -0.766604893034631
-0.989923549831765 -0.735917707598645
0.312740866988097 -0.620135284706167
2.10305870619064 0.0186260357633767
0.78633197571052 -0.473746049220334
-0.0910371043188771 -0.631382501288393
-0.764468488992157 -0.706109738279134
-0.991376394761773 -0.764316932193896
-0.702754485391366 -0.799559872454967
-1.49894583365929 -0.735989269957147
1.49645621453489 -0.121630674234864
-0.986273116207047 -0.801081361932563
-2.33338116309174 -0.820184168372585
1.06737235778018 -0.526732336204778
-0.31521311104133 -0.727982343575529
-1.40914784393465 -0.752967876442865
0.29029571900716 -0.53391025137912
0.447788632761863 -0.559026501587561
0.56883111880346 -0.514494741369463
-1.41606074672698 -0.793192334581302
0.301977558369154 -0.606634433429898
2.91532509171704 0.584693530094513
1.03664049477364 -0.397479151346596
-1.24078586411774 -0.723143450955352
0.390216231288244 -0.782430145066442
-0.555595679739259 -0.75317513788494
0.20534252923121 -0.56534036278862
-0.500299082284224 -0.735981014143859
-0.62203808619335 -0.730045473517517
-0.624223313590362 -0.743203567349144
0.668780200781165 -0.627296222757517
0.0415591751369824 -0.592765806242505
0.133790265529643 -0.578456415343137
1.75674209157625 -0.485594433510571
0.532469024940518 -0.513167125367202
-0.402669173760794 -0.725754674387952
-0.57527231159124 -0.757166695665282
-1.15511767609548 -0.714490905364783
-0.351308445894313 -0.675493012141166
2.42356749992104 0.289530899188476
1.68493835013133 -0.219441794807987
0.379498221483493 -0.603241879470315
0.0593220134055298 -0.6227236512732
-1.06758838342411 -0.743439656858932
-0.595104177661346 -0.748645075109437
-0.944628578296647 -0.779414039442195
-1.69959945938347 -0.827481431140691
-0.548710921754197 -0.750445626727167
-1.97132452590277 -0.820803683283656
1.86186586676072 0.0495332826173017
0.24851455243163 -0.681797594821722
0.310205143852834 -0.661282484374763
-1.64995113620627 -0.808116102319327
-0.347387924567137 -0.65078419463845
0.989706814675187 -0.397682423919421
-0.829565275710792 -0.731418509446009
-1.62846627770935 -0.781338998368148
1.06171106361329 -0.574538671620259
-0.753950858043934 -0.701943909995663
1.22831671718116 -0.45986666211271
-0.978778851965802 -0.731918868871154
-0.630450699284167 -0.703843266899353
0.293009407409542 -0.573859361758327
-0.208010495526916 -0.731041808280116
-0.14359161899611 -0.630614798980539
2.61132971160891 0.527865400574093
-0.086481477167156 -0.711783050279471
-1.21696443273688 -0.752991423966619
1.38617502090171 -0.1513383447106
0.277512905078004 -0.583309047472616
0.234198190049356 -0.653172775759092
0.305017996717973 -0.609418701996286
1.3316123362599 -0.577866158817236
0.0432220551464723 -0.660672772221553
-0.64412393042339 -0.717115401686441
0.26224787442419 -0.576195435891813
1.7487769392299 -0.264555118589708
0.27646177374285 -0.594262688044898
2.60113960903979 0.607275206062798
-0.919909767268795 -0.723115208865447
-0.0174796853691442 -0.722939166010982
-2.21777452366087 -0.802268268168313
0.618731145022287 -0.500553001087493
1.04522400304944 -0.476496603702166
0.360475364130932 -0.582290495260745
-0.273734842645234 -0.576529300338994
0.585146168069661 -0.609628225922187
0.0351120899465131 -0.633930927131146
-0.0863341490777002 -0.67548432221606
0.270569819155198 -0.673170265342472
2.1968017400851 0.760386687476937
0.800340917679488 -0.364227104005627
-0.418159935092586 -0.731199935267368
2.73449555499508 0.253128964509862
-1.09948400329989 -0.720278157791532
1.94956896821747 0.429507630594439
0.218069164489762 -0.661485390466452
0.799387894435626 -0.50551386487014
-0.224952742637796 -0.757702033363894
-0.821913627536957 -0.73399334727397
-0.0956231673162526 -0.721427098385431
0.148162583298444 -0.592935231750459
-3.11644992042716 -0.844008880401037
2.37851079860442 0.667400055974278
0.757241291798066 -0.646731729446496
-0.0569046103199655 -0.678436821923111
-0.578552690398151 -0.799145504179129
0.162638060174494 -0.644247429373559
-1.41922304223009 -0.78102364241198
0.94891806057791 -0.26175815324612
0.314979761473481 -0.571737445557229
-1.22694616664171 -0.827162044563403
-1.19697998177885 -0.749734416480928
-0.447626794447574 -0.736397822799164
-0.460417416613082 -0.653667953380498
-1.04625901281391 -0.816936638512838
1.23999889053646 -0.512606843967797
-0.552378373319256 -0.688186513278358
1.91718343107614 -0.16771385917203
0.439261644072448 -0.645841996635013
0.830508077694683 -0.400602691368765
-0.0502522200315307 -0.636606356159049
-0.569455162137768 -0.696398342731422
0.0351901429012363 -0.727751572958999
-0.584491005881819 -0.730217428107507
-1.77781988085766 -0.801922515871009
-3.10875712343212 -0.850532384436136
-1.11102149845457 -0.730375692180204
-0.0157190677146763 -0.59192063783764
0.811976147603266 -0.619943040282127
-1.29097206213818 -0.772976862762158
2.10603676410442 0.0401313064278856
0.296214824998011 -0.599538376037932
-0.0982212792178106 -0.639276985896938
-1.12289923403515 -0.721225065567684
0.714178520504976 -0.608546770917386
-0.65422206617264 -0.699220161492875
0.061715597418177 -0.605830333196815
0.12604705949597 -0.645638778386222
1.59322382922855 -0.0139228074265185
2.26883906929261 0.548755862552561
0.336161157659039 -0.601187329178916
1.74856486235592 -0.107844155130738
0.0689598942930967 -0.751395324714246
0.417038305758666 -0.589540205356754
-1.4722184583673 -0.794246231888574
0.825688403186152 -0.369932351115818
-0.237063475567787 -0.714400293475101
-1.90142973320205 -0.821934208271139
0.236998291978088 -0.624020879285398
1.20275657597349 -0.403806798826744
-1.20691470925756 -0.723111637821602
-1.24351052329766 -0.77391051752928
-0.64181774560703 -0.706136270921131
0.526431196802411 -0.604454414503191
0.143756415332094 -0.750041723581462
-0.724516453674041 -0.661217906864608
1.76841657544277 -0.328454712307715
0.928131918578007 -0.563650770552702
-0.194830628003232 -0.689502481617654
-2.02376192500541 -0.811300848290716
-0.876475497131764 -0.772110549362913
1.62833389943043 -0.0310513917643916
2.40720226510599 -0.165282982573045
-2.57552953144961 -0.818625610062075
-0.0232246184281723 -0.589381537731861
1.94497845463744 -0.0816463447499153
0.149765645609282 -0.667258604088746
0.411908894171603 -0.645906470527587
2.75952795461854 0.422544337217807
1.36921606242416 -0.357906166617167
-1.42109825517863 -0.761073398047808
-0.195581243600454 -0.626534183776464
-0.523580198375207 -0.686187187268948
3.26295823480951 0.350369059464425
-1.67948541458288 -0.787665488163054
0.325580330115677 -0.582671148263042
0.659434413161251 -0.548040767837142
-1.36980140714982 -0.79438564798406
1.18516728136388 -0.419396432305542
-0.405156013865508 -0.71101199052257
-0.876074375934806 -0.777790115322075
-0.287718527180194 -0.706833521123941
1.50757176510828 -0.427999185912215
-1.38498753819758 -0.784438150673193
2.11840032100811 0.188609519030532
0.0651332100951158 -0.670783934720065
0.0968623116624534 -0.612377102703741
1.4275790491942 -0.270585086219129
0.143162182329517 -0.558982850594967
-0.863105441625101 -0.727534010765919
-0.860463623393001 -0.67714650829039
-0.387258550952033 -0.747363451762703
-3.88921058560744 -0.863670485415869
-3.72269355980189 -0.858738946213607
2.07415964044511 0.0681428364037248
-1.10566965195703 -0.744612756626512
-0.287004627767077 -0.812899512142484
-1.68805515853016 -0.815841545208606
0.39069020696411 -0.553169798188105
0.814435669366351 -0.563033498045764
-1.32932828181831 -0.787868211085985
-0.279231519024546 -0.678426722052588
0.92506891194706 -0.364275899609432
-1.67495882547926 -0.822358162914414
-1.112175007724 -0.765804227311487
-1.44089300354572 -0.778965198659238
0.818398980237096 -0.417128408608403
0.411781537571104 -0.540120187065548
-0.000961174501739209 -0.624087607587467
-1.31566850721026 -0.789028335912838
0.902365209765621 -0.507161049087561
1.14093978766056 -0.264507919219362
0.512013551384947 -0.684879368338334
0.533262560068134 -0.663752038237279
2.45999599042354 0.295107091117818
-0.119618646736148 -0.716295261003777
-1.4351513407986 -0.788622387579612
0.351235854866568 -0.686364357226604
-0.643036959198093 -0.738034773049706
2.75222977015307 0.211331556886735
-0.434847529342926 -0.773123681721618
-0.550103927273245 -0.788790024025613
-0.98073423248345 -0.750972646163951
-1.45219889899002 -0.756864612297733
1.6619038446618 -0.180647740186863
1.24786144610742 -0.19851981276452
-1.93438089698474 -0.764242278705849
-1.8955983614327 -0.802029192146708
1.6519394381079 -0.264106726162257
1.00057306509619 -0.374804551205653
1.69157136367081 -0.44076746647456
1.15637574450068 -0.331821628069252
-0.00429362754528046 -0.754097276432852
0.607052850502626 -0.442283782519927
-0.381180513179827 -0.688357364626899
1.40161196128986 -0.500407632105965
-1.29052349571723 -0.770450574889142
-0.149273824474439 -0.702586086721991
0.573049039969075 -0.77151446870025
-0.0207203008038127 -0.684396613326745
1.17831033113918 -0.260835676081384
2.27969570005052 0.56963604175548
-2.57535704594449 -0.808869280708203
-0.864085409600876 -0.707695763713321
-0.152565943314179 -0.73453018132383
-0.197598660458506 -0.638632830603469
1.37303890581352 -0.369269285074729
0.722175128144121 -0.47903033072557
0.173103374954522 -0.574943839881087
1.66369256681282 -0.169286284297899
2.40331713966881 0.0391574836625231
0.562837077547385 -0.695553229663172
1.26088533620216 -0.370397781946449
0.392161822660228 -0.488828364133279
-2.53513984077821 -0.823451066991173
-0.958789072476886 -0.774541769417995
1.67771367485917 -0.159911819292114
-0.421814988168595 -0.737364901132288
0.559124040761962 -0.64466234930715
-0.438729143388469 -0.691042134160756
-0.666212611074515 -0.772245568628953
0.955139253640139 -0.376246730776935
-0.846840518144437 -0.729643642922707
1.04467198044544 -0.662449499130688
-1.52711364024011 -0.759060584212556
-1.21928776024116 -0.802951350219355
-0.862924085370498 -0.759956239557171
-0.234762096699661 -0.604225353650169
-2.24726067383464 -0.797323699567337
-2.15077230442374 -0.809343551465135
-2.26077916727411 -0.841736390344867
1.15989457748781 -0.376567942735208
-0.997859050590359 -0.696514132562751
-1.54562203514201 -0.712263424504747
-1.89565154149653 -0.786903283463113
-1.5189897668836 -0.774142171240143
-0.278396462165994 -0.748911179074744
-0.563149316461741 -0.664735695068504
0.594998640450334 -0.804679048125786
-1.04722446400045 -0.733597075136809
-0.321487865851546 -0.695041404454861
0.0321308870408663 -0.610762132956519
-2.24846152365621 -0.80060610443198
1.2700825988442 -0.617566041763812
-0.154962189188083 -0.638026356138789
1.42750329941206 -0.19097796913659
0.386080613353708 -0.684739305322272
0.918849155351448 -0.604268262300657
-1.27286152155307 -0.706251880400603
0.292066479202192 -0.539597540096744
-1.52505705261332 -0.820994643096508
0.345993460954362 -0.605681429601354
0.603176558872679 -0.48252310758721
0.997127228877696 -0.578401528411612
0.559733311442499 -0.553626687710896
1.54852676810043 -0.00674702797860777
-0.180308486870007 -0.618088273735069
-1.69862232960822 -0.775158005561935
-0.830676266481975 -0.757084768741024
0.627924783515801 -0.600444883286553
-1.75739723987887 -0.81123065586224
-0.751253587347153 -0.727508535929622
0.113149161992578 -0.672076099992605
-1.88635821222266 -0.797588655734004
-0.651328191718387 -0.702509794476254
0.650065068036602 -0.603119933869924
0.518532506965739 -0.553253882303326
-0.318870122126969 -0.654859145651223
-1.99057668308946 -0.761868772693685
0.187319842797523 -0.658144331634768
0.0566845639247834 -0.621593198971265
-0.65309910927231 -0.713110626060694
0.654689175826491 -0.572404754907159
2.08407089090587 0.0912015446647222
-2.04772659515228 -0.772445418323682
1.67253336862268 0.0805408379439478
0.21452607431194 -0.632058351857516
1.03961393784152 -0.407440015170485
0.970757859229058 -0.209389959705356
-2.39096058522075 -0.826967536485934
0.152851421954157 -0.623983938708746
-1.71409241003311 -0.808177646444095
-2.67159954226791 -0.825223706422018
0.845023767276623 -0.651975637309685
-0.731608771275185 -0.685526007019575
-0.056173602026854 -0.6713462142832
2.73026060210167 0.199684130423213
-1.23716305589128 -0.758049021213886
-0.285247012785293 -0.620042949523657
-0.611449913762342 -0.674945696721963
-1.06635910754705 -0.745987410931621
0.189708355377546 -0.618691248185579
-1.77868116282073 -0.828037340851677
0.69853594511398 -0.642335837381843
0.996109138630023 -0.608464878577365
-1.18074759979096 -0.750609351445374
1.45791013627773 -0.595639362289365
0.114116610214346 -0.683906196055787
-1.07151694116538 -0.818354824843801
1.29602395201386 -0.420945106954017
1.04934728316983 -0.62444883885609
-0.229767393478391 -0.693623990965465
0.168141137378832 -0.711452957309034
-0.935408958619841 -0.730681263919345
3.12337696608595 0.421348644615514
0.809106845673606 -0.376425070609658
0.573318430331083 -0.347714299013652
-1.60062798684213 -0.789933578785839
0.251835502068131 -0.581128210788333
-0.120290545018126 -0.586309622787554
0.112893364656471 -0.634893107852742
0.971235916039632 -0.598244757814597
0.469952450491173 -0.454530657978661
-0.183002589815158 -0.706186823467653
1.90325226859837 0.0515944732309249
0.767247553772352 -0.488684844335566
1.07222296493896 -0.492428633164268
1.90598509491959 0.0264788589110329
-1.73199150080374 -0.791122090559757
1.35714610819805 -0.327918112087467
1.01197508610043 -0.648467924209734
-1.29656439836871 -0.748326181605351
1.92086752397821 -0.330850287657886
0.41681324324723 -0.700377978528307
1.26602356324854 -0.452452472635646
-0.374335873366014 -0.777735876056787
2.47275490041441 0.579392735929781
2.76380077056715 0.355627202428457
-0.435531870482722 -0.673342231497044
1.72967224460885 0.017846173457187
0.232855230774617 -0.57372997012655
-1.33295710009031 -0.784386214049463
1.82574268132242 -0.0414381006744003
0.223486763367551 -0.647043876868872
-1.5737780733744 -0.723013621030941
-1.03759733719096 -0.772770243330393
-1.77271678648605 -0.732602858114311
-0.0960694179728201 -0.680728875139567
0.973023098172022 -0.431009731616634
0.721829593480389 -0.604875350499502
-0.0416103147110476 -0.809407904329224
-1.43623289726288 -0.768786771225207
1.91759017458266 -0.138108147302467
-1.90124737786457 -0.792492572983672
1.28997593738063 -0.331367990521971
-1.18650517524699 -0.774884080152169
1.90381432937546 0.180640277089581
-0.207538255589191 -0.748836146020507
-0.100520510204908 -0.62992331397083
3.60532115584762 1.09459644613794
-0.775999059786847 -0.729216858950546
0.857852899590545 -0.36507076451298
0.609308755482232 -0.55696477155825
1.25869322509121 -0.394989243092274
0.0041144212037798 -0.674421762655604
-0.23866090674302 -0.782739906662458
2.0073089992918 0.0998374113607104
1.90953701297483 -0.109151161650347
0.573959698648428 -0.57973691033733
1.51859215188244 -0.425826633429644
0.344886376712941 -0.564751931884285
-1.36973506455077 -0.77267221259805
-0.337464570964813 -0.779675631454239
2.09408014292944 -0.0327087105227933
-1.88789100444501 -0.782699852509502
-0.919919809150415 -0.698105820154648
-0.120587793833583 -0.663342009180993
0.0174336713511798 -0.678238286076103
-0.469576145452498 -0.694691187131264
-0.331564743198592 -0.637684543470952
0.504604363330742 -0.58863542568098
0.958462048810302 -0.439812141233942
-1.63119934404517 -0.796718480749154
-0.86111302391195 -0.74043030911953
-1.15645828223589 -0.74686784736616
-1.90744099561851 -0.810276595337996
1.41441824619579 -0.371372354289075
-0.158176879892218 -0.647298790470113
0.0714214812234778 -0.692497066986012
0.388646172826277 -0.654958462844821
-0.0467354917326445 -0.644764093827672
1.38409236457894 -0.274598492583593
1.68872978245855 -0.347050486956598
0.316732843986664 -0.623007042441406
0.998437211913954 -0.480402933491687
-0.11236806458334 -0.749941401264158
1.4543737895821 -0.44730548667635
-0.00911977451085562 -0.64507136106874
0.314101024212698 -0.559518997457981
0.721542424052568 -0.549766127677139
-0.326621976810856 -0.77055424093821
1.12950508368982 -0.489876883481212
-0.627128327780007 -0.794307304598926
-0.561387519843096 -0.759162343891863
0.59541367645073 -0.55458627796199
-1.26116826858872 -0.809240630357797
0.787674075849745 -0.582863967979295
1.01357988131046 -0.60193125297707
-0.974390286231392 -0.679548081551227
1.10031549253394 -0.401943172907295
2.10724754084982 0.0669204826141916
-0.72609239388508 -0.783853983883038
0.0416950804402108 -0.693478947732099
-0.686496788260801 -0.677526836739273
-1.17605387222482 -0.746967283830152
-3.10119460712249 -0.847921773012646
-2.18524422218728 -0.802134605949846
0.0433908790093637 -0.607687067759615
-1.28368516518614 -0.793113650998017
-0.642839806738401 -0.788298554430187
-0.0961460021394095 -0.59137875650729
-2.99331859945491 -0.835367616670077
0.886392832525479 -0.647742239106496
-2.46666490782753 -0.82501672486527
0.640927471696648 -0.587975426797516
-1.35022176154015 -0.720493422260973
-0.0160390708614525 -0.700164099945484
-0.335311106692199 -0.69324613692896
0.175818937297261 -0.595279179420099
0.259296510926852 -0.656756714084309
-1.06618974273035 -0.747737399345046
-0.34483580737729 -0.707319475936136
2.62878775073804 0.503368671699247
2.46105688217637 0.417149008539563
-0.366572615568411 -0.717419147291146
1.61797414747146 -0.0424143612786129
0.539284164775232 -0.552651389183643
-0.428289280062365 -0.683177973407439
0.0623938474779954 -0.736050688552402
-0.452382601697014 -0.66977792556236
1.84639992714391 0.0817223800204548
4.23102491003257 0.793358767406105
-0.07560769903898 -0.742498961643065
-0.135268379994611 -0.701972555344355
1.62909872520565 -0.0921124541707091
-0.255032507581636 -0.757004095440123
-1.71194215133195 -0.83452360727694
-0.718912265106835 -0.737035406612538
0.0908188318583949 -0.756545560395527
2.5159626407741 0.736165546020534
-1.11742205789743 -0.80552324709157
0.366928149556742 -0.725286979270503
1.66088899442907 -0.0895587686892332
0.71228599925098 -0.683441145882473
-1.63460440389299 -0.769552135999573
-0.379610934349911 -0.690739887689188
-2.01979083846481 -0.805252160871112
-3.54945167557437 -0.848257034760712
-2.38235918400641 -0.789761970808188
0.639459930244007 -0.521530631445068
0.426639302440146 -0.674991748797017
0.115576805640566 -0.732935339507084
-0.322066588693072 -0.700469802385282
-0.447210389672098 -0.716581476171155
