-2.47798950406352 -1.09239635710109
0.329559957056845 -0.882757399242413
0.877664920688944 -0.688079091960596
-0.426238326787793 -0.949086551164339
-1.10265739725415 -1.03864373436383
0.186217701808734 -0.830979696535895
2.18500566505514 -0.36949274040467
2.25478315184139 0.859191698505928
0.768362781990521 -0.601710558103002
-0.0968816715873246 -0.945141210529062
0.69228492065785 -0.53829272306766
0.802512188648015 -0.599485718105314
-0.357413378566459 -1.0098039112094
-0.144574542127933 -0.968342357383565
-0.0373004978817549 -0.996000654015875
-2.77121149068075 -1.09502363032194
1.17322035541029 -0.585958252358855
1.40780074851505 0.00702627388394414
-0.71923702284265 -0.981675146494215
1.11839792163819 -0.397016435970655
-0.996742869408121 -1.00776219782751
-1.4679400611886 -1.04548564678409
2.15019566719116 0.495911268436449
0.180151635928611 -0.907809146002126
1.2282561138888 -0.342336270385033
2.96655815309761 0.906378657111231
-0.872433122245805 -1.01838096213793
-0.814175276393146 -0.9852734036944
0.817173848740944 -0.683117493692973
-0.944413236905254 -1.01753827488339
-0.626619823961133 -0.999845146378433
-0.857305175895573 -1.02927640957234
1.26803417792284 -0.428471054503447
1.57879672887806 0.0550452955336253
-1.87211224954608 -1.08622735879621
-0.604661572703474 -1.05099661612924
-0.537279247329663 -1.00990927917351
2.54600700997881 1.02915271882335
0.847554292099914 -0.632211131015698
-0.0853302093468831 -0.961021165049044
-1.88126832454413 -1.06196383203168
-0.889240799964836 -0.988222171006569
-1.56097315699856 -1.07181420261279
1.75177752266563 0.23816450412965
-0.603313114473106 -1.04671710566921
-0.371797078218615 -0.918302243835993
-1.35725071530189 -1.0627921119169
-1.79397432784562 -1.07181682354759
-2.26244868156637 -1.07594111322017
0.235034663887696 -0.870472036368423
-0.548194970716265 -0.959393762614473
0.0493431926705562 -0.915803027701637
-1.28211161683101 -1.06367966944727
-1.64784512113427 -1.07209792672215
-0.0746005093124646 -0.851432402509789
1.27154935640897 -0.605372180110848
1.35859985639728 -0.272225196441976
0.445181954395134 -0.816554846444406
2.60552674943813 0.759129835419764
-2.38588650819269 -1.09270075034925
1.10111312599037 -0.386329520349835
0.0585244814684943 -0.900746482032651
0.0366909116120257 -0.839283144784941
-0.500504686020338 -0.927605675102195
0.802034425976179 -0.829344672701179
1.08076331293412 -0.287352040100685
-1.29309798539361 -1.05411777363265
0.0118130113415896 -0.870393573437903
1.34377440303051 -0.440899328700384
-0.790320933351302 -0.962041323336046
-0.309586300980093 -0.948680433437893
1.72418923182648 0.849258102323404
0.179057478501608 -0.868327983926391
-1.44948042007908 -1.05998897709909
-0.950110773203268 -0.996968478267611
1.77996267490557 0.920905609893863
-2.47629027929133 -1.09345022833216
-0.603152446956014 -0.914978361712229
0.0671916087386875 -0.989797465130521
0.183804140269439 -0.95012244269099
0.562006034583032 -0.809498693097149
0.74290640649625 -0.723315722932531
-0.267457898208507 -0.95226672168638
-0.807778226190347 -1.07478638282788
0.0632472081218625 -0.976119124743282
0.0661601719066613 -0.951985561978941
0.17178336970111 -0.905961328814032
-0.739958010820248 -1.01894533474574
-1.32472346430163 -1.05226770758039
-1.38815815273423 -1.06017762480337
-0.0222010321318674 -0.948478094610576
-0.955589762608534 -1.00102116688192
-0.563850885112786 -1.00607388003665
-0.665626917622943 -1.00715325833191
-1.15353258492087 -0.985575640862942
5.03405999582805 0.352748361707513
-0.187329228887891 -0.993218173513282
0.944642488498404 -0.485638206674141
2.09975511653723 0.655439775395379
0.666335570468627 -0.719672869713827
2.40033663778687 0.913733231928633
-0.30818009164243 -0.920217315832024
0.250231018979255 -0.986177270816965
0.768646745506846 -0.679369424198234
-1.16953445919304 -1.04583162853459
1.28451798686735 -0.350458696315864
-0.580707164110018 -0.963238846531518
-0.717303043349913 -1.05357828162417
-1.22723854514244 -1.04391008884895
1.33360731203732 -0.238672047495042
-0.265123848287554 -1.00754288878656
-1.56991190057097 -1.04673755290326
-0.657573739654377 -0.994827124014742
0.228846255962079 -0.840054996992929
0.561616071520905 -0.720639782374021
1.30034295054044 -0.305527000722921
0.0336711398314489 -0.891659235904414
1.36676684051425 -0.345208806276564
0.615720622658804 -0.9357476514901
0.423524678203497 -0.80561946020959
-0.277432685659787 -0.967779893464672
0.676043475841763 -0.638727640671201
0.365942711241486 -0.773825111104004
-0.705207182895886 -0.969960415440779
0.380379523847252 -0.691633465951629
1.62418268726053 0.333831748979546
-0.638565473679105 -0.992071966822828
2.21432138948099 0.857088201392424
-0.191573978739107 -0.931889363927879
-0.894499532165444 -1.03097081002467
-0.328949736378699 -0.937173106741158
1.1346070565884 -0.281799703257828
-0.818251390338655 -1.03862795768239
-1.45145251481655 -1.02079542058647
-1.17179746391076 -1.03741334165936
0.474963884424516 -0.882979430583743
0.636262584954381 -0.753265452111029
-1.30650219410352 -1.02396700262342
2.12854164032482 0.244471419568313
0.522370678694792 -0.752414485157598
1.10621215660973 -0.473403437402523
-0.814686445156593 -1.01805900639891
1.11708027655153 -0.570134342891586
-0.651065910421079 -0.918455417495723
0.147132066511786 -0.816838845904618
-1.0426760980398 -0.998933542386547
0.810351539748004 -0.894152384624432
1.2800597384782 -0.0142995465758667
-0.458612717809935 -0.948106034989854
-0.228758023850816 -0.937322730890718
-0.147769915789403 -0.936446465121267
-0.594607063031812 -1.02604487835802
1.00528338683622 -0.59869434176262
-0.769686174185845 -1.02380683710215
0.231142461285189 -0.82094755297534
-0.0369132540612629 -0.888333249479978
2.12024605237939 -0.141982026208282
1.67772886656988 0.0740206772498492
1.08562677032612 -0.547868653491777
0.386918019212651 -0.822195012120397
-0.786100135968982 -1.01591142213806
-1.28703969114418 -1.0257182644154
1.47057809924721 -0.0937305354613921
0.386808737650549 -0.692532883058149
0.762824789802185 -0.8899164644719
-0.904985353273768 -0.991025714834278
0.0855272715883679 -0.904526383832757
1.20346429032196 -0.212751027592037
3.5641267276265 1.49253891001855
-1.71284486550342 -1.04581061770311
-0.0792968932231056 -1.00663590016236
-0.915688989754054 -1.0488596860602
-0.0927048015206749 -0.9191984957552
0.70096298067819 -0.664193916855373
-0.980248583913764 -0.992133911102055
1.0215467673608 -0.263104083690033
-0.907667145951085 -1.02692422471464
-1.09671156117546 -0.99656139126894
0.671085617818961 -0.679495650502858
0.629847984984725 -0.753491683346026
-0.929985227671489 -1.00527102129663
1.24658425157257 -0.453797194810628
0.165331251089351 -0.776229367722272
0.408342222361589 -0.89736441072719
0.242368089893558 -0.926826990398283
0.0767291901454943 -0.858458988119596
-0.732766537195525 -1.0055328357276
-0.151108283582612 -0.900099074878141
-0.222813410138219 -0.970133518157701
-1.91572398798056 -1.05594169069384
0.655267544824068 -0.795104625641362
-1.13729909664489 -1.03479452986076
-1.52283195819714 -1.05145854304897
-0.445074707891885 -0.974854343136332
1.66897681013659 0.421046661431525
-0.0659670671198001 -0.849397917874077
1.08252242231115 -0.456744174190033
0.504947431193259 -0.786982929131741
-0.255382918218278 -0.901961646780353
0.798347104272087 -0.765204219818506
1.0191949437729 -0.428117511215482
-0.646355377988706 -1.01248578204354
-0.437586433246876 -0.994217523622045
-1.87810732898859 -1.07575411354054
-1.37064717992266 -1.07587684447618
-2.51097611832103 -1.08479403946429
-0.0879181007282604 -0.889933741340433
-0.718097381658731 -1.0334763563842
-1.23477401774164 -1.04613397741072
2.65442015791756 0.676377891272546
1.86287288720229 0.725040366599158
-0.00341208582386469 -0.890944444925121
-1.02176468683137 -1.0214127877634
-1.13834512634476 -1.01030964721612
-0.252454460659976 -0.861012132663816
-0.179920840576167 -0.907826612522185
0.268981760330283 -0.915036179794088
0.20110510303974 -0.871563911334449
0.300055224493428 -0.815025151756159
1.29945952891545 -0.237698642535938
0.169979765486324 -0.848191532404101
1.27510540693304 -0.521218848979539
0.854206893863839 -0.67112247361484
-0.479026437286475 -0.961634827356037
-1.67380742817494 -1.04848935124077
0.467226857449541 -0.839439099299617
0.766266169494313 -0.727687105627875
-0.851622280920754 -0.997142806534786
0.527141456295076 -0.764951778913396
-1.57684947367248 -1.05417126441691
0.0602254843886471 -0.839037992595431
-1.55070159928155 -1.03868848405681
0.95001864842112 -0.613884289932941
0.16595542519704 -0.83865655952218
-2.50495100673785 -1.08125967945997
0.990713743274848 -0.560106516028746
1.62687702317483 0.805067430255355
0.0601822022555969 -0.859749226517356
-0.238986524409041 -0.981556883769869
0.170406726915007 -0.871939096908747
-1.18051732157032 -1.02309076561948
-0.963697754478021 -1.02655952498403
-1.66049106260345 -1.03599532885966
-0.924592863147374 -0.961016651782517
1.381451034134 -0.185092849816625
-0.249443008939504 -0.907546786735063
-1.10087840480378 -1.03141245505072
0.108708883718193 -0.893278860895388
-0.317441137030035 -0.944063853042962
-0.234460805428295 -0.993376665854281
0.00659988830697001 -0.897601356204893
-0.225745956704748 -0.914834768520563
-0.758924671682076 -0.971039459908562
0.0422514773658224 -0.888649275759782
-0.921577830199425 -1.06091400684949
2.46082074145205 -0.343053772341671
-1.02606976005219 -0.962363977406844
0.675743876727707 -0.689639440438751
-1.60105156947521 -1.04144059981242
1.25069524441558 -0.440279066237017
-1.50446165548657 -1.027198095599
0.152790611350085 -0.882593960973151
0.614312897771239 -0.726903597792958
-0.79937345859339 -0.969823940580137
-0.822911001495329 -0.973846653753891
-1.01317830244427 -0.994323317053981
-1.74759593709103 -1.04460062570414
-0.897462334465831 -1.03271521297362
-1.59377186988304 -1.05638019140302
-0.364038355851961 -0.900828930406051
-0.886797054693806 -1.00016175654547
0.70743664044325 -0.684770546557406
1.71861605160831 -0.245568797603063
-0.837334313246611 -0.996557692821198
-0.774288296650336 -1.00879525724099
-0.014706364504484 -0.897383385940439
0.936271761571485 -0.556869706039426
-0.484949730284299 -0.940158484551379
0.378173604959853 -0.706353532897346
0.686311773851525 -0.768671297937492
-1.08189040675158 -1.00982796873265
-0.951008846951811 -1.00758122935469
1.98872671975489 -0.552653101713512
-0.825019346835407 -0.949329744357954
-0.386102842289713 -1.0288372010444
-0.402024925425899 -0.962407330736442
-0.596100992376384 -0.935346610776615
0.0257030997988332 -0.914815966198964
0.0999159135876481 -0.939147567338768
2.40012206432142 1.32155257789886
2.14355223062831 0.568663504222898
0.765317994259469 -0.710861730790791
-2.74047217313549 -1.09427290461328
2.61407644332818 0.470303832719321
-0.450773857917581 -0.970591495490538
-1.00947558983632 -1.0164822805055
0.382530913431048 -0.732119891522058
0.0660826717293153 -0.857428579066016
-0.680614083060506 -1.03909823424121
-0.0920222633773729 -0.975455568322589
0.95382011138278 -0.598009455945235
1.3274994912281 0.171173569367721
1.8491629123436 -0.134328197383463
1.62295150427136 0.233866428260369
2.78317925892937 1.11816859070817
-0.660449364669363 -0.983942752128878
-1.7885611272186 -1.06875460708947
0.809410841860455 -0.706162282648236
-0.345502378187937 -1.00314229951659
-0.236497854164797 -0.919594025770367
3.86289954395958 1.06401289232383
-0.346813258368427 -0.886126409039737
1.53341982214178 0.674087073649335
-1.61968694887738 -1.04068950307053
-0.0573608086581437 -0.899266238752608
-0.514170450160527 -0.995813368960805
0.426526505880143 -0.82244023781572
2.11830743164376 -0.0263348307928066
-0.751466048815493 -1.05260810679256
0.162303122549522 -0.825875073499191
-1.54237679320066 -1.05748207284541
1.94653119788942 0.768792152464389
1.75761186208129 0.580225934393194
1.08149978422753 -0.373507579089427
0.263812377837012 -0.825098206807543
0.730173444086701 -0.799053708210188
-0.46099902732335 -0.967111335268335
0.933056692215895 -0.800494639154431
-1.41670703459006 -1.03727934358558
1.57648431650742 -0.217991469631099
0.908824831296276 -0.907461405454425
1.28159723013301 -0.214480660538909
-2.93699542034964 -1.10467054429602
2.65331978469512 0.406841603914196
0.725452437426069 -0.806725697936302
0.462161557514189 -0.799516592735998
0.873057602904805 -0.646850766933302
-0.313901646218563 -0.992271474982533
2.34321262428454 0.962836447111626
0.0643726385197603 -1.00398898499861
0.533326977518172 -0.822870481755957
1.5459937741582 -0.232298515969178
-1.63317831708665 -1.07433845181395
-2.23704299370442 -1.07315491695369
0.832349617182521 -0.742876172983458
0.231765019529167 -0.902978549769158
-2.88520187725091 -1.10768488196836
-0.967501573148417 -1.03895720479538
0.139664090975377 -0.826292869572751
1.46284500127438 0.292666913474522
-0.0537116479034777 -0.891608266342525
-1.41017573790247 -1.0128674254774
0.108722710160513 -0.858956568603895
-0.458250457218828 -1.02769467191377
-0.14698674310708 -1.04476113783591
-0.147934548192188 -0.874153600859926
-0.311504669539366 -0.939339824962124
3.53187427845919 0.983083890234347
-0.777869860265209 -0.998194163596604
1.64655126717275 0.375824453336475
-1.50224844556814 -1.05495573078552
-0.930968296531987 -1.04347082070194
-0.324031533032375 -0.964335505911604
0.856101805660649 -0.670123076225693
-0.40546801120176 -0.972631787027807
-1.28282778204775 -1.027833574103
-0.208839760586428 -0.972113486114303
-0.646078076200904 -1.02790413338449
-0.0764591966529832 -0.887225719669355
0.200891113563058 -0.916409121777466
-0.586954523622539 -0.957413431315506
-0.0732679117877579 -0.884952407896622
-1.06761175428885 -1.01619897333404
-1.77020602792945 -1.07476919725953
-0.232058287101702 -0.978762516070641
0.0663240554562486 -0.913750665625093
-1.37250593949065 -1.06365342306916
2.07300493031587 0.412234408932179
0.989432628810151 -0.723901709176253
0.538211702811178 -0.850154978212543
1.76718096552519 0.602132403449016
-0.423868272377849 -0.968528366843737
-1.0754322714849 -1.02215037542925
-0.913227028341333 -0.994572020218468
-0.845226924598071 -1.00723435117742
0.882629162936623 -0.780411877326322
-0.0323383806352416 -0.968607726606573
-0.0459420289063739 -0.922623003016024
-0.353862881649594 -0.958841776797521
1.02738526680646 -0.489583237111031
0.414760377446388 -0.789087869183018
2.47623121606591 0.287448361176945
2.2966011198106 -0.475635749769458
0.563824172478552 -0.740219934792732
-0.434507582560818 -0.974844792378308
0.745449316866603 -0.762680697950922
-1.06266355971645 -0.998354334014729
-0.821933575909934 -1.02440515160524
-0.788676139582985 -0.98644325116394
-0.585126070473238 -0.970205014495346
0.758354563617402 -0.658479873621171
0.354020654701288 -0.891084594275653
-1.09576811139535 -1.01433903599622
0.866066677559776 -0.613017861174409
1.70823974141305 1.08565966447836
-1.22181594734613 -1.04543217190448
1.28929001195539 -0.0475786184020205
-1.552236433195 -1.06622531541462
-1.27914189520817 -1.03787217416298
-0.91569793465287 -1.03287613327046
2.64739432958918 1.46922425432745
0.702119713741643 -0.71037751217077
0.118855059446146 -0.912602813965345
-1.86640053382496 -1.06031355632547
-0.137801487891548 -0.934727571271278
0.367173053236719 -0.907552853591729
-0.360570926472834 -0.922134594203593
-0.839882735322121 -0.973343384665179
-1.09831272430677 -1.0008488261574
-1.25416668936031 -1.07204247560444
0.195481734954517 -0.901089767726958
-0.427851262948998 -0.926271143277822
-1.03100577999284 -1.05706778246315
0.518694515977891 -0.750512909586319
-0.0655154309029892 -0.927770845723468
-1.34393153222192 -1.02282230680183
0.682872121016576 -0.912194553217087
0.797449688695337 -0.742115242967047
2.07749307478591 0.828968698643603
0.795940108153042 -0.718621122230785
0.0612459063154595 -0.885599454217797
-0.372737800229469 -0.958008661122752
-0.027094912183129 -0.924192747982589
0.33738845205125 -0.900332382009229
-0.289766600537144 -1.02296396172054
-0.364598840770037 -1.00482502775701
-1.59469903204846 -1.03207164071145
-1.00520579008084 -1.03240900440485
-0.704243309942519 -0.99680596080266
-0.0809925021877346 -0.875925966512713
0.892638438773134 -0.603138205654255
-1.28778719879091 -1.04033351024026
-0.033727877543335 -0.881814768296902
-0.478025206389058 -0.894126085249501
-0.832753937771079 -1.03235858548916
0.892281418427686 -0.85252616892844
-2.0456498852977 -1.0746894913454
-0.66612182868967 -1.03814311736385
0.0141733518169599 -0.857548764341123
0.777441309418943 -0.73503115661561
0.242499660578884 -0.793155814232576
2.46487958554558 -0.63919770737693
0.717153356118642 -0.645305305427223
0.444492457478593 -0.924950661822232
0.198945483828773 -0.851469475833686
-1.34446080972525 -1.03628069574242
0.638987286443883 -0.817317754698212
-0.821123640963891 -1.01750676928051
-0.827251808129735 -1.01556152691633
1.12189561537231 -0.370042081599759
-0.0687812891250101 -0.945948046965245
1.60272367372575 0.101384790695898
-0.791006709331477 -1.01105057169947
-0.453485284240359 -0.958464329949572
0.423459352436605 -0.921800803944969
2.59438127086795 1.23470581975683
-1.20525533438986 -1.03110466271696
0.682086544743056 -0.730576738919808
-1.51180931112233 -1.04762038042123
-0.841934226585537 -1.00073218279811
0.00785412996813925 -0.859462273152766
0.720941925224024 -0.696190531182392
1.5510940593006 0.400035827049747
-0.122287889324225 -0.887377078284187
-0.142747997110122 -0.873319085930866
-1.64679029121255 -1.05205455482341
-0.255911537950785 -0.939176606302176
1.8885514074463 0.421117346446903
-0.581879473664433 -0.993166832843995
-1.05264014820718 -1.01672403912141
-0.83805260753449 -1.01232485323112
0.701104884441821 -0.726404742849651
1.53090843519552 -0.0311062800111811
-0.0646422740221311 -0.918208811146616
-0.622986708832734 -1.02080206172004
-0.863170029835999 -1.01064071896266
-1.49561510626078 -1.05280259057978
-0.772461908327452 -1.02128311542315
0.19933584639419 -0.943319619794381
0.759345315923968 -0.617332897890685
-0.495272432928104 -1.01345493832489
-0.522710200842787 -0.949245334578455
0.409041849794756 -0.860426379115452
-0.71927827838214 -1.01463957857719
0.176938120899895 -0.748326240336483
-0.382624831746192 -1.00062081991311
0.616681989136341 -0.793028499497471
-0.183087205565607 -0.888111142438666
-1.04347457511152 -1.04143420642383
-1.31913036237166 -1.00227966192812
-1.10558218690555 -1.0345384942122
-0.0114925915605108 -0.926539189866346
-1.00079795205778 -1.0189798885073
0.525761105839884 -0.785698699270482
0.398589178502016 -0.755051970454419
-0.150496351579781 -0.971144290566447
-0.129374813800402 -1.02039188067611
-1.16165539460831 -1.03644901596488
0.505933483448592 -0.788962702239878
-0.531994181208134 -0.956642036305911
-1.91828144978542 -1.06428178225583
0.479463291119715 -0.780583984182317
1.49986118405259 0.134956943178334
3.1516238681414 0.528945700138561
-0.437610996588428 -0.986515449135002
1.04256994276627 -0.434528767713744
-2.33039803496912 -1.10173218531995
-2.11193510644609 -1.08847245016774
-1.41753931001235 -1.0409105903856
1.92955839091693 0.611440730342064
-1.61946037225663 -1.04789616501149
2.28705737816888 0.911223249338498
2.02766087614504 0.46051195558644
1.54053284645728 0.277790800032372
-0.45139842426408 -1.02743676929937
0.48462384396987 -0.661898402637558
-0.748522218163431 -0.971211799198329
1.05829842926691 -0.435373950513557
-0.978570689751609 -1.03018428639986
-1.17530249586194 -1.01907758670777
1.56188418603123 -0.344785644062139
-1.70142211798764 -1.04593167499265
-0.522326208350021 -0.992156710733129
2.49783309624132 0.49390873582129
-3.43476688070185 -1.11463744332282
-1.34499100645921 -1.02141392511931
-0.87803501999915 -1.02540475763338
1.49794330757664 0.0567882547018645
1.62975676888222 -0.0606541181911126
2.04226655671 0.314719603433043
0.427848340566032 -0.939754259407425
-1.12211024834685 -1.03037787616833
0.393767627412008 -0.788961044630586
1.10542112741359 -0.260198444916059
-0.896889614973464 -0.976613155320291
0.108142184464374 -0.904806641373072
-2.4567264766677 -1.08004821463764
-0.0933778356683745 -0.960282329627913
0.301322348872504 -0.825380695152774
0.106551354658042 -0.857355386437434
0.0888593184509416 -0.89548466233221
0.633559302097654 -0.89274224657421
-0.38781204080885 -0.946280311386236
-2.18187310830376 -1.08005073674999
-3.73741915904108 -1.12144719522157
-1.41459147460953 -1.03776750259904
-0.93047527848886 -1.01173611415869
0.361606060106575 -0.825854400030878
1.51104867413392 0.176503525945908
0.923585238641566 -0.561754615508767
-1.68140506620359 -1.04120281498969
1.90151727064996 -0.0419494637155358
1.64873352154919 0.444369836623212
0.137449637157478 -0.887251651620415
-0.219398280101652 -1.0491004022238
2.85004195923819 -0.269365744146021
0.994695964527781 -0.776944087951808
0.144781838877013 -0.933785108769892
-2.22022544587803 -1.06427060503348
0.264655320162836 -0.861168641606759
-0.581693031388 -1.02584030463823
-0.756986242971719 -0.979056528045857
-1.64544162379977 -1.05965487901628
1.0477139183066 -0.560909480446971
-1.46526507368021 -1.05537445479993
0.243768562446418 -0.77384265828859
-0.226484110189517 -0.964523773919466
1.63813855566972 0.492535664799535
2.39806923063198 0.297701087287546
-0.365291868475615 -1.05439611774119
0.380914931494858 -0.82470960117554
-0.765112973007504 -0.975259214968046
0.12544206552095 -0.848924606394876
1.08278099734352 -0.51710088793063
-0.204736466617275 -0.983165653162825
-0.626018116182939 -0.955578171120965
1.04914388320648 -0.51621978683595
-0.850024236383758 -1.0314203318405
0.339385870130114 -0.873023586415364
0.397543664990267 -0.791156587868525
-1.15654651648436 -1.04426720952472
1.2036958976241 -0.596543599571189
1.17621661896852 -0.395464234419386
-1.69189642824872 -1.08315083853881
-1.31905917276477 -1.03874774606033
-0.927989930008595 -1.03034530019873
0.505455393129146 -0.878686688678226
0.869555257429593 -0.662175375132619
2.11450093401984 1.41379008243196
-0.823832264596203 -1.04749593013866
0.965826055500819 -0.425539469624017
1.18830371483825 -0.333352775723464
2.89463076736937 0.68912188151913
0.0391897241224303 -0.922704060495577
0.258585920896172 -0.87449849898441
0.899742577958003 -0.64180102825013
-0.282213495827728 -0.922776473317411
0.90482511629381 -0.641400336101005
-0.739324972998268 -1.05648711110389
-0.0624338353291821 -0.888811309857591
1.16929869630487 -0.491402757532051
-0.814041147980899 -0.987116537999101
-0.343347143816505 -1.01085664274586
0.340974627788997 -0.83405123384358
-1.39711806439704 -1.02755454941035
0.524040244022593 -0.842736700375187
0.104241360739107 -0.87891555882096
1.00134325862333 -0.608296461139501
-1.03554568306132 -1.01772416546537
-0.179007386310756 -0.998561624236598
3.44094117885887 0.574526190952558
-0.00392432665717841 -0.935267050574388
-2.64407648255602 -1.09774830663575
-0.440287862662798 -0.956199566574357
-1.56955628506443 -1.05168697155652
0.921011958290618 -0.642825567188471
-1.84352099237818 -1.07534265077873
1.0090827540242 -0.366438778149831
-0.281745138030792 -0.905222930474859
-2.2843021089425 -1.08239583345307
0.714885368486204 -0.767378637985126
-0.136696966644092 -0.868266719633645
1.32714550973304 0.0331463284780664
0.773299004540568 -0.894282928089788
2.47888532151696 1.39740540604682
-1.58501507429676 -1.07665080113272
-1.58643415181238 -1.04112168834882
1.53117528036033 0.172218707854028
-1.06072831377592 -1.02729064294209
-1.41119599829756 -1.048430947692
-0.262624378246928 -0.971355844311865
-1.77338099446093 -1.05262433887257
0.531974358277292 -0.767357972431298
0.876689194955184 -0.57892739083091
0.291492733442498 -0.751655517030087
0.440229463659938 -0.750808261637765
0.734007984118864 -0.598469655732205
-0.601245807199416 -0.981154271886771
-1.18481290101727 -1.00984145152966
0.239062651051967 -0.882100381930543
-2.14575670081209 -1.06685886974362
-0.452020110991107 -0.936403012091282
-0.666215539255898 -0.990987995958733
-0.438067748585044 -0.994887617765365
-0.338794429361328 -0.998555328412118
-1.00938502201944 -1.02642328730412
-0.813738376695359 -0.975417552360982
0.339700440085262 -0.809387693746678
1.57462171286381 0.218946789350603
0.00838756604023763 -0.836959498893538
-1.80559920889371 -1.05944663786607
-1.09910904200413 -1.00393093269035
-0.528546936985672 -0.98212242962574
-0.261300743963198 -0.970349806592046
1.20535165543682 -0.368165458482988
-0.436152596044274 -1.00151544067336
1.26369417747846 -0.290135535534545
1.73411357198941 0.0147027090199076
3.35546867296515 0.160973086605117
1.61507798750045 -0.209718239486618
0.135255551569619 -0.87453535140347
-0.203067392041271 -0.922787237524957
-0.609662839073989 -1.01670890412575
-1.72552436408136 -1.05744789132737
1.8799798540575 -0.392796383763365
-0.940654483238534 -0.962578414860705
0.928265093481977 -0.466628243618817
-0.485513096223566 -1.00804823527197
-0.236367533454348 -0.924722212316896
-1.20210578883796 -1.02651628102528
0.723326706858438 -0.555348343442029
2.26639185228415 1.07808552665305
0.271949949794335 -0.846262640278406
0.265620435095115 -0.811383907394788
1.98835602699497 1.0788036190796
0.197424188249268 -0.841516627790566
0.610570816414068 -0.849303968677713
0.845516573542165 -0.737694576916727
0.383145444928332 -0.868788507859606
-0.724634495240924 -1.0579470517397
-2.51289971481216 -1.08954893356417
0.984110196480802 -0.659304921971392
-0.453921477727422 -0.912366449292853
1.31645207786566 -0.329027088824851
-1.16158607002607 -1.01874040972929
0.358157823471814 -0.876941686939617
-0.760263424985973 -1.00567481919613
0.0217665286282647 -0.915731401198861
0.37073494973352 -0.940703671760109
0.178712624494306 -0.901846690568692
-0.563157257187905 -1.00412586481981
1.41576390777398 -0.390468960204986
0.442311188984265 -0.722665490018194
0.141196508082422 -0.883641140567662
-1.74322200402926 -1.03735312073842
-1.63200141244005 -1.05847857286465
0.457852879515736 -0.834460285952748
0.129917730211563 -0.908133922381201
0.0348129903325004 -0.871907295799391
1.70870926523963 0.568554321657121
-2.33219472903991 -1.08671718310666
1.2360164755861 -0.632639990787702
1.33711970537996 -0.387469863439232
0.727787618596378 -0.962146188012921
1.93300427689722 0.582454060457145
0.113527722229706 -0.908696142451197
1.59288378933861 0.614216412948701
0.859758271408222 -0.690386934110614
1.60509993408006 -0.180945524059306
0.540060673203566 -0.74730151215235
-1.18424317910629 -1.01720893410751
2.05575197174021 1.15856337889314
-0.368009280033513 -0.884602912765427
-0.330980775379143 -0.906479370226864
0.237401017651685 -0.805805500719982
1.50588280965071 0.675982267796872
0.922630650301734 -0.528058418435349
0.186658679194524 -0.756469861473034
0.323928985864545 -0.747413177520095
-0.233884315259489 -1.01102237852312
-0.106187899696725 -1.05120390069035
-0.545265452649607 -0.942040926735156
-0.577457471096963 -0.95737074287347
-1.00421239209066 -1.07490452966195
1.50341292554196 -0.0578078921202846
0.816764982105581 -0.756686980197444
0.567127983789901 -0.785192404194204
-0.778668981573372 -1.00939853268695
0.460355856569153 -0.949266858785045
-0.0715261428531279 -0.932969078488355
1.1832100564523 -0.250909766650601
0.780101219410417 -0.721161797512087
-0.496144949707965 -1.03288196939213
-0.184576478722286 -0.934300187609308
3.03974861596665 0.865416418674977
1.59479004554799 -0.0828979510239948
-0.0132305920862583 -0.973170578163643
0.487450123858755 -0.895413391348664
-0.160020560407663 -0.921023101962608
-2.41806774103537 -1.09875772824643
-0.0419871526967397 -0.907831534300054
-0.0883327707849938 -0.889049478575784
0.478069057235441 -0.731439828557699
-3.49495585910294 -1.11715411471644
-0.761809254566837 -0.965996354639938
2.20626227661895 0.321923559265707
-0.403637128810562 -0.979459930048915
-1.31426490522798 -1.02525352211464
0.140732504171987 -0.837323168568505
0.299970637973333 -0.963774313319494
0.600336923066849 -0.736479327162987
0.0665103682808103 -0.881631478351039
-0.580064244471941 -0.9724570522126
0.448076456076992 -0.806474905975985
-3.33647383289518 -1.1122222880558
-0.758195317540836 -1.01689476507867
0.964758872931498 -0.778612498225518
2.88077624831958 0.296952438915816
0.29543572168988 -0.857406086223917
1.03160469567184 -0.3107614021361
0.737405297890288 -0.748024904869613
-1.04260258542266 -1.02706293813278
0.104745227744446 -0.920073347607527
1.46762833608753 -0.074441885288018
-1.26149408008196 -1.05063344023841
-1.58143376265711 -1.05085706704817
-2.07625337210521 -1.07753146782748
0.762262413584047 -0.83821395519997
0.755041060840248 -0.670030500432163
-0.301726219713435 -0.98430519074253
1.60663733590925 0.104672024800049
-0.176012030814992 -0.930326953793253
1.9912437029047 1.06093131901085
-1.51389765696195 -1.06235148226643
-1.29580791169071 -1.05025819008398
-0.271651606305793 -0.966935131180413
0.531932751155923 -0.890670085555168
0.872967525663611 -0.606169023133426
-0.591390163713095 -0.969135576677637
1.16112796557031 -0.258314545261307
-0.289037617845283 -0.962325089701861
-1.85779021597301 -1.05810328862058
1.72518594080564 0.285746626215066
-0.358757342153099 -0.985665254040237
0.143080841084659 -0.789029046953315
-0.971240588878951 -1.03370554294692
0.0288891822170467 -0.922891733732374
0.214947479568348 -0.884817519556672
0.743130487546674 -0.690408840020971
0.560948078532141 -0.756229956446383
0.777514081739217 -0.856809608896495
0.2007287773129 -0.917388543629255
-0.0480342240223691 -0.944998514064195
-0.665973573793548 -0.936881491467516
-1.02736977580975 -1.02410337199442
1.35839190772901 -0.373532822313553
-0.678911452899168 -1.00041108358534
-0.0424480952197686 -0.876164324387827
-0.634408536250757 -1.01315626504429
-0.456831709415593 -1.03144738975184
-0.468304184037869 -0.938637588827297
-0.71218866327181 -1.01312837591306
-1.30454783136686 -1.05992764018319
-0.305142076620493 -0.961956304962938
-0.472044869084015 -1.00656571602912
-2.08556274643918 -1.08567464552117
-0.264565381920441 -0.907841894581414
-0.195686781506615 -0.931370495898344
-1.40919806337242 -1.05906264550424
-0.0821045914936707 -0.91485222751797
0.0766837996366695 -0.948485968991451
0.924858587202967 -0.99345623939218
-1.73099776657824 -1.05721736485944
0.405847930770902 -0.643067602564393
1.08888404726408 -0.345240798772926
0.608609819780426 -0.910241994485703
0.928633332592028 -0.638587076916864
1.51428508085177 0.0785574668465382
-2.02287689246507 -1.08045269363382
2.21113132225942 0.196451943952432
-1.29075028103083 -1.05099468899075
-2.2124859710221 -1.08998263009212
-1.64587157203232 -1.07072538235576
0.341189196443835 -0.774667889940898
-1.20036017112465 -1.02727424757661
-0.579489061004098 -1.02485566135519
2.58418819598006 0.998530480803814
-1.30274525880408 -1.07239528577768
-0.658713450224817 -1.03304365545866
-1.36296893707073 -1.04303780342541
-0.402811534374912 -0.979584011270403
-1.33313595092758 -1.07103450498315
0.421996877538595 -0.759266958636462
-2.05327801437554 -1.07263173331026
-0.939834199563283 -1.03082255534363
1.45183226762706 -0.534301105649769
0.475394436268362 -0.802853619984176
-1.01403955643343 -1.01398371569659
1.45207810925613 -0.00871817283714317
-0.0398799375145213 -0.944570043403548
-0.339002785034939 -0.97131366739756
0.903410224015109 -0.722816317089426
-1.03569996117096 -1.00232164277945
-1.93442123152432 -1.07950551950343
-0.126831931456366 -0.972703654763209
0.518852289488927 -0.816100150304106
-0.226637317537428 -0.958017400623838
2.44802077431468 0.34839074363725
-0.536400802487828 -1.05706309105031
0.81283289352002 -0.579339295846473
0.0523522659277569 -0.908349688129198
0.443477092873403 -0.954078824855005
-1.17872867156648 -1.01608649098626
-0.851055331721551 -1.03808003280002
-0.620078875108117 -0.991719404959639
-0.530651378776562 -1.04310022596073
-0.29881033008722 -0.972678100624708
-2.38199024107721 -1.07690969908963
0.17281984533181 -0.830226296171879
-0.660599516961412 -1.00739447514088
-0.463763048993309 -0.961198962121496
0.717357200990173 -0.789572528209606
1.17006304872362 -0.409748205699339
0.0109244029269262 -0.956814278349053
0.985918607940269 -0.712653049822848
-0.264355833221678 -0.967704953956404
-0.745359193573375 -1.00134587537182
0.573163975399508 -0.599536591027628
1.26440769494491 -0.0570474759557401
0.433608679911213 -0.714528651706768
0.200276142615208 -0.714378793445701
-1.1628377023957 -1.05417252692711
0.252307068987138 -0.818263652108422
-3.64392220445032 -1.12007867603244
-1.12903331607784 -1.04718863734795
0.956843736607203 -0.910922614198668
-0.848285436146904 -1.00479719716532
-1.19597469073498 -1.04709081528335
-0.401210426860888 -0.959320843919193
-0.308892242927436 -0.988285944579791
0.118608133070544 -0.86361200212103
1.17810130785754 -0.525117012339222
-0.0849930047167302 -0.932777157386049
0.355390091810457 -0.860803422702978
1.14202710184688 -0.0264332563302355
0.990300178170961 -0.628402726727322
0.95616791589972 -0.703275601324225
2.00906154702631 0.66269388504018
0.650347323826694 -0.833184057976022
-0.454399557028731 -0.914730844039959
2.99416510609071 1.32559094840913
-0.32174074038284 -0.887824888460711
0.0870058094101584 -0.868277677475536
-1.26142738006455 -1.04043576628924
3.68920001266144 0.916989427513485
1.5635332532744 0.521553452189355
-0.798014236350051 -0.980049736295699
0.22540988053843 -0.80457241265112
-0.116366596283032 -0.994154985090616
1.01577330946832 -0.459315307849943
-0.937773157188263 -1.05436251253202
1.68165271855497 0.145119983436556
-0.556139557795017 -0.940308040843264
1.50128560003176 -0.220278882727154
-1.48469030350703 -1.06124700501061
-1.25031914426902 -1.03419859058078
2.08134236704205 1.06047629037027
-0.234855089954851 -0.947627319996176
0.0348128882709916 -0.861735787284664
-0.0523595086604002 -0.926674011836611
-1.03146856511759 -1.02889796606401
-0.366932919617903 -0.96136625295668
-0.127813692926149 -0.932734094375445
0.843768772790518 -0.642116081656535
-1.64330604431254 -1.06076327076939
-0.536982310314543 -0.93232831094118
-0.211004773615564 -0.97027724250226
-1.06124733298452 -1.04671102442258
-0.55891662932939 -0.973095875403169
2.19115332484952 0.623794344630789
2.73567182494542 1.55150277152198
1.13602558377977 -0.504247723749018
-1.49792009242521 -1.06684250684016
-0.665816137896751 -0.975240051258112
1.66967046279717 0.529289927345795
-0.639199021062156 -1.01902831137986
-0.102893234874849 -0.989444992560832
0.720281417939128 -0.781952943160843
1.19989509903356 -0.0669999207385963
-0.474562794229643 -0.920163857885956
-1.74389840913132 -1.09604176816985
-0.54854223752389 -1.04051892368376
0.34566898367954 -0.694058128579084
-0.145063264555838 -0.906645569113265
1.46122982003511 -0.422790331729653
2.21122068434075 0.446269290083592
1.49266408073915 0.0335009566294251
-0.500118618221443 -0.94630998527331
-1.29112196712244 -1.06169009162911
0.85482625786869 -0.632480677218755
2.52281050184337 0.495543226561464
-0.114575314123789 -0.90859662248881
-1.19447062901067 -1.03765132142568
-0.308363031393914 -0.901317359266476
0.300680196628018 -0.804071760054023
1.3335540425815 -0.146648917019233
3.30849520405729 1.39232407642688
-0.174232305038256 -0.916303817180075
0.377424784663754 -0.750902564044827
-0.69519060640782 -0.965019401957989
1.78554496455208 -0.0168062191782465
-1.43728583991632 -1.04804450675394
0.789700812753036 -0.578538850468987
-1.15072580214504 -1.05461786041777
0.723759734558673 -0.719285360285792
-0.881224193011363 -0.978094648383318
-0.117380923808063 -0.925850217569029
-0.216698787995176 -0.924388468533493
2.92715785731234 -0.0924913505826372
-0.0730295691329551 -0.840953410209674
0.0978469486335171 -0.862077071762202
1.38436123638336 -0.136530425527434
-0.106823572591243 -1.00066841857307
-1.16451617290535 -1.02867843817079
-2.20388845228731 -1.0900347598946
-0.976660242389447 -1.03547009336792
-1.68897751442073 -1.05627589238068
1.41513992303355 -0.158351759680806
-2.04879483276637 -1.05894463315666
0.154484703458373 -0.790964254286643
0.088018475541775 -0.84502488487942
0.136239253533511 -0.86429738661215
0.572469195894111 -0.727512097164117
-0.394516901757436 -0.894804902705846
-2.09182605580405 -1.09234331497355
-0.643730047894954 -1.02555469916319
-1.5451822424735 -1.07977134608633
-0.138863228169645 -0.936577585993419
-0.796236912927403 -1.01503568245825
1.48720455022043 -0.405476799215516
-0.427089387106248 -0.93849402305288
-0.89478881709579 -1.02300441867344
-1.15019515538754 -1.02373224721959
-2.27682649487394 -1.06922824793394
0.40919274584805 -0.927422408243072
-0.120771116857841 -0.961553757320425
1.61842210300639 0.190087305746019
1.75108062878891 0.55525155783886
1.97411182263599 0.532405558949628
1.86699338292051 0.844260712711266
0.836131914394615 -0.731744518405033
-1.47823031843733 -1.06984145056573
-1.49288572056005 -1.06770337858084
-1.08454231094377 -1.04684876778321
-2.00502876414128 -1.05294811885656
0.134830360036716 -0.974136538884103
-0.770331547502269 -1.00646712296328
2.36713723022561 0.120875393686073
1.68797971933312 0.741088025631099
0.65070698065225 -0.73384628336843
-0.188941719418978 -0.870769084726932
-1.03386011217017 -1.01946674160391
1.94447778517645 0.789702469270256
-1.80298414132481 -1.04815752058563
-0.478684061710807 -0.915846243551471
0.509065926029523 -0.652628261931145
2.86230509850206 1.32083972991392
-0.87551180252094 -1.00167942122698
-1.23788675100389 -1.04653899464326
1.8038125527598 1.10375258763441
0.457077184165526 -0.670777545698987
1.52119888425977 0.407939266928765
1.01347310240127 -0.595389175651178
-0.193906508166894 -0.940398109050708
