-2.19676801836443 -1.73319349287648
-0.402056760274458 -1.66957829724949
0.275091289036489 -1.44781934493803
2.1755187327209 0.681211156493485
0.779101664129843 -1.21569070786585
2.60247690109723 1.36691629357752
0.245242394334683 -1.48865671564535
0.542065028025165 -1.32333762540637
-0.673509794163992 -1.6416370077026
1.61964332561225 -0.946625363323602
-0.872521438769579 -1.64556694949253
-3.64367516880162 -1.79128994464845
0.267680283431942 -1.32497531283576
0.748786717308439 -1.321934965185
-0.630114377482525 -1.59526626698751
-0.0687201311854296 -1.5540839507466
2.41097548161289 1.2087570679111
1.58146152270394 -0.839438706868334
0.380334181844575 -1.59296488505324
-0.906237832716867 -1.65658118816665
-0.535119117655638 -1.59196607121064
-0.0596531584568771 -1.56074349109819
0.00144124339470128 -1.61195905756826
-0.110467026606281 -1.61310532540254
0.327990910377799 -1.49862069337411
-1.54420160048081 -1.74200647025585
1.14562581689759 -1.46740484554203
0.0567597457673373 -1.51534843015213
0.29540130481766 -1.44035264502341
0.591639167010438 -1.42736693559726
1.12539380401706 -1.24713887459919
0.866676017711068 -1.25952471019804
-0.878789606660028 -1.62934073057371
-0.162002030039121 -1.48805045340705
-0.165360003768603 -1.57051110358809
-1.19621260623087 -1.68084475112825
-3.05620786077472 -1.7775294439816
1.48553432238483 -0.99779903190236
-0.77056358816763 -1.66969449745472
-0.930633824460416 -1.68630474978988
1.22709974597903 -1.15654673027633
-1.45552783457259 -1.67975705142627
1.00376937327139 -1.18742732777475
0.150999441781225 -1.56738666235424
0.284174714586755 -1.43629719029727
-0.604375665017608 -1.66072786658993
-0.965760042631528 -1.61405748887558
1.68138619990906 -0.538979464634621
2.82612235902404 0.780438084232782
-0.0480455275907539 -1.4678042495853
0.759851090152519 -1.39275117654606
-0.867703078210663 -1.65156029677452
0.0167286259070968 -1.61850909365743
1.64880503589196 -0.623498736008817
-0.638236760641318 -1.63678282071506
-0.491167008173815 -1.61188833161484
0.100278686027428 -1.41506602884497
1.24285394618983 -1.23980110905227
0.660065867946087 -1.46997398714899
0.848884220002412 -1.26929978415849
0.604253506000548 -1.41386134685501
-0.469902016532389 -1.62311821065172
-0.120607695868293 -1.59581041301484
1.356174272718 -1.08332067658887
-1.09181863122488 -1.66957406671212
0.00419505614353644 -1.60968379810742
-0.642004960106912 -1.67864340818303
1.51802984284862 -1.13106704288381
-3.24628261417101 -1.78232141295146
-0.758566578011628 -1.62510319584868
-1.08702960540576 -1.67862836404341
1.23292882773672 -1.07500744886479
0.320299014937443 -1.45500767002667
0.483075524322043 -1.43240974733503
-0.886740754879399 -1.63426939552356
-0.737249139319346 -1.61944729375563
-0.945802136639741 -1.64840255955438
1.27385367287902 -0.930413530040588
2.24129252379869 0.661361248220685
1.6519160399762 -0.646875946993769
1.25100707976295 -1.20686047596031
0.738632978205133 -1.28914407359011
-0.591295709115689 -1.60941240324763
0.81638020570387 -1.64607074299836
0.209269327178561 -1.36340327688874
-0.678624363699095 -1.6623616691316
-1.94873373474334 -1.75058527051881
-1.18854437847231 -1.62983492116093
0.628391787344307 -1.34553984239452
0.420074071984025 -1.44049660503052
1.11338653084795 -1.38398459181037
1.41980631842956 -0.834427725142244
1.25013710145266 -1.0321863239698
0.0965929093757122 -1.50912298272689
-3.14219748428489 -1.77267670507163
1.75723819722287 -0.779097993426798
-0.837511194073752 -1.68600281507472
-1.09553747649701 -1.69007099047238
1.69161778657191 -0.638898897176649
0.760681207914443 -1.3183548458835
0.839961071066458 -1.35263956971578
0.515300501466809 -1.50694282591738
-0.197685117318612 -1.64987240074151
-1.03488741103346 -1.68020771073267
-0.589670067151428 -1.59609001110723
1.06247119283581 -1.38063932394816
-0.477880553876411 -1.64334089209245
1.48055013772878 -0.747917266512926
-0.278039243260178 -1.5554008160219
-0.394621749087277 -1.52487433465946
1.12314566579907 -1.10245455341138
0.0262977631908171 -1.4889024452645
0.957662998615395 -1.17103425304475
-1.57291691679368 -1.6677581935006
1.43344689885299 -0.561781980532838
0.780361504715286 -1.32205140009747
-0.349720620640656 -1.63853956843018
-0.11267942099089 -1.56976101012087
-1.09111563993369 -1.70075564606199
-1.50581799327495 -1.67266880653754
0.0253531622771063 -1.53592906356528
-1.17639971150052 -1.67544091684347
-0.412344193354783 -1.57120255726376
-0.0813982946532939 -1.58663224857983
1.85735220697768 -0.177491444361003
-0.506949464348738 -1.67905246890197
-0.207403814154987 -1.57215269439056
2.50000908898171 0.362238396509633
-0.0681179259288071 -1.55709574493907
0.189897792806978 -1.60191397840006
-0.477822537824646 -1.65457743298394
0.15297538030544 -1.46443447905034
0.453418217041318 -1.37849576300296
0.588547486274147 -1.51392129605858
-0.274477657878682 -1.63518888181055
1.50548095966006 -0.609517289341578
1.89591372785737 0.710701792839154
-0.0787242770948771 -1.6005034143268
0.695435638084769 -1.29921193365681
-0.21171730504868 -1.62175312158657
-1.56538993063122 -1.69051985612632
0.711444183323315 -1.39977033856515
1.27037935559082 -0.985705495459974
1.61755580752587 -1.04054866472908
-2.27949328456651 -1.73365916206296
0.85620337089228 -1.42264323196076
-2.22834686617356 -1.76233181296354
-1.73835816179898 -1.70673520008022
0.305818478745988 -1.62180165467316
2.64192925348114 1.36527438074237
0.318600428919221 -1.52967529101186
-2.44207046365363 -1.75457204630196
0.098298928487325 -1.54818007289569
-1.45260005016428 -1.72024906848175
0.520523569767135 -1.48225727934817
1.64791137306863 -0.126987335739085
-2.2554742676245 -1.75443108665269
1.03769585136457 -1.46791187130342
-1.10617949239946 -1.65309342327642
0.947322097557215 -1.45906808789466
-0.339897801385123 -1.62644992988124
0.254338361430788 -1.5298146434416
0.728590073260703 -1.38972160528317
-0.219184046864522 -1.58323755696193
-1.91904498675102 -1.72907947580741
0.417669989494449 -1.43303085231234
1.58659244496319 -0.93679651630441
1.13841413646855 -0.902839019266893
-0.853750515192872 -1.5869431471296
-0.21000648972799 -1.53970004003806
1.51289669382433 -0.518223302529642
1.98822706512026 0.469844037553008
0.349916673207665 -1.42033728027608
-1.29548473795513 -1.68410166087403
0.706398952615859 -1.22350448407914
-0.365675866610788 -1.6658659422364
0.945392122623368 -1.29535509733215
2.21087882549879 0.470085593254423
-2.72920099885877 -1.75896480341269
-0.252876170355878 -1.65140639532274
-0.0195320195108 -1.66596022357272
1.59501148405579 -0.469090460145507
0.538703660693462 -1.358876611206
-1.50917788590063 -1.68461899654483
-0.901399310652756 -1.65561434070021
0.349516703694278 -1.51633519162975
-3.10161790221715 -1.77732741843486
1.62121875135651 -0.477375798417331
-0.940392877256016 -1.68254056134653
0.349546307633075 -1.44265484980482
-0.394482328828358 -1.65786523948382
-1.35942075065746 -1.63302808687095
1.19052270374877 -1.09986955423925
1.77763349461309 -0.253760431453666
-1.36605439260093 -1.70873683845404
-0.702365677692478 -1.63853714375991
1.5235753338094 -0.547733206611117
1.19333495029327 -1.25845286656028
0.494463399824832 -1.38984475179669
0.763294661597303 -1.2620159555655
0.174414306969377 -1.41955581265291
-1.12066714833804 -1.68932414821007
-1.92580207280398 -1.71696471157709
0.302975997243448 -1.47852904507079
-1.41474103336946 -1.69753782716675
-0.907162322052117 -1.70342714443012
0.715061310566014 -1.26702590932783
0.152581799041349 -1.54294204540379
3.0520253534666 0.325504912441947
1.33883093912738 -0.970725923080026
0.777354453546646 -1.41009387477491
-0.391358272241134 -1.65873282351952
-0.865790898876927 -1.67801698227572
1.33695666966053 -0.677924793155526
0.0615490221800949 -1.54527337030602
0.141598268647357 -1.47087915985508
-0.353486270677768 -1.59697223132034
-0.549164916405498 -1.58210988014924
0.192094889014773 -1.50506686683154
1.32448882867175 -1.05948852601117
-1.13933445688841 -1.71058231268058
1.32080382237044 -1.07133965964097
1.54432988096232 -0.592021390304785
-2.55529157935279 -1.77001423320018
0.860419021995829 -1.55222143313994
-0.507553251742938 -1.6148236348193
-0.519390845817527 -1.65331388474992
-0.0899137789951936 -1.49395591342938
-0.178500242964354 -1.61241590681139
0.0786405453815531 -1.51555107610324
0.91043753587827 -1.09041465542903
0.535147812289501 -1.36500909148266
3.58133993449832 2.6547290179763
1.05786767916096 -1.21149314312978
-0.383158239285662 -1.5645115897329
0.0745453818682681 -1.55188991600639
-0.837896263903428 -1.65531302052164
-0.218405039726125 -1.57695400167783
0.681466207113009 -1.50303453937619
-0.129692244902087 -1.46645718479524
-1.51968566586387 -1.749486282393
0.167411347826667 -1.50273306725943
-0.452904415159452 -1.58864196924245
-0.36203861088714 -1.60475746894516
2.13571241056955 1.53723754864574
-2.41523473152737 -1.74880572655434
-1.89348219004932 -1.72462253806966
0.799982724768298 -1.41951492439001
-0.530084588754803 -1.64027886540903
-0.756955762680828 -1.62919796488153
-2.13323224727366 -1.74105020908014
-0.658186429323612 -1.63245298728797
-0.365953418107641 -1.41140835061172
1.35645907274722 -0.895379816562541
-0.102391844458702 -1.53148040321844
0.64938149905514 -1.39105801397697
1.99972668061355 -0.372543009357664
1.35785453275087 -0.854477106615245
0.448192952113292 -1.40199460357212
-0.692529045009092 -1.61003410941204
0.587982687855249 -1.43663836013326
-1.20441505831231 -1.65752932599872
-0.385276646169552 -1.66620878193628
-1.05658575212371 -1.66435322533075
-1.48662585940961 -1.67902607217742
-3.14361211087593 -1.77160242502492
-0.229447735463886 -1.5908507403094
0.85500197071483 -1.22081187592817
-1.13039831331783 -1.6531237608332
-0.540365724513334 -1.66724856500893
-2.46359979385404 -1.75766002667333
0.381756767776675 -1.73971989842551
0.79703775723328 -1.32098742017535
-0.989836179536057 -1.6220330418804
-1.59418371528028 -1.69675788109498
-0.609910652445911 -1.67705739816607
1.44282549867266 -0.859300000024794
0.147508114125052 -1.58245818693444
-0.636013154606888 -1.65635751334578
-0.498807845539567 -1.61748706931484
-1.93108427084175 -1.72546234535219
0.290061583100029 -1.51524934468089
2.45315386619046 0.299394665206402
0.0237217567820729 -1.64584340168134
-0.000735582502839116 -1.48981523700887
-1.73412636031024 -1.70497871472815
1.65220540625292 -0.768261219311852
0.731441517853132 -1.44635619471638
1.48628039274207 -1.13976448344004
2.7252061632214 0.841141641431861
-1.93682369275991 -1.70785394125061
0.470025904711488 -1.39440526352639
0.234067503541699 -1.44567694422151
-0.164974608244093 -1.66466489598956
1.97539134585996 -0.0676659401058445
0.833904268807485 -1.43707677705308
-0.380457211891409 -1.59694687333395
0.655185205301672 -1.41416360249071
-0.55429539811394 -1.61792081330338
0.546110593637596 -1.30518618672649
1.58835215395931 -0.796006748201463
-1.30227169234314 -1.75640242263859
0.27964631448245 -1.49465664500793
2.17880094568387 1.35056159011181
0.894073390943892 -1.2076746963395
-0.121651919400439 -1.63787599302988
0.665657943181299 -1.33328948920306
0.335415888991964 -1.27632670846272
-2.86739004496011 -1.78312545820338
0.523226621129013 -1.49573950695357
0.806764168852223 -1.28842907400979
0.805966350187425 -1.30303487565469
-0.107095356741964 -1.53270204689194
-0.754799131435973 -1.61388389073612
-1.83113721924305 -1.74992907236777
0.356273207055825 -1.62686461000379
1.02160236104872 -1.15745941180042
-0.00814214287352794 -1.58026719849012
1.06291280133571 -1.0922756117886
0.804684480262665 -1.57535043927067
0.717490264919133 -1.36055489302089
0.430050453019649 -1.41146619681963
-0.154001157642429 -1.5152310561674
-0.369870544950741 -1.68982196738852
-0.468278853238898 -1.5830376400349
-0.697434078460662 -1.59400326728696
1.024415332268 -1.50971494246275
-0.063949810719839 -1.51735455532134
0.130478406727167 -1.4989108981207
-0.177967292030379 -1.56561100090732
-0.985423914281737 -1.65550497627846
0.855767467050606 -1.16768988251134
-0.527658681016357 -1.5830768370309
-1.11722190531202 -1.69960665565354
0.185699611813181 -1.44245942245742
-0.853686541799764 -1.67688694716599
-1.71643178670611 -1.6986410929764
1.31587212737393 -0.599552290428179
-2.33994224337413 -1.7459579229039
-0.528975768889159 -1.63246033729973
0.811254806478512 -1.28262485011616
0.653541606847228 -1.31090793985471
1.07281290780198 -1.35935652984366
0.357705059538497 -1.50598687891612
-1.73796584800275 -1.71879790837821
1.50425397187533 -0.59745294044906
0.194545235393069 -1.45803168742994
-0.0204083208928252 -1.56594245355987
1.08985175433749 -1.10395185760269
1.83068385957919 -0.122706969143912
-0.931436951406997 -1.64742609127168
-0.301234339261218 -1.61067720433406
-0.878183621241734 -1.65982601966715
0.434457788809979 -1.54743887304658
0.282219459508471 -1.56146039700412
0.215000781538684 -1.64295915120575
0.974155296741025 -1.34792616656866
-0.577222193313419 -1.63332486024566
0.292105348626796 -1.47567988179404
-0.675592868792392 -1.61748065592835
1.84844551043132 -0.64777736043667
0.123934254790041 -1.49431437531833
-1.2004790804512 -1.66695843039587
0.422778608018294 -1.46337423301184
-0.456221387115186 -1.58671977152859
0.499149745265828 -1.69679066158172
0.493364047048856 -1.45872056315081
-1.27209639879306 -1.6633709563825
-0.287934396488684 -1.5947961676435
-2.04567107634985 -1.74146722125038
-1.0926983328839 -1.64953170939273
-0.933631404180092 -1.61585457011651
-0.5118228450538 -1.57248072816712
1.82182371741952 -0.0364626455794068
1.054153398164 -1.21282426255452
-0.898769278606202 -1.671494260289
0.423899540679555 -1.56167626122554
0.19763775868419 -1.46743436820288
0.149998534728502 -1.55637296162538
1.87558341281438 -0.450129186856264
1.39196394332178 -0.94181052545477
-0.0922807356096286 -1.47372673472955
-0.862686048774051 -1.56182032695284
-1.6005739256475 -1.6984975653263
-0.2964934882872 -1.63055964322837
-1.847128457454 -1.69719443990994
1.50673986041253 -0.868091031655504
0.518606177560928 -1.54030400958745
0.786879680674848 -1.23640158453623
1.68390967081187 -0.56561424266506
1.18870080238657 -1.14134501177779
0.0396509164977873 -1.51605412616714
0.548293941414752 -1.38896081440166
1.48209937024644 -1.03474812174603
-0.514810806133042 -1.56861564539539
-1.27209873599314 -1.68040857223029
-0.556469345795766 -1.60647351054
1.0482305012756 -1.30467650625318
-1.30913587302371 -1.69022366574892
0.0242009530259957 -1.50879182031431
-0.661450959577792 -1.69267011178331
0.0459619121763199 -1.46589221409534
-1.59158395875852 -1.7014213109081
-1.34093270835626 -1.69740368853277
1.36565182193484 -0.849395723139669
2.46679294080099 1.0953239594968
-0.646805889196476 -1.66085425526857
0.750429959272372 -1.47714751926455
-0.562744414102001 -1.70953669891791
-0.383822551069679 -1.6096786279196
-0.854098242528254 -1.64201164281865
-0.320809543383151 -1.48518265324985
2.22346202895474 0.724218359940272
0.725075707211396 -1.54039095240207
1.14913419578364 -1.22162327695985
0.192794197604191 -1.46328058923253
0.282105106360384 -1.37968229938271
-0.424703304311439 -1.61900835218212
1.11703364733921 -0.961144244166735
1.14715771254546 -1.08042609787493
-1.46428269084685 -1.67409905816094
-0.896139865593057 -1.65686040989948
0.522630544481032 -1.44796501839064
-2.27387426754064 -1.72903225085687
2.71178100860498 1.8219081180989
-1.05799637086425 -1.64887336448215
-0.0802014898721089 -1.54782547866501
1.35999532038863 -1.1765803244752
0.619297176714381 -1.45582516836258
-1.50056777426177 -1.67027010441293
-1.61936392623813 -1.7082605168123
-0.81674414048333 -1.62215142765207
1.65900813849686 -0.660736033899775
-0.671873774751497 -1.64952073408667
-1.16891851643682 -1.71847463809944
-0.371955859194176 -1.49195847894047
-0.688577343312964 -1.6664153018957
0.94270106729697 -1.23783886364825
0.542054570834279 -1.35578471294765
-0.477041236254199 -1.60756249982753
0.174824408766607 -1.48524241636077
2.29102200941754 1.64923564045352
-1.93610367726448 -1.7663450139761
1.33410637443001 -1.06551807705479
-1.21365412382811 -1.69941079985329
-0.261310229039845 -1.57032562071755
0.0317060837940568 -1.56368504159386
0.15543249251462 -1.54630008505066
0.260762831020952 -1.55864544797108
-0.936810496486551 -1.66146303986865
1.28830068110323 -1.10197446690058
-0.615574141743983 -1.64802003505151
-1.62592428845184 -1.71182082932657
0.9478015906314 -1.22501889248444
1.17109758213781 -1.10874069817659
0.904932086176819 -1.21316523759557
-2.26781024294709 -1.71740079564144
0.111065393626272 -1.52352259637113
1.570175860532 -0.579433527470938
0.506439588655846 -1.29852486781439
-0.888598344401782 -1.63386496353095
0.246265273066966 -1.58403015222902
1.08394424388546 -1.0757431742978
1.09110964960819 -1.24747339579549
0.684561960383735 -1.462727459704
-0.450409455089703 -1.60001296988249
-1.59811858049574 -1.70868683509937
1.55256942451391 -0.353020289775134
0.118918097286377 -1.58306128921577
0.271736003812021 -1.42652730290246
0.830233463531512 -1.42046439817006
-1.69933257067019 -1.68488381810099
0.489009528876106 -1.36478744004391
-1.34622212241266 -1.69209282168541
-1.62276896104568 -1.71455713163001
1.59086177735441 -0.490350546967234
0.758570864301018 -1.55674576871014
-0.228874697408547 -1.5014303270485
-0.0712259002290875 -1.48308975887026
0.56973133820898 -1.3748637285826
1.23912360350442 -1.168860739937
-1.1710774971402 -1.64764750753628
-1.40549925988438 -1.69098098046885
-0.562305185170005 -1.63858433208068
-0.0415595459276609 -1.56610851099554
0.881021381845841 -1.34847425308045
-0.673410532911094 -1.60015710769746
-1.28283851940675 -1.68534109306876
-0.138498364611856 -1.61381074548858
4.80008170538904 0.739376651177944
0.0119576503420291 -1.62458213545562
1.41847474804694 -1.43603932194634
0.144503889218226 -1.56798736407993
-2.96619181281693 -1.78290819837048
-0.477796909004393 -1.61402184145624
2.07973355502558 0.828023496588755
1.40384848959301 -0.815345259227149
0.791835758782951 -1.43330245931689
-0.33887580163377 -1.57119422019979
0.148825515331922 -1.49173890602951
-0.645010305940433 -1.69968125896803
-0.382871795550051 -1.55944206756609
-0.168051152851901 -1.69446954613827
-0.574928690116699 -1.70286536149519
1.89325153067316 -0.292799240588497
0.251159321846151 -1.53489383764869
-2.55570268119773 -1.74708530605484
1.60527224108976 -0.423777741661244
0.108241392309406 -1.47874320865454
0.834881709861465 -1.36587258019934
-0.826106285369855 -1.64220769167067
-1.17704418508756 -1.72015353398607
-0.403495472508397 -1.66939269323266
0.861897346595232 -1.18936390393137
-0.137387269405134 -1.61775550000914
-0.945530404198875 -1.67489995017351
0.685156290358082 -1.30623346788909
0.284881409284746 -1.50967933394364
0.00123306118475312 -1.51649421419806
-1.0935751849158 -1.7153354924591
-0.406355278983005 -1.62163414729197
-1.35489405706874 -1.66490947572081
-3.04854666645664 -1.77589876433882
-0.955889672268963 -1.606547490011
-1.39309800363309 -1.65513225166869
-0.517780576345128 -1.58335134837623
1.46593527825074 -0.389061464094783
1.69338444870208 -0.654101790311192
-1.11703595728135 -1.68086361234894
1.39048237196304 -0.987783230902101
1.10283042268554 -1.13183865440383
0.214657688579249 -1.4772735289374
-1.1607703149506 -1.71633467817201
0.186365192791115 -1.44938179400746
-1.08339178971885 -1.66336880515048
-0.0496403674583764 -1.44137137501824
2.21993024522007 0.426036263760048
1.40602062991572 -0.763015197011245
-0.996665920843308 -1.64752374116067
-0.173850212194623 -1.63995276213063
1.2656354707465 -1.09922885168564
-2.56667378920893 -1.75424754583876
0.296013108562569 -1.66892754866729
0.963839596681479 -1.25842248463606
0.885260996414185 -1.1878017689918
-0.6852706484308 -1.61202897304634
0.25439190363487 -1.48307735416081
-1.2350862894679 -1.65386299607904
-0.408267598575762 -1.57668966567308
0.0533003738862996 -1.53515454342325
3.40025859856592 1.39524253327792
-0.93654647033116 -1.6443644959846
0.41426808450398 -1.40897299017262
0.251479734195799 -1.5589218826868
-0.906775903388927 -1.70452864829811
1.3006871074544 -1.19960667910347
0.094158876585574 -1.52485909234509
0.631578604096017 -1.37727451798359
0.148914775903976 -1.46545223101495
-0.646060125309192 -1.61525345687579
-0.113695128489524 -1.51057427844708
-2.38932037453447 -1.75505537813773
-0.587972982805656 -1.54374472112418
-2.03523624072966 -1.75395314666131
-0.185712032227742 -1.6185739402926
0.522959150667125 -1.33377284881807
0.170164194450288 -1.45728698259747
1.05674315216545 -0.999652844493706
-1.00152790082828 -1.68323564690019
1.73691944268153 -0.838771201786739
-2.79241415830963 -1.76508085919335
-0.666088814073244 -1.61042602840366
0.00991084418984982 -1.58248847505258
0.853315490230506 -1.31392773219743
1.4241685520845 -1.01381516483882
-0.385356464411444 -1.57950276221082
0.620251945300894 -1.45111395564646
0.49171072797717 -1.3880502008743
-0.891526621762879 -1.6526595175171
-0.049335733855905 -1.60997176435901
-0.766765421944542 -1.62842601996221
0.695590527864927 -1.46674679079338
0.871000967205698 -1.15875641869335
0.313599022807703 -1.45983025478225
-0.705451912012548 -1.6443953445242
-0.237026347547989 -1.52819098314793
-0.187366416910354 -1.4891924538353
-2.05807194192884 -1.74459273788462
0.441503253739748 -1.47205653155888
-0.194551059047316 -1.67798153195948
-0.368259370487 -1.54553844384011
0.54256367157936 -1.3495966380804
1.50893875287022 -0.546874038678141
1.40131211066366 -0.751618486359801
-0.261152682541916 -1.6314140719182
1.57256308745778 -1.0497353129108
0.119272308735449 -1.49724172749617
-0.271280595691938 -1.64379780783651
0.0731141453680342 -1.5075408877898
1.39298944726126 -0.85759148512303
0.230094494719508 -1.52062716227349
-3.03634430180501 -1.77548567169749
0.0873168300297011 -1.59666885174621
-0.49522725689378 -1.63937098406772
1.42384503724741 -1.10640611244124
0.626469536806717 -1.39441555751325
-1.19661076711446 -1.70996657697537
1.75070194736891 -0.872722031173879
-1.16585858044051 -1.68591026524934
0.294591069930558 -1.46041001984621
3.80186235228764 0.117359220440767
0.129032771996299 -1.5267755768604
-0.681798004973448 -1.62090187631294
1.1117683960774 -1.17152577867103
-0.435021328762969 -1.60658446055314
-0.848805054254528 -1.65116038931833
-2.02502094705046 -1.72691929396559
-0.408202114951751 -1.56987581300668
1.08017753957503 -1.18231159477098
-0.321098399581695 -1.62407916070764
-0.966159764187364 -1.65489037205193
0.638133197271678 -1.40781019528822
1.5138131727719 -1.35462023558408
-1.1176270121744 -1.66407600024259
0.815315999818214 -1.20195750995546
-1.08771904625403 -1.66324735421309
-1.3456554208964 -1.6760626788784
-0.425640401658469 -1.65354113497328
0.410246576142523 -1.3629345184214
-0.812491068480392 -1.63171301481572
1.23535658025798 -1.23861150571675
0.0453594332071004 -1.51172514896175
1.71520440018149 0.0648948244591475
-0.410548587020328 -1.62697172112886
-0.990464488609816 -1.70156719882948
0.699287930194658 -1.4815296547207
-0.161948529269652 -1.48956274940217
-1.12935540607669 -1.71981891692857
-0.882107490763053 -1.63768949356871
-0.403182184884276 -1.60204621382592
1.73888069383499 -0.135352012133649
0.363173928189295 -1.37250310144241
0.127973921509134 -1.55718761083224
-0.0221925440256228 -1.58418725259885
-1.11494879989767 -1.68695668010191
0.602539677165266 -1.41890943117897
-1.02849092140721 -1.66093224400191
2.57568402626635 0.768822612091939
0.628825539596228 -1.35420275414997
-1.39213103059972 -1.68418868800492
0.0416636818127876 -1.46848181109576
-2.81167293550925 -1.76251297366011
-0.891822047772473 -1.66942394575009
0.184029424499244 -1.5025349057211
0.437894925251222 -1.48605687142413
1.0720020454334 -1.21109725904581
-1.65336557118901 -1.74187482203843
-1.00032402905055 -1.63216117635301
-1.87120700361162 -1.71326136962647
-1.09176844747182 -1.68819436480699
0.790186715467662 -1.32382652571178
-2.74730892497496 -1.76592338915027
-0.221874218253802 -1.58000375931771
1.13942360874009 -1.44078877577689
0.757478559973369 -1.39948552211336
0.678940516638269 -1.50718576882211
-1.08916384360864 -1.6684718028241
0.496998533901129 -1.44995942145733
0.287074313416605 -1.49340320692808
-0.203550461753657 -1.66043775568119
-0.147840051946891 -1.49565777782321
-0.335492163528931 -1.61766065950228
0.74125595535579 -1.29058177782659
-0.481119920630388 -1.64928167167949
-0.0949515678665829 -1.54071714145498
0.584234185979975 -1.42493707642749
-0.989716413327938 -1.70923316379453
-1.10927162623586 -1.65328199852901
-0.118729977320548 -1.55287722196628
-1.40453042685132 -1.69247571056877
0.686791200587374 -1.31434479379276
2.18093789828214 0.390616673485115
0.779996791792518 -1.22592712796114
1.30616653759502 -1.13229564115146
0.213283129475795 -1.50102082687415
-2.50753503242675 -1.75894260796665
0.735812495259708 -1.39138955280195
-0.377939082255893 -1.51639225275406
1.23279395712789 -0.782987099346491
-0.778856829233198 -1.63515188263259
2.17150986401217 1.58843770465807
-0.104348084902799 -1.51752923565476
-0.384919905151387 -1.56932423740512
1.06252486441477 -1.41534897115835
-1.21462531256638 -1.69810770081747
-1.7079868642532 -1.72446748842045
3.56093146425147 1.48000266791229
1.12841113963281 -1.04212129043543
-2.29883211242571 -1.76609556693046
-2.32457424035774 -1.73960439348195
-0.156340271603731 -1.57096813070324
0.752765946575255 -1.35795384838975
1.76091805234662 -0.157527978263341
2.33819815817935 1.08215503666742
-0.602143538360906 -1.62809541908434
-1.75739046781995 -1.7250764307593
0.0873568888621505 -1.46770432685845
1.50609700650343 -0.751525155819458
-0.83248526692199 -1.63407819483816
1.09892596338718 -1.32181895332102
-1.94400535662583 -1.68548489393539
1.94240218149142 -0.351470994488903
0.12279413865139 -1.34597952805202
-0.796600021133619 -1.61555818948529
0.557992197699576 -1.35817227009747
-2.15112909760904 -1.73603671292403
0.548766620182689 -1.28802300834137
1.52202200759975 -0.619765299249283
1.2245037997179 -1.23437848719422
0.21815805471581 -1.47047141289175
0.292215448243942 -1.40531755979432
0.645214422618678 -1.37743630504184
-0.360861931227901 -1.50951326985169
1.39683138859037 -1.0988660268129
-3.05598804190199 -1.77366127626976
-0.843141762729984 -1.63872877014477
0.263995358706664 -1.72632654441072
-0.276807012942737 -1.62440049883102
-1.92346890853854 -1.70853555207706
-1.59261202568935 -1.69448074667879
-1.13122692265083 -1.64383991526186
2.11800168180472 0.986087403362326
1.25884900359348 -1.01907355922496
1.03433182571637 -1.14678845629992
-1.2717133311734 -1.72349557956683
2.0981366881349 1.28740920963352
-0.785538015974139 -1.653788353634
0.0730447253357451 -1.48703985830351
1.01509885790471 -1.23214281914384
1.39405278756847 -0.941580584462857
0.541191353733774 -1.38745445071857
0.836390692609531 -1.43362523543865
3.15319317190104 1.52597463341241
0.938121990167572 -1.44363664280246
0.217102462261286 -1.58236568052016
-0.0689639462179278 -1.61475581218394
-0.354316650778696 -1.55418585363712
1.18143471948842 -1.35416310436329
2.41958336614728 0.947213197307549
0.379077140214307 -1.38701392585097
0.503846240873079 -1.38915351460834
-0.931090673879856 -1.67216403871585
-0.938878274196528 -1.69386614047236
-1.58409427264612 -1.71594989204897
0.834071398957098 -1.41441005704299
-0.755321205236618 -1.65678301424672
1.14952435784348 -1.14489471088388
-0.414934430690605 -1.60543745951568
0.626135425471499 -1.34258996860187
-1.06184575832723 -1.69655642606019
-0.168994983804634 -1.59992277584826
0.855232646819046 -1.26091545733146
1.65221921319876 -0.76982708941
1.04854276363115 -1.15408590591354
-0.617974990523005 -1.67528629244921
1.35219426267963 -0.772419224464625
0.668514956840396 -1.40410081000134
0.0151192372468187 -1.61051206636443
-0.282746074488852 -1.5752923762446
-1.69168395028539 -1.70075401019385
-0.78079172504609 -1.66272082834943
0.127034373614153 -1.4532295137233
0.928862482827092 -1.3318868185183
-1.20954994136758 -1.6427375584958
0.743412107915828 -1.10630666737895
0.4663368321176 -1.50886605453155
1.6568978057211 -0.778307200077648
-0.500292206773736 -1.60719295125112
0.360880700431603 -1.50402308744552
1.71237425554823 -0.528527204354796
-0.185850129636184 -1.56034645952337
1.64703995867049 -0.227410513411539
1.12110750935649 -1.07353186405879
0.810694368971859 -1.24751406320119
0.158435435523607 -1.50830939366853
2.60983016360102 0.377135434656482
0.350081454246641 -1.5053980719545
2.15749082178151 0.687619132628883
-0.836378197318878 -1.5478746911063
-0.626979178470472 -1.66255746523708
1.65508902477639 -0.930902440575631
2.30106101815753 -0.401181504077003
0.673930971846947 -1.4259510522747
-0.309564681395235 -1.49725398156127
1.00457444873802 -1.3780214634956
-0.706739618828744 -1.69985353037333
-0.480037899877501 -1.61135341901249
0.497124457690954 -1.41944262318466
0.88191218773173 -1.09815140527472
-0.517804141092523 -1.63383993384684
-0.270168816151865 -1.62973791875891
-2.32606629683234 -1.74354663359897
-0.139510113681537 -1.60655104773946
0.753447305145622 -1.2172444988619
1.12311748527406 -1.3893945662234
1.57887282595647 -0.636263890671295
-0.494884211748218 -1.65640309085531
0.369796464084651 -1.43731105028132
0.562415273035289 -1.33041485246938
0.452390748828028 -1.62345092492363
-0.402703411232287 -1.622796783937
0.25264686110734 -1.46775748298031
-0.941451079447089 -1.67298842457285
0.306007719131232 -1.46921347840105
0.94680469959188 -1.28358861901506
-2.89854710007489 -1.76272132843607
-1.20868070296702 -1.68835311096096
-0.157454638118569 -1.52059382041883
1.04244960351697 -1.10822361474296
3.9115949427733 0.924153711536748
0.25629324475038 -1.47571353296745
-1.28317514508345 -1.74431517255101
-0.409565491666102 -1.51992203789972
1.47072243523865 -0.961144537111777
0.357769636384332 -1.50339105883664
0.262905384223344 -1.39509112461905
-1.39165457625424 -1.72792606699924
0.361870722986594 -1.39130491520369
-0.0834734256573976 -1.55044644877842
-0.939348451416692 -1.64511314060426
-1.62452289656038 -1.72273506841107
-0.204824399724211 -1.59782706509938
0.371405256886594 -1.54534943327048
-0.217351734467453 -1.50958751785169
-0.710795007590529 -1.62948647965665
-0.572858619188227 -1.67194094626566
-0.619941932176357 -1.62017806008866
0.0293225201681324 -1.47098935172815
1.21055461049898 -1.15566231295133
0.520239553961174 -1.5117943904265
2.40052461667398 0.721596358067274
1.46902816129725 -0.679936480032924
1.02977272221058 -1.01421033139694
-1.15767534249144 -1.67026915231137
0.65309656699345 -1.300054638977
-0.517182616999849 -1.61690395537383
-0.259142936433701 -1.5643771091752
0.101178273403457 -1.58169330005704
-1.38928104330212 -1.69206477508502
-0.37433822571002 -1.54424297059362
-0.883735340469091 -1.69338577499785
-0.407542306115732 -1.63190848695608
1.63791111302826 -0.366455992607208
-0.118546051434106 -1.60319245169291
-0.945457175722995 -1.66281772291891
0.601887157153087 -1.3915719433592
-0.847025717467897 -1.71935162419371
-0.414068542694884 -1.60224190575405
2.00192908532716 -0.102535297962184
0.164271926306301 -1.56546197490271
0.597300169271567 -1.36982018587625
-1.58408072977731 -1.70763411497754
0.135139755202901 -1.50605516052406
-1.14319040575504 -1.69049455031619
0.557488025549672 -1.37020920215233
-1.3619091174863 -1.72358013872764
-1.38654635650404 -1.66007892979863
1.20786802958777 -1.2626103366135
0.0851874818383665 -1.52406122616845
-1.02654143139863 -1.71223793053998
1.17294667878714 -1.04569424603477
1.73829142683637 -0.477157560043649
0.522687205919061 -1.40129263027209
0.632901790247409 -1.54146831587368
-0.751196107980114 -1.67307395331601
-0.448551528077571 -1.60639642929098
-1.19500087741167 -1.66096575090101
-0.859961167595256 -1.65462740358848
-1.21302140739599 -1.6789287270521
0.938028800854642 -1.46531862003371
-0.51645037476645 -1.58025343251793
0.199283848496368 -1.51310148135317
0.978770856972905 -1.30492292210946
0.802666687549782 -1.42383164080653
-2.22998640575098 -1.73063961390538
1.85134316400735 -0.454878143269255
-0.14672941576434 -1.64952854357524
0.0393523496150891 -1.67746265503432
0.876876467139294 -1.3261137055561
-1.25272138806379 -1.68494428659411
1.50275402645784 -0.787292297504026
-0.41627366897188 -1.65428086484574
1.1558636086994 -0.896478469548544
-0.605634260794059 -1.626650525619
1.44720407511024 -0.695335898103458
-0.439925701521158 -1.58990730143257
-0.12145369014433 -1.55618114369895
-0.088338340727028 -1.43945352774985
0.88144488391308 -1.37485218529235
-0.947355148383602 -1.69315278976335
-0.693320437979237 -1.69625316136327
-0.153821247070296 -1.49652854809881
-2.19183988350536 -1.75600030823179
-0.641850305380504 -1.66532596069612
-1.12843026196845 -1.69406458310854
0.747229385263104 -1.41142900662792
2.17196788866033 0.98128858152087
-0.765913270290561 -1.62145374981501
2.53478995151439 2.00861895817159
0.333109428452589 -1.63366543051096
-1.16592701001418 -1.69131228651209
1.73771081931958 -0.64750516301861
-0.298832825445009 -1.58358049969938
0.716887119447578 -1.40403646260778
1.37554493782424 -0.949015688740866
0.119999153561872 -1.54379194313662
1.0755444874833 -1.41401954157239
1.52635643845739 -0.642228678430857
-0.0177769775328398 -1.58706814125977
0.52668298907505 -1.30919791202986
-2.04513775009266 -1.74529785565658
-2.14093283934666 -1.71298904041152
0.31999165244144 -1.40745385936145
-2.32245841372721 -1.74750241140749
-2.82876794697126 -1.76231499986227
0.30302877098095 -1.52313602122812
0.172932786920699 -1.56264444637761
-0.837409350092161 -1.61775393955821
2.27512935132151 1.66321387904903
-1.12583270178505 -1.66371311004632
-1.28245516179114 -1.68482937522545
-0.694457711866621 -1.59304313958797
-0.631328972021776 -1.70823010982701
0.144824064977184 -1.54075622481059
-0.7277272939634 -1.67982634242033
-0.17249836024069 -1.54922055749823
1.03244576431538 -1.13534144069904
0.67809651620712 -1.39877277322192
1.12144606790858 -1.24080098711187
0.309685777740015 -1.48083997356873
0.14946577966107 -1.46033388284626
-0.244831103759651 -1.50358481067157
-0.861547612747837 -1.67727567424176
0.250575888716866 -1.64286855749509
-0.79283481644101 -1.68356180670992
-1.88408547123705 -1.74480399462017
-1.53063322890477 -1.70766274107587
-0.691637082384663 -1.66788926220546
1.59915006316302 -1.37437087295945
-1.00816102701049 -1.68503160632335
-0.36490164077736 -1.62703392004156
0.368537567509882 -1.50707011880221
-0.638739782378875 -1.62351351384386
-1.27871381120375 -1.66705829561682
0.0741090955878035 -1.44396910681227
-0.919816256859107 -1.63323223031472
1.39832453253556 -0.768486734359203
0.469122817120552 -1.40685062181792
0.149385250226646 -1.43499846074027
-1.65422697969311 -1.67177098984048
-2.00414026638077 -1.71593097198882
0.629337052732326 -1.41639956316123
-1.97510374298523 -1.7233364280667
1.22522084346325 -1.12898735990951
1.82121004245528 -0.67289995513184
-0.4696450105807 -1.62853545457479
-0.706470936621142 -1.64290294903267
0.398723916154838 -1.37947850717022
1.23869084328989 -0.771547900639687
-0.172537362288803 -1.54727381528076
-1.82788297852888 -1.70755468275016
-0.693041225546143 -1.622391420792
-1.81285072242041 -1.72681040633896
-0.506929751593376 -1.53625057109816
-0.604533916734032 -1.69820825401201
0.494056456205698 -1.42502034154073
-0.354245220781258 -1.57292222859691
-1.80287503393949 -1.71043607406428
-0.349992911795625 -1.51683483340693
0.580214165242942 -1.44762309873076
1.07785660033181 -1.10919106612886
0.768763610839626 -1.33859516152726
-1.40863523491789 -1.72426238081628
-1.19669002451363 -1.69700813590405
-1.00955050784421 -1.71816232482175
1.26402446392303 -0.996769714610846
-0.547321151633139 -1.61540234321087
1.14289245765995 -1.20026051978184
0.117491884460689 -1.61281048852308
-0.627637607583379 -1.55070221031193
-1.46085283986033 -1.6829342588019
-0.335381338618214 -1.5676528453351
-0.772814445884857 -1.63108236439968
-0.553312299842014 -1.6778930920265
0.906688482962633 -1.36871422623219
0.708417816958566 -1.38174175652899
-0.569016756888229 -1.60941040314022
0.772657589203729 -1.34659484345869
-0.325922859528935 -1.57750890530979
1.07603701251017 -1.2394539096461
0.436777349728151 -1.34376625080091
-0.676038870061144 -1.6022842729494
-1.08928430571711 -1.72336932967736
0.203726823626091 -1.46468323801608
1.14470275169998 -1.26692162542324
1.14030528363991 -0.995996460887173
0.257910780560502 -1.52946846634176
-1.28500404844575 -1.67729126266893
2.32402697949604 1.31559963984191
-0.994555671418746 -1.72305544417347
-1.87736639498075 -1.70888836858205
0.810816326338137 -1.60533771078063
1.89827448395591 0.570696470381397
1.20309492894604 -0.841277349435858
-1.78319787622598 -1.70814950431085
-0.200929317224879 -1.48391914625185
-0.480690773743205 -1.68478927384683
0.401631425071175 -1.46259059612194
0.0292954530466407 -1.58023205316245
1.23728660740849 -0.807494020372605
1.21760157179079 -1.14661608763656
-0.633004219456254 -1.65013996228715
0.415570537219939 -1.47865281706709
0.334749192700743 -1.41595234629751
