-0.449856075463046 -0.544441088499742
1.05490205121831 -0.795442658809498
0.147206961378734 -0.671491489947626
0.234816441157601 -0.533959764925491
-0.162781676568381 -0.771937374837483
0.52091064772738 -0.780868825798313
-1.18198597236429 -0.23054531316685
3.7691047641481 -0.932578414066214
0.828471002619543 -0.831708792321288
0.99522008412906 -0.730857304007396
-1.66332300482657 0.0139856751294254
-0.0774458501755675 -0.514532799890857
0.475242697017265 -0.775684473804168
-1.11555618869903 -0.351328271323384
-0.628340110937516 -0.590068586798411
1.76700820397672 -0.830776588913652
-0.0614860646706662 -0.694082946003844
-1.21742883376467 -0.632619190251423
-1.84665192764758 -0.256609819010536
-1.42036575431666 -0.128285205973504
-1.75989704457082 -0.171138282946648
1.83841314864729 -0.809090574561585
1.85338069334513 -0.817747858822171
0.151533246419737 -0.5722643490592
1.23183617114472 -0.797931968273934
-0.526382670370742 -0.618457363412909
-1.24425591839681 -0.712879519762992
-1.1445341303674 -0.10235682616031
-0.434372928632974 -0.439753071158502
-0.126272988054561 -0.664316957778291
0.0682239075111991 -0.813261390517524
-2.33578945341483 0.952807602806399
2.20074257384788 -0.90932254688874
1.25788245539816 -0.845940549752253
0.205722159915848 -0.604614320988185
-0.662056287052005 -0.485092017705495
0.211671457338241 -0.663063079436457
-1.09354661587937 -0.212965903323442
-2.97249367594848 1.16817648187062
-0.722451364699465 -0.372687640673026
0.21764472325638 -0.744703420771205
-0.974748838405952 -0.306692860952014
1.93985591712578 -0.84653713246529
0.637277312429192 -0.751303467342751
-0.191934742750157 -0.582525078059359
0.285218410370496 -0.591089299527574
0.708333384688262 -0.72919588221044
-0.748942349843732 -0.0808772470876049
-0.858715948411721 -0.369064291574789
-0.562697835997673 -0.533480680291041
2.29388639039571 -0.831295061820382
-0.908946544767455 -0.513045475962443
0.308339389784291 -0.682535903800353
0.927901962154442 -0.798034246338252
-0.46123222572097 -0.357951342407249
0.606497716084281 -0.730808785861998
0.976180921627998 -0.755140369888686
-1.74227042481716 -0.314806583496568
0.0308480144534533 -0.507227380178365
1.31646683786068 -0.808674345722847
0.00969995347175141 -0.65276831700441
1.27076843642977 -0.783599874488846
-0.460315176428764 -0.321702551143608
-0.432807361674076 -0.430730804069778
0.61179173302441 -0.70291039059506
1.27271486465711 -0.768325483304325
0.265248975728606 -0.573817815941236
-0.0636798466691365 -0.726908275489146
-1.64859572437355 0.130229117897292
0.043655020058426 -0.502610019754584
1.09412922073429 -0.796684916790225
0.303221583488305 -0.739054627483492
-0.693811541714815 -0.305831786933884
-1.89990281357249 0.231962425430684
2.29275708217026 -0.868104840029126
-3.13746492252952 0.803212877414205
-1.16174934770336 -0.413482885655538
0.552837158580499 -0.643043541693165
-0.155246497682677 -0.795342059944857
0.374111550143669 -0.775687133229914
0.0453381046694155 -0.619068543133008
-0.123070525059478 -0.671612284443745
0.497899348096801 -0.540507573005189
0.341578737031071 -0.607149451343909
0.651340332407403 -0.753046142438708
0.19316862357761 -0.758675702510349
0.403938963216243 -0.730358682175238
0.758760219065724 -0.728658083780783
-1.0293705969987 -0.284965743062269
0.726314333883226 -0.607924911082128
-1.21497949980274 -0.0865669616937614
-1.37191148450838 0.210095666539256
-0.291207877952697 -0.711281613868083
1.79370143550125 -0.822708364891926
-0.588926700171498 -0.497537203008114
0.886718894758631 -0.780003584569101
-1.87581357557667 0.20235664941097
-1.22491474475284 -0.194590847019627
-0.237756558976055 -0.493827384304966
-0.205108893279164 -0.633445419615528
-0.623280852513331 -0.307775962034026
-0.163113967486771 -0.637133920167082
1.54823258342034 -0.787194756815045
0.0374078330280924 -0.732926587178255
0.535582992441753 -0.704935009442121
-0.802685082870292 -0.498586405093583
1.48422539703637 -0.784041500058724
0.909586281541748 -0.743092135325576
3.70744775786741 -0.921944697281848
-0.679766900978782 -0.409656542243004
0.148745990998103 -0.692970350593813
2.05796383446415 -0.829514076277747
-2.02165868738119 0.265489416820816
-0.951345099716608 -0.43582274810597
-0.630510559911626 -0.327734311666203
-0.460789039661309 -0.654912426799263
0.394872529046367 -0.591893351501444
-1.5523781041601 -0.223062296082212
1.03608303932901 -0.722171288086478
-0.805024432069402 -0.499520459921651
0.774324610122442 -0.777672825941211
-2.6553043039847 0.144694938657319
3.06148078588176 -0.896606380692186
-0.316851672513147 -0.377175220010851
2.83005493870475 -0.894278833669688
0.0497477213677682 -0.614413718574437
-0.300770627335683 -0.633145418486682
1.6840933897695 -0.778258114075671
0.248834989656569 -0.650818057581112
1.56582687897837 -0.809801441608859
2.0375088632222 -0.858066118644742
2.11559402281542 -0.818246732479185
-0.314898550896751 -0.612616262625045
0.556871952323467 -0.777486203084051
0.919900389362022 -0.73212614771773
0.330400900364403 -0.631748419643719
2.10330793137746 -0.860454326087562
-2.83068323577254 0.460093725669476
0.000198750792441188 -0.609033334928359
-0.525393896936905 -0.548221521887156
0.915931292434908 -0.805419723796039
-0.323381357982843 -0.341916528454752
0.859693780081398 -0.779017053792032
-2.50671967564123 0.46573978977192
1.39766321149778 -0.809341150061803
-2.32299470459855 0.110277157110712
1.9904370314147 -0.826835416524166
1.9208749513794 -0.813558575046611
-0.679637205677098 -0.582831668663053
1.23780588451052 -0.871768532551137
-1.14676713208095 -0.738242351327997
2.57995748728654 -0.861466517876378
-2.60881312930298 0.0716931417687041
-0.06916942633602 -0.567953868875558
0.0724048495905509 -0.680267940554035
0.41923940556894 -0.661252615273739
1.23617141535015 -0.685113153172694
2.54178936427904 -0.912142423807666
-3.46757335375528 0.442597223599586
0.345518491682298 -0.743416084180393
1.30737897136702 -0.747141886528897
1.03621688798547 -0.804563116353494
-0.126396921829292 -0.639178465149744
-1.56357277282579 -0.219721213123495
-0.894317189122567 -0.394639732504595
-0.166254913186762 -0.612235179162238
-0.254024726396327 -0.48451071531511
0.661735270125854 -0.768234842551018
-0.526943797740671 -0.537413446843948
-0.309490233466605 -0.658967884954645
-0.587836099987002 -0.543926627015359
2.71449277001 -0.875955612743459
1.10420512949515 -0.826025635446666
-1.90495987880119 0.280747720780827
2.15929503021058 -0.855319474769069
4.29252202049579 -0.945526585161063
-1.6653833965406 0.257850795956315
0.361314842045306 -0.650152493070044
-0.4663175994797 -0.573453642547907
-1.42357703885721 0.353284294871217
-2.0027143299142 0.332307249338456
0.0286414617752293 -0.543502928579845
0.541456420901886 -0.691591304337719
-2.65563729709622 0.352386366210767
0.384629666277547 -0.679433850755796
-0.936274730687554 -0.415828209012679
2.10462517010006 -0.849626691857548
-0.433048094563736 -0.622269760544081
-0.211299023682291 -0.595196340151901
-2.06145554885326 0.365279957204098
-0.305995170234718 -0.350682932255197
0.423774436848241 -0.479415492803969
1.3276096800264 -0.759415927430698
1.48324511028182 -0.787225554917962
-0.105700802381665 -0.46542231165218
0.69044828323605 -0.758584544640082
1.18335390197411 -0.747913422648196
-0.590316674138093 -0.618610484404362
0.861951458624692 -0.66123854228824
0.141366001574161 -0.726518729532074
-2.3270027383215 0.685972279118225
-0.390878527568029 -0.643418783974219
-0.367857054842792 -0.563444752040175
-0.930291749918653 -0.561202605624318
-0.198741132757047 -0.62418271239932
-0.904794119533228 -0.563653376404199
-1.71498721045434 0.707457589608422
-0.442552380449135 -0.343236318222103
0.507551080376343 -0.73009292467282
1.03635928041779 -0.770881506236877
1.86381943418821 -0.83322058006718
-1.05282994643892 -0.380629211449681
-0.297807569272083 -0.551215329833296
-1.07413653007534 -0.461616986051797
0.774909108115997 -0.662979849816352
0.516137780458982 -0.72380428807858
-1.40330659631925 -0.0593844077786514
-0.11137957570654 -0.50017751089997
2.3696337554456 -0.888245913105772
-0.297301962674274 -0.468509691552052
-0.349847982617463 -0.325076369529345
1.94781207408058 -0.847423696350279
2.37457037122014 -0.847846318287217
-2.26828488566929 -0.0584910830934032
-1.26157565836805 -0.185327439123544
-1.529065329849 0.164012199259315
-1.32449771345751 -0.212013812980184
1.14451060058195 -0.746268983390175
0.0255989768529308 -0.621233211849744
1.40550018136471 -0.800446844299839
1.03707638631479 -0.779362891505201
-2.01478151417648 0.467966580276761
-0.194956203445432 -0.633461105853918
-1.92631959671209 0.686438662583626
1.8902462361416 -0.871808338393333
-1.20367090240152 -0.483074387853658
0.121466154485255 -0.828986001751965
2.47525059112211 -0.850614456988522
0.815128116643508 -0.679182692842821
1.42022422760289 -0.861856740599008
0.77814478380521 -0.531366583639937
0.125029482209741 -0.691099434349655
-1.37299965309395 -0.100835840586608
0.163569906306207 -0.56113155460144
0.487457309958283 -0.748950413317662
0.407014084736561 -0.739120687283396
0.913604285857693 -0.724686042129951
-1.29921977592696 0.0958290716623081
-1.27919623629483 -0.191728315927173
-0.302091655607725 -0.560534365474117
2.82971447393321 -0.868399527832388
0.390616465384755 -0.588166703502097
0.162716708810545 -0.603455152083886
-0.8038772336024 -0.409570004025349
-0.150272679393201 -0.576448980806885
0.88525030651016 -0.790313040997238
-2.07489505604154 0.199657151158396
0.464971078042227 -0.682595117025459
2.0091391429344 -0.829908386643406
-0.152428216031608 -0.659813944428143
-2.80948420766734 0.788149113658107
-0.809882441863861 -0.32761331251107
-0.410685292167034 -0.718893148755647
1.60285659669525 -0.740795103032823
-1.63313082802897 -0.192223536860144
1.13578204606797 -0.863712045946149
-0.622418177980938 -0.585334122376239
-2.54955489088589 0.291553818464162
1.26056347717508 -0.762389465527796
-1.2011035801895 -0.323242800839494
-2.25724652188039 0.631911183215701
0.311049512359417 -0.650441751036503
-3.01310192719179 0.377068407855566
-0.533818546028958 -0.635564803367319
-1.01030704269841 -0.419712624519646
-0.687573654881294 -0.411025807075367
-1.73969332522618 0.561671449553231
0.239976296850897 -0.658255661734897
0.350828355789646 -0.696783519817618
-2.83261087959132 0.310224547104954
-1.46846435204505 -0.400999080730519
0.59587939295558 -0.664326711536608
1.0950354490139 -0.704973761400651
2.47489102627334 -0.875370126641695
1.67201709128663 -0.876673080575006
-0.469998089759591 -0.486971229677701
-0.963269113386969 0.0342877723340357
2.54095547621364 -0.869371447299181
-0.0160157027251396 -0.620902381899022
-0.375508209403622 -0.556177667391077
-1.83049923948817 -0.0148144384320596
-0.0227381794248399 -0.680970455153448
-1.5877140835528 -0.311149583396135
-0.758349959536123 -0.5593164520211
-0.218476773359982 -0.650163848729871
0.488584522027154 -0.580536719613274
0.412336060308095 -0.626561895598268
0.741889071692555 -0.725232481678339
-0.24398330031404 -0.59548870101019
-2.26998315236509 0.538218927098331
-1.51544764820253 -0.0394909368516743
0.672781453225574 -0.686568865531599
-0.930158706962296 -0.456757198357184
-0.697989588277293 -0.585246706686556
0.698905137104444 -0.696949303559803
-0.251665544518394 -0.486395812997028
-0.0355159791570487 -0.664296684738529
-1.87797470015309 0.0423797571591021
-0.111040285477617 -0.539595438605208
2.03567041419415 -0.845723775367919
0.666372735783823 -0.699344090417541
-0.643101657969794 -0.437822536298289
1.16145065155522 -0.815350466208628
-0.369537817630064 -0.529500096233689
0.369799273629004 -0.6490635740088
0.91227946433106 -0.746002795707672
-0.397084489498357 -0.360812153598494
0.758779770432101 -0.666626928694823
-1.77740363212749 -0.182245187441971
0.132271640315331 -0.804438348371495
0.911537822168735 -0.757179845089063
-0.973243432413357 -0.153721659483314
0.598700596469373 -0.71419675954388
0.864690064697961 -0.708654773574102
-0.0608308533192854 -0.515889405157268
-0.319247282435436 -0.924687514434855
0.343892468708842 -0.56460499234574
-0.17643649655921 -0.674453781577499
1.55134226716924 -0.71983785754234
0.585507589693341 -0.695533377699262
-0.23773830244374 -0.490257249676142
-1.15893109356332 -0.672573255504553
0.539253420807525 -0.764095103725598
-0.0799029401668715 -0.540622349902251
-0.394440538290965 -0.623650193107366
0.182227807177329 -0.692861054494856
-1.18931502708525 -0.369273075073065
2.44533613114247 -0.874556571982707
0.306011779916005 -0.795093139010002
-0.162425313982018 -0.557464028379097
1.75996740526934 -0.795523744898966
0.606785073527019 -0.808769100544812
-2.01200018470405 -0.0210653673369457
-0.992345990668766 -0.357516232975929
-0.0494685529326539 -0.628271866328611
-1.90459881492375 -0.0731494301905837
-0.831965282645457 -0.31844205736092
-1.87195911123111 0.0328296315480297
-2.38237391619461 0.77933592120992
1.74890624850901 -0.82062555465507
-1.44340275418061 -0.329881837221086
-0.087107732125006 -0.507230728401508
1.2305826823252 -0.747116926689516
-0.435267353247717 -0.567732182522209
-0.00399308046945831 -0.636936455159776
-0.380807244957585 -0.467853460754395
0.0182847115969232 -0.697535520372625
0.312222889506228 -0.639902877021292
-1.48349406360074 -0.427803090131453
0.133722840181587 -0.735628649649927
-4.23274555605219 0.53384025382589
-2.46698935464538 0.146343931109455
-0.416773112573686 -0.518115035051302
1.46101252460222 -0.688129829563556
-2.42444952247757 0.403631444422325
-0.346512629141596 -0.583186445039098
0.689517036065437 -0.621251229880176
0.761882544561646 -0.64042038424921
-0.779707598505246 -0.454907004525748
-0.1278530519198 -0.629836559748284
-1.36956616556053 -0.0887172481597099
0.701392676871667 -0.68214546288257
3.27891770710471 -0.890023886073859
0.281068236994407 -0.69515349970087
0.571655573869484 -0.716574530654688
-1.54441088132431 0.0887737855253621
-0.506336418554593 -0.534958163005754
-0.850887384266483 -0.461836675673051
-0.381656870878248 -0.472441817118301
0.843026888924056 -0.758626045419482
-2.02388962739484 0.0167364479962025
-0.276554032978719 -0.591365603489033
-0.582501326252969 -0.42278476910686
-1.89723771988461 0.126968466454927
0.444194790401994 -0.581426827465037
0.791864179478195 -0.779704287798526
-2.029393013696 0.189286948522663
-0.388321066558988 -0.593093855311352
-0.087995105522944 -0.476813563160108
-0.957224669653517 -0.188120849086682
-1.8324707396413 0.0405037276894357
1.92167727985807 -0.858128473500635
-0.541986959100201 -0.494029329570804
2.49878299377035 -0.871663317800974
0.88485626835506 -0.835287838363263
-1.19132346136622 -0.462915138608158
1.517268418706 -0.772821011700366
-0.303003686693821 -0.622215175924949
-0.0408951067256255 -0.579544290459739
-0.768132642296779 -0.395439362386588
-1.31253027550622 -0.338360900674641
2.05005284922859 -0.822019900004735
0.432633267390865 -0.639772122190927
-0.548278380300819 -0.565814667983694
-1.69620843615798 -0.337060803232344
-0.265927473420774 -0.574777226600305
-0.625935781002163 -0.487694408554886
1.98978440149844 -0.835823166062895
-1.60973872395496 0.0807692513073913
-0.792594402006402 -0.425440877127528
-0.401384744066578 -0.580382024696302
-0.782089357487053 -0.382376392601709
2.2768983517595 -0.861398734495684
0.800501051040478 -0.639068254575868
-1.84535450599431 0.157258151084209
0.118662091789015 -0.584108362226218
0.777232837217702 -0.77843306177355
-2.06769296611049 -0.00379819094052739
0.756133422719657 -0.728440008614872
1.04967595397129 -0.804081296160163
1.74509446736251 -0.767126306456827
-1.69887631847052 -0.419844333521176
-1.7076642674571 0.198568985408956
0.159773021955204 -0.741495026539203
0.956010901929162 -0.760063925106297
0.146558818134874 -0.776106473780494
1.73447762293006 -0.822220127414709
-0.456509296546857 -0.610000888195612
0.503444799649007 -0.702154225943061
0.0231416978086067 -0.564572075751469
-0.254744592336369 -0.670628491601018
1.58214381251242 -0.785567440870729
-1.96439105911899 0.205532180304745
-1.97618678574923 0.418764200095186
-1.16501199060509 -0.310666297437775
-1.63000490541414 0.237648050984591
1.34144936668335 -0.800647515280314
-0.695337024929334 -0.455126129812881
-0.798581674330894 -0.518587557827856
0.248247521603582 -0.539390770739939
-1.781833691776 0.200236690429297
-1.24289640919868 -0.283583112213376
-0.746967964966345 -0.396121131967262
0.445930621775601 -0.694121705621044
-1.9851561072227 0.580054226910183
0.723089125556891 -0.709133161318546
-0.884735589001875 -0.306595689127406
0.315075227237314 -0.620724159192263
0.37379245385759 -0.8218109926112
-1.53186375111718 -0.0820933239479786
-3.10934131741385 0.24492334512932
-2.00464313168629 -0.130364581484755
1.20161608855777 -0.778980871727257
0.282533649450833 -0.638457794194088
0.0313416601906551 -0.700312134082189
0.539413076133901 -0.598793387944231
-0.298811261817647 -0.573633396471178
0.577585460948799 -0.691828642528578
-0.355274466721588 -0.459940664029788
-1.15831383616698 -0.314540477942459
1.30741393775056 -0.714566497426977
-0.985635627184868 -0.49388568142506
0.551980619592054 -0.631431029235835
0.168841689295199 -0.759260190795831
1.01111360044731 -0.710402419724584
0.110380720721602 -0.573355786389344
0.558736671404495 -0.744777827170211
-0.56040925952657 -0.566029692563541
0.573250151055156 -0.687462158384048
0.944457386320481 -0.705279619024856
-2.38254989854072 0.0672119810399667
-1.3750474527568 -0.0509646627890781
-0.461968956940827 -0.780206349139307
0.429152125504264 -0.696682825886596
1.95056664398097 -0.847236878966278
0.261683506044286 -0.490147368857783
0.912858312285726 -0.745832287048996
-1.27953614102323 -0.205888487262794
-0.546779045968256 -0.267906902030454
0.491310127902528 -0.67621201306817
0.68177582729296 -0.742097810485124
0.534655645730082 -0.687849474512446
-1.07611575623052 -0.275566031491742
-0.424416430928275 -0.563494282659313
0.607159618800168 -0.666232703559879
0.0399783301543959 -0.560516569901205
0.829941204462383 -0.748370084213379
-0.0703245515087185 -0.518093150450823
-0.0807589797804015 -0.600108058579058
1.17901472222682 -0.742416221572944
1.90098560447838 -0.823583892432255
-2.0734327521568 0.220331437382302
0.946269306690947 -0.753675836260684
-0.255931633554174 -0.605874817892119
0.492827662732955 -0.732025163201081
-1.33605717568223 -0.259845045683218
2.323586906654 -0.820383805102132
-0.604476503102591 -0.495799788104784
1.505137209733 -0.844720063749205
-0.481212836048951 -0.827297132873114
0.138695749130276 -0.710428293702493
-0.319863648690286 -0.586452073207506
0.479419026318109 -0.669284502431894
2.45045301229412 -0.831237357210497
-1.56373793711825 -0.229603169176205
-0.424045697810391 -0.565884730394871
0.0975540267125937 -0.637433831033184
-2.09128568134513 -0.335778174631897
-0.313044773993738 -0.546060767756354
0.796024451168931 -0.613050184794044
0.642886429053655 -0.767540295661715
-0.922041932098147 -0.416693650775854
0.865264342066148 -0.698325086408937
-1.72619743223966 0.183626785691944
-0.636372267367234 -0.225291097608653
-0.971897268979109 -0.395433477612491
-0.438151356781328 -0.474169331246657
-0.629346141832162 -0.444325630219655
2.5328211681152 -0.916010248503325
-3.56930650497648 0.506334209391643
-0.185222706002278 -0.722740391514979
-0.388206290093235 -0.545771962387444
1.40448899020728 -0.712804621425683
0.838377806703013 -0.790125204423438
1.75440039716981 -0.808590315948114
-0.654440511352899 -0.546923126721955
-2.12841418301889 0.386036814062179
-3.56431978190379 1.02193219334097
-1.07525400018308 -0.213284255961219
-0.290470739073929 -0.576605295193747
-0.901761249279706 -0.563454967179471
0.2161424328761 -0.598443317834834
-0.112611313694141 -0.519091677169644
0.238113356501219 -0.73395609706161
-1.11187150664226 -0.325698734643232
1.91184901974411 -0.838152676193989
-1.79656760678074 0.0767178065707833
1.76860580251168 -0.841539676418779
1.62150957937517 -0.816899259959538
1.82293786727212 -0.796147964017993
-0.244345451927991 -0.493311752281352
-1.04929063703271 -0.181830411490764
-0.0341622675077217 -0.500900008296497
-1.52358726404713 -0.164720104216884
-0.848291147908323 -0.278567837306427
-0.464483963572804 -0.452231408031513
-1.22958154515263 -0.0354809476519356
1.7665510513872 -0.796539381840702
0.185761402812925 -0.60796319342875
-0.462296052702962 -0.529655502987839
-1.54917500053801 -0.367123483911974
-0.191124657858521 -0.531095224755866
-0.754438052680433 -0.330687750211589
1.24504172187217 -0.778163512863482
-0.610760128990281 -0.272699330835606
1.38046052750368 -0.781014755997279
-0.289410937950781 -0.501058859598904
-1.32264769725594 -0.104761948491961
0.48127799309477 -0.730003205767045
-0.892586196774101 -0.445252351169351
-1.81703494147943 -0.348955679422139
0.484852236824594 -0.710590190963939
-1.6644440310825 0.285661061989423
-0.0477473577913505 -0.598698679215036
-0.66584606167413 -0.307645466005144
0.364011198488246 -0.734828203874936
0.0940006379669864 -0.652775223817073
-0.26848285538879 -0.590993366082324
1.32221688576247 -0.892575381738981
1.88983039474406 -0.795414852765569
2.035683032655 -0.803933362451053
0.122790002641356 -0.610291273387758
-0.381649656376125 -0.415672764338938
-3.22019164330335 0.90556430059617
-1.37816249513791 0.105580097007992
-2.98566409360578 0.319162011371311
-0.831158022139582 -0.511399042718533
0.774859332171005 -0.735270680320574
-2.03903923835582 0.0112177193660298
-1.5650632628445 -0.127039186514318
-0.926199519053629 -0.399726969529405
-2.0626250235095 0.0574808057853582
0.128440696821096 -0.527231317164081
-1.40264883238408 -0.123546253930086
-0.631987205552795 -0.351783485927774
-0.815523564520645 -0.786164116546902
0.966662055946227 -0.818267920186245
0.0573220825508097 -0.674667340277722
0.80353515043895 -0.788250445411049
-0.50597956939332 -0.512859229230087
0.572164514564376 -0.684843791955791
-0.894021850509502 -0.356340620503607
-1.28018118611863 -0.619641542340396
0.889635504181619 -0.685441565862083
-0.467769333116557 -0.524703754993376
1.56185774954837 -0.740014828571277
0.776287116569429 -0.750170467297405
-1.22906129052482 -0.0877164004304397
-0.349099697356137 -0.516379005871573
0.227784071626262 -0.624048159215546
0.828039148475617 -0.745228541432562
1.58647064881843 -0.778975934124722
-1.76554779136034 0.00682755875972677
1.50110066230251 -0.756616913717373
-1.26731646702625 -0.205634291849967
1.2577562086282 -0.810051202946416
-0.473640367218294 -0.553029673498225
-1.77206159337664 -0.0782510568332118
-3.09378354589311 0.889802655421456
-0.365942436994978 -0.485693978419461
-2.6399897777072 0.428815109576797
-0.609472865564063 -0.275226695619918
-0.40217125108077 -0.542156932347175
-0.850892882828135 -0.287669806074972
0.668934175357043 -0.739665025277481
-0.468677809024944 -0.668106871076797
1.30336867109974 -0.808433350610175
0.602827672923099 -0.815090573514125
3.75602704878635 -0.927112024234383
1.04069162024385 -0.735095202319082
-0.213120818911941 -0.508523616853973
-0.462632167919489 -0.620574021429472
1.02823722201029 -0.695334596193755
1.22269877646858 -0.774633783200918
-0.994255751170252 -0.482092021939867
-0.0461625369218523 -0.635622056636765
-3.38171199317652 0.425460295745093
-0.891097067422623 -0.373990291661857
0.326221551587763 -0.630871254681888
0.118561537453679 -0.694661679614289
-0.854593766014206 -0.541487519504801
0.416670426400878 -0.680227174521526
0.479524173917884 -0.647653239827535
0.681715035903673 -0.631842881834531
1.41622344124772 -0.758177745925215
0.0714353372490089 -0.645993239195211
-0.231496744862112 -0.496995665926523
0.748925107464127 -0.801387532028478
1.1576761407209 -0.755650476741238
-0.493402646024698 -0.435623015909396
0.132241850163576 -0.62873431845862
0.186571489959083 -0.56657298976032
-0.0213079295650721 -0.597169425274299
-0.0153887597233952 -0.732222697092237
0.702949895704423 -0.757874315844705
-1.27853207787965 -0.118804165936269
1.80578792089974 -0.818698567004826
-0.828053872738229 -0.467028376954557
-0.646776676984344 -0.142196679383639
0.581438122223686 -0.683662450119407
0.900139931029133 -0.715651456211901
-0.426466956368735 -0.595542594558782
-0.876860959673224 0.00814176484822182
0.220150694425251 -0.669913429854825
-0.625187348548348 -0.636016200501753
0.110200220914412 -0.609485113396417
0.303445290653438 -0.634476176471046
-2.71127539208588 0.297492253641184
2.11681797299394 -0.840638386736055
-0.630976325404353 -0.505868697100837
-0.622498319653569 -0.519265479504959
-0.78880091326348 -0.366869503828826
-0.351069433717212 -0.592802310281496
-1.66402295537714 0.121255939372763
0.228434206163854 -0.597557248617155
0.599179343935495 -0.718011048356748
0.839773417880517 -0.765255615223518
2.23137312401679 -0.862356680010788
0.89163674084063 -0.699026204819039
0.195309596894112 -0.681028471491024
-0.639298280556656 -0.759627477482051
0.284377796228026 -0.695460940340958
-0.190074844264594 -0.33504244391222
-2.01751866790066 0.00610898545113867
1.57228777357184 -0.80022342567563
-0.870480990671339 -0.52430796547586
0.400231546692044 -0.730280521515339
0.282593753646225 -0.559671958375697
0.0630592300157299 -0.617437754052655
-0.0244493782166506 -0.788576666829642
-1.50835816365485 0.095208174197271
-0.117333050127207 -0.623367634426551
-0.22353839775262 -0.586144900600546
1.06219415800854 -0.742877215447499
-0.0229873257645187 -0.48018619260699
-0.664656693770194 -0.474534892871781
1.03708986532091 -0.740783893949308
-1.64453167467972 -0.599750174291016
-0.172268328435914 -0.689892118346256
1.57618571675559 -0.76624583066597
0.401580253563402 -0.642580055455791
0.418569152802486 -0.760306194121825
-1.99317296472169 -0.475528983061579
1.12935245428473 -0.762730245150626
1.6721319358309 -0.83115015982575
-2.06297741466955 0.315047647621388
-0.774697280380638 -0.479803342807517
0.496014172265554 -0.633536737846171
-1.70167857595803 -0.0195178502921582
-0.933182569364802 -0.53845300794005
0.311393034628012 -0.604009500659715
0.482385538025317 -0.724664731446011
-2.30300173898645 0.610416256871568
0.787794921288672 -0.632235542347229
0.516901511191352 -0.814551494201562
-0.00829290215648763 -0.508672006313394
-1.45626365988514 -0.0450021553891824
-0.0492292515451526 -0.604136272325076
-0.311451899453665 -0.588629717542548
1.8791084404739 -0.827740977576351
-0.76867614691574 -0.487962818561833
-1.03618599471761 -0.454053882023616
-1.13229557990571 -0.0815669435607702
-0.286517481355997 -0.593586957742903
-3.10189327971136 0.0216571890050077
-0.794023989011616 -0.20254805630058
0.0981364394250158 -0.718831032551078
1.58257627037561 -0.829417584886142
2.62900639252285 -0.875789661240795
0.0156705780822015 -0.825271108934171
2.00565867606209 -0.762339230726548
-2.47160933164966 0.262957416725745
0.935946230859846 -0.753859713834025
-0.282950707253213 -0.463846489382614
3.18252867215089 -0.904767677349369
-1.35406292048655 -0.397431327257221
0.619812842686575 -0.784715325519006
-0.388558564690774 -0.532683466641148
0.145850482944219 -0.649016880854914
0.265211778318444 -0.616631139475337
3.00617137712872 -0.901337076702401
-1.01772471908591 -0.43548310280418
0.209636610614684 -0.665666422358736
-2.13924794419813 0.538523374566503
0.573124266273246 -0.798676411204389
0.430943245565138 -0.678867261228734
-0.066209104789529 -0.601407656834984
-0.656836283309986 -0.476944397426848
0.10969263876986 -0.592945820807181
0.526890833131266 -0.69948751744367
0.556304927002522 -0.660672574567565
-1.35588773895666 -0.506691040099174
-1.19451451161947 -0.388108370853728
-1.56400051856527 -0.16415587656084
-0.882628950119606 -0.364693807895247
-1.02881835839282 0.0446154849944624
-0.253376735220748 -0.235072388944498
1.08654310888986 -0.861884866297204
-2.63426724198864 0.729057385429973
0.340428342861066 -0.547054985132261
-0.306047772059321 -0.391884025217836
-1.83198001815321 0.254268424041813
0.555541930840126 -0.697743187239741
-0.215051159527847 -0.652577567415408
1.59402392086075 -0.773014830495981
0.393416032927684 -0.702464887923622
-1.16193597603913 -0.238928661178713
-0.473993182688371 -0.415443037386509
-1.52378442643071 -0.218343122246789
-0.710280107848804 -0.533908199329779
-1.50800642232196 -0.0574608221604847
1.78319698168042 -0.821362386256835
1.64123758629674 -0.828111952849965
-0.604370682179457 -0.563795308849783
0.49996244706064 -0.557679258256742
2.23692169060726 -0.816236304098949
1.74448313026106 -0.775382060403592
-0.86132282370992 -0.563654075760678
2.25948753839809 -0.890348033044555
-0.590212619408082 -0.604221562660972
0.870171990745757 -0.70964274309549
-1.30045852278787 0.040754412097354
-0.0240882027938914 -0.658122339067032
-0.869393884759232 -0.426828345412499
1.2661542703719 -0.816257409903591
0.266932490112841 -0.632903331930273
-0.315448956828716 -0.572778603755039
0.979322671967308 -0.729185783220283
-0.322492052979905 -0.517146114381384
0.899705234814185 -0.691437592491263
1.35807993631331 -0.750161449659793
1.9675763907551 -0.885801864965233
1.23892508853201 -0.770249638103975
1.37122367012366 -0.789560126353207
-1.13968426322455 -0.288836002661294
-0.0738409901748331 -0.465858472463369
0.214536778743441 -0.689911988198866
0.372098144638226 -0.642315098490175
1.86970650615445 -0.823947991677236
-0.205505103047591 -0.654814843328925
-0.486093069956784 -0.509738500956641
0.365083071839006 -0.666294850623291
1.00768511996098 -0.827697942533391
-0.105689602651286 -0.705849344608805
-0.30740338323929 -0.50248684139412
0.267068069625261 -0.612693190918003
-0.393336579143012 -0.582412192903127
-2.2123836352873 0.505925386906113
-0.505458592611787 -0.469157210779706
-0.252212278359515 -0.429702440754074
0.161164728837955 -0.634325675505083
-0.375020797907086 -0.447348779168667
1.03663320403703 -0.830291061661593
0.54140020196046 -0.714284957640883
0.109997033334222 -0.576547217323595
0.248812750476021 -0.63996560958108
0.456469938934647 -0.774647464453389
-0.653615915416001 -0.553062920628364
2.22557869466386 -0.811253499395604
-1.4048158891622 0.00435964845400144
-1.53240951268759 -0.239129635156587
-0.815239993063816 -0.320466109538446
-0.345978672699268 -0.554011589639005
0.517409778338074 -0.759213741524519
-0.507096217002042 -0.558383571270569
0.156276910709338 -0.617789782922975
-1.18473827812106 -0.600474367444524
-0.239403322208439 -0.44026691612268
-0.64072095525097 -0.571608664932451
0.223727374512519 -0.617803251008476
0.771890754443422 -0.743062252799777
0.986980545471811 -0.819647664838176
0.555897723606928 -0.641998724230569
-2.78593398878163 0.125796053124178
1.40728048260145 -0.789114132618925
-1.26764900123816 0.0726314471449361
1.37536403680305 -0.833718991880119
-1.60704125500973 -0.108607751936459
0.913994239863628 -0.753202329209352
-1.12853920931402 -0.0400675879920897
0.0159989142524834 -0.859630595452598
0.413173485048613 -0.67300319823081
0.340052679603365 -0.661207893613033
-1.60606638083518 -0.263561555224394
-0.810761644860346 -0.265100023419519
-0.44468499670367 -0.441535746111543
-0.0650794540306682 -0.52643308847673
2.70913327398417 -0.840014282275558
0.771853466327918 -0.717405417249581
-1.34222050647491 -0.290786948437664
2.15759168249642 -0.859287674741398
-1.04512732220554 -0.328149725898037
-0.500556964178915 -0.702775727436945
-1.28372955097272 -0.178203704434808
-1.49049831110754 -0.522362903393519
0.897596063274028 -0.780227921389959
-0.801986223522088 -0.427877009599198
-0.260109259711811 -0.52341932369444
0.886304850987899 -0.755583734311707
1.71513537330753 -0.806174451608092
0.454306729727205 -0.753060698099919
0.126478807999201 -0.535342927278164
2.59828040505286 -0.859959268120257
0.53210133894148 -0.720992366930876
1.12155917603746 -0.77899460419674
0.237327787122015 -0.78274297261727
-0.356462805665987 -0.776504920309417
-1.02075222717321 -0.369773042545391
0.80880053846139 -0.730325022915816
-0.424050208501641 -0.345884173696437
1.11654746691204 -0.704357810137593
-0.777521424921907 -0.309272760427491
-1.35398082635446 -0.327547083678153
-1.9905740188303 0.00829512070444577
0.05632633352683 -0.612674800076298
-1.20054007375454 -0.279133370333607
-0.283521053850671 -0.587456598122821
-1.59363493844293 -0.316938816695029
-0.641973166345186 -0.345314106440969
-0.100266854145089 -0.606282291437175
0.7075627581022 -0.710222475143711
2.40205413765597 -0.850965825606699
0.321557915503938 -0.750241698263958
0.0495597790039432 -0.708843273138712
-0.38110713031945 -0.594270107328845
-0.0636548139655906 -0.641226963464157
0.749931939691704 -0.715608656616417
1.33970004707111 -0.796859127813492
1.32294184138154 -0.78104150431148
-1.53549280599339 -0.30317456989275
2.41114510203847 -0.849192813567745
0.137777605805809 -0.594802648498718
-1.27369647396691 -0.573871805879443
1.70121363997795 -0.821780005598481
0.0830604896713799 -0.623154109989139
-0.705927514189732 -0.412126814885463
-0.406957204485048 -0.65611877702321
-0.370085108340787 -0.422791108554532
0.12068935478057 -0.572829361156209
-0.501169699471856 -0.400992285688149
-0.328142544760401 -0.563041074840853
-0.253265044699817 -0.655800169190771
0.969366616891938 -0.757408017375765
2.04840819698655 -0.848066103776572
0.000840658171574444 -0.554592468746754
-1.12811294700231 -0.202186338306426
-1.00952144636957 -0.274064887875385
0.454325334655108 -0.629484434425574
1.18388004675127 -0.777561885923337
-1.3186846658888 -0.14868737094798
0.659295653404136 -0.799372457092887
0.0949876916833324 -0.550501888265985
1.90226324105759 -0.795658759831529
1.10063272840684 -0.800451190001341
0.10094851461111 -0.661455078864196
0.243335838501996 -0.747667766335773
-0.814092363844427 -0.525140904165612
0.089162546232926 -0.590804332142208
-0.421428907862806 -0.694945495001693
0.627943097846015 -0.696741622466857
0.0397120807680816 -0.758317711495586
-1.4723951588562 0.276554351438388
-0.923748645552277 -0.231405977672948
-0.416610568707444 -0.507977953115998
-0.480044850007466 -0.495766064295605
-1.12942612254831 -0.420925489944965
-1.07808741275266 -0.240484608684263
0.462634159501715 -0.715205431689379
-0.126667620903709 -0.801019849837758
0.368013288634178 -0.645524760504891
0.254473802017678 -0.656347801811864
1.15382884847788 -0.790738061044706
-0.316446016506996 -0.597427341703859
0.524378836004978 -0.74436186612261
0.214438480638439 -0.678183734737875
1.77803551537695 -0.832830133505309
-0.112353740743052 -0.64941485057007
-0.423057240636368 -0.436038846427894
0.662940292560669 -0.807489333288458
-0.74657200544574 -0.495439606409049
-0.224640130231808 -0.427932102939001
0.544531662522457 -0.794989953884747
-0.833397309348853 -0.555641613345185
0.150388895866736 -0.565172307150716
2.58252334803925 -0.879489883138099
-1.1558068427618 -0.520015716300712
-0.257448054829872 -0.561496117066707
-1.36401287544808 0.0132955918318911
0.893946405928605 -0.711495175434231
-1.21757138768041 -0.18887340556147
1.05791445339926 -0.821686396836865
-0.403728353172551 -0.512560429640058
-1.49876846500921 -0.17174900029854
0.425129335047937 -0.692483582312027
0.478468718142091 -0.722551520626457
0.559567684280263 -0.771996366607929
-0.202519741596454 -0.599948303395618
-0.440069945137307 -0.670782965822524
-0.790604118524804 -0.584689697959975
2.40591893154831 -0.862781774416116
-0.583659252641424 -0.401454703436204
-0.664481904586118 -0.534515195228191
-0.348943381902992 -0.699011125639997
0.177099156979768 -0.63782020915438
0.530148387527908 -0.606752629866447
0.403050076052851 -0.646832331067364
-0.704521414867916 -0.364965237473107
0.701901438695769 -0.699032874153661
0.357514292079885 -0.690904676857286
1.10199427095802 -0.747264899733523
-0.339334810691214 -0.56597994449571
-1.68512450546945 -0.227246932930687
-0.752333889532827 -0.261222114697849
0.661206095600581 -0.735655986355891
0.940188135541515 -0.729336655378223
-1.10414332631976 -0.460695791685031
0.581692185628303 -0.688808862966751
-0.116699319388371 -0.593760914725219
-1.57497664508246 -0.0357002019039265
-0.523418188090055 -0.393944081127544
-0.335744883419364 -0.513057971376452
-1.44849504505881 -0.122332098556384
0.232983511241134 -0.631682732000867
-1.86235332633511 -0.17515527604373
0.222808248015958 -0.609278084190943
0.565480989359454 -0.679071122128225
-0.747029574880815 -0.56919397917635
0.689846441674175 -0.638308378987097
0.397182912702295 -0.716531414860408
0.591463499920824 -0.751906958602594
0.499799149572644 -0.71912572637091
-0.668454424896077 -0.440690053014702
0.389019823217819 -0.722424569338349
-0.438247764146528 -0.439943816956059
0.925544274010472 -0.801493323972976
0.709326626963994 -0.827900209669618
-1.87597419666454 -0.427560219737599
-1.24487695440628 -0.398098145119149
2.01275538448888 -0.828995937870371
2.0348202248549 -0.800797887287191
-2.65642923319078 0.117848642132567
-0.394832094941952 -0.628352749406873
0.0662300335936048 -0.516513395262017
0.294268807118281 -0.693559795659362
0.77525989660898 -0.739402915710995
0.402467682473691 -0.670221211702228
-1.29858620503796 -0.448473007608299
-0.0564570976748843 -0.745778671217495
1.35999375118221 -0.763450630857605
0.134406125537205 -0.805638188547687
0.71748238041555 -0.716977958090665
1.68115736889239 -0.875642401385643
0.000515226308000549 -0.814319689327079
0.64377519884219 -0.741433385470102
0.971093855576534 -0.689343246438572
-0.962372522686553 -0.778250204389185
-1.6270358702459 0.00259082938287959
0.142629948370606 -0.589211471069296
0.374704276260724 -0.750749521566817
-1.44629658191323 -0.0686596137139336
-1.95211385716374 0.232020064875755
-2.09551952066458 -0.0417076766216332
1.40790032578631 -0.819579998991105
0.374548434176282 -0.763172823205431
0.310090768714058 -0.670273292900409
-0.460039043019538 -0.488637774197864
-0.897728573315794 -0.592331331496156
-0.666827472559713 -0.39293361147363
1.46693465984446 -0.709912710538337
0.680990013808415 -0.686230213731619
1.24444956821144 -0.801124297066134
-0.523631867188486 -0.653291532425013
0.0101366948798246 -0.581494155908876
-3.46612580499953 0.448832021749981
