1.12681516422753 1.80125389206199
-0.761138828868988 0.739843627291074
1.15025111341202 1.64127270197089
-0.859879300083585 0.518487833322629
-0.489636359229395 1.44697667325676
-1.36020162860835 -0.50591700849954
1.23805211827106 2.47343842779149
-0.0761953549202131 2.47471152267383
0.634792230949207 2.0513840990546
-0.864045949722216 1.02245988088808
-0.825345321912851 0.65496829253908
1.15183678642568 1.49341065365965
1.01436303224406 2.01351342760905
-0.583266618087253 0.780412599300776
0.303534453977513 2.35025868541894
0.0722335303664177 1.99537648062225
1.60331517537264 2.29495373068441
-0.383694297836373 1.81921308380973
-0.939988478091432 0.922338184051611
-2.09802062700511 -1.77562067838151
-2.28641688658993 -0.977319363554148
-2.0561531730918 -0.995272206658307
0.314711434089376 2.38962025733262
-0.711416855290653 1.14696276404195
-0.216501435773178 2.25661646828748
0.45701058506094 2.09266105456135
0.336448743130965 2.73300375487347
-0.467400383015579 1.88340664186654
-0.747101648478896 0.99884857314986
-0.167481460845823 2.60971950879171
-0.0634015341426822 2.32042697428411
-1.39491690792288 -0.919706293561976
0.0881259485436836 2.48725818137339
1.16709281438055 1.96984819033099
-2.26760007649927 -1.35642203781653
0.333591642646929 2.5659982235487
0.195660199336442 2.60241964487089
-0.485609584312563 1.5743779249276
-0.553101557032371 1.56672223574917
-1.99267059903319 -1.31197967176046
-0.877668435052591 0.756700042100595
1.3700912468472 2.03635900113302
-0.526934171590686 1.36383012594374
1.92548091913969 2.24646788517264
-0.0938153471876753 2.47449298343259
-0.355742914360081 2.39097417852206
0.876936633042588 2.11203897612105
-1.70980428834605 -1.62234123352401
0.345003737852819 2.96656772856958
0.537382070155126 2.24078726608294
1.09382153347199 1.49944155767241
1.9523506853477 2.45984443350287
-0.604227465293334 1.11883498754284
-0.265709048822682 2.71671473801121
0.786983378379878 1.65328885633224
0.187396068116201 1.99238945586603
-0.89494326869916 0.83218222071468
0.407927793819787 2.1744886808491
0.344485753424351 2.51517545035198
0.388006017965832 2.57736859482278
-1.04747209678867 0.0179353867899953
-0.031619946080901 2.24578881119245
0.720970879063746 2.14834318702761
0.437621478161274 2.49239356414635
0.56687952623971 2.15618638890014
-0.254497907339237 1.99624637176147
0.0859397611364947 2.79867850179315
1.43614514431646 1.77832912378294
-0.166640533828615 2.25001780358524
0.405193464962626 2.0815409074624
0.419572204715011 2.52814399402736
-0.833149447009194 1.27280222176433
-1.26290860216693 0.0392910695312507
1.37816333479167 1.75814165893854
-0.929094464973544 0.576823591612269
-1.48901004899548 -1.11032327479972
-3.18687824924381 -0.539442246354438
0.15999603394484 2.43937252343465
0.574245304275267 2.38786850793221
-0.0426118799145516 1.98476643098099
0.212290009950031 2.57262551693619
-0.32485489951057 1.98134741710293
-0.0988432355845455 2.4380741619368
0.0708182763003072 2.26961592252654
-0.709318495736874 1.19028035813988
-0.574872850895025 1.35753634991444
0.986535913023838 1.88416104894721
2.13012153446749 2.65377370540601
-0.14422071370323 1.96467595989831
1.93854061743044 2.55163223120211
-0.76498023117954 1.03561271068651
-1.4597903835692 -0.860219273115913
0.768787389705333 2.41591521118812
3.67139190536381 0.127979425271404
0.471132881333624 2.12910911485678
0.395601253761216 1.96198006810156
0.353188331445289 2.70536534676844
1.71775011649783 2.1815289359727
-1.45234119310739 -0.71221105325465
0.306465461004914 2.57227947050934
-0.364951651273737 2.19216072559776
-0.56520778898442 1.59831658288793
1.3227522592537 2.22524936145046
0.678911677682926 2.01272896763405
0.814875277113859 1.93047126357076
1.31250806317339 1.20261296373235
0.468866224408609 2.36668145419627
2.38671043606657 2.36525592901079
0.62685215014738 2.13343308289398
-0.580116595125876 1.36874247586155
0.815660447608467 2.472117292179
-1.74260085927042 -1.39516903670218
-0.292429855491661 1.80412992331499
1.42731260892546 1.9385776470419
-0.264661303584599 2.28142569729591
-1.7819380498931 -0.788389902456283
-0.290516997554793 1.97480902845145
2.23733650172935 2.51389376309861
-0.210709823147861 1.96152576877891
1.75859692773891 2.16508182893219
1.45594371440522 1.89624501230613
-1.62881683902285 -1.187149385905
-0.50223835842274 1.93135916693535
0.918895007378014 2.58072461424245
0.7282466383167 2.36670513953231
-0.699256804297784 1.09207795029609
0.586775166444645 2.1138380428736
0.0919302819725569 2.32446943227172
0.989098544594063 2.35204089423786
0.332137607557886 2.49998357846097
-2.0914494691082 -1.13920442269234
-0.753954831936033 1.23071357005167
-2.67295121504049 -1.49238808849951
1.30940130832337 2.1447986202484
-0.114874407647717 2.56071670087021
-0.639694509219164 1.23773962138242
-1.83221993713732 -0.989780824269053
-0.873454575529264 0.495818091728653
1.02205251115069 1.83745965955545
-1.02841938853018 0.471879412691012
0.335880930902552 2.10527833410478
-1.50683317208128 -0.681854516200238
0.411914824742863 2.45790253763119
-0.236239386847284 2.15985213333212
1.05135453145397 1.978599815605
-1.23093842335904 0.323871199866225
0.603270652521079 2.05865413883063
-1.04998344014166 -0.27614349408478
-0.0660872951262074 2.76324616811546
1.2727836331418 2.01180930718484
0.83934247195098 2.0435412868794
-2.67007737781968 -0.732847365346632
-0.658856498719173 1.05772336607102
-1.01774593979997 -0.107888543125836
1.40386740522712 2.00327315544964
0.502427156032483 2.02438455831981
0.141769644840369 2.30413582152584
-2.75294159779145 -1.08824414345876
0.0974463322815577 2.3884134544031
-1.96161981397384 -1.10875409336425
-2.22594751486087 -1.08368039257175
2.32075529561186 2.41724170092376
0.779446262838279 1.83569787897441
-0.235715383255135 2.13703129304797
0.115332215295472 2.38516041203552
0.57356589773488 2.1014663817378
1.37952898883238 1.8454589592998
-1.44605058520054 -0.231383919332212
-0.859743283841679 0.833622332651723
-0.937982627572565 1.1276412747468
-0.78774525303039 0.676426168746644
-0.446300552610172 1.863257094321
3.37616561401914 0.758336077925156
-0.198514540602023 2.39879730682579
-0.497133027186435 1.294089668757
-0.0827350441783889 2.93447627454246
-1.5897046144707 -0.778735210682065
-0.989262128617332 0.269245385737584
-0.53046690158649 2.01084600996481
0.476331154266229 2.23420222140911
0.63172774665934 2.27120961510132
-0.562202333229274 1.88289158110458
0.101221126515521 2.54777094257771
-0.828830907945342 1.16156396856228
0.0113681721304305 2.41644677615813
0.802339843714229 2.21459591077225
1.53478879108853 2.04193425954151
-0.622111275566548 1.71083259333667
1.22479706431223 1.53399349905343
-0.132211048615292 2.8261879102363
-0.904018641990711 0.881197268137235
0.259293839586903 2.36260622161307
-2.0012589815236 -0.830995388814454
1.28526637499818 1.85794585022868
0.594347209997216 2.51748553028667
1.77281517306923 2.1507122336279
-1.6576121365002 -1.34672229256679
-0.840460739410514 0.998457333851789
-0.814530106889242 1.24045660787849
1.21759901803055 1.78887771615502
-0.28476016181956 2.43729721549887
0.275091914924537 2.34461234249902
-1.0690313051433 0.451474114617952
1.74241344626168 2.33925562788899
-0.0667408938601947 2.7839803132301
-1.0982872463073 0.0349708253008215
2.77335841904566 1.54576238242481
0.74898414250444 2.54707686220332
1.2366007714545 1.88400631831781
0.652044494360005 2.23590725984462
1.86904236167992 2.72808270998869
-0.367325916088522 2.36417733368692
1.65839530019824 2.14212551318514
-2.11750859176738 -1.51368791490557
0.296086899233166 2.45172243456552
-1.08735518401347 0.415043184053691
0.528015541327953 2.18055443308894
0.527701572372132 2.23035593852978
1.019260898874 1.5337329623424
1.22580894733401 1.94142649665992
-0.0810607777733511 2.07260180102829
1.53560724088844 2.12831774708283
-0.405047142726065 1.83001692495261
-0.330292722541374 2.21620137480282
1.8316066913281 2.29044389419877
0.105761091821987 2.76064866949536
-1.12160877049817 -0.218551145109125
-0.598462871524743 1.41206325016723
1.05206249070135 1.4829806758588
1.68490295161567 2.53905597738942
1.39200665697933 1.59446147317642
0.156554025637169 2.55389816885763
-0.0198955318656365 2.24176926443164
0.857363997974453 1.91447690341191
-0.82457730043442 1.02050854802684
-0.642326662973109 1.11807898190021
-1.24034532306128 -0.485635417319896
0.0664997567433016 2.19168091511032
0.61268368239947 2.0669559727218
-1.42468533594332 -0.0441410011266736
1.39401121893384 2.00326665958903
-0.599055153508193 1.32325075825635
-0.0533180280408472 2.55039502044171
-0.529515744991993 1.63412613394103
-2.09039971024319 -0.903855593603848
-0.136536565200457 1.91004932678349
1.42574139952611 1.78672854672563
-2.21372194502608 -1.3700277431094
1.62480358099199 2.1614807859392
0.780244296289379 2.02349404033033
0.367187686896636 2.12878290841453
-2.16493484715457 -1.23541985214869
-0.545533949081492 1.43262826819921
0.615517549209588 2.15227831421302
0.782577593236309 2.49453358999585
2.91700745753077 1.31198240715917
0.804489672281579 2.00645926750827
-0.254029156685434 2.03026267963807
0.823718281148822 2.31826425116211
1.47483517948054 2.05700380847575
-0.546843141453773 1.84396274356612
-0.83863752540848 0.658084030852763
1.30303549991132 2.44742618574322
-0.229575644230502 2.11784746008289
1.59452403451162 2.0359607745847
-0.245039651569622 2.24916202612231
0.388082506164501 2.56863159919136
-2.70388768468386 -0.796998077180432
-1.15980195358499 -0.225414670042988
-0.717045576917407 1.18382854416564
-1.62611098806636 -0.913521015758113
1.31881346184906 1.85532183788518
-1.44154686306602 -0.503159185252793
-0.706643008491587 1.55195551069029
0.184106661849399 2.53819357018137
-1.41510173554391 -0.340591560344742
-0.029977497535472 2.28684785413934
0.958184424256044 2.26938052461016
-2.47719554425169 -1.03698509856593
-0.15068607035444 2.10921489566005
-0.736575163073107 1.23656855133535
1.46389202340634 1.77650660739134
0.751507333695837 1.94938188292764
0.483034484622726 2.32051587151829
0.855495567504715 2.12697898291653
-1.27634071690183 -0.175121084607917
1.38883360167396 1.91408538349548
-1.7980759455953 -1.11113401462146
-0.0481737565392341 2.49326301396645
1.51720464076198 2.40725037409906
0.160797420462648 2.3279613363617
-1.44589787829756 -0.174529136173111
-0.864350508946153 0.836085971429258
-0.237215650100909 2.41979070986414
0.600664431962437 2.56305619748606
-1.78883070248996 -0.959123981779614
0.163508435477866 2.63556111811911
0.412351507688492 2.27414882139863
-0.0936824222302663 2.58975706316763
-1.14971357673187 0.152948110551081
-0.332748015165564 1.78192897369011
1.29134063300007 1.80914002652998
-1.00851638636091 0.779732665437945
-2.21645087291997 -1.24426149555141
-2.2474550254168 -1.22997998929169
-0.400698983809103 1.7808493945525
1.17920966136232 1.86007622331354
-0.0619878739394156 2.45839220126321
0.29225330384993 2.86162109465193
-1.79716057887116 -1.21003979827857
0.547779395360623 2.08263480405723
0.831241663505349 1.90947071485191
-0.847172480878679 0.705357316972008
-1.11241441795653 0.230939187435116
0.644975127328008 2.26296205789223
1.00051156200581 1.80632248930408
0.173535400712044 2.75164402550335
-0.266967285323121 2.02952981228716
0.350270555855948 2.78246866170743
-0.0553937913274909 2.37676389678021
-0.394281248906663 2.0579525638187
1.95655565026726 2.2740600081423
-0.995847434659372 0.20474979492783
0.933417205489689 1.54001607667892
1.16368518933533 1.96284443284389
-0.0331829884704473 2.48591161300654
-0.0435429679628369 2.60863562846864
0.0933455076855902 2.66843539906712
0.756809659660494 2.07256747819641
0.218684339228503 2.87560207625371
-0.0841001275864932 2.41471832527883
0.13651525877843 2.75656429239057
-0.973732101988554 0.323231896819768
-0.845153223861385 0.723205985443488
0.638047474968162 2.43778379193261
0.0250735279754564 2.51297000147955
-2.77986959681607 -1.04343040163097
-0.500922908051351 1.69970483967518
-1.08573878880074 0.402982832228647
0.6304506470741 2.15732894933829
1.88435830351208 2.10947951743174
-0.589744485357527 1.51934988615743
-0.00958115380224389 2.49875775528304
1.45562000800577 1.6704334874124
-0.859961598100983 0.750470577265477
-0.159217948956966 2.48681595978027
1.87433648199914 1.94162344688588
-0.177985777083708 2.2602224436991
-2.16653635044838 -1.33189721073949
-0.0920194946347387 1.79318327273858
-0.23433634623058 1.85165255556502
-0.143937794781603 2.51019110177099
1.89869904841403 2.37863521546994
-0.690502704512698 1.42086732383824
1.18686695595389 2.12336762616209
0.332137097962888 2.59258171641618
-1.69582583134433 -0.718691545496826
-1.27889029491791 -0.382985705607259
0.720996766278337 1.89247879139249
0.635985926745573 2.02727783967159
0.428046626694687 2.42554100364552
-2.24496855974753 -1.16093335593543
2.58104855957748 2.40720946676385
0.915807587350648 1.88079722228427
0.557091129847249 2.50224599646898
0.410726492682535 2.64635736831818
0.215196101857609 2.73347349602314
0.564596761463925 2.20577931243158
-0.10830278173259 2.35203776498621
-0.840232794188427 1.1722222089338
0.676418592860946 2.15060926004661
-0.820537083322828 0.977296249813159
-0.235375192665799 2.23732257104395
0.980679241731578 1.77562515498056
-0.513848444246417 1.96577899014474
0.985916066170289 1.68698652913191
-0.156192728500699 2.03761599556127
0.999887477348986 2.16404840759326
-0.628753805907789 1.4570949908212
0.959688334664385 2.03142453335935
1.60071863009081 2.17263044511161
-1.1992811755396 -0.251160518165854
2.10199903537719 2.60532388274076
0.416172526910608 2.4458964328829
1.06393800862243 1.81535463387524
2.06137657956656 2.93439271623703
-0.344282177233787 1.85144077095349
1.01981888995002 2.31551438886484
0.745334938712368 2.25100085211596
-1.09330249978974 0.221545691590016
-1.04581087707583 0.266910443225737
0.766056789862224 2.11235996912513
-2.25572271827603 -0.982578951929336
-1.22352464289557 -0.293750135647599
1.49022246547335 2.22246895209397
-2.60713073233643 -1.01828902886053
0.676814001650954 2.43232893617834
-1.79343110247048 -1.20659991469276
-1.70910329594085 -1.24948872404496
1.08237198991551 2.09575307962458
-0.661429238280507 1.50157811775743
-0.890252380773434 0.827358837555457
1.29389046317401 1.89543062786327
-0.449219576871989 1.86838150242893
-1.74851593216917 -1.16177791417838
-0.787704098145936 0.906481343153162
-0.112278926612868 1.79455150403287
1.04236596538492 1.99977917416608
-0.682193301109505 1.25903052918563
0.36935802338912 2.68197088342004
1.23435034145596 2.11671226455337
-0.676695968946302 1.12788356703723
0.0362592956535125 2.22825925979715
-0.554037405052299 1.45553857642149
0.149535364807149 2.49060031426451
-0.0613587535045657 2.22296496352068
0.989342838313839 1.55826659801406
-0.552069862751774 1.4739792793391
-0.0516517094547991 2.42804167049157
1.42513810103546 2.02596733672853
1.30392314103372 1.96085536439655
-0.406263594488287 1.90440847438854
0.0994200471816746 2.38190880257935
-2.47156675383238 -1.09195175177551
1.02047431874177 2.2336723843794
0.247689887860409 2.62902660082511
-0.240409264468429 1.69832024412349
-1.88024323905058 -1.2327885832166
0.414933120427058 2.41607930334326
-1.99069594106335 -1.89986469555878
-0.0898498337397926 2.22862850765063
-0.285755150919219 2.39134246323105
-1.16579550308791 0.156794919253208
2.69195286597022 1.95936102712242
0.583492626960879 2.42968533335451
-0.0670349110355676 2.57445459650779
-0.357905972445405 2.22830256518623
-1.62820206418438 -0.795357058243932
0.206131170886648 2.51178957431251
-0.513800605697443 1.57457094977407
-2.56059286788164 -0.982026236234779
0.440441405181463 2.5281143111628
3.7158198345661 0.160857391831178
-0.91806412974371 0.29754993169185
-0.383201817790897 1.5541624968558
1.35606770690113 2.31013298912469
1.06843445245007 1.50041560179693
-0.0240913952180985 2.35585656942721
1.12137343036789 1.6791069847908
-2.21541054998816 -1.24840831019121
-0.840050215847111 0.727770828406195
2.72489984044645 2.13672907051664
0.568549627321838 2.03803543499275
-1.18602834039215 -0.037408682635767
0.368823397285919 2.40712311497432
1.17943851135478 1.9772353285505
2.66065383268041 2.05959737726544
1.33358277840123 2.16038270722704
-0.138452622913738 2.44003220643495
-0.519687203650537 2.0780461055804
0.440704438996648 2.21246684811505
-0.616411446551752 1.41274848997291
-0.673732129395673 1.44404329106762
0.140504005039158 2.60830853682148
-0.204288550286379 2.38787821010475
-1.06855657244168 0.0688245692135599
0.453785111187375 2.39269870634919
-0.24227227857077 2.14121388172684
1.38420663754954 2.14487984627276
0.136832319064691 2.0683683153413
0.539721639732947 2.37223167753578
1.45688780978795 1.81083097681645
-1.30796178737065 -0.482980989172612
1.16286977451854 1.50824152268291
-0.355976313371944 2.80227871739113
-0.30075127781009 2.01719348404698
-1.89973727083147 -0.951559597013787
0.0385830829704432 2.34898825715181
-0.00216434763695673 2.87665778916755
-0.370832902547443 1.94369268264273
-0.00489121469583507 2.63386992255091
-0.190483744938464 2.30928959619525
2.92113139743765 1.57249587500788
0.250679918161626 2.42783222072261
-0.157117245749459 2.26812140872959
1.26293718921099 1.94541548336128
1.40196265136229 2.16406747747418
1.61379906810349 2.02565281480678
1.318178982645 1.51815692935417
-0.812643151846874 1.20244346623328
1.01209362132417 2.10688844773089
0.610434716781236 2.23432048114346
-1.33694130538361 -0.555684953856515
0.613553869898479 2.21952065479672
-0.826907387409406 0.901688606480692
-0.253689220643261 2.50518237420265
1.13321909449887 1.92885793311613
1.36002043645292 1.72534238497341
0.353010976436567 2.70401883496145
1.63700955367441 1.95235192833838
-0.955110307504435 0.872052211513517
0.857814989578476 1.92824739614985
-0.563791119423473 1.45912930626373
-0.424794942508338 1.81790494446988
1.48672717453398 1.81554500327903
0.929302456977694 1.86087031382901
0.617103206467394 2.09789158934456
0.168267454045784 2.20237212938353
-2.92594510036534 -1.06935135460081
-0.0370191359479614 2.44418700612207
-1.44209121463867 -0.537214336204575
-0.941702039322665 1.08455555691882
-1.14958883830888 -0.0898804748817847
1.72967820134711 2.1789704098836
-1.8013107878093 -0.864075416362387
1.77336997254578 2.51469635001427
0.112512439984307 2.70901701718227
-0.539825926385442 1.55236969190369
-1.05657792173912 0.482722007674918
-2.02403086233401 -1.0243821960203
-0.253207680223183 2.33729464472796
0.172009349567669 2.41649047741199
-0.0924980160948765 2.66560684156308
1.51691208201956 2.25793452856712
-2.86467563126405 -0.949035541350881
0.249992737656259 2.10190033753983
1.59910481673754 2.18988211915452
0.205824804425453 2.57715396410901
-3.14341663171966 -0.602850731620695
0.743712089691418 2.22913974982298
0.119864884438749 2.68359092123607
0.0907542350285112 2.29489918311418
0.503258743021332 2.51479114182445
1.13368985265137 1.50807697349075
-0.376073139584616 2.18788529789013
-1.54892020201463 -0.849837950747416
0.929115759021928 2.16721182830448
-0.254541858003417 2.39099246909994
-0.443737858653039 1.74428658877766
0.820286825211633 1.938295291717
-0.172827199565284 2.54612696803509
-1.19125325391462 -0.0839844446927703
-0.150772180150425 2.37365648510117
0.304156874834743 2.1242065938109
2.19088933577834 2.48634033195389
-0.36011941212154 1.9463480366608
1.73231228848299 1.85014097937129
0.696157719548636 2.23049981091107
-1.00543467794206 0.289171980771206
0.116140400998738 3.05816949872973
-0.0576836336772861 2.8268754948671
0.0185462009618983 2.48718629682021
1.28264358682508 2.10027545854408
-1.46986680288248 -0.650062460525843
4.22346477406185 -0.53389641806955
1.39596289473493 1.41214361065374
0.212737761424904 2.80617196153807
2.057104864619 2.23278839653686
1.36136406479778 1.96957814651815
1.09924942525264 1.66430312716299
-1.3157701317049 -0.729737557639849
2.16645403109701 2.3174661996024
-1.56685292160846 -0.453204789325767
1.2094168951024 1.31636008286304
1.03741400475347 2.0532226947752
-0.41666721911869 1.67730767941609
0.307013034663657 2.50892666076461
1.23986271718127 1.77909365558582
0.49632868595391 2.58719671734694
0.0628792065291784 2.33019185062789
-0.353354625343598 1.18147085739101
-0.774243457359228 1.46915756612758
1.08724541639505 2.30843520862984
0.27282552073072 2.42336921222737
-0.7897122957663 1.00752757272905
0.51450732980713 2.25030349254178
0.13750477873451 2.72974998621361
1.76036172122534 2.48783351378816
-0.246048056593738 2.1614016864512
0.301217649644398 2.20529510007989
-1.59196004650426 -0.701113899432962
0.0399933148758128 2.61694174652657
3.07344097079251 1.24381027042352
2.50042434531361 2.88604552018845
-0.293039643564026 2.35493159403863
0.926031256962272 1.95720800878462
-3.2633557555354 -0.404874267508473
2.40524684462586 2.56848085764522
-2.08466156148242 -1.38910523584926
0.124759375942536 2.30540739614287
0.552610856253435 2.7207581732512
0.44589343044657 2.39111743284293
-1.4945872109644 -0.7083132703091
1.50098112348271 2.54435253608642
0.744900419472504 2.23645508431352
-0.0253244631005774 2.69381268086664
-0.645460604117552 1.65519049103634
1.01669809156466 1.67559622339805
1.23403165293378 2.07961563645005
2.40025362981931 2.66725165093331
-0.0043663730624404 2.28616471410039
0.179254360692274 2.62293857074773
-0.396943983617504 1.78681015521769
0.132580390884427 2.24038029483078
-0.384966738206925 1.95982048618991
-0.0187918466291557 2.22914643560606
1.24606301341453 1.81662079877769
0.0280041424307848 2.45816748936077
1.30982450439097 2.00627596411597
-1.25533692637872 -0.453713221825413
-0.3174526272289 1.96120858269478
1.01263013409949 2.12999894704351
-0.0115919756520439 2.60744944499384
0.687862586496468 1.66502102302666
-0.359377033909747 1.84558500963496
-0.278825119177213 2.37220952516335
0.00192277069629732 2.42342262625845
1.15340965764215 1.7866498611802
1.71417353415782 2.40340602078188
0.165798451895998 2.7887883745472
3.0233155386177 1.32458250693526
-0.546958969951239 1.18918028921136
0.507809996678038 2.33505454402663
0.0941637291037003 2.36989375798586
0.870082862376735 1.76535197518614
0.930812853545053 2.40453190137832
-0.968948264902312 0.608866300780547
1.81875750989894 2.08375176506986
0.975987125962333 1.92514191213238
0.440794075457498 2.47253842680028
1.15136704007325 2.02685651408878
-1.45945809393183 -0.934570407688443
-0.956594890338982 0.40784841876363
-0.0801655843533396 2.38988091859223
-1.03884539735036 -0.0441734688823731
0.842587999715032 2.12717067148999
2.12277828732113 2.63769607820705
1.28900234560752 1.60507292881986
-0.501320601370731 1.70749735288181
0.719744051743596 2.35724507301439
1.45153960094081 2.00224999103305
0.421877650112001 2.12070691074877
1.76984215774735 2.29744355939613
0.579123755772554 2.20321093444075
-0.771550490178079 0.950416769178153
-0.00136363898607231 2.20043054447306
1.18415788186485 1.9918804421644
-1.45418692777404 -0.441145354415192
1.15534526266305 1.60981880777977
-0.934056842719294 0.484640692788043
-1.83844193343026 -1.57396531471052
-0.285642486989936 1.84061737225693
-0.351919910533151 1.96604905847103
0.420140508052511 2.74003521698098
0.398919724197846 2.78589189161725
0.47422667999329 2.51588264165315
-0.770698293024491 1.20956962563887
-0.166194734286963 2.18110946155478
0.587859868880856 2.03971384922299
-1.88479899205311 -1.06955293753855
0.421794518452128 2.08001818250603
-1.53328704203405 -0.488415547866367
0.445639560202781 2.28582222573723
1.47723654216639 1.65105815485219
0.68693111918356 2.17925552318997
-0.597067660320245 1.44155964037989
2.9433809692695 1.36238381769398
-0.247833466780432 2.0304015379287
-0.322083010183743 1.87577520710479
-0.423359751645674 1.84412985765804
-0.166008560457573 2.76055384364013
-1.27885361673377 -0.449421509847246
0.19551334220769 2.63766597075292
-1.12465682443109 0.383614711095159
-0.476845639537416 1.86682197490866
-1.55177454281821 -0.988100309036474
-1.2673190671138 -0.313624294304225
0.163691679253536 2.52749678046022
-0.950235894284448 0.620735985122595
-3.09903985055738 -1.31520333929428
-1.25806921477321 0.18140325001243
0.784983916871971 1.82628594556537
0.682286536094301 2.32940838067899
-0.842573477617574 0.674280853858448
-1.52348308640258 -0.777019509659147
-0.226133398198803 2.20202834592336
-0.761489198674391 1.04812014025652
0.686596603843044 2.11417996714953
1.13774068474123 1.81547095808263
0.326763669168658 2.36153974551253
-0.264842055280937 2.52953505013185
-1.38733869971878 -0.758970695437755
0.640085451459915 2.41578304217287
-0.123255492243382 2.30778531289047
0.748829064132079 1.91666408847024
0.795399670336961 2.05146410849804
1.9347546269543 2.31307725095272
2.44680241732149 2.33087290757069
0.107655175946136 2.8037565469794
1.16062161622342 1.67075305973275
1.42457248676809 1.76005316610728
-0.860420180507912 0.958260522981039
2.09331458027997 2.58716052609584
-0.493630011000667 1.85253696626668
0.841357399982042 1.96942663569426
-0.905635379629159 0.288368307239027
1.19814830452942 1.50418436965614
-1.04899251028516 0.635130914026559
-0.296607367838152 1.77671044569059
1.54057768031183 1.98464646011534
1.0455890664059 1.68808364039132
0.226378239206722 2.56343530213386
-1.1073500443287 -0.067680278571629
-0.406316686100317 1.76720306858018
0.27269286872513 2.83629317382053
-0.55738784939655 1.21784983271128
-0.380798498863482 1.91953728534223
1.08888817517282 1.78161603152149
1.75008974645984 2.00094925488884
0.457948232639215 2.37560027003331
1.65499821706512 1.80955053988207
-0.671614478941146 1.51141745990047
1.17377613087423 2.17627496671419
0.292605877484391 2.19149291074514
-1.64609244339634 -0.555283863683713
-1.52442808013895 -0.563615953925982
-0.0149190314312187 2.27595815790183
-0.325923612848621 2.2674011138473
-1.19242579990799 -0.205799664522332
-0.591739320830502 1.81197574546438
0.0951254145330793 2.74444292292628
1.59279129406391 1.50802135597674
-1.50173910762539 -0.441964018617064
-0.476720824217546 1.75492960762867
0.96902763409542 1.68391159415674
1.40393032422422 2.27804225937763
-0.479495696863482 1.72460194455254
-0.0407065472531004 2.70913288998032
0.107542607573614 2.63076286923963
-0.567688336609783 1.35747836078051
-0.0679785744444449 2.55933609629805
0.662147376466939 2.07074649105635
0.559800136930259 2.33110015298128
0.748729623580853 2.08425145210311
0.0542074505249977 2.49853424925337
-0.451840822600344 1.87539785672248
-1.50425610608928 -0.976815144280726
-1.42641741127817 -0.395380705232461
-0.367265772369493 1.5838132876061
0.762816293602567 1.9305891651798
0.727639482803452 2.22318396933502
0.119727798550881 2.39523460836025
-1.11658711150708 0.0742669243462764
2.22041138440241 2.38033611392762
0.314866228211724 2.55272920931751
-2.5704241719086 -1.13255562281165
-1.3551041235016 -0.615951972612234
0.762557911323871 2.15285977177827
0.537540571206051 2.11934411205708
-2.24390142500304 -1.30864559925017
-0.0538233539998086 1.90252322701153
1.8555155219878 2.35019185881299
1.6839470883842 1.79310931351454
-0.590462028093174 1.52250402093961
-0.601457268156097 1.21540518231564
-0.10100723707402 2.05166738381491
-1.59835560352516 -0.69241741704869
1.18497715575702 1.96093331408888
0.454002261208232 2.60291036690551
0.828866785298034 2.01455740329368
0.998713273005159 1.8086779772356
0.561610111529761 2.3520641135064
-0.971212085791597 0.820048076281181
-1.87255489002986 -0.868273349828986
1.93797213108821 2.48697871472996
0.220739975516363 2.79441916770667
-0.365527355000032 1.73307877119732
0.37921934972168 2.42139395931616
-1.81037415107496 -1.07146064750543
-0.563622469771118 1.60407428347934
-0.958709184869019 0.26889776173355
1.16565281605327 1.82285799216454
-0.547135887841066 1.53546395387699
-1.42153462569913 -0.842641424123429
2.42663183234118 2.31498077328571
-0.644198160162579 1.26799714681822
0.165547976370108 2.91011528316902
-1.36516537395626 6.60052821919721e-05
-0.172661545431165 2.24817134826155
0.517298084567461 2.72188604415851
1.80191854413419 2.521548615562
1.30542330806819 1.83007958555958
-0.689442943461384 1.09437286367519
1.25281789137919 1.51898799151559
0.58373058549209 2.27799833800767
-1.41619413937043 -0.511567491408999
2.03595196900203 2.40166841321435
-0.556165145219385 1.64685675904177
-0.131180530129698 2.4551296563276
1.10568740634969 2.15180583544209
0.0118847506214209 2.68779709435455
-1.07407387000656 -0.0752903019155256
0.273713918835674 2.42450902765138
2.10194276051603 2.44123464165941
3.08031773640667 1.17428346629841
-0.0421327707693176 2.52698294215618
-0.950549125703607 0.245754543377956
0.476073703628566 2.73904981093357
0.949171518029617 1.99170631127911
-1.55413291521756 -0.936732901315752
-1.55980208405892 -0.934290508944629
-0.42129010266031 1.72691210617608
-1.11719266336015 -0.134729068920994
-0.0425575953907877 1.94447404320059
-1.22947467378514 -0.190386575954397
-3.14678115164416 -0.413444347210043
0.0615080199288513 2.64687432523684
-0.285359454146841 1.62846726291421
-3.70206352740163 -0.558253662009376
-3.59004613024869 -0.688859165663864
1.12381075386105 1.9361008111647
0.336634023819074 2.43315323884969
-1.56304722261994 -0.812778286192523
0.387024873816469 2.30129867742665
1.367046861317 2.07682451142811
-1.05306910554965 0.284752594656828
0.435610544664262 2.01099047186523
-0.493396324188742 1.5869204613292
-0.0936380632726315 2.34671256712079
-0.594582163147778 2.09364962989484
-1.53343587906468 -0.320390852307114
0.232521316071797 2.64290066250968
-0.800847107643002 0.862175694010948
1.85710868961217 2.53275079347262
1.05090892198854 1.95453948823503
-0.944482739537571 1.03411951233954
2.21179823696324 2.6924028231864
1.09705049617763 1.91169773840949
0.615177954569507 2.27141610291411
1.35698074655858 1.80236392700654
0.165238050078161 2.53083337770234
1.70158730942743 2.19227885618797
-1.45616640236886 -0.331302309015388
-1.22760045726017 -0.239016623613815
-0.0500552049443147 2.64461845063933
1.51090419126734 2.36739229931729
-0.753172650090969 0.873631666989943
0.259361044344355 2.49308016542712
-0.367351364303076 1.82960056812315
1.11578380098441 2.34147934968584
0.470506329228348 2.26114160638019
1.15541802235374 1.90985879403027
-3.27162148530347 -0.741942651227299
-0.70559252887342 1.33336975958023
-0.399466890143505 1.41145603644198
-0.593422563598406 1.42565390102304
-0.694968000144477 0.811929638950265
1.89822008536471 2.18326116543777
-0.293186218961876 2.39124582393863
2.96672631809126 1.75952052877429
-0.213709571260114 2.11286018561501
-0.123070364289018 2.70834499589464
0.857218706105005 1.93333653950852
-0.469058874075458 1.5014630509335
-1.51878418842827 0.0806573545454851
-0.299746603291148 2.18167179918765
0.173079516105258 2.32153780729741
0.0533192212134786 2.20756304889208
-0.265185035807766 2.46510976902752
-0.290070224917578 2.03550269521757
-0.739971286791368 0.865049908442924
-1.98368552210492 -1.08643248570655
-1.14524753209205 0.0542141014996226
0.200070125346907 2.29808040150822
-1.2150970007326 -0.186073816773967
1.80103708803444 2.3238077911885
-0.108885770788678 2.38274384795726
-0.433691957485482 1.89858781265104
-1.00669026750601 0.387085272949563
0.0873557729092222 2.38627741722928
-0.606020328228101 1.85772313699891
-1.97812055583216 -1.13019892632591
-1.00979811975835 0.219599014102309
-1.62991860185622 -1.05867766797693
1.17975716916558 1.87872360790536
-0.908914227067788 0.505539230932145
0.696274909346635 2.31897452309101
1.50653534623342 2.03077053938432
-1.39038210594655 -0.44068218723982
1.52335269073441 1.92994939384945
0.000249737637349241 2.19910664580639
-0.115940315044332 2.28910621883732
1.39441213379642 1.95616680591527
0.923589001782131 2.26551979938934
0.0419141870179267 2.67720980770121
0.171083154051551 2.36598021152133
0.693895021200126 1.99315984691936
0.00908895246767251 2.72001545672134
-1.05627570814321 0.109316611689715
0.702782492504334 2.39110932097833
-0.332290771696164 1.87303858327728
0.40521271017524 2.64959466185719
-0.274569108763712 2.04989974708751
-1.01299823234299 0.64259196844343
-0.40430467516256 1.85880883176678
-1.86967967078671 -0.996791478013083
0.75950355930662 2.10584816837996
0.144835627448717 2.7037717282815
0.0288270664431452 2.57255147618387
-1.74481239332516 -1.30265423763527
1.11389619930621 2.02212008393907
0.0928964676405135 2.38133199817446
0.0564446344994215 2.52155858098539
-2.4114555319341 -1.02347996675098
-0.167673547958495 2.68395133979445
0.802505546687139 2.0769509161782
-1.09802905727771 0.239151113960378
-1.36480495697462 -0.416033656010626
-0.439659344261831 1.64355506377554
0.238843430029218 2.47886011064983
-1.15617283841612 0.0842522217880631
0.0895168556780094 2.28657319747198
0.131261176517221 2.14046483030106
0.42413260837293 2.60066574080184
1.36272491865444 1.54252532926828
-0.297554740547782 2.42231261014358
-1.76800079653363 -1.62314746513431
-0.80083503842923 0.730974458039713
0.318474071531935 2.42547736380014
1.27683752452063 1.92077240329372
-0.18052013646006 2.40585834078428
0.271692118377102 2.86271067777781
-0.688162788310912 1.48034975473645
1.13391339189671 1.83726971644717
0.136736906248992 2.147183292772
1.8877170181926 2.16360347215803
-0.380434195291396 2.33149248683708
-0.322581584426827 2.16407991849413
-1.30946268278245 0.157230564840352
0.91180540585653 1.95950185608547
1.14314482670565 2.07246217110538
0.370575363553696 2.88325759879473
-0.603711338924749 1.70682831742056
-1.5660992347755 -0.681942807244715
1.70117732834986 2.38222303024608
0.728706382510078 1.96494015537906
-0.693415851607823 1.10530245116748
0.304312217798301 2.18147591051886
0.148176780193547 2.32989489478679
1.59280791348198 1.85772957389379
-1.65982479970564 -0.937852007310373
1.73598865821356 2.14615312972042
0.939052176304575 2.0643749164928
0.639361539445939 1.6491804683285
0.182299884380524 2.4632233139479
-0.767036656921908 1.04703942332019
-2.20674066814915 -1.14691956714509
0.329290382801645 2.20590317182847
-0.504917439503523 1.32001669158237
-1.5464978189544 -0.59382295360366
1.79977905019911 2.09826233878623
2.77058860531389 1.45038517391756
0.643049577250967 2.35642776326196
-2.01340953068589 -1.10487237462692
1.18050783029975 1.96806048512
1.06162120041681 1.80580059024082
-1.29629230461229 -0.293215964355302
1.00392017236612 2.07699545356679
-0.70128772604411 1.93677063808484
1.12184677831477 1.4135095879562
1.45670778619141 2.00490401482179
0.550466625556414 2.41033226138736
0.223686944205715 2.12075771536284
0.408310086958473 2.4802990441659
2.74340711251581 1.96691245448789
-3.89961242268732 -0.230133354967016
-2.11938997072781 -1.42969633127808
-0.53957732064505 2.20969745254467
1.03318909354806 1.79662125467539
1.55472920270573 2.05315030450824
0.58528793077514 2.01323242725932
-0.028840735465252 2.62257586397246
0.521627876384611 2.30093017400216
-0.0366278473326216 2.86984967751852
-1.40210468589057 -0.77122048485852
-0.394043757771346 2.40384715081916
-1.79510294461962 -1.09766130557509
-0.875762247908531 0.554663236510431
-2.02766699595449 -1.2787429283038
-0.630239324872267 1.38600028206153
2.01171010848788 2.03434188973984
-0.738754042329604 1.011205351878
-1.92525220563342 -1.30141342540258
0.0713985984793573 2.33607174685816
1.4687390988741 1.58855090037729
1.06797020271132 1.900520294894
-2.75617424209407 -0.828902909799416
0.393611239278571 2.42929147083457
-1.42261296214455 -0.842163831006864
2.69483914591683 2.61104476092397
-0.174923258946117 2.35583352233292
-0.96649968207195 0.303979248008921
0.248593802853625 2.56145258853965
-1.10677448859186 0.493500257111905
-1.75161312239887 -0.859634849191824
-0.218178855714826 2.40612497566415
-0.910602580867009 0.496818355928467
1.40659410481981 1.86860354990382
-0.152805375041223 2.54151707302937
0.150308494196605 2.59542973624967
0.729587457322594 2.13362532171837
-0.291087914126488 2.2882044619004
4.22063409817732 0.0753268019100699
-2.60984360557632 -1.15005225987959
-0.750965592454933 0.922704016489612
0.0341681725259471 2.54016736117954
1.71192378226708 1.9261807789379
0.699701911226467 1.71845695429497
-0.72837176004568 1.06546649415724
-0.825118246255694 0.639207589041212
1.61157603304331 2.33384216970524
0.184427789896279 2.7333221387869
0.877373028079931 1.86547274688726
1.43189486768478 1.54310708182335
