0.366144054951066 -1.50003887250971
-0.385044631439825 0.378199501987714
0.635294860638283 -2.21444834141586
0.667179760461346 -2.83905286047537
-0.200768225247594 0.00795057790267729
-1.17185569948269 -0.0349814856765569
-0.810761034183835 -0.0586232947021678
-0.384345771320461 0.0875765836518568
1.03409782010762 -3.07776055134659
1.80681141405129 -2.94456357679642
2.14415983246124 -2.19216094544796
0.990365311356444 -3.1375500999321
-1.61635045178008 0.233620943576836
-1.77487501801746 -0.0207195931841466
0.194363103516163 -0.301891516989328
-0.0772014166813589 -0.372904709692788
0.0564954726661223 -0.830470216519923
0.706105619188664 -2.81034761857043
1.97734703454503 -2.42576976511976
0.381034841515362 -1.80174807846173
-1.12299018887031 0.768417646730827
-1.69337236206514 0.142353197624321
-0.848548578977199 0.414333971453053
-3.74504758029371 -0.103232357233232
-0.289013153697429 0.307053055132002
-0.247607200587375 0.0508064519150211
-0.84233729314185 0.335352634082114
-0.18025635560045 0.0369560525062119
-0.0966427174451197 -0.539223343546403
-0.497767439032728 0.428878726042567
-1.45816614513782 0.402375270110014
-0.368471022284225 0.441989288993771
-0.68044754689822 0.677632752266641
0.962270505430149 -3.17750798557
-0.000354019268490553 -0.186496251076337
-0.680916415131116 0.698828192891486
-1.90792096832954 0.379231824278367
-1.58773128384617 0.374710433575266
3.0881262163916 -2.16659540908051
0.294475891621131 -0.908258346370098
1.68984116836582 -2.98630975739899
-1.03716924440111 0.548500492017894
-0.0651841389573957 -0.385327293405962
-0.334034632822963 0.180677162035503
1.23951685550508 -3.61070381616948
0.752209157532388 -2.50694798402026
1.10441974347325 -2.87117645391873
0.622756719468258 -2.18802375110513
-1.34717299470718 0.495110150039852
1.53965540934505 -3.17657309181096
-1.40786696781629 0.029908341501945
0.188099343955447 -1.20379262593132
0.199188140972726 -1.10046833226495
-2.89275818189324 0.666707251263799
0.979967842664691 -3.51340522701977
-1.02706989667648 0.190674713591475
0.753403865748431 -2.8167972592179
-1.35647395038697 0.920957217802073
-0.87964146708935 0.378976119349716
0.320929539117583 -1.52930551410514
0.525980932723403 -1.73029263892498
-0.166102159932171 -0.0993978664202888
-0.574625134680938 0.717279501815939
1.13404346320769 -3.42782534906502
0.882818472064358 -2.71180834327766
1.4517466643847 -3.14857028331315
-1.75208166174693 -0.173683543895946
0.530568259896294 -1.72510989008158
-1.5988563846688 0.511285397306926
0.663189427265051 -1.58788675858004
1.57987526301912 -3.02512940701734
-0.949793774629566 0.595297290103896
-1.59330046079558 0.773997616728168
2.33272783861346 -2.75224205033019
2.41650473014769 -2.17881642016065
-1.51305397991537 0.417530321086051
0.763703373957931 -2.5993129808782
-0.32692018797015 0.0795276619621799
2.28051628355088 -1.98411730640397
1.43899629360111 -3.24771962448683
-1.0029127977243 0.63926047314038
2.07920696445281 -2.35377231430864
2.07916433828299 -2.29253097284023
2.43272937289083 -2.49816850286331
0.349887826137576 -1.30702296244386
-0.268468469983612 0.050936555842219
-1.0275704332476 0.400510856605599
-0.0739738316179068 -0.530189750541891
0.251506277098071 -1.5472086863248
-0.537564625098771 0.527000978901608
-0.510425732102726 0.299660794941074
-0.554634027720718 0.658503238856294
-2.17565109667571 0.0381081901638308
-1.64332926869553 0.414948378469215
-1.92748213927861 0.337462152941633
1.28694243198705 -3.38141090799507
-1.53136468409385 0.651193166187607
0.282721987099374 -0.69746274772569
-0.73263750309479 0.543234039172289
-0.263448617437516 0.157939010768622
0.00176307150957111 -0.688831705870627
0.821462424025884 -2.29015456827657
1.1061250232713 -2.57524914329245
-0.0517914497355627 -0.0850248176816148
1.30897891681355 -3.35371152652597
0.125622486613279 -0.650443066928635
0.940105452414638 -3.49330393104833
-2.01832000941703 0.331330466793153
-0.389646124148575 -0.153910084681598
0.856695778248765 -2.48173363016391
-0.204958165195473 -0.193855621463927
-1.89417351927821 0.442191122263469
0.764996592800252 -3.07514793656301
-0.997526391702861 0.298007725337096
2.72382411616474 -2.51458726199282
-1.15715137478907 0.27714444837581
2.59511256105213 -2.28330147785604
-0.561180082871414 0.846375626875977
0.597980070783554 -2.40852677550891
1.32237008854854 -3.21455295012931
0.958693088039606 -2.55225295504357
-0.376173448636872 0.703651328620389
0.952642387871419 -3.29035316223184
0.695786723667077 -2.20650403930815
-1.69219320158988 0.902519130810318
-0.10507226084921 -0.156900756289314
0.38500196065311 -1.17962380000015
-1.3082769656332 0.315687045952287
0.639421245401907 -2.3243629291828
0.918465502821143 -2.90986275738174
-1.23568801344901 0.413083504017414
0.548401250215537 -2.21596740416292
-1.14907266777461 0.860247049935715
1.22559523670703 -3.06011885245318
-2.82737262536254 0.33190109386286
1.12029937725994 -3.51376084560179
0.208586792128469 -1.10048289016264
-2.31613050812847 -0.187260423843613
2.371713863228 -2.20741152130137
0.989706584870718 -3.41012197922774
0.461267283600931 -1.97770321417349
1.25521578046433 -2.96038280710875
-0.0320955618303315 -0.528565587753868
-1.42305374456143 0.427007549780336
0.0316990934145322 -0.486221254129243
0.313139834346425 -1.33640966860824
0.0982946422765772 -0.781318581670583
0.997955758660732 -3.03973426508642
-0.278396800631053 -0.259103024709237
2.69812629011519 -2.61227628115975
0.286839534179987 -1.3474309214993
0.202842595966832 -0.729209859122689
0.865928449208642 -2.59993067529053
-2.05893584064724 0.233626750020754
-1.56976198932769 0.251234215327866
-1.40767126034792 0.506113974409365
-0.0533122205183641 -0.529270878587778
2.4292228588337 -2.3397004661012
2.2360706745678 -2.37985438585203
1.13559550510889 -2.96383057448852
-0.860230149850568 0.227650131710647
0.804825888810486 -2.90526346469365
-0.429188226504459 0.445662081812956
-1.0987003195376 0.491195331287773
1.15301551627731 -3.04813248117505
-0.294187370066093 0.422808871307382
0.734908456606782 -2.31370249405862
-0.793813411113363 0.0686130293519996
-1.94245132410613 -0.171741368345879
-0.914445818097737 0.93445309509764
2.31915780602095 -2.2701871072057
-0.854318788423405 0.29875286158395
-0.329874798992393 0.42397061569807
-0.351359417453661 0.285766115740863
-0.337068585867306 0.0396203865277478
3.5280661613848 -2.31046997507952
-1.43539117666335 0.308374767058756
-0.0152355734541527 -0.113397052675198
-1.0268774483458 0.271240654666168
-0.393741624403125 0.340255641015918
2.3661965387985 -2.5243200513737
0.487442676512719 -1.64675521374109
0.449834390280025 -2.14165892445821
-0.925012202318889 0.765679499531434
0.00428100872599016 -0.620425596394215
-1.34524034680586 0.2618207702556
-0.109726040306626 -0.550732401737614
0.897588298513509 -2.66369283033376
-0.725918350056282 0.724043662944209
-1.31639454585573 0.503846257702403
2.43921453564439 -2.3960834626723
-0.384354024750491 0.300826785661917
0.501690365897936 -1.96007869441997
1.67377961745159 -2.67145332647466
-0.317970980155483 0.347957301240426
0.944879081872809 -2.71910840670691
-0.397070908396368 0.253211722425546
0.375906191015534 -1.64423621396311
1.27676287996018 -3.31643081408671
-1.36167011914258 0.590651355792017
1.16530923714314 -2.88473995887203
0.252136188260069 -1.23048918754349
-0.362546466072336 0.439195567897353
-1.84609984380314 0.400528014370515
0.891093331387105 -2.95645245057539
-1.11563045535876 0.392374258397974
-2.6176178821812 0.00127459373053657
-0.390750913944276 0.462811451077519
0.0746150183138174 -0.352342159591025
-0.67357280322732 0.481182034747061
0.692210701277302 -2.42463806894992
-0.030355236698705 -0.331849968952321
0.417480638770092 -2.09419907820563
0.131098068822979 -0.4975651422899
0.707708690899051 -2.62291170898137
-1.54995875393175 -0.298258714041466
-1.0183791656484 0.232124077137842
0.770438177290597 -2.75550616154165
0.176597918972327 -0.611280772909302
1.68933827843695 -2.97028042637454
-0.917208279901272 0.0237687317367926
-1.8268896196703 0.0145670104588957
0.556731929291845 -2.02220445766429
-0.165960514963366 -0.0224229785997609
-0.140786594182753 -0.196989025235677
-0.593556776298384 0.390840133513015
0.858869849234408 -2.89118381486747
0.977578449839906 -3.36552413912641
-0.733568866158294 0.642388869047461
-1.24920355741136 0.698036489819269
-0.347435151949289 0.254435793940678
-1.19174823559689 0.609840278981884
0.824268651837383 -2.66188729890415
-0.968452642614029 0.554987578420665
-0.780635324534649 0.549197721270896
0.868135011856645 -2.79707273893495
0.414002561697787 -1.27956435651795
-0.514908171834408 0.704965921375189
1.16201042359172 -3.42193528722498
1.71390307741569 -3.46835712891165
-1.37641947807837 -0.0732986032033256
-1.93239439560314 -0.243229703743227
-2.65938807220946 -0.0476389226638504
-1.09835149984661 0.464355528650788
0.11794659875811 -0.486261033374369
-0.848524200459388 0.344135019270828
-0.569058933657411 0.0795429017960076
-0.587910040357339 0.497830981346496
1.59513547054441 -3.29894960860567
-1.49570490708339 0.206361260006231
-1.56150114524664 0.573949437565319
1.18688012459609 -3.27887578981921
0.688596100237758 -2.09017912844388
-2.80960740099816 0.286484566492039
0.655299607110722 -2.36830567073581
-1.00586904599554 0.586310784546311
0.890650331234232 -2.71793162068042
-0.584627763611523 0.69654464295337
-0.189726537811059 0.276811590829111
0.365014756889388 -1.1304420598839
-0.330731043392825 0.386822337900711
-1.65214926290591 0.355699464528139
0.545222162231191 -2.14570582750322
-1.33455130533337 0.491553923832001
0.044945369031228 -0.701023849606135
-0.554657343085792 0.292697111185621
-1.46050228687566 -0.101612129961997
-0.789019527789155 0.610107064463623
-0.375996740216438 -0.0610354134756267
1.81801362615199 -3.09572114600942
-0.469479353882219 0.139935614042568
0.393299420201524 -1.70844479396669
-0.279740006575568 0.353377065873608
0.788164894683746 -2.64091392855265
0.790242884610678 -2.66409014199961
1.26503491617985 -3.019884682709
1.27769493900711 -3.21521975001059
1.11483419733478 -3.22466373168575
-0.93764242545426 0.189280313042071
-0.322535865729228 0.299366516947585
0.312158635970918 -1.41988768758384
1.96102842579629 -2.89707516837963
-0.0403769996423454 -0.393685925753502
-0.296581469144004 -0.0316626626208145
0.561015050208456 -2.10688346263054
0.140756947209795 -0.573826303592145
0.49184428304945 -1.62810205347878
0.281021400479997 -1.31972082331184
2.55052139381313 -1.99543217981452
0.086438554596367 -0.991184875352277
0.0842354756887388 -0.993096590468546
1.11255874750596 -3.01244909330095
-2.60187532745481 0.162095822500626
-0.439655877849198 0.427547980487747
0.274675132980526 -1.26612877778712
-0.751724007404676 0.375250645053093
1.7401507677959 -2.76244181239444
-0.877047081539769 0.716434390966982
0.321266504145583 -1.4084344538037
-1.88763066321126 -0.246950513059325
-0.150259816250357 -0.0452264570394885
-0.0814838626029844 -0.554517882964025
0.247734672304704 -1.33164435860379
-0.900856206965445 0.983512843852998
-0.335348220785393 0.0801407298909814
0.235656346613042 -1.2403124868605
-1.79189402131835 0.0591587466749549
-0.540575183664632 0.131928920485079
-1.45602381895273 0.766665985797775
-0.258756364053404 0.139472212020163
1.34874637900063 -2.9306238625554
0.51340871236626 -1.60649633656785
-0.282619536437261 0.210051142522803
0.81835982329358 -2.77481296869131
0.170227894573781 -0.767544217133211
0.979277269306214 -3.11921077466355
-0.154030748283427 -0.0107200739559318
1.06153514299349 -3.17057966274583
-0.172971801362848 -0.30232244485258
-0.83158594403441 0.612580934931005
1.28327357353159 -3.24097596073634
0.635479770526565 -2.31381078438493
1.32049449184065 -2.97634082329253
-0.547695868492272 0.268534390742861
1.88148934562983 -2.89347013812388
-0.375963680727676 0.521812940186971
-0.197390248945804 0.170852403693322
-1.00267271653497 0.893835957557657
-3.03837248109047 0.173961962691842
1.07651245436446 -3.06341231799474
-1.49159930089634 0.0169653935880602
-0.24337810912326 0.110725964681423
-0.0269370514002997 -0.382628390689853
1.58203871355158 -3.27728551072714
0.906353159719722 -2.80181771504853
-0.862200806625178 0.00721097808309423
-2.46072829470993 -0.247882801538346
-0.0191117105909411 -0.446961713646167
-0.837649805689003 0.112872068544696
1.77615824330452 -2.73606015823323
0.319811938859667 -1.59432054857466
1.24285367586914 -3.58696499771558
-0.0955028185101393 -0.291533225339452
-0.404513132813372 0.224519704661619
-0.103797947209079 -0.489731458838845
-0.359007508938669 0.181884612158615
-2.49652576350877 0.0665967224580125
0.0381776023825537 -0.573168039438163
1.14044431281236 -3.30732107529258
-0.314523321269506 0.119034613940095
-0.852583349216345 0.751532855302739
-0.156733921175097 0.0987241794231331
-1.08729773738883 -0.0349122016868528
-0.657116597275217 0.00967373553214212
-0.464808442530281 0.512868142553841
0.867393914506588 -2.73827114897809
-2.87345121731165 0.881304780743228
2.20175544946821 -2.21740578156553
1.16427545192298 -3.40992979056393
-1.16921621934473 0.469498536699547
0.722717254632145 -2.25697091389574
-0.47782931724409 0.310091865117298
-2.14352959404635 0.251621801925318
1.99720811718385 -2.44982204441007
0.95355094689392 -2.6966508468683
-0.436287686096903 0.235507651775892
1.60700706685862 -2.91206751139532
0.532712900730818 -2.17472324263583
0.969907222853643 -2.33520767360026
-0.166227456205682 -0.364706192519935
-0.124784603398936 -0.336604599138485
0.302801041472401 -1.33182588021148
-0.17034120132891 -0.0935373840008002
0.8761831784635 -2.79245957247732
-0.799932517112368 0.27965012829488
0.974468173328308 -2.70406199605225
0.106527241270568 -0.622556204889192
-1.20623900168178 0.280383561034083
0.377645500996211 -1.24277983950726
-1.33964364878233 0.294192008417188
1.42844956573489 -2.93691318701206
2.1152598195362 -2.52095591539144
0.220708341973746 -0.578361911948249
-0.212171003175881 0.256869681436504
0.373589775674558 -1.94812544479663
-0.494734555444482 0.217652194783312
-0.430500814796894 0.0705632085232466
-0.967920604611254 0.274403168703553
0.0920984356535755 -0.761540554737104
2.18231276704943 -2.56859702211984
-0.436512933224768 0.522127778189565
0.315991694514658 -0.995407086036807
0.337526375552932 -0.620406341921642
0.4294066831403 -1.69932325093215
-2.35729440969998 0.262269262781984
0.637948254374482 -2.33834905305481
-0.0242589482674936 -0.461556559771382
-2.30672115465477 0.343471212092949
1.08920972616854 -2.60487248216933
1.59097230476603 -2.94079885745317
-0.953099007552728 0.521358339465771
0.483021204882086 -1.81292858957744
-1.12639217738494 0.707173946366843
-0.554686201497311 0.125140195933367
-0.259484149517957 0.0594904327000523
3.03223204297342 -2.37035881109578
0.20211447363462 -0.626126637520729
-0.334891055673071 0.0770760699692353
-0.167718769231821 -0.209392856509718
0.380244179403141 -1.33723779291414
-0.502638341899467 0.285848560431041
-0.564721156173267 0.884986705819366
0.831867368451713 -2.44316338689446
-1.21272742626738 0.633940074895293
0.868147329849651 -2.5545840538293
0.680478827640306 -2.53885001903083
2.05051205873714 -2.44764869555733
-0.369450283713648 -0.119469601190318
-0.0440063750209999 -0.636846895729962
1.68652600522944 -2.97614568356972
-1.26869352435151 0.210849852758753
-1.44442914700285 0.483191537940337
1.09534243313016 -2.54298020245047
1.33275495408928 -2.97428740644022
-1.04383214127633 0.657019887395853
2.44480960717786 -2.57966532075709
1.30218379625105 -3.17253731284285
0.581244171343108 -2.24700349687698
1.39083097110115 -3.46007762387416
-0.0251893124438917 -0.297932082909601
-0.362016916305745 -0.155859720827005
0.558344701160316 -1.89978453335333
0.149263501912088 -0.536369943093572
-1.87841384926935 0.608868590562921
-0.566605392486089 0.190889947830385
-1.93174472704696 0.068140304597686
0.647447231674791 -2.3682018541276
-0.64887649188904 0.180326319262671
1.98823814232924 -2.74781733223316
0.41246706728596 -2.02392538131797
1.74900917399022 -2.98979051499864
1.20642467941581 -3.21739271986488
-1.34592087888936 0.509265698163805
0.368845206344646 -0.932752621136983
1.35459149512091 -3.29054234139257
-1.25427772373581 0.46321206964912
-1.82753228677753 0.54961587276915
0.633372084964449 -2.21092047335345
0.891967787061048 -2.77516876444705
-0.99667456780558 0.263535230618524
-1.93910436813617 0.493384197071166
-0.815827556896752 0.795260612876409
1.47389138610015 -2.86175603751648
-1.7960620466926 0.209663754324363
0.211826076213791 -0.702663460232094
1.3748605850738 -3.2806813056425
0.0791465904961247 -0.66776149450827
1.24634523870855 -3.5183517412556
-0.384358633902941 -0.0970089566180374
-0.959264633588443 0.424194337796043
1.07656072519883 -2.6768125717423
0.951170728117916 -2.7652585244736
-1.32997061953225 0.734001638257779
-1.11297581616465 0.720620526775975
0.707714094194714 -2.72402319503766
0.852590099118142 -2.4921205087498
-1.0154001644098 0.727466816862847
0.469472084360835 -1.93952668266187
0.194035685376896 -0.672031480806662
-0.886815712965241 0.33542230789206
-1.58421788653479 0.399005571711933
-0.721212921973676 0.474268397265682
-0.303236296023079 0.484102523391212
-1.51773434590639 0.550091016046658
0.118883525265913 -1.28589051742075
-2.35415811021437 0.0251427383324313
1.29145373444636 -3.68575786696625
-1.09760822365823 0.62592654527424
-0.944324637308901 0.438619291491163
1.26895986971124 -3.45780261177455
-0.140436056411659 -0.635454716136121
0.759718650730405 -3.0441524560161
-2.05234064708305 0.222027406966654
-1.64914760005855 0.732449675717863
0.810918297694345 -2.63283681676907
-2.08634145758881 -0.101778459434461
1.7155161644768 -2.56345413236661
-1.36982179701009 0.156619472049562
0.61965942584324 -1.88366172978342
-0.992711960069607 0.641486302489499
-1.11537126960473 0.685313511067305
1.14260451927598 -3.0128635229911
1.44503376980955 -3.17500645926365
-1.15179869806637 0.463170829611799
1.02010061898508 -2.3950276545915
-1.57453767809717 0.592375369357857
0.215424497500966 -0.943768095345634
0.947656709905406 -2.84070991409721
-1.38188668662333 0.0508278083861413
-0.445849936740299 0.222302339543356
-0.898221778468115 0.71550348893436
0.612910828314078 -2.07118216748117
-1.89904943597276 0.0220566836632803
-0.654258570237125 0.626140446227921
0.287136700844308 -0.822028306981456
-0.967650567147442 0.563398948503138
0.419295152686684 -1.71928007299366
-1.177837719772 0.277786506695391
1.96534429197743 -2.81266348162259
-0.39684966078876 0.265562104858313
0.305578020008936 -0.929806272317373
-0.212087132105315 0.287264399850675
-1.88026901034656 0.439282549061611
0.952489741815511 -2.92939918270251
2.23832498814579 -2.29944892579401
-1.93830279710625 0.726152924850152
-2.95241183374555 0.776089052884671
-2.25281476709543 0.208096531440231
0.692379593333753 -2.23241030657658
0.302266893523723 -1.13878867829751
0.0226109957482411 -0.577950420304329
-0.760181355368477 0.706583150545634
0.582867546575215 -1.92146950615215
-1.26280011938884 0.466749801950068
0.0847256194140567 -0.392094834221004
-0.285667498945789 -0.131866664972575
0.88745726464079 -2.79946256785711
-0.763258909907962 0.767815932934761
0.442643222838776 -1.83600980832192
-1.5244323000358 0.324381882605743
-0.752067958255156 0.648384369908903
-0.163730276847816 -0.205531780958483
0.463672551617984 -1.59270691087661
0.00479821977881483 -0.154457087472372
1.13587538095522 -3.11668582115639
-1.32057804937417 0.32815867232703
1.15717254558451 -3.14799462819339
-0.352534126074683 0.489444211074393
-0.847344254121269 0.623050444461142
0.829651579851011 -2.53750748381263
0.195932521796448 -0.777921368646645
-2.14474502267324 -0.0714457585211675
1.45684306509826 -2.84756853577248
-0.777400164840375 0.311182060028412
-0.0872457374833023 0.0107946215184692
0.239932231808477 -1.06610259515659
-0.0559135767960636 -0.416564875163152
0.879200406344748 -2.84641156957447
-0.353769307966326 0.632012795549803
1.6515061399418 -2.54879754828875
-0.886883798691479 0.919935523026675
-2.37911090739217 -0.0500429610177004
-0.80176528445744 0.542709995800583
-0.259246142158492 -0.299975543861849
2.0567569297794 -2.44939368751248
0.268552692109913 -1.13154196301731
-1.84081312210116 -0.0436342612827808
0.906064839537669 -2.91644662284618
-0.163643895320592 0.0871405549431529
0.68298370238577 -2.55111019879016
-0.264922413936964 0.31207342595303
1.45407266089849 -3.27930075619986
-0.549024468031998 0.796977399602288
-1.77203510500294 0.20191804710269
-1.24020663193501 0.747740808325679
0.302365367369486 -1.17934593604891
1.53362933177561 -2.99693591796631
-0.765704017755632 0.543788240565208
-0.553335948317853 0.311192174710136
0.118416993441716 -1.10679672603977
-0.704442607914984 -0.0108524799558524
-2.35896233419819 0.0105983649781274
1.50166419452782 -3.35288040027805
-1.77289087325697 -0.0828709944077093
-0.901635173164874 0.76692134981105
-0.634717262385962 0.400983328202969
-0.00831818864836481 0.0145922157123559
1.27403220368543 -3.0230959972008
-0.374100714580505 0.352059742662808
0.894612259030926 -2.85848978912213
1.42509198438162 -3.49549951809262
1.23156945508902 -3.14236616851974
0.843753143588036 -2.80906489183473
1.52601758702098 -2.88190310416624
-3.01333787030475 0.692466648110301
-1.97662950328725 0.254083121887261
2.24100784574016 -2.56193435253068
0.167648855126443 -0.670559944209124
-0.232171155845232 0.206216217633295
-2.67761888176512 0.608687184842138
1.12942118795817 -3.47961977345198
-1.10403811608947 0.446560902568462
0.177506536053581 -0.501393356815998
-1.91212779158227 -0.00537675928864298
1.33675172227073 -3.49769852051536
0.113168773352107 -0.95478914785638
-2.46823874385399 0.496327160138971
1.76010709715585 -2.70519895937517
-0.288863705410584 0.895441372041313
0.815083437544099 -2.45841358788688
3.69580651641516 -2.38431381421835
-0.831187093110623 0.717674192892218
-0.184531307040485 -0.152199238080984
-0.834663359909694 0.689965598815606
-0.15400351951657 -0.389637742949771
1.16992690509173 -3.02092186871647
-2.19919326887709 0.0225592067885734
-1.56631530330752 0.291659765144543
0.324848331217801 -1.56099107195682
1.91643994131877 -2.64422081460733
-0.583631315702469 0.18145649307856
-0.654632970383269 0.688396702797366
-0.68061388189095 0.691512380325853
0.458801131498343 -1.73839272601378
-1.6360493586212 0.40096985696271
-2.41850255971504 -0.053258957547737
0.497882674326285 -2.11870138958133
2.6219690513163 -2.06415770611025
0.674954671190912 -2.18507799396567
1.24532868623007 -2.90163994322877
0.308105814167284 -1.41164292577653
0.290459869784788 -1.26688214028981
0.690435302571299 -2.24847481646066
3.37382273799302 -2.34578809145865
-0.854573636003482 0.488328981528397
-1.28137539667752 0.455163832382764
1.59419749164152 -3.26983941869104
-1.04000521793357 0.559240236085263
0.477754362119318 -1.93117113975968
0.783760891214349 -2.40966638285258
-1.58037511335657 0.605163187439326
0.976950040209323 -2.97844479607361
-0.314966868762735 0.264852419346717
1.02924034411978 -3.25895012378751
1.39543299874086 -3.27584251276153
-1.19231091541823 0.453834140995136
3.70274495248771 -2.26304015200749
-1.40130589873065 0.13203554699592
-0.610838690759142 0.353131243731758
-2.31442939601842 0.181523693336153
0.214599991855665 -1.05145685706675
-0.570005514204671 0.584000676123795
-0.504377798175195 0.242933455012723
1.24609338958548 -3.2246961263795
-0.635777018345647 0.625239134155439
0.249522423907113 -1.22736096048283
-0.99188133144037 0.675247756944844
-0.806336148365496 0.906688015118929
-0.580481747814033 0.787880983184448
0.557222832388075 -1.94318660390125
0.722957498377456 -2.9616730032197
2.3059286761236 -2.54548382279191
-1.13976971391834 0.347297214612716
-0.450633009006472 0.451601047598099
-0.600662612492987 0.784966309831766
-0.671771930821822 0.663048367594394
-0.626775219569059 0.279498363120612
-1.50307191212319 -0.0707984788327173
0.328447694518539 -1.5798151218009
-1.85705663780372 -0.155397171375159
-0.0641770187403657 -0.0468828274662831
-0.859195653240684 0.639217007201695
-0.175424049122224 -0.720983436098051
-0.325238662726822 0.0686691637623675
-1.63122258223348 0.11458620035755
-0.421471513687571 0.194949325999778
1.24696738613068 -3.11517476138358
-0.022017099108719 -0.594141397270605
-0.218078839140207 0.01763319653679
-0.327171886130668 -0.122576102025417
0.117250357297633 -0.843105443263931
0.589898553682558 -2.2999061874572
0.169003699163074 -1.46270136900751
0.0499059399808578 -0.334543050989354
-0.666050549294549 0.182466876904294
-0.224129263843437 -0.00347410905052759
1.74998719598606 -2.92032641208579
1.57470764985289 -3.21108783121799
-0.766432871657323 0.495059764176838
0.947382859766409 -2.86831758335527
0.170865544210098 -1.00107688291557
-1.06559788470175 0.570265508919363
0.403042463228031 -1.1601272055777
0.235716641206366 -0.727480350821844
0.464642367905011 -1.82719584713191
-0.410489430542616 0.494616165142388
-0.752060755209704 0.820296028811672
-1.17940379421788 1.14486967831539
-0.175384252922533 0.166153024888378
-0.0648726998966223 -0.526318447298529
1.86509759236511 -2.2839023106583
0.764644631101989 -2.45271887375039
-0.043425943924454 -0.102011882476736
-0.457055721778801 0.575426010476235
0.620045341980067 -2.20736117604816
-2.0097050724147 0.0681114950641373
0.359534881098151 -1.511792464591
-1.66928219511364 -0.117537738551342
-1.08972240098417 0.384348534550238
0.578017305169869 -2.11642656403957
-2.33194793848842 -0.0747104290258602
-0.407904534843485 0.421327320803817
-1.30971070907404 0.578581926550508
0.208658098122977 -0.813403718899608
0.675026433962537 -2.39109175615962
-0.624343849339879 0.306326401847846
0.732448657698757 -2.5052034380399
-1.43917523688915 0.222188686749219
-0.56839293819192 0.541351567203409
0.371969403190204 -1.20654819288618
-2.09583330136914 0.302372284081796
2.13908714828385 -2.51052707841202
-0.462754540307216 0.455011957973739
-0.799178244694937 0.279907561526343
-0.290360767102875 0.158951610798991
-1.63610382256217 0.169083423910434
0.94633708090705 -3.02825901677091
-0.58872757113825 -0.0791774453254122
-0.746968066108173 0.204366481683551
2.44694083751756 -2.27579007872398
-0.861066477470674 0.609309474022128
-1.39178626258085 0.67376631860506
0.950022636455651 -3.29102377038223
-0.147891669893833 0.144845227364075
-0.372027244869971 0.306174488356511
0.916694874440174 -2.75594634190598
-1.90501086215537 -0.0551877627243925
0.963878049695626 -2.84650431422154
2.00145204913449 -2.59186024211105
-0.822855154082294 0.311645878612285
1.30015341778738 -3.62824321794156
0.346795295677097 -0.92636683922284
0.0614429068330822 -1.08902918377014
-0.434403297072761 0.338171008484219
-0.754291141183102 -0.169838230150712
0.784282309181784 -2.82069281256989
-1.06140320232865 0.521940782711698
0.461099514652328 -1.0834915670674
1.61238674391476 -2.54924269451018
-0.193391616949766 -0.0272232608543075
2.75458956090802 -2.4633543244623
-0.924452196214856 0.544365925494281
-0.0208523064227906 -0.405722508678283
2.37954929844776 -2.03273724332076
1.73052934253315 -2.91772069515691
-1.18734680313793 0.507725425658663
-1.06718326187403 0.140878071524884
-1.1119320031349 0.506154051493578
-0.926280636246259 0.474976635259564
-0.729954484174873 0.74943328367351
-1.21552115553809 0.535927988030897
-0.683413326824925 0.758299450965596
0.559471238058092 -2.38986626835704
0.281713503521639 -0.577623615112217
0.840439823465708 -2.60469519258472
2.79690113386005 -2.32559265777755
0.789752089994851 -2.588462076026
-0.0716517800538691 -0.126568017024574
0.334774500695425 -1.58240503209763
-0.361478509344116 -0.607911678016768
-0.142950985094679 0.00594619925150348
-3.26874833252651 0.107794686034331
-0.388293981273086 0.513174996831301
-1.62202957309018 -0.00790211465571539
0.754902003964831 -2.90274453675081
2.60438865220898 -2.56813015239505
-1.56787558870896 0.457262238908096
-0.210323466928689 -0.0740514589378726
2.34669186476153 -2.14359897541802
-1.189060554647 0.787723195355498
-1.06362145539081 0.358081656022115
-0.162203718944159 -0.21606364859553
-1.81147421124577 0.117998322859468
-0.577684426806426 0.960000066609227
0.991593994094968 -2.91643062724469
-0.151778745706312 -0.367877101797574
0.567739542432462 -1.95899401081743
0.974710223116347 -2.82513967325663
-0.126157169099898 -0.297716093154569
0.675203782612543 -1.99926939158392
1.87849639162186 -2.68744409027717
1.62629446567308 -3.24624296563845
-0.283326492344492 0.276233189785109
0.248514303700616 -1.01527524299563
0.335162026443783 -1.12766994456521
-0.251907650442058 0.195288786195168
1.67379497016502 -3.05592928438242
-1.08741809967157 0.222682186574181
1.4101178770053 -3.15909390688573
2.42917992341221 -2.01874411427681
-0.439313920016042 0.590376397346233
1.09876823720846 -3.48611586550143
-0.447151162577763 0.390422961113624
1.00917963532254 -2.70565754205559
0.584703815582703 -2.34463180373384
-1.48450947940572 0.486390569555807
-0.960525104519375 0.838376021927839
0.416369547053618 -1.57911298715038
0.414700960400438 -1.67138862637943
0.0492677418799494 -0.857434197723903
-0.63607862381983 0.818269958296594
0.623720901376299 -2.11888367852472
2.42402514371367 -2.48053351297859
0.908082103411348 -3.13786996531003
-0.179942696512781 -0.47057294726649
-0.923579070657696 0.251001486052914
1.92453437019984 -2.32149116597565
0.451609224318023 -1.70159386448972
-1.10657269970756 0.867619484006635
-1.27828135356456 0.784924058120397
0.0848505687924067 -0.760170025187827
-0.7337516681563 0.465263143026055
1.4168416738832 -2.99294157844653
1.06002494450254 -2.89676697464904
-0.446823982712811 0.694714644575367
-0.915742480519984 0.342864431398896
1.1396922315171 -3.19953603635839
0.78972730316143 -2.83439185806772
0.382175779397759 -1.66426962773158
1.04293653344276 -3.33876286652117
0.547064644040802 -2.34419477260099
2.78169535359845 -2.47795528946139
-1.50773230877904 0.426990934535806
0.146317804622839 -0.965924073703458
-0.802637186184181 0.493828240128156
1.56499179578595 -3.19084003641368
-0.00580312483461002 -0.666189975661966
-0.272261407839622 0.251784588391386
0.362644818242561 -1.67317833723099
-0.842982573701929 0.757353554292064
-1.23476461208329 0.713519516561429
-1.53731978642722 0.710172991182092
0.685080996787723 -2.85328462633003
0.714828913095778 -2.45001803405817
-1.13181509544575 0.728218361464857
-1.32981972262278 0.764257362217707
-0.943090789989802 0.437519180872514
-2.10860158386801 0.0375054079861526
-0.493424112108133 0.387717378178366
0.936838882002999 -3.03420222537685
-1.21852503638692 0.410418574401594
-0.597409369367035 0.476767570021063
2.68461958676213 -2.40923980368101
2.13256676771027 -2.37880187886501
0.766668320365951 -2.71070727914323
0.777501868154913 -2.29763052533688
-0.0209568459372639 -0.455133417865991
0.141481448069919 -0.62263837599858
1.92303538356809 -2.10393329282046
-1.05892310785502 1.00888152978218
-1.07593789516914 0.17693831139567
0.323778549361526 -1.5296853522405
-0.37449522426029 -0.125831791112759
0.104234104533649 -0.73043491539055
-0.924463682684743 0.502035175354175
1.10818887052296 -2.70029778099771
0.134346411381725 -0.813511105630972
0.970529435652412 -3.34785931373209
-0.447983805562608 0.23191513896445
-2.59307079255758 0.441426059696366
0.259677068144055 -1.44872143704223
-0.427199656574922 0.731324137465887
-0.767800250062404 0.124724234957301
0.776855133688217 -2.36870001327431
-2.98437665209096 0.324279219268269
0.936992950659161 -2.79088197600062
1.60619216507443 -2.89024346805119
1.64610724279723 -3.35604939271639
-0.0995683530198042 -0.0362917157265585
0.132678143272723 -0.995716273643395
-0.213690720961038 -0.141167715424029
0.393528864086506 -1.46051311809062
-1.70355294057059 0.347244819096392
-1.16714200056236 0.230952524787399
-0.845424518190525 0.580975788284211
1.51547022728902 -3.03477977609465
-0.322510199134944 0.237020816685167
-0.936733435341842 0.871453759349687
1.09352964148522 -2.96771341559574
0.740605675532057 -2.70807867781722
-2.31666422320434 0.12503488267649
-1.30048870172107 0.335422585234946
1.33353583549995 -3.15598997826229
0.489956743550066 -1.78237044529558
-3.0218080531327 -0.063222367707182
-2.27251338373232 0.0565629877217484
-0.069304350417935 0.172495436813313
1.44507301796519 -3.05674164912449
-0.00857426737728635 -0.509491637658562
-1.78838415830339 0.235697066023342
0.515666580646698 -1.92230492653514
1.118675021056 -3.28635766878429
0.632294292593493 -2.10261922937611
1.65309431359943 -2.90061202665028
-0.653443291933271 0.544225640718521
1.4853800208751 -3.78623494763055
-1.29741240705277 0.668505388498184
-1.07156358515974 -0.0309599175159951
0.200207447773985 -0.791592171995781
-2.26023215650526 -0.0187655740564697
0.31261678535882 -1.14350366636889
0.290108930883809 -1.08966218694728
0.776246715065858 -2.37935660143474
-1.68641735504251 0.0564374819712562
-1.19491196927119 0.748443744403908
0.649032043194705 -2.3015662634181
-1.23021495172148 0.336577805669906
-2.06681860709131 -0.00415139781064391
0.573486970734291 -1.9088797901363
0.622185442451096 -2.73168881625594
0.308415542862839 -1.53976298073206
0.686056584729108 -2.37918789478212
-1.41747931888928 0.467308173602327
0.7510211802915 -2.65595620595001
-0.0982113575679743 -0.361330750932345
-1.33719295232425 0.70839230589525
0.196567549307291 -1.09873039320396
-1.9603162176987 0.575895086617002
-0.790746012216499 0.639282384838848
-1.4376874483734 0.422881352601362
-1.07240334170449 0.773457025074203
-2.05619672833701 0.158232626786325
1.08305844863245 -3.3864903954123
1.13133316867796 -3.11885820827808
-0.826985641153343 0.45356854032784
-0.430434922356304 0.260515876228658
-2.10951361401055 0.16498962882807
-0.816686095753657 0.289387025550956
0.457623895874653 -1.65793156370333
0.594743701519903 -2.34447132653832
-0.234921077684262 0.100274694970093
-0.268036582439447 0.064651196524682
0.553328987478461 -2.30622752714186
-0.680242401630474 0.280826812747359
-2.26961963525318 0.273743492812075
-2.16242934346016 0.150616572264554
0.43216079884816 -1.955633922456
-0.603076031325065 0.103295975751073
-1.41986664705259 0.33709681553097
-0.25829712329918 -0.385332755915991
-0.63084385259627 0.249661184929787
0.812786474601144 -2.69977860202574
0.488645488650905 -1.52856562400518
-0.967321035803886 0.0656145831687899
0.484414530420751 -1.61643211456186
-0.298251119351753 0.384410863697217
0.605266183344478 -2.22260974094164
0.415170583427906 -1.16610011832936
-0.645607519989232 0.467298188504202
1.43298229844985 -3.15967367867665
-1.5982600982787 0.371191669628857
0.168560639613575 -1.06225633037615
0.312582380685526 -1.2062068329243
-0.10960717126792 -0.356449780928859
1.85648453160569 -3.11094652390455
1.54719542299707 -3.26728780412764
-0.436604592465846 0.550602672224394
-1.0516074571194 0.643370802697401
-0.327017808738931 0.381577431553133
1.89617829184728 -3.05250187723494
-1.12231550241833 0.743854459386501
1.02577628071776 -2.75653213742788
0.951090296226147 -3.24965285921923
0.220667317188174 -0.760535094298617
0.626375071608153 -1.97618236606585
0.740547929399385 -2.54394163355754
1.72534433671872 -3.08517009855895
1.61453218207122 -2.71995213012066
0.648404478472314 -2.56288654310999
1.76105470580199 -2.86839815344357
1.62876071803479 -2.84269153518009
1.09689294534957 -3.39724119534508
-0.762875973174734 0.825770366644635
-1.40454003405675 0.177606929636551
-0.504487010697625 0.503131811002777
0.260323846426854 -1.09823010642899
-1.00183727693476 0.230329772669398
-1.02363126638839 0.328329578243092
0.31542979861508 -1.23798734773139
0.615497961763508 -2.25638640755498
-1.10972331989491 0.508281870049156
0.262999006205726 -1.45234967002761
0.345625498238863 -1.35103259704472
0.400427248102997 -1.62778372955181
-0.902524689096676 0.341473597585108
-0.686018117955636 0.711638877825681
0.318200680016155 -1.64506301677965
0.825337928847142 -2.61354940431552
-0.993830514950257 0.463675185035272
-1.49046619353098 0.520822550775201
1.23014756800111 -3.61097493079117
0.460747462365775 -1.63780859348861
0.330678871116167 -1.42833997787704
1.35544217918338 -2.94917564552992
-2.25750381456538 -0.107546144076484
-0.579431515136196 0.606793269079689
0.596805475655682 -2.31328846948057
-1.39519899149858 0.491138558760845
1.98717139418371 -2.28568005983048
0.234368849236014 -1.20318289388181
-0.894001336683358 0.676899695475479
0.643663805735165 -2.31555651163992
0.0309505082104929 -0.551994446630842
0.832421103843168 -2.71919658395924
0.879569760830774 -2.7368236656778
-0.248861001433427 0.176105601952169
0.0845513939873412 -0.860032832794742
-0.0119875340115552 -0.598921052554194
-0.338983697345475 -0.0640718017960598
1.53403151340728 -3.16796801290395
-0.923763723056098 0.658617615253213
-1.1284440460587 0.571563291128303
-0.395671314800903 -0.236839349711711
-1.48836280378489 0.291399351155032
-0.0488471828370336 -0.213496401056359
-1.37592420894517 -0.160929647953605
-0.737440870072932 0.229793351360757
-0.161741547618894 0.120746018630826
-1.36763506708235 0.341701787475235
0.131379789247819 -0.994623259799552
-0.896033499273698 0.133364278050453
2.15110574848119 -2.07668625871069
0.653529567123319 -2.36172022062717
-0.291063195719837 -0.338255379710487
