2.8922683171275 -0.63395720838484
1.53515993257207 -2.07988131099132
0.880494611416193 -2.02954532022825
2.41111364865308 -0.749861329131698
1.14841382397097 -2.02218857566368
1.75919910268897 -1.44954130850287
1.27343932936453 -1.67915352626767
2.25295499481402 -0.809927312510006
1.7238570818122 -1.70076720523598
-0.525244500631383 -1.0574889745505
-0.498050599496862 -2.00791804789587
-0.265733631477295 -1.52191157781986
0.509595722572309 -2.05997972399088
-1.31384419273133 -1.42839618102654
0.752363642330895 -1.7667150629375
-1.75148185321801 -1.40050147468169
-0.197594251016206 -1.44196782773428
-0.262451076995639 -1.29073314961379
-2.36847258801997 -0.416607743844659
1.03551325808664 -2.08991645596577
1.94191272806087 -1.38571319609583
0.91443808091779 -1.8185173802838
-1.71518547351189 -1.80550889347527
1.65487867483754 -1.58095188168679
0.081687792351784 -1.27733118292487
0.866701488472738 -1.62020993219196
0.410644929916509 -1.47519324363901
-0.194900217660259 -1.76514937298284
0.696776239309897 -1.65913599178994
-0.308717440336135 -1.98235287843301
0.0171470923697489 -1.46516630780499
-1.08355952569675 -1.2857235879842
-0.681504425954272 -1.40152427537082
-0.438798421019662 -1.44816916478548
2.0576353725342 -0.884965934395958
-1.50201204515935 -1.60973146008156
-0.289386006924769 -1.38626154644164
-0.172899142295127 -1.63650974193108
-1.02257167768603 -1.64708482602383
0.082703264704651 -1.46130131072497
0.195741812894534 -1.78505024870716
0.613421867385455 -1.48430804793297
0.135121898579501 -1.8065166000538
1.58131995851255 -1.60107638816676
-1.11185723235454 -1.23022871620831
1.02340814631566 -1.69170280658563
-0.486722634603325 -1.35122121861388
-1.28566559869837 -1.54917560104696
2.08297658624835 -1.39988632763511
2.2888522585972 -1.09051625204074
0.362831946008793 -1.52915453655041
0.170483989426101 -1.53700754416032
1.0630572112589 -2.11651902072623
-0.555857605302198 -1.2769900358502
-0.0509345406537363 -1.35210696885338
0.153237008259145 -1.90074882318505
2.34824573433604 -1.01653691407425
-1.01419521215555 -1.37466651850562
-0.252733434031704 -1.39480075463499
0.897471419574733 -2.13751270873887
1.11293935448447 -1.88974571271367
2.13880036578657 -0.979010594234737
-1.20031581737448 -1.39812378411395
0.130547615214471 -1.70682034086893
0.374485259846535 -1.88669174167115
0.960146982254218 -2.09826494950989
0.512942856277992 -1.98736004119328
1.36478557022917 -1.66461919549321
1.31069973572779 -1.8173481887525
-0.699776359963784 -0.963885348011703
-0.602231609218778 -1.40042098725165
0.739774705116597 -1.61590754050907
-1.02554575581913 -1.24071397909581
-0.636931358161448 -1.62334919046852
0.162657552774414 -1.37993732248781
-0.708097893899853 -1.11033637569979
2.89061630453054 -1.04245257736207
1.01095164156053 -2.01332162118126
-0.0728049114498172 -1.62582374033162
1.0072122223343 -1.61949707796401
-0.697394620333791 -0.770578197051399
0.591151685962714 -1.88770125816364
0.550605422786642 -1.98918932061448
0.54462879028764 -1.60709443265781
2.02959829099844 -0.854000983265462
2.66987193809688 -0.621270419908327
0.638628916322374 -2.1142218033635
-0.118456201772624 -1.30926626545324
1.6578071701422 -1.79913362521621
-1.96429049039604 -1.44110344206395
-1.17465826571565 -0.723335738452253
-0.0562758800217045 -1.19699896634295
0.294088976331149 -1.82959840941792
-0.659394670931968 -1.35377643196071
0.186201124285203 -1.90223083103261
-0.793361218129364 -1.34849387657028
-0.150985980996757 -1.66223231795441
-1.47888016965837 -1.30100659296992
-0.879619613332067 -1.41569034863465
-0.235140851968286 -1.57307696628091
-0.109918828730187 -0.952125844254932
-2.80682318213718 -0.33163703478225
-4.24108069096743 -1.12083417564448
1.88788972196167 -1.32987104680284
2.27663091176444 -1.10988661367657
-1.92713634388393 -1.66399027601425
-0.60078569981727 -1.46595322581198
0.389119026563913 -1.65606715866903
1.57950248667069 -1.65410659556519
-0.294894229190261 -1.32323341253843
0.971877598810939 -1.84513008833297
0.520023132499572 -1.82208937211573
0.619561395402946 -1.54660187529985
-0.303891770085983 -1.56591483105611
2.13898379859174 -0.68825168025485
-1.28861179438897 -1.01077794167372
1.85932796997095 -1.50906866128707
-0.0028050634114299 -1.51479367759456
0.325160453891766 -1.77811629247751
0.975703405122764 -2.01539356931797
-1.31965414088704 -1.23732303817929
1.86130868511772 -1.08527170843333
2.59136316607085 -0.613290779629013
-0.0856887968417581 -1.06741236662474
-0.742080338869389 -1.04141219487405
-0.0812611758774289 -1.61833949229932
-2.7042992425739 -0.7706673777323
1.19549387695119 -2.2093406498213
0.83217201469051 -1.49425566496752
0.724130250263478 -1.58473718042477
1.73240524579658 -1.96582752344047
1.03281712728442 -1.9317031012665
0.591927909168154 -1.11674663737971
-0.82906722774876 -1.39201381710038
-1.43486935033431 -1.15396849954727
0.38819914893338 -1.56078470450423
0.920537412507544 -1.59203773528652
-0.454831389853799 -1.54917655090782
0.0606817598174464 -1.02345094611233
-0.156473694409941 -1.38766507001135
-2.82639006002918 -0.311156881674453
-0.448300763355339 -1.29032232603364
1.01392645219944 -2.14996517770889
-2.4495923646476 -0.840668467864825
0.139817927313791 -1.36793577209609
0.414647863354214 -1.90037048641194
-2.57521397204401 -0.864859723140811
-2.51173098057299 -0.797517894237364
-0.267152162979902 -1.71476108692676
0.984311766273884 -1.63553247978498
1.03314884810813 -1.82612070511837
-1.25327916414835 -1.23436379749694
-0.77062442071115 -1.29388618200961
1.54513771854614 -1.81792134265847
-0.719876570216853 -1.29455834458746
1.0676132953355 -1.9873423623295
0.492108026203869 -1.98475628640323
-0.157024753228253 -1.56846366685434
0.218738344273807 -0.893037983927791
-0.68904080879414 -1.68048602452955
-0.0887174022711206 -1.3839148196226
-3.27191814251027 -0.386690310573864
0.23891236046468 -1.84337060156631
-0.884157506464179 -1.46774724891838
-0.255190367876568 -1.52212425230727
0.509072085175601 -1.5925183960354
-0.440728181431366 -1.76842357923796
-0.621925248749282 -1.17556693111419
-2.87529700034571 -0.420929852926397
0.867145403145863 -1.44164154175283
-1.97607438939935 -1.45481056763139
1.44127714570256 -1.84459089406066
1.46328844732322 -1.78880706043259
-0.397289089713544 -1.73168940428662
-0.809071498169452 -1.24806481804111
-1.15783261208638 -1.53772625041702
0.628182392436461 -1.35803919809354
-1.79375855502313 -1.02408035763462
-1.61683616466155 -1.79268721656098
1.86525428375326 -1.92020036837338
1.3821687896554 -1.67493084777312
-0.960677845393515 -1.39001020942772
0.991495729265421 -2.13779397624904
0.650964005772195 -2.13961933935795
1.96172817719908 -1.22031976846517
-1.61280814114079 -1.57697890789248
2.51067901622694 -0.661660278463811
1.1015764918935 -1.7758610771382
1.06377518913392 -1.61093328919603
1.80233973912034 -1.37156766196611
0.483471635917699 -1.59310698454645
0.791550606390162 -2.1474695149729
0.653815702207861 -1.58667034986251
-0.168439226985233 -1.81434355978055
-0.0108265934349543 -1.9292829514047
-1.35486305842925 -1.17879121446617
-1.50522627317987 -0.90976666970448
-0.550702273536565 -1.31455786718514
-1.79904878828368 -1.20594150167415
0.843149458076817 -1.51458559545117
1.71625558820079 -1.56597567327092
-2.73124493308045 -0.496079133649238
-0.919628556622728 -0.937655803162332
-1.02910711620119 -1.08818402859597
0.239282737595117 -2.16365785512408
1.21710587381041 -1.4357634459023
1.17655837032106 -2.03347459802288
1.295122182805 -2.30228650133238
0.557421432170621 -1.91725294314153
1.94991722831871 -1.49911436946668
0.434621047839513 -1.68330176920156
-0.238608794749989 -1.44834855317478
-1.19870037963619 -1.4030540553485
2.696575231163 -0.706081040678454
0.59258375803537 -1.9342554484462
0.68114621784245 -2.03893196447325
1.29532875213036 -1.96946354268566
-0.382089221476221 -1.31691344754617
-0.581557792316681 -1.12739965351684
-1.19985500127053 -1.26786569918804
0.233672640431213 -1.73045858073521
1.15501412955754 -2.01669086394705
-0.49563449791723 -1.31760813315199
1.03805232648693 -1.62747356672954
-1.5168941962213 -1.44090290254852
-1.06769326371077 -1.23485505466522
3.04129050129326 -0.854374404676094
-0.215946549948083 -1.65383515979835
0.0670830310199332 -1.59434197323066
0.393797683593739 -1.53416318625744
0.783623957191878 -1.84061041818912
-0.33250924261159 -1.63223552376917
-1.3312426725722 -1.41490924086249
0.295096406191424 -1.65270826886934
-2.51448424478517 -0.576074862679234
1.26279991928461 -1.82059750666682
0.885152968969945 -1.63575852713355
0.0380781214955482 -1.66770698531744
-1.43125048679682 -1.23937089117776
-1.11803371549967 -1.33237808846235
-1.30610694889767 -1.33277949469582
1.87465540316107 -1.08491040055549
-0.0568062148130302 -1.37455753605806
-0.210383052355484 -1.27652121382617
-0.434446306602089 -1.69383721189662
1.26845689111305 -1.73680449491535
1.63497701724819 -1.83431881855951
0.556368505432301 -1.88023532872082
-0.652534595546623 -1.42265838052163
-0.601268413032714 -1.69900235669411
-0.495828544130489 -0.979339114316217
-0.304778642908554 -1.60684642159931
-1.49620913023719 -1.63105415224909
-0.726986204499632 -1.23301672883052
-0.929311468228074 -1.44676586445489
-0.450430349957585 -1.27124109332908
0.531775091854049 -1.99411779650915
-0.830537062203436 -1.46628757358446
-2.22017545912495 -1.38414756178218
1.71669745483261 -1.57480191659972
1.18522366691641 -1.82616983948764
1.39915001359814 -1.39811419785669
-0.0228952378437293 -1.73105076155038
1.41143325420756 -1.69447902927177
-1.27622565192819 -1.40605193549659
-1.47771417873041 -1.28178475452077
0.539018482871412 -1.69999293491404
0.457299217058989 -1.84079680362095
-0.289876858919016 -1.80125280090548
1.64186479112997 -1.54245633629882
0.0390288825232398 -1.95452981926129
0.293279827445679 -1.23150716561695
-1.20221350399665 -1.37925320168685
-1.54449005492996 -0.91839906610137
0.0857988830336652 -1.99589530534109
1.57806852709521 -2.18543275101575
-1.72281410942688 -1.33657932275009
0.0514071727385167 -1.66369419155272
-0.125683832907999 -0.924027747346288
0.0626988854412332 -1.68178622623623
-2.05893090771902 -1.33181565124661
2.88841995560301 -1.31550599634306
-1.39877825260846 -1.08594736204113
0.478685697493159 -1.07995155416474
-0.439928608420671 -1.16712117874126
0.55955121680253 -1.67425365668719
-0.528535421817987 -1.40040440319265
-0.947648364006827 -1.58629509159517
-0.961210814021306 -1.25624255539004
-0.665054729931265 -1.28036165624405
-1.2796552695048 -0.921467768206853
0.815586177672543 -1.96761897615316
-2.01687021627751 -1.08269040701151
-1.13842690305289 -1.27387541231053
-1.60620382181712 -1.22473955751194
0.897579867501651 -1.47950436792514
0.639577679566612 -1.62131422610175
-1.45681635891044 -1.60706843052278
1.49295080140978 -1.75511825582347
-0.181494354829777 -1.55365708756125
-0.793902491163924 -1.43496451031455
3.08538590392719 -0.143333176522419
0.463066976102856 -1.42105454525873
0.203165656486877 -1.51967670050517
-1.0924719532857 -1.38990787136706
-0.849535482535094 -1.15626035914165
-1.42061415832724 -1.5745130637538
-0.00711233624292442 -1.25556097636355
1.40041670902031 -2.01940569668951
2.09033585408218 -1.3849083869479
0.2343813717983 -2.05681343793412
1.43840865062592 -1.87704579702595
0.521664243017302 -1.97195934623342
-0.247146132889812 -1.58887691085952
-1.67979240103895 -1.37213516056044
-1.37263416290738 -1.42405364373661
-1.38035420694054 -1.17198360309016
-0.0120051626764172 -1.43975934900593
-1.16410028233777 -1.47087949758933
-0.122790258110837 -1.51812301136392
2.88348371421211 -0.948553526832947
-1.40894056852536 -1.12296385437935
0.985571290769216 -1.83919575471817
-1.17250404882844 -1.82713774783381
1.43866022885987 -1.35880813633631
-0.245295107654218 -1.38667461785286
0.670228588049809 -2.15813316394585
0.675375574646656 -1.86172203018002
-0.147027947734586 -1.67064105440577
-1.13977989830138 -1.09611161986774
-0.293871301634241 -1.86224340364863
-0.420751760902046 -1.25451435296673
-0.655821591418588 -1.72103620319353
-2.33671943591884 -0.405799628999981
0.672040514936983 -1.54807120376479
0.694205806829635 -1.97035811989231
0.159064539724652 -0.83959517982162
-0.268015507065959 -1.74308218504704
-0.99346413434152 -0.999384011273391
1.55550948245334 -1.73176084580526
0.280854301981972 -1.36633410712917
-0.0871160570092652 -1.59156524967208
0.254812592628353 -1.73162664010401
0.0186582305651654 -1.54210506698715
-0.136040985927822 -1.59405733946232
1.41581071142321 -1.55525872912033
3.03816827820752 -1.08528539951478
-0.0804373908361948 -2.00700106275588
0.996059027645699 -2.02948396589008
0.74774127565758 -1.43156470486932
-1.46951658663228 -1.5602729100881
0.452953698032022 -1.4770712332454
0.0365628612600124 -1.4381863406064
-0.652792245901243 -1.56849735386617
0.271894697353436 -1.53946497218445
-0.388896573644115 -1.87170177546058
0.124353790276779 -1.26969294269286
0.936669820862915 -2.05208737009946
0.794272111396453 -2.0895153425385
-0.0752167837421387 -1.52355137365702
-0.640503067918407 -1.52350721116658
-0.766249604241707 -1.24387662285464
2.71887856622579 -0.977857224038471
-1.14532215430855 -1.4810205040365
1.24094082350172 -1.47018316923263
0.647790961841115 -1.71995202957923
0.424276019336968 -1.62404002835933
0.560146180519177 -1.56397676877192
-0.891473682831085 -1.0143401005846
-0.477663512441749 -1.66549018008077
0.0435918653673718 -1.66203006073403
0.313046663591157 -1.7649952228851
1.46117024505524 -1.70293922977355
0.153996190763921 -1.43326900352004
0.665572180166297 -2.22313280145061
3.9034666537597 -0.270398532038627
-0.042151425521444 -1.71140883555439
2.49049555279434 -0.751270743270829
1.06807507631346 -2.05790563014395
0.523456831304845 -1.3412173849782
-1.82244648347301 -1.29017224366856
1.06447364050886 -1.97491420502119
-0.998994928459093 -1.24075741753923
-0.446093466921111 -1.48711843184799
-1.26708890221189 -1.36357870012238
0.280686018928139 -1.93991081201424
0.946958754112921 -1.68689995274469
-0.240383169581461 -1.65499623749066
0.799464467410179 -1.6808954623654
0.18683858442208 -1.48809017605847
0.276743524831567 -1.32307246652313
0.90999197316548 -1.83794831541605
-0.172285202908203 -1.86087703559652
-0.67570485645029 -1.54972252233619
-0.696353483516675 -0.808195221700324
-1.04890101155887 -1.43824448148606
-0.988234961881597 -1.41704861451915
-1.5121474006042 -1.91124321344712
-2.74857661997927 -0.407001224791839
-1.15883760189844 -1.53531048964401
0.273309533994072 -1.87039254464021
1.65341642341568 -1.53645544058698
2.2698087473588 -1.060207534859
0.289567922123774 -1.52609235928833
-2.50737836013224 -1.21946120433627
0.234692396748805 -1.86970521946069
-1.95503918812684 -1.36200651664884
-0.00647926715455256 -1.5989094513668
-1.20436158848095 -1.38719208796675
-2.4296917960612 -0.778543052511367
0.324953335654201 -1.79505443963491
-1.08470574131921 -1.37271621424811
-2.2427017851816 -1.15607178183637
-0.0856264657232471 -1.46816983221849
-0.943351039240398 -1.24253739126691
0.67931447911395 -1.66629702528602
-0.335698408137764 -1.1838540159504
0.587268877193863 -1.60451878640336
1.45774993911768 -1.95003947628091
-0.373611231951409 -1.42040895512379
-1.07319997616791 -1.2997335565321
1.65328455583471 -1.38175810155239
1.79582661215982 -1.95913948428205
-0.45473373960282 -1.45843457920484
-0.770980173002676 -1.58368183206345
-1.09777737192634 -1.37484984228702
-0.988276421082219 -1.86566599527955
-0.302530167918186 -1.43992506695414
-0.458382588639175 -1.74935420205563
1.74340263741681 -1.87074783218606
-0.466766812995414 -1.80347005078128
0.383653605681603 -1.53824981198402
2.22327239172311 -1.28716045610367
0.764646651076728 -1.37188651252932
0.299916866797797 -2.20206369779013
0.570499232469962 -1.59218163423159
0.936726112342832 -1.90796154796887
-1.39457789579119 -1.01285733218504
0.342374821334084 -1.83168053130458
1.82794755204414 -1.69075233905458
0.620108297487758 -1.36132090993359
1.19998356808576 -1.72382069560886
0.341798583752556 -1.40093816295598
0.945921562703525 -1.98438646091046
0.340176726103015 -1.34579954126986
-0.745169820650817 -1.20294317871735
1.4254543031064 -2.34351063612137
-0.848292824925346 -1.11887521566639
0.708207207156663 -2.00284768716508
-1.40814608385997 -1.36948179264433
0.940695642935594 -1.5914710871107
-0.291345960592215 -1.47200264797022
-1.34616204556318 -0.827888281803588
-0.891347164364155 -1.47288190290055
-0.0568290499327584 -1.58139639022262
-1.01375597093438 -1.68330294274472
0.856621171492013 -1.62559743952597
0.647334436271294 -1.91985334928823
1.29196093280479 -1.95770085700186
-0.792209502880605 -1.52132167788629
-1.66572004566764 -1.49709390671958
0.467081882936033 -1.25569239556218
-0.339975169203586 -1.6155003044758
0.932211912817603 -2.05244801341894
1.59585223890608 -1.57545975005438
-3.55115265558169 -0.613412519571085
0.483369654886328 -2.05401752144682
-1.88281237647564 -1.40618785039677
-0.673406381634694 -1.46428198884139
0.786142074400382 -1.83392637948287
0.95985799195628 -2.44542151245811
0.488580378312107 -1.82526088939732
-0.687411573288096 -1.87649746797938
0.144977845193134 -1.42192692372558
-0.378578774526158 -1.9743945991837
0.428809514969651 -1.72764521853189
-2.2483529617833 -1.92411542374298
-0.366634153537653 -1.5709343927498
0.53182158454737 -1.44922065449275
0.168235628844853 -1.41097605387161
2.40814797804307 -1.47456643255466
0.563910772967025 -1.46044387346768
0.747562666701625 -2.04886755695032
0.107796578221021 -1.74618755088897
0.279827719500728 -2.03601970864336
-0.205616964533188 -1.43686132101397
2.79107193936698 -0.989419743643921
0.419808946830848 -1.50609409206147
-0.566934209637007 -1.37095755752742
1.9206789941345 -1.38756538936529
-1.83305872541906 -1.42718387965919
-1.34883795330984 -1.48496343162662
1.0403923774067 -1.78082255470208
-2.14428121767903 -0.977591243874376
-0.127802343851376 -1.32790084899564
-0.586963449894268 -1.51942095035359
-1.82222944980559 -1.65237169143356
-2.48792280199375 -1.05710068143631
0.435938838523849 -2.01867333008694
-0.894294517285265 -1.68604411614255
0.502005025042009 -1.78658486756219
-0.113135344632605 -1.3911039262503
-0.893961984235268 -1.19710682903639
0.939485160225292 -2.07401103475041
-0.865343758583081 -1.40196725382772
1.67705532968041 -1.71199529832714
0.61047935606036 -1.51399539812319
-0.370722912549978 -1.31621839569029
0.434287849933679 -1.79826982674408
-0.596513568758899 -1.643503412818
-4.19475236402285 -1.26679925952641
-0.661737346350106 -1.3089666516827
0.472666277896777 -1.33347054305089
0.569004528047359 -1.86910979863693
-0.462218061254625 -1.49472920340321
-0.917123432776177 -1.27950543608268
2.88128094280512 -0.843577912811132
1.65931489126482 -1.80275400169086
0.666552240366851 -1.62663321241847
0.448906599204402 -1.43144047276424
2.1875357972276 -1.25184687628985
0.307256451318072 -1.53296664199852
0.739143180633828 -1.8025396121638
-0.470744457508932 -1.51678113734708
0.128896021641445 -1.84724566830309
0.657079698513867 -2.24208006150437
-0.674356580059992 -1.5061276003318
-1.02029751141314 -1.47289153326295
2.18519270010682 -1.13367799361944
-0.107583902404122 -1.50067527163869
0.864334359812634 -1.68282667706326
-1.10402573248299 -1.31335551171164
-2.92892289748063 -0.303809797409679
-0.629711708848773 -1.10082155289922
-1.29685740816567 -1.3748362976073
-0.321596378356496 -1.71762187309119
1.4787464417271 -1.93921457838182
1.65050280616471 -1.71808110070425
-1.42288091506977 -1.45074811813227
-1.24121872543945 -1.02448922351367
-0.35842474442178 -1.31409338420981
0.780885474144681 -1.50261533472328
2.11625823952008 -1.44018070707357
0.382451384005427 -1.24936574156305
0.784679086656651 -2.13016049646316
0.957183514982097 -1.8412942158887
-0.645441143353136 -1.19814049670356
-0.331927590581083 -1.51449634028113
-0.238152145307607 -1.4512517550622
-0.12461099771136 -1.81200541566078
-0.692831316195712 -1.20548224006621
1.27210156827762 -1.98830453972537
-1.38182169982838 -1.166135036587
0.541060402913023 -1.66011755132477
1.60986689118903 -1.49820482008841
-0.325901883681244 -1.1970462007732
-0.348907520379381 -1.76280257643433
-0.392544099740937 -1.28997542952595
-1.0796438374176 -1.14421998831096
-1.53626445150206 -1.54802591483677
-0.190128771676744 -1.59404975449644
0.359366794090578 -1.62061605334492
-0.854964225581163 -1.04483753788608
0.665113699790439 -1.7269879243164
0.168507909862731 -1.62636460557053
0.473850868833802 -1.80073434431053
-0.821326614358331 -1.3792648124182
0.346279409786267 -1.77833353910836
-0.445733819831865 -1.02575416135519
-1.3040845688528 -1.23194190629231
1.53578632523086 -1.7818296608849
-0.651146518514351 -1.37995345140315
-0.261691555223195 -1.35197786529131
1.36739987289994 -1.71449657965304
-1.59707895171802 -1.92210936949413
-0.33035199919332 -1.34432024273605
-0.704109226672922 -1.21932445301386
-1.80672242947442 -1.60102564769673
-0.73130524386089 -1.27165791182861
-0.055143571698206 -1.27571419159865
-1.91833062540965 -1.18785633882393
1.4637100826883 -1.59927653819666
0.756222610833557 -1.56474960818072
-0.246246326374996 -0.810618430190724
1.38386045844163 -1.74784596165483
2.27206445771116 -1.06363599535711
0.517177053828561 -1.4559838940901
1.41789681717374 -1.77249827728048
-0.0490973448453892 -1.05964134415304
-0.0811592923658388 -1.98191269751413
-0.365367518223271 -1.31470073437922
-1.27963140038087 -1.54102781763892
0.508175740541602 -1.26145467074889
-2.35719087259845 -1.14522993495474
-0.604909149758115 -1.24812937321077
-1.04369366432526 -0.991265218822344
0.989931643242567 -1.60447666100336
3.57568780270107 -0.637214000144341
1.47204975888314 -1.97496840626259
1.13023613894648 -1.93556040161783
1.77116447689091 -1.70187444307827
-2.27703208804839 -1.01128430310105
0.00104552797791096 -1.69887455032585
1.08615584535271 -1.8503308063349
-1.20951318128193 -1.15053120151623
1.63640363913143 -1.45936722806125
0.304951098465803 -1.66833613441029
-3.17812349750863 -0.611943669310356
-0.871509447839918 -1.5320436902571
0.046731490071422 -1.18963632429845
-1.01440745260479 -1.37310538795739
-0.676698351411578 -1.92813318400535
-0.199721401893544 -1.41436391502087
-0.389044398619369 -1.65491231821854
-0.517264352430987 -1.53895976923658
0.158374064005947 -1.65903600818164
0.27303128743348 -1.50095423463453
-0.565879052323448 -1.95519215872581
0.482002377449585 -1.20401469349208
0.526686318753499 -1.66973904408343
1.28761602403918 -1.98064116231842
-0.141975688756928 -2.10319878500964
0.955357581654016 -1.81423442201215
-1.16824880284394 -1.04435840783163
-0.0936002778215006 -1.91580493336509
2.26895644210315 -0.963588355914636
-0.812795370805624 -1.77115169120723
-0.848596352996915 -1.20973073467607
-0.328515690214091 -1.4656739687668
-0.468007036687999 -1.31549574863098
0.563314001852737 -2.07240349754152
-1.41902979672755 -0.948375611366714
3.88253502545353 -0.00838673565559145
-0.520868121166874 -1.5718349454175
1.04883955740196 -1.93439264447669
0.11289091231501 -1.43589700371402
0.206559198030559 -1.3428857249842
-1.60686321131787 -1.5342979726212
-1.46956388179837 -0.869822422778763
0.336554290767039 -1.85247751619993
-1.45760908075779 -0.956128960377912
0.951288958995406 -2.3328552993959
0.831056045803983 -1.94896779387197
3.24827831937417 -0.867093202396658
-0.166266829290872 -1.43599060963898
1.46806784742221 -1.75101049233753
0.213404239276197 -1.80018713234529
0.984187459803076 -1.75777855949908
0.518885400111875 -1.36253110536464
0.971151429161833 -2.21333000532552
1.15634529222417 -1.81494849624515
0.449496327185555 -1.1418489006638
-0.492178235446395 -1.36178403239448
-1.19260941641268 -1.48993780324927
0.576085020793957 -1.36580723898802
-2.11357557334948 -1.4721584133047
-0.754092071394948 -0.887520418570535
-1.02004681036939 -1.42818832332369
-1.62998275168091 -1.73669888094194
-1.5738244987661 -0.994885055777148
0.216820620246451 -1.7987616312077
-0.154844433319691 -1.92804320340073
-0.926131882719359 -1.33912222849476
-0.807701915635434 -1.15858619841263
1.31942764710687 -1.39024021599496
1.96623837164221 -1.5042722091177
-2.43173685094442 -0.739968124468947
-1.02057952500546 -1.24349024274622
1.7496678568257 -1.65667404868602
1.64535585331945 -1.51615815483504
-1.6512914011198 -1.08256200142743
-0.327246230366889 -1.33263585470808
-0.939644453512971 -1.70592318178965
-0.433629072683709 -1.41602356367389
-2.05659114741903 -1.14350721794477
-2.08474561927234 -0.983910555707933
-0.103931971700808 -1.11590736419114
1.63846327269451 -1.28268943325289
0.331948951705768 -1.46446170690264
0.518666159502117 -1.40732292621211
-0.666318024748691 -0.902219316167205
-1.61165184681619 -1.75787406217665
-1.85222432598439 -1.45946248965454
-0.951814910862102 -1.57339775804319
-0.0612376766421001 -1.70677919978315
1.42770326144749 -1.76354635729705
0.28776442631444 -1.83527096576266
-0.349646075840234 -1.46026921957876
-0.931491634667049 -1.49812333323216
-0.417031719079383 -1.40895573722634
0.756748126678063 -1.7482999451318
1.56274537072709 -1.48444478204061
-0.239529705028621 -1.81444044666855
1.6504905188025 -1.95649321575317
-1.05299311581073 -1.27018111732764
1.59301290739146 -1.84545342003227
-0.280955694091934 -1.68361640409183
-0.6825147471914 -1.49931796470918
-0.644851230029921 -1.20433635614862
-0.376582895657084 -1.50463045541696
0.128265812967359 -1.48094976439597
-0.676959736893367 -1.72334746885532
3.10957897778307 -0.665851616934879
-0.43173022863544 -1.19376113334203
1.69277432667359 -1.59928864813536
0.581640853890963 -2.02196270124893
-1.854663113499 -1.19010285679817
0.10653939365241 -1.67717899057193
-0.295337188201549 -1.27053306784361
0.74364596751339 -1.33494261923836
-1.307009208903 -1.31954205589711
0.0317488846838207 -1.32054823854727
0.338446518047714 -1.57774074981771
-0.71624347086333 -1.1241664022494
0.608330427638697 -2.16491355482933
0.874947241081052 -1.68582980323505
-0.484227819048549 -1.50707468387577
0.23952184027177 -1.68272329530476
-0.854284451232111 -0.929029172069146
-2.65591522010977 -0.693017798946122
-1.40403543221192 -1.38658841054228
1.11214973775205 -1.75657851719712
0.0769197664731553 -1.49264108884365
-0.957708176547123 -1.13712587769515
1.36955425203999 -1.66279711441935
0.954060538425649 -1.91827118441384
1.66477444677929 -1.50042787297745
-2.72508428411991 -0.358666406609803
1.45727919432297 -1.67152546363541
-0.215785309176381 -1.41959900614285
-0.687918652863313 -1.85365155128343
-0.952785573362638 -1.67890174336539
0.425172538732258 -1.67631452914747
1.04742819592498 -1.67538466323719
-2.57257338210646 -0.425049247640908
-1.83492205569665 -1.21015426730886
-1.55413398990348 -1.50826892089697
-0.61485572279831 -1.01476013585373
-0.0240265450512088 -1.8185653340882
-1.84166164382876 -1.40544538820624
-0.270571720520185 -1.40568252564697
-0.391887995446732 -1.53938187462611
1.78065512050808 -1.35944205902765
0.494963216364952 -1.66607090948724
0.614110479687225 -1.70341955086201
0.360697148495088 -1.9958521983679
0.44623792094793 -2.04666426599287
0.59854573593067 -2.11896130849468
-0.357296811512794 -1.1398051593248
-1.03940067622999 -1.61075633496801
-2.00649755373161 -1.38077198194739
-0.888347400801846 -1.35706533736246
0.360985520285302 -1.44108741596707
-0.940074413008011 -1.34311009328134
0.554927726061447 -1.54174467258461
0.118736352811973 -1.80701844576467
-2.0696289711527 -1.2151628417624
-1.10672171692573 -1.16852006210034
-1.47828793473618 -1.42654019394673
-1.04015375664792 -0.908630802824442
-0.4687777515644 -1.62548997214834
-1.90510515557212 -1.10200507834941
-0.307491686028438 -1.39232255944096
-0.46919609307163 -1.32675575041305
-1.04503644563629 -1.10320993725929
0.664285627629359 -2.23834649452326
-0.646927483479535 -1.28053334310095
-0.0745186257490694 -1.44250087608566
0.946950443506115 -1.63046787160526
-1.66534461442689 -1.297068196027
0.356855652776156 -1.45655416639092
3.42704747781815 -0.981985372878852
0.331870621306911 -1.50153554330128
-1.0860499073796 -1.2802376619984
0.0557266502677591 -1.46379575804416
1.10265854162902 -1.79312367816745
1.40148387902203 -2.06467462009209
-1.25381343397244 -1.11984745476474
-0.372913788343161 -1.42707547098522
0.373701702583383 -1.74041518304364
-1.63110807062461 -1.28024351264436
-2.25416809314064 -0.967626128427214
-1.12242152779789 -1.74500442406736
-0.862591104716863 -1.5119403740007
-1.2884751772712 -1.42162086044953
0.906236071415301 -1.66566714020913
-0.0917703772730311 -1.61976191951084
-1.35438484166523 -1.30955850050523
0.0363630372934138 -1.25062093009443
0.93260326029355 -1.87593464033092
-1.22296808153301 -1.32824454940355
-0.0851683081159008 -1.34273881512999
0.630155672025667 -1.32057498302259
-0.992936858136983 -1.03592923895088
-0.972566842748152 -1.72693923086157
-0.222880087041989 -1.40418108459976
0.491673127158628 -1.48343136436356
0.236823213996116 -1.55362298245036
-0.310259891101296 -1.12461787337605
0.318574034375163 -1.4848137165669
1.07521401673473 -1.79281147518886
0.583085725415678 -2.09390132438425
0.790074106639773 -1.83590803263173
-0.0290558203963197 -2.07662122912034
1.09029258470789 -1.5903502137572
1.9036502655507 -1.77832507965229
-0.906482410378185 -1.47929622864452
-0.927688193911645 -1.83398537349995
0.228704171385868 -1.73643777939851
-2.24261918143851 -1.14926277627196
-1.9490852231078 -1.43930814142255
-2.82917275953349 -0.704644398026456
-1.69629565483498 -1.73376585585131
0.864413825626212 -1.54252703724323
0.52875624801302 -1.57571332495587
-1.17498780425689 -1.33325435726889
1.90997745207295 -1.30791873809569
0.48583992505943 -1.64909143506157
-0.00835914427509236 -1.72120649413357
-0.885927191504968 -1.05403977929234
0.782601440576439 -1.91949655805737
-1.64974561016557 -1.66918923209823
-0.239583102037686 -1.1361697378857
-0.558979981048004 -1.41092036466031
-0.0767119402256949 -1.77728392985748
0.606323788735338 -2.10937953678555
0.00941290097040925 -1.21125764488747
-2.56604348123966 -1.08834379316285
-2.16189896372465 -1.06330329313332
1.41789111532227 -1.58703579783306
-0.691038442012569 -1.20492908479842
-0.367239066683566 -1.47048502012384
1.38391769835941 -1.52043212269304
0.11328338150342 -1.79005095414352
0.316924022551484 -1.43369480942941
-0.522525897502998 -1.3935900343275
0.513303079849667 -1.57064222796632
-1.91641723783696 -1.67567484348021
0.0710079752237513 -1.53142651497248
-1.58197971637434 -1.05373035451695
-1.42782198934453 -1.77402670528836
0.0229661259454043 -1.95936311161731
-1.73839190990046 -1.5911470153707
-1.08421540150961 -1.61130180312326
0.866337232710253 -1.68715086474754
0.645770311993244 -1.84009970044921
1.66616475198322 -1.64079759958919
0.593238300145706 -1.87753653119323
-0.671916097924671 -1.3423892926225
-1.53652160484366 -0.964065999263018
2.8783593660072 -0.970864365636852
0.132028559835627 -1.59605471417465
-0.381176480125388 -1.35192649869008
-0.566419768881918 -1.95705631109211
-0.788164291571652 -0.940556918402753
-1.14609567930464 -0.954241563118839
1.73573828190633 -0.497377025963922
0.0623059672615151 -1.31029687416985
0.416900526609467 -1.84208104720606
0.123962289650746 -1.67224727184711
-0.657302462184975 -1.68838395848735
0.196518969770037 -1.79375263756359
-0.185968379465012 -1.67613319586981
0.0441804615909074 -1.46178201563227
0.112877657565759 -1.45395792729502
-0.646876933482298 -1.31414505215342
-0.281375015640827 -1.53831806379424
1.28702946773097 -1.69568193551877
-2.36950641229931 -0.975278450996046
0.888182993638897 -1.86493308156143
2.64149952710193 -0.855489957472806
0.61694258724452 -1.34370307538303
-0.559313722762821 -0.882075765055339
1.97827515938235 -1.49366368908023
0.139263220406604 -1.46991092187709
0.812715192874834 -1.50485446239379
-0.811799825723107 -1.10836704239419
1.32699660112158 -1.87957931996485
-0.39076887543132 -1.53730691014433
0.152139911703448 -2.16089179646916
-0.284345479227269 -1.67852834009933
-0.530081859594738 -1.64494825648382
-0.733185132638947 -1.63444768820768
-0.12474151917593 -1.07078278339031
-1.01715792001572 -0.947819098578035
-0.339444341830126 -1.8368672688579
-1.22581263842139 -1.27345378052209
1.84887058977587 -1.23612074866467
-1.8210734388741 -1.56344336970283
-0.984058820392848 -1.22346268341487
-0.613268058802973 -1.30468292593709
1.63295549714485 -1.66485777178161
0.412117364425338 -1.76398523491558
0.731249059049 -1.52456968884688
1.25434016534814 -2.01766814741555
-1.25659799789992 -1.5997517639836
-1.99576887639136 -1.39368117445717
1.15524459843531 -1.96322994991071
-0.636320005081233 -1.79222628696482
-0.442130781159295 -0.975505393896271
-0.907137916925953 -1.85808228478949
0.206474184485794 -1.4100079109838
0.806812369696521 -2.02490023688684
0.187474590453127 -1.56378260216485
-0.100317940971039 -1.46473058985576
-2.06601635792184 -1.44177564733293
1.26055595115063 -2.16490805934443
0.0102142430237776 -1.49926499724382
0.564642733546769 -1.32767259580917
1.70140714356207 -1.59099733921794
-0.766210689952216 -1.19289824276883
1.19379589224347 -1.77327555435858
0.487610921596784 -1.83396101208823
-0.37909884903877 -1.20827597890918
2.91410023923464 -0.808351298531798
-0.6044524586645 -1.0406913993369
-1.72092031683333 -1.54333689066598
-1.71371442652799 -1.72351089126564
0.438551232116301 -1.68047745932159
-0.593271627436083 -1.2909488086647
-0.982167262631992 -0.77624214666211
-0.461685891468877 -1.29790331275237
-0.428272684330547 -1.42014289857006
-0.98171566966294 -1.37947593271207
0.792069230789532 -1.55660141335372
-0.902755036676163 -1.23109623935737
-0.476727119672096 -1.66940903404192
-2.15706881657045 -1.0844085844322
-1.04969706778789 -1.31639674730954
0.637516937902964 -1.58841138015875
-1.28532890859967 -1.09255070392644
2.86563379239914 -0.843492637466884
0.442578756443205 -1.90538360350767
1.61090056682778 -1.39308796478127
1.14675488929144 -1.95695437633715
-1.98377895463423 -1.17755378085802
-0.522697996237274 -1.48489052408236
-1.11760550096173 -1.46329130009181
-0.932679031963637 -1.96643128656185
1.71237977399758 -1.46736317253731
-2.20081450580207 -1.37759569453518
0.125441687493802 -2.07253190627322
-2.12280986149629 -1.72815862455214
0.434808354317446 -1.88539786470951
1.61722007404168 -1.82996990655774
1.37946104186751 -1.65521606969357
0.672377063907974 -1.74113148006673
-0.089198829578206 -1.63011599393986
-0.533838265877009 -1.49885688980165
0.779760396372168 -1.42277576634361
0.0465260792099772 -1.94036624753762
0.356918372520841 -1.64072184277946
-1.20809455746501 -1.25257432988899
2.61096538601241 -0.740827572646692
-0.979246188440492 -1.41006852098367
1.16210977296618 -1.60681614218023
-1.61508872619703 -1.27577499065107
-0.598570210647497 -1.14293762162195
-0.241461434748174 -1.27995169152944
2.25483213740471 -0.917147458076713
-0.341416173612273 -1.50153640894569
-1.33966159554646 -1.53575226210727
0.792153981940738 -1.96481739862912
-0.15636671069478 -1.22616774412944
-1.50934920886514 -1.79325097176165
1.45813858282728 -1.85727787884493
3.21202433360936 -0.58287862967296
0.58632985610002 -1.64626003758515
0.373050574770192 -1.54440891664993
1.04925538579327 -1.87596589476797
0.817273450699402 -1.61800821410151
0.012459730480782 -1.400885561355
0.267287414446362 -1.72079022735415
-2.28454622158757 -0.836722924562677
1.11421184548651 -2.08007427599274
0.823962424811719 -1.65898382997079
1.85601909325728 -1.58908023927248
1.31971429461292 -2.04763293347672
-1.33983832748891 -1.49615709031417
1.59711650213881 -1.25914896002601
-0.473360266917292 -1.4504732797446
-0.282659794575571 -1.29792664122159
-0.945031758274059 -1.2001777549932
-0.766850747061474 -1.43994146955371
0.477987004579157 -2.14644984459849
-0.576409862471016 -1.40055559046798
-1.30306875116539 -1.29279309727767
-2.35771620376516 -1.07227277078781
0.921834860400499 -1.98944519153261
0.504185056275709 -1.64521540239254
-0.0413424598230509 -1.31909604234106
-0.276110790509279 -1.31733548789356
1.1818748102279 -1.95953450388282
2.20288755399269 -1.41990379258619
0.514950033914497 -1.45075081951395
0.503822305052343 -1.63597171766808
-0.741507735802992 -1.32749878760464
0.176829826592633 -1.37763571648666
-0.164810556434379 -1.54316254017159
0.116176303450759 -1.60876226392807
1.56256620010072 -1.64795275114436
-0.808614376082527 -1.59864252837123
-0.389510099708047 -1.33263128845334
-1.70729460633905 -1.68489282321927
-0.0457897668877418 -1.48628711339691
0.572079230155861 -1.67236461584442
-1.57220702508748 -1.84877870339922
2.53206015920125 -1.0532342761428
0.960672072453954 -2.11370007930079
-1.76003255005435 -1.91560123978221
-0.199292599435499 -1.86747552414742
-1.43212856720599 -1.3046182472868
-1.01735499922627 -1.30550929957027
0.523053587673589 -2.00393625794717
-4.32521119375861 -1.49921500807705
1.86784133939457 -1.46819329403563
-0.529845750270116 -1.687593727067
-0.124268191775334 -1.8692721739363
-0.580538674095015 -1.38269293974783
0.765007976157448 -2.01253370551468
-0.950617397970186 -1.21810704605477
-1.03415581937547 -0.894619513157889
0.854313239687065 -1.89403341287495
1.2153485905082 -1.78371330877009
