-2.16984535951265 -0.391668546441796
-0.0612650080681795 0.526628320735821
1.69614207549556 -1.88327666902283
2.04306042091107 -2.02956131625423
-0.263367119391957 1.05412669180109
1.24323570725872 -1.50786325531717
-0.169334346504684 0.748589051157756
-0.854250540941671 0.123685005819804
-0.940986417159085 0.0697382189513776
-0.249102332527639 0.894857928466017
-1.96060920933515 -0.495030368490107
-0.239482494044638 0.69426294116868
0.562523821771993 0.187760863208559
0.221567962361656 0.730056810083335
-0.25354698385806 0.567644671804645
-0.752700111346124 -0.00452714170085466
1.52034966919148 -1.67162008709803
0.539829040854331 -0.031883063909671
0.486237898350411 0.321509643031672
1.82359068685378 -1.75010521905095
-0.155558367078182 0.652146676677115
0.333925668285893 0.437758374027132
0.992205914938145 -1.1616374580552
1.09002262505463 -1.11107807626221
0.329421361727831 0.352661122269525
0.783917791088967 -0.294809115396934
0.977786528934954 -1.05049461793706
-1.972739525909 -0.489286243354686
-0.187023376147134 0.766208476392327
0.190535304312979 0.764434594660108
0.968314943494718 -0.902735277891454
1.21333877524443 -1.6413136019473
-1.44404434584164 -0.770472495004228
0.908808922835353 -0.784170241502066
0.0999774755658508 0.676058796972594
0.97647658281152 -0.735664827456421
-2.62212759173111 -0.00791833087536628
-0.531479120951977 0.129039946004721
-0.495442077900528 0.122158498137216
-0.167493488608758 0.768887076393109
-0.622451564683158 0.688379180932974
1.30823570190765 -1.68609614647211
0.630566790198254 -0.153547497478553
2.19376948827355 -1.90363214564053
-0.767859684558835 -0.157332113425382
-3.07420146439245 0.133579125560131
0.407501904792428 0.757886426011331
0.662819677203651 -0.293587387674557
1.09361915409451 -1.35474043081675
-0.893612506920621 0.187548278143334
2.69798095421277 -0.999283204775705
-0.765608622690708 0.0491272659104439
-1.97065697793158 -0.276238021203116
0.319551129284745 0.351752703461825
1.13455795481347 -1.09719100334828
0.120068862672178 1.03052999576611
0.926383602935956 -1.17122074622865
0.575376750538713 -0.411332020249771
-0.772090145628072 -0.197480791300503
-0.543087856139033 0.807174251293785
0.393113969562485 0.288934278123021
0.0850628838058764 0.456963441335499
-0.547537231421836 0.21295544698706
0.57606550626647 0.365227682689474
0.73976957028008 -0.675624546795568
0.786524794259183 -0.207236777378596
1.29617861480874 -1.5479576971689
-0.433374990033753 -0.053550050278209
0.17323324815059 0.667961656929078
0.693677908063014 0.151114218702789
-0.293361699949353 0.975480675507633
1.48931295934052 -2.14877286928877
0.0780902939768857 0.668645467423764
1.29335864381372 -1.38232362793757
0.530751347575749 -0.0598060836466666
0.143440751736987 0.941747107644194
-0.631958430829692 0.276961816850371
0.701970844693375 -0.351441141999945
1.32525054718766 -1.25694952215095
-0.20383141103928 0.797554471580731
0.852454253062568 -0.529970672966554
0.309373504993276 0.582616423035925
0.567670771135519 -0.458870405683154
0.597836565467215 0.539317488525267
2.96042077920719 -0.388287888203951
0.646534630549021 0.00533464328547463
-1.45954673790654 -0.634205187734595
-3.4106365244766 0.300512078354372
-1.1290103395596 -0.385328505191145
-0.338380080727988 0.40680982896318
0.477404638744851 0.333893761298519
0.506000665400349 0.112963732218461
-0.867501400315195 0.214152798253249
0.100941750983108 0.717477475458215
1.97648317205474 -1.7618891312277
0.774599252367264 -0.649832958172708
-2.76446247727745 -0.046979256021608
-3.0563872540413 0.509542313502388
0.169430416915985 0.857368126412278
1.29509607494773 -1.6326622321628
-0.452092679015974 0.357362075414186
-0.389416989222635 0.101364268196418
1.36557299906335 -1.43700280845658
-0.141551260975443 0.94439294718771
0.854719539362139 -0.887617028107952
-2.38246031389116 -0.0815229304027797
-0.0206609153706715 0.924041239410794
-1.22876268230542 -0.00413674610360332
-0.446136755660255 0.109544919145873
-0.0954711645220496 1.00076468768648
-1.69532363083379 -0.592262513539667
-1.25477316194403 -0.472301431147459
0.298492888367566 0.595061935241065
0.770062345477734 -0.522556102006108
-0.154820131913859 0.609451936835224
0.244918718411319 0.182004951921356
-2.42444019467499 -0.431470162024788
0.652987544720232 -0.414370714121498
1.58971663940632 -2.25337766052648
0.338901092579074 0.152344115157888
-0.208646337201277 1.11291888552949
0.698222736917553 -0.331371564784273
-0.898234357730899 0.159316486548628
-1.93429907922165 -1.09798795528915
0.495565098314903 0.147914937746025
0.384770272364474 0.338816530740272
1.21451379666061 -1.38992265593959
-0.00173265128469405 0.63670920597809
1.02029231382549 -1.1056359018887
0.258405439700412 0.505128465369699
0.0665763703029075 0.743362875841302
0.626639637722481 0.170681040873428
-1.13279309056573 -0.246736157532286
0.121841545002682 0.634408323438368
-0.394287058647615 0.608434089786019
1.69547062862908 -1.68542896100915
0.120520118484582 0.649407050577989
1.07113759697235 -0.997419760976274
-0.361600739893164 1.14138429912973
-1.60414626094502 -0.699493933199348
0.629754092144922 -0.2411707401913
-0.31788359776949 0.778825129505356
0.53897792433518 0.44111262525295
-1.60175397361226 -0.102999459500352
-0.17653295994509 0.272862469928008
0.0489464326005545 0.750115555128855
-0.097311139486276 0.856663050065329
-1.05761080294193 0.0734467200487559
-1.38575436258171 -0.478445790211256
-1.74697011223647 -0.403446544746834
-0.825946637715086 -0.0357938616307345
0.578901190563071 0.128217938768545
-0.706529285780407 0.473284249976102
-0.882086291989764 -0.0414857609176468
-0.364705936889722 0.908603125717938
-0.342680213157414 0.815655051124591
-1.0871487309078 -0.251066733953508
-1.25496275828171 -0.323168728556337
1.49163390313402 -2.00364997434875
0.483358699612653 0.109378564789193
-1.66050627445171 -0.786077561982692
-1.53240889080837 -0.284845913070864
-0.318199036037374 0.509695791040696
0.670253226945328 0.139765059503794
-0.892801637648636 -0.383139332722765
-0.300354238270373 1.03067237039545
1.63867379202994 -2.13365772125044
-1.83637407287315 -0.24996353263591
0.631833315661655 -0.171925642057433
-0.854940714728134 0.884701970847764
0.143436528286428 0.803458516710412
-1.77823999216431 -0.287264794249505
1.01294730381223 -0.966950025383261
-0.819058246495236 0.233723535436795
1.45414068737648 -2.19281293460823
0.222446095878977 0.452222120133054
0.523116522447765 0.0214234056170605
0.338636609913363 0.173131350221998
-1.90227233506032 -0.861603278588789
-0.312531001351593 0.830643254860576
0.248797534436199 0.522749298753061
-0.513132502944369 0.723835526102899
-1.04054267171011 -0.490657059577389
-0.314670697587 0.390431381832419
-0.424810490694863 0.593918164820702
-0.235412247559811 1.33424800877094
2.92952569311367 -0.850733373681808
-0.291286078412964 0.831815469594097
0.21222623851468 0.647290353467361
-0.0946815943740718 0.838808705738495
1.2182349705385 -1.44270417565099
-1.10501853366677 -0.411810920573829
-1.32823392789468 -0.273462530999055
1.03981829179206 -1.16447497894155
-0.354594155448028 0.189528581535921
0.744787897122293 -0.735163019872159
0.597308479308483 0.418684635566108
-0.171261238020111 0.993968502799794
1.18902742677048 -1.35484576757396
2.40595083877547 -1.62581166840635
-0.639375655442028 -0.0292380666598657
1.01237932425888 -1.08661952139952
-2.20003394343329 -0.376544665832441
1.95568871448812 -2.32017953459456
-0.164778065111442 0.562537558494451
0.22534651566368 0.871416615339529
1.26310715562599 -1.41224797675321
0.157005703426615 0.761767885451941
-0.809627072134106 -0.0232983989743981
-1.656617885195 -0.681455439288539
-1.54943006054489 -0.160836055737537
2.80569507146235 -0.730054171130895
0.211353199055628 0.701913267621024
-0.960849208890744 -0.170660764269294
-0.143458101169104 0.893154015267923
0.144384348113848 0.468396326426477
2.50926388490417 -1.43257464705863
0.428835466077735 0.157746426499883
1.12517735113709 -1.30870180038103
0.653841226667615 -0.497175984521607
-0.703662677698898 0.132221557894111
-0.0781059982534661 0.795687132122937
-1.03249801318239 -0.34142575480716
-0.876126984310561 -0.0520412029798466
2.19021693771389 -1.9231273138895
-0.722582943939719 0.346257968103799
1.09070942414949 -1.18975116016792
0.0906290588429999 0.295868825118701
-2.59001324165164 -0.0581993168223052
0.409623995548841 0.288438696609226
-0.949012002068071 -0.536739867398697
1.61445754105897 -2.36312854007214
-1.31970537274383 -0.0971298410737058
-1.06865299385454 -0.249588041053489
-0.404730219969241 0.899247850213748
-0.363719434687134 0.405888017239587
0.766482058607743 -0.665787918724374
2.06003671473295 -1.59939401792774
-2.038991263106 -0.522847741109704
0.436114008071702 0.781039486963963
-0.697065111341769 0.331834078307306
-1.20162915020339 -0.273853341830409
0.767516456235283 -0.518168258844554
1.64117207991205 -2.02296621649316
2.43812995698147 -1.1975561494695
-0.569791236846384 0.382222063268192
1.81383541732364 -1.84597495739735
0.282746856084216 0.562857673359837
-0.757328986059561 -0.364721550110618
2.74572127010983 -1.003343280512
0.344930939501531 0.0786924446168334
-1.95341892673754 -0.291319411179145
-2.07929638792386 -0.273565857234784
1.47813162536932 -1.99902844144517
0.110719643883689 0.933890900176464
-1.9344645664365 -0.676120513078246
-1.00920723756489 -0.301543886631875
0.244981971904351 0.238921672552463
1.0754527539044 -1.10643305027164
0.338527310763664 0.849846430653822
-1.05202204508631 0.000733618438730127
-1.57582412938544 -0.780433172026745
-1.15288931140008 -0.412073879221522
-1.36862534915223 -0.678324391176519
-0.156757070050106 1.27585619482684
0.831786490798549 -0.803616914300373
1.64258115368307 -2.00510787453757
0.58399228239165 -0.0984818291927202
-0.617583668444273 0.299265968727285
-1.48763780771572 -0.0514261710600346
0.740337285393953 -0.493414988469389
-0.410044697212562 0.634944121528664
0.4633120241098 -0.262784014048218
0.1359846478208 0.402794153212072
0.0525872318979485 0.669063751934145
-1.21785574771575 -0.212177419009416
-0.323737702149257 0.487696077657796
1.713203230297 -2.04905876999666
0.640637317778629 0.807638126091329
2.37437261194453 -1.71721215363296
-0.497881077821209 0.359387899753938
0.048520442489543 0.669906247227044
-2.55677028637009 -0.139822872942966
2.35111355182789 -1.44529764611766
-2.15274339091994 -0.176505465124735
0.553976336252568 0.307150205846607
-1.90318798923526 -0.283150321773726
-0.939739538411197 -0.0868367218166001
-1.00324219717382 -0.141239899409274
0.930608111701119 -0.664272674833915
0.760906664368832 -0.404415503180505
1.41549127712283 -1.56714248022592
0.996769078534098 -1.01183157174889
0.40669737646772 0.651325460250351
-0.0260790334309403 0.910077243900477
0.621006487147402 -0.181282318770333
0.0304842374510753 0.762804005943019
-0.0660955417367303 0.769706930939361
0.38126272904632 0.672596252985981
0.863701103404233 -0.89604808764523
-0.195143735083468 0.855140113713913
0.174150625947121 0.888072800732531
0.273928571701821 0.289298998640393
-1.89038493543764 -0.433364898156309
0.836651606535484 -0.363044762847847
0.477602268454152 0.38059806864881
1.1816302812204 -1.36064701758229
0.200180549954026 0.491935082739345
0.624996356026169 -0.114493295998721
1.01197075648869 -0.853794920210922
0.0308616584361533 0.836160750917435
1.3779909846291 -1.72883926218582
0.850513758816458 -0.765109481433983
0.257776644415154 0.763710415351034
0.491169256256443 0.398923985786066
0.348811185667918 0.640371901343789
-0.932508136979364 -0.0298458405983623
-0.379979608308645 0.79450494983936
0.711420911283584 -0.0151745737781713
-1.93930709151719 -0.249431835096114
0.119863350649034 0.662777297334295
-0.614150199763127 0.321310626422681
0.530017068884351 0.143311865179776
0.0945792893467361 0.578798083223637
1.30862023749832 -1.05968611146315
-0.177197104526438 0.396176789967085
0.800242236665525 -0.466951602448979
-0.510384346550331 0.144821705437577
-0.608576903306772 0.597550292150912
-1.08397383610929 -0.24276724600133
1.07815444762029 -1.65386732577284
-1.95283057430641 -0.620741018390809
0.454161570416183 0.162490439565652
0.345777283169778 0.44537315537135
1.55610458979851 -2.25248007967439
-0.568767488743432 0.144609538041496
2.60602519426016 -1.21333698329388
-0.725411649264763 0.309041979336277
1.52074113318476 -1.84017961428519
0.625002048004119 0.0851656936937673
-1.6862327245389 -0.307483115330373
0.34999644004881 0.538595392675354
0.0556269809083593 1.10317828470569
1.26797487038161 -1.98755638050458
-0.571675229157368 0.330885028738705
0.314500909959733 0.48130871184359
-0.2945684204722 0.569642468254156
-0.029731848148328 0.778852483516213
-0.538369272048861 0.524431723639482
-0.666687200554445 0.482214429243993
-1.96094873645842 -0.477945491447745
-0.349732107592269 0.747913301315879
0.97808101772944 -1.28747236429724
-0.465165762078262 0.415597153400303
-0.0961563194034201 0.655643763335665
0.618864298546836 0.133839321360913
1.6470508838892 -2.19194820463548
-0.437788859908551 -0.0555072465119995
1.48033248993303 -1.99756330445168
-0.641082767648516 0.42540678671299
-1.39819764574058 -0.709468405950623
-0.312745046282863 0.948164730957778
0.0151510566400319 0.754286571955405
-0.599518628106869 0.866178796692946
1.04262280683712 -0.643827286640672
-1.95036679736389 -0.125820309201422
-2.18844286700008 -0.345869442162355
0.295351088543089 0.770479217806571
-2.74517600256411 -0.196152925965552
-1.37750650857303 -0.773543000931481
0.691456684562904 -0.297932002373451
0.709744158977106 -0.0546180316588666
-0.992678904977668 -0.407787402207027
-0.0456852584853711 0.855837130605881
-1.93954419404522 -0.214430889178052
1.56066789089562 -1.86107435302398
0.626571546493997 -0.0299835136076018
0.355417581121511 0.445446386894162
0.991948083956732 -0.786156620858968
0.594638272597667 0.0301783390660236
0.42860691015072 0.169563001829763
1.48875344523948 -1.78994706690212
0.62309547382488 0.02832892337053
-0.337375362668912 0.564708544834689
0.213311603531098 0.757689962623174
-0.279796826552053 0.43829581238164
1.13522387141669 -1.26640560320591
0.945419807640574 -0.905249755904539
1.77905541289719 -2.41150569887706
-0.453292282601553 0.700523065298255
-1.41781086933157 -0.677560841200421
0.467368647685169 0.520520650077405
-1.32854141850358 -0.144879515221267
0.117268388467434 0.676416861811321
-0.837641708252324 -0.100831121853571
0.317053963793125 0.559298873470258
1.08940058435229 -1.02963411788578
-2.17163258067618 -0.163223480654248
0.0252135082372754 0.527412533426739
0.302502078441431 0.470317240009715
2.58747505102189 -1.43599510146925
-0.689236826343025 -0.0569796329106274
0.341869434345291 0.599686526627899
1.79759355795267 -1.5239125610095
-0.145776242298708 0.873086119231546
0.614496824866503 -0.456158418918169
0.452695866131945 0.470014816094337
-0.799265095313874 0.151737603166035
0.268769116054362 0.539061875907676
-0.718611147028969 0.300124072024531
-0.0891965279798237 0.45493352827698
0.740509222039604 -0.0442774543680199
-0.588080696260249 0.179541629363284
1.22381360362527 -1.49883571929748
-1.26064921438312 -0.254807707737313
-0.874145141784826 -0.057703626540057
1.45970093698518 -1.9981898502519
0.0559944532548168 0.951610038160093
-1.10100068314004 0.246875315923843
-0.897330581420367 -0.221607490470843
-1.01689432231363 -0.303994536267658
0.0317413242641858 0.669286197761462
1.51759092882529 -2.03877170118595
2.02836593094165 -1.91223212132143
-1.19519446952686 -0.255440971916308
1.69620021160154 -1.9132296027835
-1.29055315594719 -0.331923395750795
-0.435997894224113 0.402787767639961
-0.576595981141881 0.678828415797231
1.32805968903836 -1.73094747362804
1.83539689686195 -1.94429682213578
2.47144984635237 -1.55560156465767
0.481912775999254 -0.164129842898305
-0.28392045250471 0.464164662006869
-0.0581277012846994 0.812925459562901
-1.78170838573232 -0.868137499730057
-0.783741564676507 0.286745675324118
0.457911808082213 0.175525388892482
2.74889526390834 -0.960336311466601
-0.417032591746967 0.578217099550172
0.300216618863132 0.588988935086406
0.394990374173701 0.545766383790537
1.03600637921849 -1.16053333062066
1.33636993923568 -1.46206149400345
0.504441766960181 -0.202756079177366
-1.82158321578326 -0.551029270291615
-0.894830619422892 -0.123889881356586
-0.369213110751911 0.153466885539793
-0.397131938762257 0.617478496860361
-0.617181177130556 0.319447474733403
1.35947756526633 -1.52777232934389
-0.249623948348703 0.479997241177158
-1.45168599762492 -0.0705051152964636
-0.624987070009279 0.267872413843889
1.57703675018072 -1.69287042193703
0.617938890508126 -0.292811148494468
0.467753999344588 0.0633070692212404
1.94105759286159 -1.83477948421015
0.147785057063363 0.553131307722637
0.841833831364812 -0.35574896467875
-1.19926551959251 -0.285099466114133
0.183860573723273 0.779049444387213
-1.23564236339928 -0.541439531453878
-0.919157192814728 0.507046249116545
0.775960755845215 -0.449490907380727
-0.136918504557489 0.898061435079495
0.411911774900583 0.565200101816424
0.280947128459866 0.434241202911947
-1.02326811236171 -0.16126745261412
1.89555601142454 -2.32679145912158
0.627768024331733 0.318057079820442
0.0193642653005638 0.705123492423725
-1.8584418708987 -0.652365672290146
2.60442722698869 -1.26840972955884
-0.109490123136842 0.724600071039821
-0.796823039028625 -0.113136758484085
-0.580521825695327 0.519810294719759
-1.79877755735504 -0.469202645501931
-1.81092915537142 -0.373905740830489
0.235411664620023 0.277328893568148
-2.05685670848706 -0.187614441325465
0.418740056362101 0.526464174558009
0.890419777155122 -0.471520363380676
2.59140340564774 -1.00363767952188
-0.655488342067424 0.708671557016783
-0.72155001424106 0.181764330532702
0.340417097013879 0.351843572172748
0.870040787795062 -0.748978423726412
-1.96854844909394 -0.666234303953297
1.04190820768457 -0.778657488457862
-0.0729121767432605 0.706595127643938
-0.885810026538675 -0.167065328526018
-0.0330853729254502 1.32139789559483
0.753843350125846 -0.45531032399643
-0.123822083803364 0.674711905226632
-0.295071433346434 0.334293956623067
0.223872710395211 0.6273454852657
1.09450534260947 -1.01557954872111
-0.502997566444245 0.562835262943468
0.417568274154478 0.583057300075361
-0.580720733531374 0.115825332957122
3.19471026889259 -0.59679691169135
-0.201201465538086 0.614867536820897
0.604528769223321 -0.071626515529846
2.21794315341698 -1.42832678943565
2.47781033072383 -0.949367519974537
-0.179495072762105 0.85349323321943
-0.21128610538008 0.883912356612178
-0.381755905517779 1.14566581548472
-3.71119029534919 0.18098685073121
-2.23643645059025 -0.177336601337523
-0.145111696549975 0.916333741867255
-0.825150627477581 0.527669616294912
-1.63216286773989 -0.427698491790774
-0.0631510004478436 1.0536751680003
0.780248123902885 -0.538034800138787
-0.500589579249738 0.339736009799233
-0.138962000995085 0.876084091647684
0.0297275292280949 0.616934378973457
0.414472486611763 -0.379029829469643
-0.293711976368222 0.616253901804819
-0.115301997498733 0.959527589128056
-0.824609132009818 0.352605161306432
1.30211241669149 -1.46568753788046
2.05357340916266 -2.02044443947548
-0.972280205647515 -0.278761980146517
0.506421194536558 0.212935942481544
0.87056553262474 -0.889256931916525
-1.25720635596423 -0.878954655032192
0.264000506808294 0.531260178145785
0.485600273495579 0.470904500390583
1.22543635910021 -1.5317530000892
0.92667597549576 -0.709159931069094
-0.333291338380722 0.998086661719245
0.112897932649136 0.568944861311923
-0.0385232468209479 0.659828420185953
2.3504884824082 -1.40029014892721
-1.74039360624728 -0.339840262644615
-1.50951874942291 -0.533911472878935
0.688035090721246 -0.130737237519886
0.801625249682345 -0.47202796722246
0.454649849137671 0.334106741694204
-0.458275888968192 0.758180301909902
0.947736662365518 -0.730298760719664
0.786721668956934 -0.790885706992049
-1.2461237374523 -0.0605489691331271
0.668350521418029 -0.204519970499671
1.19508628395563 -1.61837139439612
-0.103808697890253 0.603130850127047
1.42542168016141 -1.94561214293724
0.252800122760441 0.894941440290173
-0.87984025048153 -0.483574067494373
0.183163362310333 0.86738495328553
0.0475319825483518 0.179574849553336
0.267455932403787 0.368920979798948
2.12629100152298 -1.43166946955685
-1.58789064997087 -0.649262237949261
0.414276222418415 0.110847012414474
3.39237064363558 -0.602570531278826
0.210275906602922 0.575650083843628
0.059990749436302 0.434317035601366
-0.74793123766418 0.0411320882136547
1.67168654108748 -1.85226404181486
4.30047605956641 -0.0237823509000099
3.67217027359899 -0.0557705757350984
1.0833780910192 -1.12512320411322
0.96970018849601 -0.582489453225083
2.1591299044142 -1.53273777536916
-0.0573024488225477 1.13985600734127
0.410114635415196 0.366281235807942
-1.35336028082057 -0.319932449416479
-0.976898221401848 0.123378849893416
1.44740789131366 -1.79475058310415
1.71742579481097 -2.13391482810282
-0.684903958078057 0.149925361364435
-0.688987681860573 0.287522002757553
-0.461369716750057 0.692262889015648
-0.935000877617783 -0.0880906117233763
0.498708752043269 -0.239087348767028
-0.218459945835782 1.03410813843638
0.716044413882028 -0.307515026281303
-1.3878339853208 -0.426448083075859
0.0631212960160385 0.607643117192854
-0.201027904130102 0.356653068098285
0.653467224535926 -0.140039141996479
0.471189616259313 0.0112430404316411
-0.155085064739524 0.679844680896952
0.29151977671487 0.969232242293597
0.377249012927718 0.627330062887654
1.68046282803302 -2.47591422857607
-0.491286477427435 0.359689362350689
-1.24116405416666 0.0556581066384179
0.440250120266051 0.57289509413367
-0.574470719707657 0.287226263986449
1.14387699578143 -0.981861062141279
-0.384922267843329 0.259425369309621
-0.741201664283611 0.436174085001716
0.386732427829386 0.415177386220857
2.75553662932195 -1.16438635733234
-0.611460980369614 -0.189164209123752
-0.51482769349825 0.0339309319427308
-1.15716432295926 -0.185809517176945
-2.86955436212476 0.432735855351636
1.75414400258947 -2.28030616543611
0.714863407991641 -0.17491241579822
-1.8845818322963 -0.691910902137601
1.22872327365108 -1.55990784014137
1.09483333206123 -0.970629660251154
-0.560240088062321 0.281542792057933
-0.986068516708258 -0.225276889321745
-0.400804633000245 0.56208366642742
-0.338774963954511 0.638656914334005
1.37218177031289 -2.18143017009534
0.739946276864221 -0.0647548499914467
0.232337678226084 -0.00955965758511412
0.096114806686257 1.11105146607454
0.682209395245325 -0.225253144498959
-1.47204862197654 -0.324544736661132
-0.124611043358432 0.863172290080849
0.916215275675545 -0.526436173688037
-0.145035590855294 0.388118073896474
1.14113033456545 -1.33064324559324
1.05666898296043 -1.21034058477958
-0.430271805794139 1.14948555999127
-0.409987209514762 0.701357661375218
-1.79757521808493 -0.513581522889076
0.927592847002259 -0.535772435934316
-0.0932209282742413 0.728910325733983
0.0592334042437987 0.506901596251538
0.460913824844499 -0.0559611896046259
0.00522906265923271 0.268865823178665
-0.319792757868491 0.766204920571694
-1.71692173209405 -0.51206351137121
-0.636068113233806 -0.0234098537126125
-2.39917934790753 -0.326976426527346
1.08504376145374 -1.45225055351671
-0.516551624503823 0.529577128332801
-0.269743482074238 0.690196713546719
0.633556917977249 -0.222615695924837
-0.749064986836143 0.277205661562982
0.475062895920954 -0.030073333920845
0.0199570462444209 0.780691861804036
1.72051026020467 -1.67979162940955
0.984692371621837 -0.6371307774429
0.574820446746033 0.26261487942518
0.012570078134452 1.14813867458541
-0.92802161756698 0.00562758018820489
0.11555620734676 0.97852247668939
0.864106563316157 -0.582169582751643
-0.958754210973557 -0.0722696083462428
0.64170545837141 -0.104550720380684
2.27137603367635 -1.36415857979432
-0.253121406442401 0.363214836033301
2.36828805993517 -1.41403820069468
1.35730821608687 -1.25773564529311
-1.4841191599011 -0.567129156882965
1.15653246713375 -0.930656997156624
0.257907732273335 0.262191050495501
-0.369238292889031 0.39942830574215
-1.22535964624213 -0.292192512590489
-0.171312711658866 0.827253341166365
-1.60087665952058 -0.369165792686838
1.1135885776998 -1.22929166476255
-0.0207349721058258 0.266921107907458
-2.03696784972169 -0.208215619000742
-1.02362858865184 -0.0601319555298658
0.00568173834621327 0.710128546833684
-0.448998192300318 0.650379109936304
-1.3802962078295 -0.523517013154823
-0.142115167083831 0.9512624156968
-1.1057546807887 -0.818382977014145
0.15668185352185 0.543001819432798
2.6939306124794 -1.53033375834574
-0.500196965559119 -0.0512241808879128
-0.00935879197054412 1.10205159624656
0.363085031937273 0.197296164878558
-1.99529513649603 -0.467487609970914
-1.70206729460147 -0.513272342606301
-0.687979135245235 0.199848075122276
0.0506272472820175 1.1208866346246
-1.5780538499798 -0.249416186205349
-1.08177695260413 -0.0905637370820787
-1.85223195254114 -0.465379270674026
1.95130180037152 -1.88389710453751
0.575900013607112 -0.521003889345719
-1.41546548711301 -0.175056456318058
0.152821821615675 0.9463456825398
0.295634345096591 0.800761559815651
0.581877195506877 0.556868319043427
0.00875551950257315 0.431797443796148
0.621937514962607 0.0740783416128521
0.154376765836109 1.03000178124256
-1.37500993570187 -0.250083770983185
1.99139211511177 -2.0426319058737
-1.83639346837958 -0.116610735387758
-1.69794928981688 -0.555462286856942
0.376740006378795 0.236341987877944
-0.4636002308465 0.420673766599992
0.363252907354012 0.467794972065717
-1.24887942097982 -0.31604275844008
-0.341152958561722 0.775233853655904
-1.75008475265745 -0.706584475029993
0.599742665399232 -0.31666715840221
0.307340936784442 0.297406176841668
0.0391258623138895 0.999172747788629
-0.0654683074440519 1.00744029614976
-0.261335390462487 0.514072922905354
0.121803568779031 0.832735807365789
-0.748012298827704 0.0501894961747231
0.851982083324512 -1.23101310933427
-0.121889575161929 0.74775457325102
1.14869407323665 -1.6399065013343
2.24444976350174 -1.59948420205457
-0.0933734201420408 0.863460224718429
2.28596716470226 -1.67559812194567
0.550821892407405 0.0517183545577343
0.222293617937488 0.463095439176112
-1.82431361063697 -0.585098573874463
0.460313317104456 0.10753858264654
1.69717165043777 -2.11256045748527
-2.74788135157114 -0.260911684638629
-1.0049151289796 -0.329386579512413
-1.55063640262231 -0.722056965853677
-0.535571174288259 0.42462036927086
1.90653687436259 -1.5284181020583
-1.37212593349677 -0.318684125330939
-1.12810939078537 -0.121008435563326
2.50530879940775 -1.38524320464317
-0.116977415624326 0.81667131191922
-1.60286536568936 -0.606548408976136
-1.31140128197158 -0.343424658295491
-0.68634422706912 0.418779141852495
-1.52751222876087 -0.379044006145562
-1.06153663060766 -0.244897313131264
0.980023986089506 -1.15104355955137
-1.52227398112812 -0.211047719933523
-0.299480276566966 0.424895596943871
-1.58532570819831 -0.62727657263577
-0.178457832907239 0.898123557696032
-1.16184712120422 -0.485718357335003
-0.61743712516129 0.316931131659167
-1.96774561814668 -0.506766049267542
0.315845086370565 0.832624142057809
0.590469920002659 0.122292862827175
0.678517935774045 0.133388908301865
-0.716671180566033 0.162373765551519
-0.157555352702068 0.698397054300159
-1.71813712559345 -0.591544119051207
-0.373380220254324 0.873200288511692
-1.59862219307535 -0.459743555028898
1.20195540813858 -1.20994553736654
-2.29976601758209 -0.621915661664891
0.645466709673241 -0.299942234064487
0.273395372817044 0.325970166887397
0.435001824980402 0.244696552231278
0.622785512037772 0.329009354348433
0.313321058971781 0.877923922717744
-0.936217454459759 0.290262010489454
3.10436301271103 -0.580546837585897
0.991834653813211 -1.23725532690559
3.18753150199037 -0.217250446587563
0.0562831738643023 0.653209770702925
-1.46183105393883 -0.300960918143252
-0.747727862015705 0.158405769757785
-0.169600569027108 1.24010619965251
-0.16692413726066 0.664559095784074
0.556602167097175 -0.101577020370606
0.248460598361706 0.396630694406773
1.64698504829423 -1.8957815223536
-0.446507415419781 0.584033518438769
1.02322852749288 -1.31165868985718
0.381251543115292 0.776588507212821
1.63174811465802 -2.09150980676262
-1.34440656048903 -0.46354633290895
-0.282155052849137 0.468197941316688
0.00887452940661101 0.963145144087654
0.905360598625994 -0.417728804788574
2.69290036096003 -0.798878495394895
-0.0235667764309106 1.04159540420553
0.615865149964095 -0.183734527659335
0.170500639806414 0.20365680053153
0.125500442201219 0.221534273911488
0.429875460564789 0.102232532579614
-0.386285339746092 0.569726247403352
-0.841431804309585 0.125648055192057
-0.952085184448567 -0.0172958755698999
-1.67904399466582 0.0754568462378423
0.764495737788965 -0.0743937052994257
0.669707254447676 0.123152657764997
1.01434442830268 -0.908728804285745
2.67894104387489 -1.29266922976086
0.98101354426634 -0.937394260324531
1.17073356190194 -1.29849502781918
-1.68421922605514 -0.369847088300143
2.74558222394063 -1.10866415869614
1.45828776228359 -1.62439137400963
0.671004579399252 0.0415054540898864
-1.30765200935563 -0.409181092887483
-0.208221614924407 0.857301354364355
-2.21884233321633 -0.400427228352264
0.237495557482894 0.415219079629764
-0.558232559662075 0.817711885543835
-0.984643394261191 -0.130449519314995
-0.789577068558104 0.294670406185028
-1.49557880010047 -0.453592743902784
1.27853529716151 -1.75900377057632
1.10384725457436 -1.09890001340055
1.36571928007007 -1.78155167340723
1.06633437252605 -0.896895728731263
-1.05539199725851 -0.163266945176724
0.673783373538097 -0.232763393002551
1.02386509424911 -0.734833284435101
1.11769305814437 -0.897923913623119
3.13782492765313 -1.06631523539897
1.20681290275229 -1.40951419723621
-0.700258146265796 0.175727275757522
-0.175331048645996 0.825276252752988
0.945820034449345 -0.646600376717693
-0.978908145140459 -0.00878501434439076
0.415446246024738 0.0534325756656518
0.39989235246064 0.482582903776095
-1.18141053471745 -0.277429061647853
-1.24425186278415 -0.518148993051641
0.0816282987106195 0.917414820301455
2.16211175658854 -1.68408694056009
-1.36428122666507 -0.428106729814889
-0.738962495794509 -0.163496425299939
0.221512862146796 0.172507955295172
0.880782045172972 -0.488689614794469
-1.36932155970891 -0.573097336576138
1.08666115447425 -1.16350741971922
0.074235393912003 0.922219522478487
-2.76291977111005 -7.68803077828006e-05
0.989971596992794 -0.449014339183267
4.58654758101977 0.312752110076922
-0.610245025462643 0.591988704415947
0.705498596251613 -0.310567519392914
-0.817512027400486 -0.198427040997083
-1.35532672838517 -0.451633396658337
-1.04774007212874 -0.240113089842471
1.8303184764346 -1.91166551419156
1.09194947866795 -1.32362486567291
-0.22125548471126 0.833270504506744
0.374492538110612 0.484348085518773
-0.0837043656539806 0.737510889023116
0.322390330423584 0.54806366435875
0.157249136625241 0.788403780411256
0.708623458493347 -0.265632399275017
0.997216437498802 -0.766754395611575
1.18975205172025 -1.47440592688296
0.268514900930797 0.51833394429138
0.822788935214309 -0.352928803852406
0.268342665042455 0.527121396350329
1.36617018316436 -1.75028175196813
0.245812201334224 0.955249970543891
-0.0358676246327418 0.508114033383264
-0.39248178840271 0.933116786615302
-0.706157231417788 0.552835113139377
0.388095307389525 0.440928892310462
-0.44513613537077 0.587318207096519
0.102423037267591 0.864162088706096
1.27403439938631 -1.64350669765453
-0.752213805575359 0.742810536642342
1.22083486902268 -1.43643587836163
-0.167011210619482 0.745428665976602
0.0865692859880706 0.576648219938815
-1.37447991642419 -0.374315034701522
1.55510230806835 -2.352173924667
-1.4409398239166 -0.766709740228291
-0.733542300321459 0.0384353614034361
-1.41198002709937 -0.0316526580922624
-1.37184052623363 -0.776812016457836
0.253353176918774 0.694024928769645
-1.70086094847304 -0.206875120621278
1.27154367474049 -1.98812440657633
0.77912348636631 -0.492580325009966
-1.80922998804994 -0.475284782439061
0.266137053872941 0.585189917636938
-1.62310644904116 -0.688519977184691
0.23252469898776 0.622424022086029
0.824707324259134 -0.514463467362704
-1.3882088142314 -0.0589771803650539
0.655264621016853 0.0707834298327149
0.347722702420368 0.558817155278455
-1.87696357170062 -0.401301506665558
-0.24527676228427 0.872128504858718
-0.484707352836984 0.378602736997972
0.643153315309 -0.166336770128206
0.163323464658604 0.528612358362256
-1.05412349723881 0.448526545552834
-0.164329335381921 0.860244881947129
0.61032621395271 -0.10262871221708
-0.562435041589091 0.553751775934995
1.9657288650232 -1.9448094650932
1.15668551889788 -1.22279083727743
0.922904940445839 -0.402644951625909
-1.47960611508618 -0.430778104968609
0.795513161526371 -0.396057291833762
-1.10245249770538 -0.40749642084494
0.183345923938768 0.986777397639432
-1.08672281925369 0.30029491710698
1.2345416177378 -1.76261909828866
-2.79939750940613 0.253007206946794
-3.49875913418897 0.542992840837595
-0.147960759263912 0.896677398486705
-1.04053897166748 -0.454477703369572
0.474315067629456 -0.175180838234864
-0.542289754377477 0.366976246717888
-1.65565614737962 -0.628548193002383
1.58284676516814 -1.52585412861938
-1.52356827035629 -0.677553073346656
1.44233514797662 -1.48872998180414
2.60714512102599 -1.31055932531049
1.03834524608177 -0.833106604181142
-0.335894963050768 0.900015982034162
0.539010999384549 -0.280469245679032
-1.42796490791583 -0.960580224233437
2.03657382798288 -1.89794151087225
1.01913963974823 -0.808797692794755
-0.332821671723716 0.664353274344436
-0.88519329093719 0.533923825193554
0.420131427360313 0.362162646232624
-3.12352961140276 0.454800674751149
-0.604272526569011 0.424302442095231
0.953802986335416 -1.1182358495846
1.74719662866763 -2.06674790085789
2.19922459248148 -1.51127109950876
-0.142170221960888 0.830619538921432
-1.00509317289334 0.154406202082431
0.190155716146059 0.716351522734731
-0.165162025857125 0.444682702000116
1.6267113922339 -2.26397836722217
-0.385113837810005 0.794618196756802
0.362776335147305 0.552647442130281
-0.853772330996383 0.120464969879991
0.719870176473729 -0.0282654294557351
0.471949336717255 -0.0595991650601918
0.794627903546344 -0.0646629703407035
1.48366814940532 -1.9317685760817
0.831506552018562 -0.559225508163528
-1.62437252908974 -0.746182917510117
0.650957702761117 0.265481927232701
0.654837352441336 0.0317284712864654
1.05770462471289 -1.20494201646702
-0.804195448184049 0.452469868040795
0.734655295548001 -0.389302397341958
0.0142637920953441 1.35170759807322
1.83174754154003 -2.39158993053695
0.0271834637449761 0.440798607794817
1.29286984836155 -1.62689424233561
-0.0921569384143734 0.166618798965762
-0.981629410277122 -0.366522847443313
-0.288498950392624 0.773920928406544
0.919141693054942 -1.12189258709535
-0.238227734332314 0.962452527645739
1.45050297511752 -2.18160769918233
-0.579499596697332 0.722094061111053
-0.355925941679094 0.4457708847651
-1.32008662709941 -0.0888680839474298
-0.93546698906071 -0.131182984727022
0.105400478493977 0.218967495818948
2.59931282304497 -1.49251145575016
-1.19912074766291 0.311678698193261
-0.803091396508427 0.208290276199491
1.54453272147695 -1.76908221054468
1.92535565367894 -1.93190105365381
-1.18458992775335 -0.533051663003411
-1.03454795352517 0.16222908902858
-0.445934584184473 0.492805793637437
0.965659840733772 -0.947123514299624
0.886963251267286 -0.71060665623524
0.22026983255169 0.528204656918156
1.56983429771154 -2.50471385150767
1.42892771770152 -1.90317832137053
0.231745455998604 0.212085917816606
-0.590904025817042 0.353907771115235
0.373328602380743 0.592706708402967
-1.54324211688922 -0.553424859466727
-0.454416932015043 0.595756610153363
0.230702911605138 0.443307192034808
0.436304571748756 0.207999049304478
-0.145444336219161 0.738343614023329
0.178409023907048 0.555322060095049
-0.666591507481596 0.392983446168447
-0.134324146131869 0.765773255731947
2.0310623374787 -1.67367964479055
-0.875698475715689 -0.0797359356925685
0.144555145579698 0.657704019812253
-0.228256877152179 1.10625745482835
0.419443167142604 -0.0479593561325207
-0.64038586517711 0.299196185078431
-1.92189396614877 -0.295079545069985
-0.295416931671539 0.616029879704284
-1.04707529582241 -0.287526491385766
-1.35378810464033 -0.354850096185048
-1.80463710926188 -0.124273612164343
-0.233432399705999 0.650636960047865
-0.917194998353205 -0.183450223979875
-0.95849441242447 0.208351034993316
-1.95106768338406 -0.93349102239115
-1.25985855700355 -0.170978246112914
1.47951873390373 -1.62669098288832
0.213869036362148 0.782155442595796
-1.81263961375768 -0.817247279733855
0.998656267223634 -1.12000972431114
0.68058211405397 0.198664204237325
-0.765992366894617 0.0873420396800067
0.621092165529997 -0.160409257012712
2.10908146386159 -1.72262873799287
-0.480329068113062 0.375057484123412
2.19860403421709 -2.10001224586752
-2.31237655621625 -0.455626889319886
-0.223241055549398 0.539352506126842
-2.02066270972853 -0.148337053483155
-0.293033925946375 0.71260511789119
-0.792387672535885 0.101259816467072
0.440307214722828 0.375621886144328
1.58689791250775 -1.98505216443284
0.450828426649959 0.386398899091793
1.79461468618385 -2.28961850492231
1.7013251873037 -2.10103999065343
0.842056179123531 -0.158490632254578
1.66603298248957 -2.48648292647919
1.23009843194515 -1.28426732618807
