0.69687076470702 -0.0706685814237685
-0.230810808484872 -1.02557294077524
-1.66587386229744 0.734236456396092
-1.91573234146928 1.20072960308579
-1.74889771234489 0.0688921681355427
0.267318309730013 -0.236839809804055
-0.0183907469881147 -0.626646727719237
0.399754737003753 0.294106749916081
-1.37270324250685 0.2208878065718
-0.288280093993516 -0.41533706181799
1.56224261370426 -0.245588901175659
0.284343271623466 -0.162729920849463
-0.22948512210735 -0.707936164650432
0.427735891255703 -0.280776437767872
-0.999019544151659 0.111938259775973
-0.77977976947061 -0.461168159869577
1.1885435552695 -0.136308436183303
0.517117285167622 0.0019326332428997
2.75553915301636 -0.179439169442546
1.47140734387654 0.121430928980498
1.53479012429066 0.0318111653656628
-0.556351737927808 -0.0820609014900796
-1.31201631021716 0.622057858383301
1.76074175248168 -0.376380318395077
0.953096946960305 -0.036338669631729
-0.81785270878259 -0.47354859754994
2.22722151279159 0.0376656275595627
-1.59847268465417 0.00933771457524168
-0.286255110627965 -0.546262000985189
0.233905535627769 -0.303744710981591
0.725863324131844 0.125994971767767
-0.306603606622212 -0.268240938344997
-0.840095334203962 -0.186776640683041
1.48323346665249 -0.184359023338595
0.587889417696299 -0.0509999739765705
-1.46362762288521 0.483055641348824
1.66708738512944 -0.382151913913717
-1.81735935870126 0.311159817944954
0.75244128082332 0.169512908727477
-0.530271313397489 -0.584783297278139
-0.157577478519151 -0.292403307603615
2.81721281542875 0.149677571828021
0.339277524500373 -0.494953012984239
-0.236025625151074 -0.0635879872925091
0.196396438025114 -0.0306269848547571
-0.487810311553641 -0.395592993604002
1.17025817412436 -0.119818380194977
0.992451998218079 0.555259163644867
1.61238148558079 -0.14677985564778
0.10595334246793 -0.413180838325291
1.35292697034924 -0.102870243683794
-1.99637137004369 0.801292683254379
-1.11483400604894 -0.0300389733708285
1.07572593248276 0.24174343960193
0.763147883359163 0.452588909531574
0.0839669828251422 -0.332589578454122
1.187377581469 -0.307572208349769
-0.08468440707624 -0.187017786278012
-2.44099153547547 0.526251107107916
-0.853536948664378 -0.160908255392521
1.19001025784702 0.350751001305473
0.739526569177016 0.0506118937666092
-1.01307567607918 -0.0278051464163787
0.818239711019411 0.363845645853993
-1.24052123426829 0.289250896736601
1.70175637399486 -0.374442326014247
-0.131978382889416 -0.25649350672175
0.733964132892766 0.0538033437125205
-0.481602124667858 -0.252771462145389
-0.14234965237997 -0.880408073020436
1.3029237855603 -0.305451099925202
-0.854872313655183 -0.599824819669172
-2.71683517869965 0.190878766291737
0.54546659304315 0.0603485846522706
0.502992295465168 -0.0765456748392192
-0.163479584342058 -1.02394983676423
0.148514359070436 -0.469087414934668
-1.15289907409653 0.119320860566187
-0.917383031677077 -0.16112017985715
-0.226300738415455 -0.907451826212013
-0.933807411054377 -0.0269236081139428
0.541336206726576 -0.00580960791074335
-0.933145827542158 -0.400576891376011
-0.415478426043057 -0.858656267716888
-1.16242078389579 0.225663059151571
-2.10548975380749 0.0865751129546059
1.29585362559812 -0.180018989788483
-3.58566390301332 0.350577559875247
0.156653501558641 -0.27148569520111
1.30005405683673 0.365266176169043
-1.33258400024093 0.430597598320492
-1.51513675086735 0.837164816570949
-1.44060793074157 -0.159098487969643
1.13013593248362 0.0297324910720811
-1.88629967979191 0.349987120679752
0.906337417658149 -0.23048905823328
0.693739623628638 -0.12063235016182
-0.060687580280836 -0.5065931718632
-1.38335937709474 0.298770867860081
-1.292510548827 -0.0903454983901431
-0.60108705578514 -0.857025047093703
0.135735466103201 -0.63706261598754
0.152395115892575 -0.260152305371948
0.452891891957967 -0.305623220967131
-0.151084308436678 -0.296508060853831
0.535858268797341 -0.0899232952902678
-0.0132891134301918 -0.319730121417484
-0.916510143266268 0.179564451831212
-0.99301549113803 0.0651656289504175
0.315315461842007 0.0756457402380694
-1.32345113953666 0.420202945013932
0.156328449026267 -0.28283670699159
0.436638586109257 -0.145682281658434
1.55628155178487 -0.339925185953068
1.48846818223211 -0.557637487195476
-0.732889776025945 -0.478048654806627
0.734956084495181 0.159547689276543
-1.99690611971301 0.734821836062783
-0.408822759102853 0.00155921508810253
0.00956312113982625 -0.316659805800981
-0.222260947802635 -1.17699736374323
0.149535341842024 -0.481814618196364
-1.43171837818532 0.505010105743606
-1.71911492676219 0.193960635823022
-0.593713305622649 -0.63151106131794
0.377955548904197 -0.551064347898293
-1.73493005998473 0.778494737598375
-0.203336750583464 -0.483357246341324
-0.123162565932902 -0.828719450815462
1.18095067107234 0.283716269887563
-1.67775583462222 0.70238027565143
-2.26544779992968 -0.0198632012397806
-2.3968414690433 0.639659707705704
-0.331060546676849 -0.794179526667741
1.50092614301947 -0.319961329227755
-1.53795513360882 0.360269819064915
-0.0949225764983091 -0.465981541463197
0.639179091634592 0.118283796652796
0.65472084369532 -0.331666356605934
0.218695462099932 -0.468905839793487
0.356803536689705 -0.581242562256395
-1.3662421893195 0.210645529677743
1.97809725016082 -0.122052820060283
0.813225024255519 0.364797103045469
2.80388686782918 -0.147281043841491
-0.786375949165065 -0.270701387547625
-0.735159176960199 -0.470827080070009
-0.627219678353809 -0.648039327329746
-1.76078027062036 0.164885832117096
0.497281714892884 0.126981069635871
-0.202114432672896 -0.69707064966849
1.34729130060622 -0.0293150370519355
2.13146768565086 -0.116786753915817
-2.69931760267285 0.0718865343374818
-1.43099737363652 0.703084361397385
-0.202312682994048 -0.614091598699172
0.494018037443596 -0.137085278215363
-1.45885868952128 1.1582647125687
-0.738876924609266 -0.48854802072608
0.628804491403066 -0.100530160486364
-0.695235401345448 -0.752351802577863
-0.879476724632925 0.135733112796046
2.20672191097766 -0.314153965158496
-1.08071007525067 -0.267748053189253
2.87332270927844 0.185993066457036
-1.48784725029994 0.305558293345903
-0.254116034194554 -0.987289294763697
-0.800931415671581 -0.384932166046942
-1.43088742549322 0.290837854303111
1.10547801898141 0.469730934872019
-0.626959486271524 -0.316899408153431
-0.625370337732569 -0.62842175648844
0.804225097907603 -0.0414200271998992
-0.251740083761944 -0.647140236522239
0.694458898605818 -0.0147367544118064
0.565393489759594 -0.199377247368313
0.0516751642802122 -1.34528024902673
-1.10603331395478 0.137363628944511
1.57909432344279 -0.00499168220990559
-0.00499894842941666 -0.746040965008961
1.77906257363861 -0.399936493827088
0.940926365467252 0.335767260400764
-0.414741825818235 -0.763815807802285
-2.33457150518054 0.457495988331111
-1.99581859160347 0.152543104351135
-0.0888823555640265 -0.555819147873065
2.96928060492998 -0.0146860944258577
1.9684989223834 -0.789273755525761
-0.693539394724129 -0.254502991013001
2.09175580851371 -0.514818813457615
-0.128112611713695 -0.47060353724548
-0.473791471393886 -0.551395318932844
0.36510091243771 -0.0818437447823294
2.29537466920174 -0.751254702473353
-1.20193603010703 0.385797580989844
0.285655711697633 -0.562346044060375
-1.85375206504886 0.862690505772015
-0.0612347943726582 -0.347268689711912
0.0252138887794612 -0.294777066486347
-0.142024714209973 -0.459510123862141
0.908283612886729 0.364066484606613
0.263726532740015 -0.300145497038055
-0.227305952876678 -0.513856279167689
-1.10005466985598 0.215374277830574
-1.23090490814659 0.405880175284395
-0.519851657578745 -0.543853329132079
0.0367926894856735 -0.36385591321272
1.64837825671855 -0.0535481267422772
0.391610393031274 -0.0929818903420004
-2.02972211515092 0.255012909851328
-0.480300411181665 -0.11370242124933
0.523856880553218 -0.173425515123701
0.421351465307338 -0.124286948303017
-0.305894433264795 -0.48319318461555
-0.236707618186918 -0.513585480753048
-0.470652686572274 -0.63406300797842
2.41198262599255 -0.118861154301622
-0.271942207875951 -0.690149135348399
-0.153769703259138 -1.16027552480272
-1.64604759223016 0.710333845082841
-0.654709844916015 -0.495667481520833
-2.87746846071622 0.405058829173558
-1.93317764962209 0.7236107508653
-0.512286971498012 -1.20453374798021
-0.658497934445221 -0.540045160456835
0.740212086323586 -0.380249812346675
3.34462505311146 0.29954416975211
-0.0967703542094024 -0.736026211144463
0.51540267824193 -0.768751366600598
-1.00766911422837 -0.425563618978321
-2.0189446030821 1.36143585319365
0.403981413962448 -0.0947478655050618
-0.367852855295488 -0.661899827529886
-4.68094382196352 0.0499858778571144
-0.992182500950893 -0.19405117386691
-0.989054511211715 0.585419788598983
-0.769988178803349 -0.110200499887104
-1.05442767315629 -0.094671382322503
0.569219345465672 0.116686353639515
-0.100401367921769 -0.684783551712596
0.25033607417358 0.0932680983741388
-2.46310125578812 0.248258515184906
0.1140617820542 -0.496026559719884
0.29814350303913 -0.00920103771734823
0.324520620275393 0.198566953544416
-1.96465364599687 0.522991178850955
0.232731557152038 -0.309007989376323
-1.65036154729175 0.572452725241921
-1.39205933923974 0.101777146296577
1.75991889120127 -0.105290966660188
-1.16534348529094 0.329867835131282
1.04050291521198 0.0538408128283134
2.60253641377319 0.404528265623777
0.0825800275420332 -0.844502649934528
0.48331545919402 -0.0247129844745519
-2.01786474150771 0.626070254092643
-0.0371858866030997 -0.301517185082074
1.13870830734412 0.0664059354563876
-0.221131408457526 -0.125815980865425
0.592753025442228 0.278562942136264
1.09372921235283 0.357369858935956
0.00174142249582176 -0.965262729889769
-0.665559574819694 -0.207429067101344
0.833596687996147 -0.0246320584206707
1.45105888550354 -0.166986975152855
2.20630933703609 -0.683675575391204
0.55418861829863 -0.0968296637387993
1.33645935552547 -0.382197804221944
3.23957688745162 0.125922335587949
-0.919598420195535 -0.412607255973112
-0.842710438369529 -0.364670580691346
-2.93130731643506 0.186858966993494
-0.0465815566271112 -1.24957940929409
-1.77521831406299 0.804724372504719
-1.92573889474574 0.341334907898525
-0.756384439560967 -0.327810983443466
0.395971041308415 0.197224516419479
0.193812663331482 -0.546415108719611
-0.57077582407666 -0.220574803789876
-2.33720127894808 0.579271224531509
-1.18886402237779 0.266162208050767
0.564375548183092 -0.714017751531102
-0.185832458091051 -0.801847665589905
0.709457561989187 -0.304773734472625
0.282394016507761 -0.651118915774775
0.681275910605312 0.00751303417941972
1.75176870669186 -0.212901746140334
0.242830132536613 -0.376015541284699
-1.12329679734175 0.34301070294271
0.103025933381488 -0.420981469463819
0.605388051198183 -0.0707450694062265
0.319700275527906 0.176463546586596
-3.31348859008259 0.460958498044397
-0.112617533548705 -0.134597367787485
1.83019331127096 -0.539598720415845
-0.732194923372401 -0.157757326445253
-0.498451846263566 -0.237627016793628
-1.98022352145336 0.56918672752266
-1.00185994739605 -0.355188502960405
1.05027908223975 0.127121470672017
0.0983281554168407 -0.225838713732587
0.715902370060319 -0.169103725855343
-0.233283169561402 -0.288231985904996
0.892159105783034 0.261026599097476
0.27974095508394 -0.352706935083173
-0.336572970880158 -0.345065261827582
0.081403008375313 0.128782143860499
-1.64036308223591 0.974580469221344
-1.47184874541232 0.253597975197378
-0.757415692481046 0.00946235426877318
-0.205308013358842 -0.652454088943327
0.560567933869111 -0.163715506416131
-0.800730183917688 -0.324810250035079
-0.0396976650935075 -0.482550019954455
1.30965634568203 0.37889276184945
1.74255559599754 -0.710851412157478
-1.15195071546971 0.327977997209701
0.0673907935085499 -0.806965363715661
1.05141532046765 0.402833933618953
1.81489570017194 0.156489452131019
0.240499154808173 0.280560850635902
1.57266009673452 -0.343262085404718
-0.657587332287065 -0.453356930234457
-0.297084909431917 -0.54836410135258
-0.73176162297454 -0.726919119472429
-0.416936560272413 -0.388527737276528
-1.05047583941962 0.0121259818785296
0.605334905441911 0.254165164223855
-0.61766432228091 0.0574173157043185
-0.322049115160987 -0.44458864939063
0.995067083138647 -0.0198645362277896
0.983393289992374 -0.0519210828516403
-0.363219358527305 -0.671841719365811
-0.531467983512376 -0.672601810396587
0.710489419893445 -0.376604231286322
-1.41577870930873 0.499373249465035
0.838278608855909 0.198837761345177
-1.05069547431967 -0.16196006989029
-0.976365932726153 -0.0100778686614839
0.276863660833471 -0.307147085610017
1.06848572524925 -0.268308053988475
-0.248950472529885 -0.395554522269652
-1.41013251351729 0.661982246703843
-0.643059722675718 -0.44938220157318
1.75584047280344 -0.534927673396431
2.28291285523422 -0.208689327903387
-0.34263153880354 -0.539719692909568
-1.84198060965864 1.05217065578175
2.76505954072286 0.287926149609383
-1.23056385964366 0.495571294403763
-0.478923164539509 -0.845579587327888
0.0314798784656526 -0.20824617674417
1.19393482171298 -0.394629594427099
0.35847342522715 -0.289689766865461
0.499451254778898 -0.0264865978173106
-1.02724754678792 -0.482664303071079
1.91017342668527 0.0280205939055657
-0.255347043203616 -0.406713249703682
1.04674993070259 0.447479695037714
-1.44209161484004 0.370850255454907
-1.56437563620805 0.501776607251044
-0.903305087591172 -0.217593426120651
1.35951025125496 -0.0519387359035215
-2.16531737907363 0.530118817487794
-0.688176873293248 -0.622088515611465
-0.929134183759762 -0.227454506988734
0.664817467497524 -0.0357424816536636
-1.80944369778437 0.40755648983763
1.28756147256924 -0.221020174987395
0.902048006838161 -0.245154054363793
1.59144328527183 -0.338727545099062
-0.886512699397051 -0.325620523018801
-0.286391283743693 -1.16048037227072
0.713326344402827 0.318839326371151
-1.72430713940354 0.631125198811285
1.02258399808199 -0.468531722043826
-2.08759663965071 0.901906867960502
-0.159534707410473 -0.491045293758926
1.43612714404828 -0.0893704173011847
-0.440646069720983 -1.07135755619188
-0.818549163255254 -0.0656895590453439
0.893563243571807 0.239543510136632
-0.949731875893674 -0.15323922900178
1.1684621747931 0.131446785098242
1.6123996609488 0.0311906430008299
-0.236107757322835 -0.416454811438221
2.90543801084273 -0.0787946325356903
-2.52906097546769 0.412320842890064
2.37443929637789 0.00928629859238839
-0.565543636273234 -0.927171920865417
1.7508869903911 -0.463973301282367
-0.721366649210367 -0.0749957313425237
0.0195526439176886 -0.655388742149395
1.54573108486823 0.0602584826079261
-0.423697176821036 -0.637126990872818
0.300322030788465 0.0311037370059749
0.969960762635765 0.0100571656429226
1.11207813021417 -0.172446137089594
-0.32271041878611 -0.598947517755986
1.16405431994875 -0.270785468100141
-1.27892269873194 0.206177414653117
-0.580432966533588 -0.0773865278100697
-2.15770442759429 0.137029590104863
1.38561810081289 -0.0666526715985107
0.801434961104346 0.18209670385634
-0.565278408152412 -0.471296826614678
0.561238063466053 -0.304268512148456
0.129515762436322 -0.669289713056328
-0.431731910956608 -0.828922680393418
-0.793497698705463 -0.21236938773398
0.100323162182508 -0.0942427008422099
0.489106167942671 0.113372217264293
0.972517787032678 0.361425653125519
1.04669890648768 0.0719883754587162
3.4563041360426 -0.158435149654924
-0.937718862276868 -0.18681897438949
1.15494672225446 0.120135762995956
0.931060170364988 -0.0145358734799281
0.50513950341808 -0.413585879070857
0.704511821943075 -0.0699784199300462
0.318884037647077 -0.58416522286276
2.58199381282557 -0.160863224091386
-1.06540468638189 0.248312853507033
1.14314225762412 -0.137443560247107
1.63726357464575 -0.00769798596283955
2.77945907149265 -0.176869873712824
0.150123918295907 -0.498518748409802
-0.840890433098533 -0.374920036144463
-2.07317861017702 0.79260208814868
1.21703414183948 0.0605915060362854
-0.441815399488012 -0.584601617081934
0.313926063874391 0.0251265331174234
0.420783972914964 0.365994452967965
1.15746171832398 0.265343904491729
0.501574032042646 0.0802036452573622
-0.480268513175352 -0.914350580906131
-1.95743902066763 0.758632983537868
3.23433825554709 0.245418138310062
0.0767893821001393 -0.173722007024653
0.42569098879735 -0.364341031743069
2.48619202861122 -0.0631576036040456
-0.84472593359758 -0.334127040144532
-0.660516652115987 -0.439089938087442
1.07419440930876 0.115256173504217
1.318752895962 -0.251862911756818
-0.0255403860307928 -0.816797922037288
-1.07907679895386 0.258489995544581
0.52181430123562 -0.0489635997502098
-0.0652412814461648 -0.15407751688965
-0.570792664221598 -0.735971699474311
1.00140759778496 -0.104020075666241
-1.13083982600268 0.491712808312872
-0.823122791040982 -0.203933324445608
0.694767488450555 -0.0423407453337958
-0.447202184852921 -0.393681069474578
0.244954112153712 -0.172055664837012
0.350238428522491 0.418095219373551
0.185525047610233 -0.382978545553024
-1.71084583847358 0.753833228556043
1.49587932873873 -0.194114582511091
-0.750299950199113 -0.50460592685449
0.585695978126502 -0.608242195871354
-0.514760348436413 -0.574135886036436
-0.760255104948519 -0.278264528248267
-1.02974722035826 0.214939724966818
2.19481738390542 -0.240318253279947
-1.0552175256489 0.199711731226596
0.0415080510804582 -0.304626456495349
-0.266788083349768 -0.830135774110045
1.3042575171493 0.0547838972270912
2.29376312965218 -0.291848349645438
1.46855068839883 -0.0520968629229945
-1.33323759681964 0.42225842272299
2.63125218284439 -0.0576676859490811
-1.06336506675976 0.130121463422875
1.575356107498 -0.416353586716369
-1.285543922012 0.247096867967327
-0.873408129224792 -0.266342075637947
-0.492227896905617 -0.229631339982056
-1.91248274685675 0.281518215909881
0.0908255357189061 -0.30740178851723
-0.92719957032961 -0.518944775829947
-0.500078389953092 -0.587276444655601
-1.96519888316903 0.837601916202391
-2.05603418572738 0.266881565374165
0.0650027402563996 -0.231134872325251
-1.55601084053758 0.617498773143643
0.934264697432872 -0.127023980930801
0.933486620577715 0.455270482199936
-1.34642675243867 0.185775807227631
-0.430661525729205 -0.630274650410855
0.544191611726677 -0.0778557788918697
0.0336470244314481 -0.234419452178414
-0.715827363823644 -0.599365666365512
1.98592124655888 -0.553582877476752
-1.63739731519452 1.09614111201094
-0.626266528932293 -0.621692517845613
-1.15280794496249 0.265936340354421
1.15917871619014 0.454245419972728
0.108245948371483 -0.484851528549746
0.628737097696928 0.32808585443092
0.501255569810089 -0.280855061758411
-1.13126923503938 0.40403149479572
1.98331162642788 0.181375510901764
-1.25639701827165 0.0778644314503833
-1.89742102168535 0.391736602715635
1.64085504690683 -0.103662853142526
1.27343799075105 -0.255293567525512
1.88995164184053 -0.0879841855883281
3.56250880107566 0.154381266619349
0.411632223189731 -0.0111898774124039
-0.236846597266302 -0.341015380349836
2.99084474534595 0.235804122296378
0.30375086371707 -0.481882479540906
0.567673796729109 0.162286780112897
-0.737104292045921 -0.328004979168852
2.27933503938938 -0.309537019620891
0.848099915513792 0.22625195124007
-1.76434788970891 0.468987982483677
0.245959788302474 -0.263263981425664
-1.08612107650464 0.0831182536234164
0.880877001013854 0.208047436313047
2.19278189891381 -0.4780120759907
-2.17234870052477 0.36428798555679
-0.626598853763553 -0.315997602131534
0.703164110089898 0.261916912347815
-0.751950165281149 -0.195922018887251
0.455088235925426 -0.218448064562332
-0.206569829147881 -0.548602358301505
0.378960732537291 -0.278793469036618
-0.251640599691392 -0.877462057562744
0.636495883253518 0.0966146148122039
-0.51765335878008 -0.549158471028631
-0.260074728972544 -0.724328488050232
0.709798561078712 0.0662220940523832
-1.0902452706783 0.183269087903306
-1.3808964908176 0.0245359629982864
2.10168183250279 -0.155376388055345
-0.79060246078649 -0.368866399724069
0.22195658072186 -0.467840629350415
-0.687080204069624 -0.343090772551699
-1.78884923523839 0.563702631088143
-0.870401691626907 -0.0953423957879076
0.038098672089809 -0.306632246543217
1.55188243178648 -0.437960503511404
0.550982229087055 0.165121796278096
-1.51544319719008 0.440909881688359
-1.45059354987801 0.531611182917517
-1.13827265689132 0.0551427909079947
-0.535489123002486 -0.317418606878678
1.80238746764762 -0.138243094828777
1.5015456783128 -0.390469946510276
1.89660744300072 -0.285417040110526
-0.728283410042859 -0.102238157430624
0.44310703514679 -0.375883498901134
2.24325877470674 -0.238823565538541
0.359044374731595 -0.663002158554744
1.82584912782335 -0.156451362355218
0.698559021573802 -0.176986998120874
-0.933960680837731 -0.37608257421827
0.125270792478998 -0.705867013764756
0.116115131455763 -0.457855773180358
-0.00612096607750191 -0.569447205955527
0.714225054195538 0.374692546418853
-0.919126122714735 -0.348508038564307
-1.17689881914829 -0.0674654603995317
-0.900320892004573 0.147522101978861
-1.39630734790539 0.328080418213112
0.742694032740589 -0.00384940345726319
-0.77383869751633 -0.309169649139724
-1.52062987055229 0.764613996572659
1.20831675576567 -0.0608908877246093
1.32151261828483 0.166583496440517
0.270305899089783 -0.640795343137851
-0.607990561322381 -0.216985052219548
1.47154985527706 0.038030933194991
1.47164216084016 -0.0600783629439356
-1.8359930460072 0.301173901675944
-0.236157523188397 -1.07302012495843
2.54701487048706 0.180139736470427
-0.683265690058245 -0.360118421470478
0.844594048396706 0.0638962292115579
2.23252647448974 -0.0704702258309076
1.61639378314646 -0.205673833848574
-0.738516812274122 -0.571684163783153
1.31602436238737 0.296970218920113
3.05534336156779 0.41156766210732
-1.45140255575825 0.642665547776775
0.52398158883239 -0.479139466857133
0.841453695865664 0.229312408596348
0.351112926368227 -0.180124318115426
3.24460717523697 0.475744579801048
1.11637626496397 0.435203647192106
-0.177418113199858 -0.727037174789505
1.40804674325861 -0.249705318619738
0.0607681366505862 -0.138436422957174
1.12123992272101 -0.157338130713878
0.0523472271640315 -0.103864128394782
0.964644537582021 0.171737869144171
-0.861556806872449 -0.524827712677965
0.673171272831952 -0.039771574202844
-0.652029308386094 -0.436432424525924
0.807330390954363 0.242512879201029
2.29752508596055 -0.240588850002306
-0.133488584477148 -0.842258639145328
0.768733157938976 -0.0137283761681775
-0.63890470726095 -0.746938187683183
3.81405045118986 0.580990303630638
0.590719415731121 -0.162851393808807
-1.86006930856988 0.750052738538409
2.08631992579292 -0.318309092278509
0.474413530438731 0.491030854003197
-0.805102323106243 -0.576858235279052
1.05000276573904 -0.196069324902879
0.447613516609365 -0.292964678399301
-1.40579577297051 0.188837290205509
1.66611861557937 -0.0916911134449162
-1.80657158416013 0.811490690708925
-0.890224956859608 -0.187105478416459
-0.68805447200695 -0.165938500416772
-2.53453815810113 0.344438696647823
-0.454399765058046 -0.251432791516503
-0.313629975734964 -1.00707845131645
-1.48412749184074 0.461597141227847
0.151885640911161 -0.307764066002026
0.723480811507978 0.250727075883816
-0.76974902762442 -0.659630781191316
-0.0548962839701877 -0.0232750826630639
-0.610566498482727 -0.376872324606887
-0.174032299983164 -0.669917669362293
1.36121795518121 0.22941862093819
-1.51770762373198 0.157082826381899
0.978482902152699 -0.170516179952865
-0.374441483907011 -0.380820929761261
2.53688438467585 -0.13404427673762
-1.21904089442264 0.0168881292587
0.933733940572504 -0.0410941500185358
1.20900798181695 -0.048887122535499
-1.8065253793831 1.11847792534508
0.0445842423438166 -0.656788575908495
-0.610265110999792 -0.774888137196005
-0.530260404716715 -0.450014178216254
-2.17856859112513 0.933236102816532
1.4175182544389 -0.322933665721315
2.64804739970417 -0.0417730324205348
0.680572663112354 -0.20193811827103
-1.69606781865535 0.73496879261567
-0.502466336803766 -0.237449472776884
-0.292540900581475 0.20581106579282
0.715492800884374 0.892257236916019
0.621313276362036 -0.529775798086671
2.70024559991473 0.331121267873205
-0.740283154847277 -0.0736925802138998
1.18832872947924 0.207625346811062
0.443836371172858 -0.551032116230906
0.926275214545579 0.549656833927279
0.727882955986913 0.0911801534649384
0.0229377276282883 -1.02229765256752
0.57175801390614 0.146782177030623
1.39783203381063 -0.00723225494432855
1.68939567630855 -0.392829357808031
-0.221300449530556 -0.306692014611413
-1.66005055177549 0.912653050101215
0.525078112110803 -0.045280107217175
1.91312138274266 -0.322209733574065
0.00328685091145536 -0.321924832252765
0.597997764113754 0.373709804021247
0.507079557652974 -0.0937503364227011
-0.308523112400515 -0.345426765048878
1.55829213101619 -0.0927916470616307
2.46732528406074 -0.34826255520671
0.352150997490543 0.193628963332796
0.95083334082771 0.390396310025197
-0.784046742253469 -0.428761226236935
-0.426953217345091 -0.754859712906309
1.50376775902066 -0.39496929962697
0.31883142835538 0.030683408593705
1.29737235492618 -0.210987734086252
0.431354554593548 -0.169548215798379
-0.80510200847918 -0.215625535302766
-0.693268792351647 -0.549071321365571
-0.76024530486472 -0.0516931077837276
1.54330179368132 0.0648587476902147
0.288215038492096 -0.334914417434558
-0.907168132115792 -0.314115658819442
-0.263393163168988 -0.144139592964602
-0.727345451910086 -0.272371018615449
0.199883265452459 -0.726409019537459
1.33970139539972 0.378363205102133
0.478598154825297 0.197524764127538
-1.68288313173148 0.707102095696857
-0.215352469062454 -0.644934289923893
0.0710853512550466 -0.417884219412712
-0.148058579985853 -0.977607935885598
-0.815316701267821 -0.81571544054322
-0.55234155232917 -0.666627029323385
-3.28058802569174 0.134614577182976
-1.31508468154048 0.485392453443043
-0.636613446741749 -0.571496312283218
-0.520666696804675 -0.517400755508193
0.501889477321487 -0.227063002526874
0.428356766214677 -0.0155567385097781
0.0753017532307583 -0.943017236460556
-1.43017689018042 0.472929484487078
1.19685887528366 0.379608548220046
-0.756284571540901 -0.498893911271661
-2.55390433740172 -0.0610463323089536
-2.2716028596254 0.557867713696929
0.604541222833226 -0.0201909591583187
0.533617629334762 0.0252998466538705
-0.404754485632826 -0.72755818475513
0.571937300424756 -0.0686947886947927
-0.803432192276692 -0.653147250120973
-0.824293014897077 -0.544794286295973
-1.48687297896562 0.749310276257905
-0.853693724527371 -0.542047170579279
-0.973210044091087 -0.15684059334936
0.49262040817049 0.0544838202218035
0.723266811466062 -0.0130984039740689
1.19035075754189 -0.240596317806255
-2.05928420472543 0.580576845958757
0.0230019611732513 -0.219920818305556
-1.42616671108326 -0.114287060334682
-0.482437437900611 -0.847151725788426
-1.11410753883318 -0.195167316963508
-0.955649439828047 -0.116628251665368
1.04971483966957 0.416614118731653
-0.95567295934815 0.0943067675416032
-1.16551985519597 0.0769130055969937
-0.625493982888231 -0.630850789077615
-0.218782826013652 -0.813793597764376
2.57233140785765 0.0967427701278416
-0.141172242854397 -0.245543300459251
1.30857625413366 0.2561302027994
0.21279095767458 -0.271467622932646
-0.867593657975193 0.16646002320967
-1.6972174964715 0.674541307537887
-0.0538506207181523 -0.55145448155075
0.658705005349033 0.183520023676926
-1.00014831516769 -0.35405737086448
0.195857725302644 -0.371789225244415
3.78480341934385 0.695845310667431
0.661946012464243 0.111168006638099
0.572801184254715 0.143271669800342
0.0120275644617657 -0.586068276687296
-2.78900298046171 0.358955353438134
0.668553050015993 0.409957469734099
-1.1943222242578 0.289160598275647
1.08419014668074 0.0290834952644634
-0.610192078864089 -0.188500077331638
-0.238120266421489 -0.574413334784451
-0.316940569384209 -0.724132334619851
0.467424905501953 -0.385906123062125
-0.630979560747605 -0.254208986434572
0.224105508262218 0.241656102642544
1.02418980905033 -0.0175255015594564
0.542938677231979 -0.196284210552646
0.195626663208326 -0.152335322362148
0.224154406421739 -0.535708204138006
-0.0932635732415027 -0.248215469105911
-1.21024915512947 0.21039924375986
1.35821369295303 0.18994145547162
0.650440649211803 0.285449977056473
0.278768443296375 0.00936749354172856
0.09795700036788 -0.0942265903980176
-0.329963971334867 -0.888083954717339
-1.09441761881157 -0.197439265613842
0.0947504464996755 -0.491798362190963
0.395511990052887 0.105297494866769
-0.955633668485029 -0.359872482925838
-2.8514316076432 -0.200208942022383
-0.462041358196826 -0.918287848264099
-2.40298940158298 0.179284431172734
-1.35950760444966 0.300349384004066
0.116253007394736 -0.635457569544648
-1.70964515798674 0.828977904775309
0.301503566599333 -0.382000437932462
0.323237967192868 -0.370438812584606
0.946536197224428 0.378060130512937
1.80070238427811 -0.546336456600394
-0.657015732054932 -0.764848148378812
0.810492734218225 0.314712670066955
0.120620669369538 -0.0960450256267144
0.149356117512324 -0.282838727774772
0.18854205595267 -0.568176268371143
1.0579021503358 0.111400350325832
0.232317268955972 -0.125527977798216
-0.187617164779218 -0.867819712236088
1.75193073884383 -0.357955999729016
-0.740710290235704 -0.691157610744746
0.578491846337909 -0.0719481996845502
0.582145451350595 0.0201044408543559
0.524394638639161 -0.109265033118132
-2.49501235344072 0.479214513777102
2.68266593381373 0.106831684040348
0.413053874829936 0.200836060276772
-0.778952019511115 -0.925625093952215
0.627536147704918 -0.314682424955259
0.211786994969545 -0.136591228740596
1.25103921650654 0.196516283790443
-0.229446658002837 -0.697183023746656
-0.706867918430603 -0.672881669563985
-0.570897083988292 -1.01710531665001
-0.188616360415042 -0.49046630737222
0.201076221640603 -0.444234351936827
-0.758429064002909 -0.0359073215726289
0.0962376308839669 -0.239596617369514
-0.033089321264271 -0.806087780340325
0.282400764193172 -0.359812519401719
-1.27629332382015 0.136986143347831
1.09554124752065 0.131341571740352
-0.65233422933213 -0.383302693624792
0.346175488188929 -0.115963877358208
1.11012553927836 0.162362888278579
-1.157072006145 0.420098411693159
-0.991117375308774 -0.0500619925900615
-2.27913038860011 0.619890700159456
-1.70616335968114 1.26012447306145
0.921954516372072 -0.281086347088068
0.462695556345593 -0.554343707086189
-1.291893395846 0.684437094916578
-1.46184472254876 0.55749492775802
1.92496363609996 -0.671490224774925
-2.52146376830072 0.151407289943833
0.970164408210376 0.124130478168934
-0.228770261791218 -0.425222757122359
0.105446746574235 -0.635449707589661
-1.07415526326796 -0.332884857033989
-0.388895440754652 -0.859290042298188
0.104273048480917 -0.40419805568315
-0.43932662273823 -0.868559237720785
-1.38365819948582 0.31460191141661
-0.124504110269277 -0.280054659162643
0.904418639570355 -0.0860058117998272
-1.44320763239339 0.632430831492078
-0.252626438393147 -0.439284237547311
-0.782160856812014 -0.335899531100214
0.55804232462081 0.339544160717068
0.00148850097013515 -0.101496729599619
3.10465266769702 0.107294486215626
-0.0930818863085235 -0.999336560248183
1.67849232379047 -0.60819965367997
1.06225568334724 0.231079770241645
2.0763175362998 -0.431779051218543
-0.560552898375773 -0.475569055315718
0.321006228014871 -0.429921272068664
-0.107217437163184 -0.668362570489465
0.523035540813372 -0.221352958854955
1.08702913222944 -0.0800371305785201
2.23318704309201 -0.322408877884687
-1.49902338584599 0.496524311905843
-0.132306173875489 -0.330303945412141
0.603913222187201 -0.250316161970889
-1.09181515260665 0.224426043810015
0.446417858144878 0.0817923577871442
1.16377541060152 -0.0187601198555293
0.034830521692761 -0.777375689254259
0.711951954045157 0.335120536811896
-0.71743901525626 -0.624182468813385
-0.0453095065441715 -0.776630757293257
0.834150308825245 0.704593290897877
-1.03278838890884 0.267685421258498
-0.304144592320771 -1.02471518110341
0.0305273029271324 -0.352610910512703
0.906318871283036 0.348080415893221
1.31399581606969 0.0450545489181424
-0.465261610431231 -1.10923645596291
-1.5754628384617 0.243097489982809
1.72241058567993 -0.218640678337428
0.397735290766494 -0.0920762720009635
-0.218137946680171 -0.529165822838184
0.47708102118178 -0.172621169553825
-0.169870059983041 -0.751915017411206
0.390278184993231 0.0810763700497293
1.13470689546024 0.206293782284952
-1.38891792848786 0.0213964502965013
-2.34948398499266 0.287869930358813
0.629318352116891 -0.0977920095760534
-0.364221237583819 -0.73552237262509
1.62709765635999 -0.0171364360608244
-1.07071599655523 -0.187232236185246
0.771423774128733 0.156117228652144
1.76415964828591 -0.548416961521843
0.958282511319443 0.173476875211237
-0.504437358316467 -0.33288961299432
-0.270345000519118 -1.01902118082679
1.68536024889094 -0.226916330289225
-1.30641788879345 0.179209838136493
1.09130459739002 0.0556455383109936
-0.595272422024216 -0.291394008198421
-0.360249382170836 -0.41702017449326
-0.144816375183135 -0.616640531485808
0.263633990716578 -0.179197446789115
-0.742766289216696 -0.480443665367881
-1.29347945313578 0.0617160825789139
0.807621408672359 -0.0299413119763304
0.440912360768528 0.107771661307383
2.92465971872323 -0.171699222511202
-1.25347555865143 0.40174495009075
1.58250100141444 -0.147361852075651
1.6334812562014 -0.206489891986818
0.0258784510648363 -0.453146864461662
1.08776604342635 0.640191882157662
-1.24002118380783 0.299446194905898
-1.31305089975885 0.246484694696211
-1.50137947341925 0.448123510232657
0.496780391641041 -0.166512047403587
0.200537683096806 -0.761729572054219
-1.53190409306214 0.38339004059343
-0.280877525024141 -1.10502418884844
-1.66748097563807 0.591478285877855
-2.02290961531428 0.536657112344472
1.94914060720554 -0.351209069871295
0.740320143925077 -0.225175450538584
1.98422516478936 -0.559422594288566
1.41770205070319 0.323651360343706
-0.807029710964724 -0.51555007277567
1.3430647220668 -0.180276437912335
-2.51938855067146 0.429841379050468
-3.07797463969895 0.624500303126907
-2.20902581070864 0.61173395797205
-0.783250221032452 -0.585459001963513
0.307409710558199 -0.205669043112476
-0.181804449145833 -0.652318298189806
-0.617539086192403 -0.806486915701203
0.178746567119326 0.0226682238903518
-0.538061381020533 -0.747093394231348
0.162331251656866 -0.174039354440258
-1.2139888667116 0.410678038003401
0.555086639260916 0.141266297970624
-1.71207467888835 0.753726582533756
-2.54021328923865 0.045666524070077
0.457149600374726 -0.375907738029423
-1.42213895589228 0.508026498310122
-0.804232192653043 -0.310943889249337
0.674097056389096 -0.181139415749815
0.0766848184921718 -0.212412069331795
0.876536065904488 0.0766979593900392
-3.21841771826073 0.179340257669354
-0.361302157293218 -0.628412957931068
-0.0261131033455265 -0.656994614290897
-0.67513187854823 -0.639560585239166
-0.59108276532422 -0.717536946458745
1.03265063326444 -0.21516098482142
1.5187240021845 0.307401291137928
-1.58384946305127 0.0890152695894524
1.00637808056011 0.222571889873633
-0.306705184454212 -0.618739424030127
2.16849153176985 -0.0692951394558295
0.888120160742355 0.0817282416891743
1.25136304923389 -0.343906315550843
0.763962448649763 -0.0827197645609905
-1.24358072679133 0.627270796195273
-2.31672088427612 0.2244607571408
0.421245906994966 -0.028076512296934
-1.71209820351013 0.803793227866362
-0.561521932735413 -0.593956376855154
0.263148960784793 0.059822881565527
0.344113439034294 0.03324484796304
-1.21712286956211 -0.0692605078824711
-0.113565126997788 -0.50401122608543
0.376646244314722 -0.025708490611938
-1.98739235689632 0.373796712059948
-0.466755831169309 -0.371238680323588
-0.479469161282944 -0.849289567581912
-1.45034855104763 0.305693496984148
1.32898182651007 -0.118207151416381
0.441622484678735 0.430576456193827
0.226461503141068 -0.660485961923416
2.09514768724738 -0.622662415787055
-0.384051460740661 -0.569561239309056
1.71148315646166 -0.311058544370114
-0.420581003371185 -0.375524600241444
-0.963857236327553 -0.380863845392087
0.280846419055676 -0.493694075862533
0.0727018465271184 -0.23126082657343
-2.21069684346034 0.597962620185444
-0.602742955829692 -0.716205248326489
-0.108496369278709 -0.638150245255899
-2.07253229312809 0.752706123376832
0.741807113409438 -0.0688735142300291
0.488062796833376 -0.341570635439377
0.831873290198796 0.270399296883357
2.45646524416142 -0.133246894967321
-0.00223491700973814 -0.309527849542306
0.986773047849976 -0.15561662745805
-2.17641088760548 0.0288494980313614
0.33734652950964 -0.305229518695539
1.11191937795204 0.341593894570409
-0.695686360513071 -0.713445699220719
-1.45046583241571 0.212782725779328
-1.67086324819106 0.494106205494317
-0.453254023413405 -0.565944560786487
0.384989771556398 0.316306725903513
0.999632875968419 -0.133835105531866
2.41652613995804 0.0110852654261036
-0.583513114320759 -0.391709267088311
-0.864657008277189 -0.471403108864244
0.00117357782606062 -0.512376264780617
-0.879741708226312 -0.239747704613157
1.69543697113067 -0.507879864801707
1.70357850781827 -0.329845271010465
-0.601568352072279 -0.644067038642144
2.23005206003009 -0.318280325952574
1.90192558623231 -0.501154716752012
0.519331849874387 0.0495159584355836
-0.0388843942375744 -0.615479055033564
0.292490370846134 -0.060765424462718
-1.83420299845927 1.01382646186759
-1.5476324801132 0.982987510389156
-0.925191552750673 -0.270677813496963
-0.578993715146507 -0.20595299273832
-0.662338814305791 -0.671895892336793
0.0565808635671903 -0.529586301353468
-1.37265461489722 0.354783656400334
-0.59529408551246 -0.747372265845784
-1.39732876204456 0.827077170141493
-0.986928082943361 -0.168796314938643
-0.57020777733553 -0.523833789486051
1.52436055450118 -0.37866517056435
-0.333347107663971 -0.597372390769068
-0.427198164696211 -0.607453969002311
0.602730789837346 -0.10731678272813
0.256338251306141 -0.44104687475331
