-0.128127765281696 -1.21449405100247
1.43774839958557 -0.666120473367694
0.989979605040057 -0.454694861385026
0.237686399501637 -1.09675901705018
1.94276929583586 0.271324089762276
0.489398159047448 -0.916345962828483
0.300706775426846 -0.890202994661571
-1.58601465543977 -1.65257267736499
1.4683212167819 -0.748829248969583
1.10975581534443 -0.436994589576183
-1.45154875834149 -1.4314565458703
1.31899140892 -0.72601426173072
-0.300692155650003 -0.79111649495666
-0.670804987984829 -0.876526429566398
1.44359561884493 -0.355733868041805
0.661927724232982 -0.601149100579978
0.177341380614851 -0.992018771611183
0.296275006364417 -1.05952230412903
0.549807405853771 -1.10588623245735
-0.646252658528983 -0.717653054025227
1.59662868817606 -0.290538469240426
1.71689280774586 -0.247693069681463
-1.07998948245372 -0.979699512035918
0.0193840153037441 -1.1721155564661
1.66972882848037 -0.595684912685641
-0.374043645194026 -1.19413783213748
1.9949123447616 0.143992623478048
-1.770325361421 -1.97946046033003
0.199759404821855 -0.970818679008012
0.388631511549083 -0.59350805221502
1.31067665618621 -0.585619372000499
0.982918533494266 -0.813483442236422
0.743344178890926 -0.594990594832407
-0.0939736182449913 -0.93442101371762
-4.31677837125009 -1.06577652277141
-1.57003533176152 -1.36718337092826
0.460135967120129 -0.925509495282545
1.9232012144862 -0.569134187092257
-1.17890464903136 -1.06060856782383
-1.17018875186436 -1.05440714670074
-1.69543186581085 -1.79451649284209
-2.80520275860679 -2.11841201219839
0.353184941368682 -0.894294179313044
-1.4311230871155 -1.28865264762683
-1.14614870565041 -1.19212500520661
-0.303538111996594 -1.65389917689518
0.364321522104694 -0.53915130227237
1.09823283487726 -0.737182161763202
0.219347287946824 -0.58763167882551
-0.880535461423163 -0.958022871953373
-0.185058963665758 -0.689410350245432
0.777940612222902 -0.610364020712224
1.38621829252475 -0.689257400955686
-1.65000039787899 -0.97111581441303
0.677441190152334 -0.893125221313199
-1.49616726772485 -1.62337058058466
1.20301918163152 -0.667846775701812
0.634148786372435 -0.784242985694099
-2.5450008800098 -1.79535527287587
-1.26623913425492 -0.941495022568745
1.41856824894494 -0.630980005109652
2.91370429579123 0.291682703360597
-0.10233955476518 -0.928389159451934
-1.33829426609117 -1.45758501061288
0.155928714342033 -0.792689791044009
1.20637907700683 -0.710401361071744
-1.5604902553729 -1.78658633108157
0.350187794613721 -1.12366288547595
-0.783425864071451 -0.950669598295055
1.02125935741526 -0.682328868049019
0.380286208572193 -0.636162905750677
-0.416360499679084 -0.974907925594779
1.66706260980595 -0.338512425233294
-1.47475718524269 -1.7076226841236
-1.14433018227803 -1.38183200088432
3.46755205099962 -0.596069969777153
0.437603946302623 -1.06856841966023
-0.453126184547618 -1.03754901986239
1.62840431212387 -0.464779971724596
-1.97116943515238 -1.70771230392677
-1.61426495538044 -1.11902573603188
0.57387255046355 -1.19656409276055
-1.4444416574139 -1.48871649497836
0.279936632603869 -0.603209587039838
1.67705526977241 -0.383796719263318
0.746053266806149 -0.642327856441913
0.434972595534154 -0.815177061204461
-1.39690660636074 -1.17993135384118
-0.160747474042441 -0.841147744990924
-0.245312452156142 -1.19931048937385
2.48011559775505 0.497438288654644
-0.39773261586967 -1.05324931762095
-1.17728564607424 -1.46499776165585
0.458056619671421 -1.17126098030951
-0.288834439001741 -0.739527371653957
3.06916477560225 0.217845660957973
0.336699017379553 -1.16500860837688
0.265757307781447 -1.43859027775025
1.67201710139655 -0.58502636514864
2.36715497084842 0.341242966442987
1.47446358185993 -0.878476301726751
-1.6884738029867 -1.05697709672383
0.192623782547285 -0.849889378337107
1.43306440668305 -0.406986526077837
-0.0180255608290664 -1.0690828077721
1.16931285893935 -0.603679744910251
0.347268851395546 -0.836845041686624
-0.111302992649977 -1.08963781328136
-3.13392326636105 -2.31507247284008
-0.209111844741278 -0.71072617988029
0.755526135148553 -0.631410747122143
0.759247203599886 -0.680809904672572
-2.55007975136818 -1.9521906853015
-1.74598645653198 -1.81443487273345
0.905292292864542 -0.738573756573709
-0.9719152674891 -0.598929880132836
-2.77917314468442 -1.8577931582431
0.59288699878865 -0.57969923894732
0.418704440918098 -0.817365531819014
-0.571142192375065 -0.903084372179317
-1.25780051051717 -1.06999435673902
0.778070950421846 -1.12568364493322
-0.928117720935823 -0.53275617035734
-1.33272110212449 -0.934931025671784
0.134130940313169 -0.785534638633475
1.5060493006994 -0.38168835051286
0.737001409263497 -0.888597380560141
-0.728156223568136 -0.70961105607184
-0.591465425977091 -0.986851012659899
-0.439274482315286 -1.25550641095927
-1.20896106479077 -1.27450041093323
-1.91404455483671 -1.5054519798041
0.280476403806146 -0.886905221985564
-1.73122288981639 -1.37917622775719
0.250535317771305 -1.14981968486472
1.02278312043374 -0.94302880596195
0.275646736993473 -1.20227627219799
1.11962953475302 -0.988399075575141
1.40647703277012 -0.681802287354499
-0.631564998080066 -1.10563223012975
0.30534421366519 -1.13154780427641
-1.72412833623865 -1.24920417907405
1.26922049037196 -0.848210458944125
0.667584499887356 -1.12031841229859
0.358411602007128 -1.22624680916031
1.0716211686524 -0.627088383316308
-0.715376444874938 -1.10461534237747
0.369270488812092 -0.801486276793448
-2.30432041748665 -2.32421628354164
0.138495397696695 -0.952043777792294
0.31474603551112 -0.921907694260905
0.227808299326215 -0.814905825326639
0.712413312047275 -0.581794244201365
0.414342959842481 -0.720579319673737
-0.39122606005784 -0.918952530331218
1.1728067962589 -0.652828015368689
0.584377078587825 -0.456034261575397
1.36629220474622 -0.445886027538194
0.0419514647137635 -1.0019512080523
0.113751216572612 -0.911126375088887
0.0201479940787363 -1.08181259013765
2.38184279133179 0.527321470666902
-0.503254207489878 -0.858353317107017
-0.517273716319767 -0.595820910727135
-1.98429333317812 -2.06761433098786
-1.24837498277619 -1.13929007479956
-0.283457708110608 -0.912906900737464
2.08466600895296 -0.0967917488049404
0.782629862987825 -0.852478234807335
2.13832370216323 -0.0491966921497928
1.17786238790775 -0.349437004615052
0.0017321771712391 -1.32620815749695
0.530553059895525 -0.486919357144654
0.195636592186631 -1.31274283269355
-0.000267311675136396 -1.14547357999413
-1.48183039078773 -1.41043933911119
0.499049345243848 -0.684224683118798
-0.759397375831575 -1.15209312861364
-0.0901522243079622 -1.27410855217521
-0.0911339183955376 -0.965378939487123
0.485394928149192 -0.976358633751044
0.496560876404592 -0.0948124834370586
-0.225733943942801 -0.81050433488878
-1.02858472060499 -0.852371073377555
-0.926928522426674 -0.449804646443835
0.215599144410174 -0.275159929544784
-0.138580499347842 -0.40413905533462
-0.461372320888348 -1.15572626477662
0.0678302507004603 -0.816178387268287
-1.28306075639353 -1.02378814136361
1.51121480475059 -0.302410614479248
1.79495316668605 -0.589199401903599
0.930843948883996 -0.809261679549535
-1.17340069137674 -1.80642805156233
-0.130009803425554 -1.19477996081974
0.401335081863269 -0.97681680669789
-0.0928610675251936 -0.923306907883696
0.193571415720219 -0.781395381426715
0.226289106857439 -0.85142770546266
-1.5719623598393 -1.69657741402983
0.640671769701899 -1.29833815293084
-1.01722969113072 -0.841708528670615
0.329615518531132 -1.14127109557542
-0.794135135137282 -0.647082452010902
1.10091128356697 -0.875639436486796
-1.03910181172999 -1.4919711850489
-1.16047409895363 -0.723226468093689
0.281364112799693 -1.27100433473554
1.83001091774558 0.124220556034599
-0.626033943192345 -0.421704852341568
-0.822673418719283 -1.22685083666696
0.631787244645004 -1.14016814398121
-0.165213483907587 -0.876828819891012
-0.269932381337264 -0.867784755606859
-0.498925663159008 -0.703017363947608
0.502830911009619 -0.872380829080397
0.0827969172200139 -1.1610941470653
1.15613599756585 -1.04127847021111
-2.23858431909778 -1.83038694416458
-0.183729539836834 -0.951735693386662
0.932927218762956 -0.684270848486428
0.94211505745528 -0.343828465491413
2.43437711620835 0.584388053944118
-0.665119439305336 -0.800571379855214
1.32945245137361 -0.510452587694265
-0.0804626622836204 -0.731267940948045
-0.465435405256836 -0.512687123146204
2.21814868531099 0.492953156856463
-1.62613990135229 -1.49064111735753
-0.236601988422227 -0.559383436482838
-2.24581183160381 -2.1571443503364
-0.0367966116390616 -0.893986153823594
-0.521564893068441 -0.859964870770956
0.687901266304158 -1.17608309874315
0.825660345016655 -0.683006657692114
-1.41159815162902 -1.3356605135121
-0.542150082836162 -0.804751513469463
-2.57279105628187 -2.11683983859716
-1.22678043691701 -1.16799667556913
0.144538437523311 -0.931051661389778
-0.529409086362873 -0.834900701000194
0.604263073919529 -0.456043057460599
1.21158140102255 -0.498892028658362
-0.206353869152807 -0.822314337269414
-1.22534343640309 -1.2892639870763
-2.17945289733872 -2.10824207700205
-0.763548665233243 -0.943687735096118
2.72389346766521 0.206973225367571
1.32385304050595 -0.67092192232131
-1.55663846777146 -1.49892217155498
-1.35006375594253 -1.21650801439375
0.656368431159083 -0.771757611003192
0.719826107506994 -0.79236882576406
-1.40250322041293 -1.1617539845716
-0.613427336761974 -0.667534241810704
-1.24164831874081 -0.795323020139075
0.929448324047264 -1.03791303036486
1.2508041225689 -0.722749326366932
0.727240669690068 -0.597247631883508
-0.697646860660675 -1.00291713242061
-1.56280793262344 -1.7761149698462
-1.54149184589515 -1.18303051037422
-0.123560204629173 -0.399173675718057
-0.39455535939812 -1.08708901536697
0.211667607249805 -1.30076469611266
0.775236655279742 -1.49879835396553
-0.965598153692199 -1.23354249496455
0.686722804266272 -0.706416817990216
1.07315637689207 -0.760224855537986
0.0823794532355587 -0.830275296590419
1.47076270957251 -0.421636332299762
-2.17895073355715 -1.57044560275792
-1.46329949589422 -1.36065028371391
-0.88315410065298 -0.539150345630685
-0.864389053287339 -0.84053297283828
-0.379991796060956 -0.998480879482776
0.762091563871493 -0.894897319517494
-1.10704573350964 -0.771504326533439
-2.27637779816685 -2.19168208034038
-1.14864166175365 -1.40023502209607
-0.175649821724636 -0.883395373567761
-3.4461286698607 -1.68560962039433
-0.562444079500756 -0.989117583314598
0.526999801179248 -0.912130414471414
-0.138511610012934 -0.94855445703417
-1.21737976271283 -1.06032950810081
-0.111277516091738 -1.34940068078962
-2.16517658816484 -1.95744998098106
1.9273098914955 -0.379915411720159
1.24351816237489 -0.503332688934348
-0.882400293349337 -1.09817889521581
1.4199616349182 -0.630309902827702
1.44870734284478 -0.764809910649408
-1.04536839724315 -1.33438890740281
2.74106547607582 0.36908751477908
-0.420153656174715 -0.885935769249219
-0.126462382201655 -0.589452666043818
0.578205070935647 -0.557899271635143
-0.476165493830203 -1.02547129395279
0.0711117095700497 -0.865714562508568
1.52748756726528 -0.257567607480761
-0.668228714743679 -0.685155368871392
-2.80857009489751 -1.94433658189226
1.05915697450235 -0.619444549339048
-1.23020038558759 -1.02903994381179
0.903700618786141 -0.569649968009114
1.01028245409926 -1.12673579419775
1.79787128940186 -0.597004238375055
-1.13771230323158 -1.11727072463083
-0.74463740237364 -1.4119526343435
1.69122653263075 0.148695171604738
0.647813553016366 -0.757015332176247
0.617682880551302 -0.639963738227885
1.46824784105732 -0.769021904168683
-0.0930112831244981 -0.744035483633811
0.993169438675689 -0.64979844941846
0.105743926589326 -0.874533631890592
-1.78456615018599 -1.91381805723455
0.168907678119463 -1.39640480059758
-0.0447156200000708 -0.777387310413845
2.08254565720274 0.105295433040154
1.46909018993578 -0.328793063929379
-0.130147192137254 -1.42700903957519
0.56210317025549 -0.910513104304862
1.50277051855614 -0.469046693767145
-0.266096326137054 -0.789987427323753
0.424546941218515 -1.08809798537415
-0.0298267074563904 -0.748687226056232
2.10668968622456 0.449707865789816
-0.69090169069227 -0.890228951548162
0.00938149057336196 -1.15684745874931
0.300853212048741 -0.976561210362774
-1.25002485535021 -1.16634934663035
0.140243819530145 -1.07829930961379
1.834176306277 0.155351189533527
0.426158567767 -0.834171780161361
0.0794075421853964 -1.08833406627701
0.122531045147043 -0.93608685723095
-0.385001375581412 -0.785953871253597
1.43618745224175 -1.02414418955735
-0.0452631618358994 -0.995108762281432
-0.042429791109409 -1.24697794061674
-0.0694656358983395 -1.7906007353915
-1.81929833044037 -1.71602387633358
0.151602083028406 -1.10902050247757
-0.015284660946 -0.97632885735673
-1.55208467053288 -1.17086321335185
-2.15643053826262 -2.04025037818872
-0.976702760286403 -0.788937889659792
0.839461487454309 -0.882267955325303
0.13049924466809 -0.57042439765047
-0.920224393735977 -0.943608549037856
0.540073358980986 -1.3218185451236
-1.33061986086241 -0.888019196802957
-0.171296701600698 -1.30465325082281
-0.181235412112853 -1.05367097442515
0.848795718441318 -0.640274820416318
0.388628922663465 -1.26345636544657
-0.196420507892255 -0.731438931393565
-1.68104060887444 -1.63593246769858
-0.262452797234748 -0.60367568880234
0.968975512274183 -1.0365234984666
-0.336787422655608 -1.08601290392254
0.364349633851418 -0.557320701386345
0.340677695253553 -1.172068798011
1.05463643242403 -1.01311004888192
0.0760127994766499 -0.705483171931924
1.35154088145166 -0.661236312061559
-1.32913528707399 -0.984726159472238
-0.0556107795201326 -1.13654736301287
1.30789163214137 -0.63530397790943
-1.67303029351661 -1.89115026747325
-2.13861447492275 -2.20154355900308
-0.378911563884924 -1.47275056235547
0.398263607190973 -0.242454530429835
-0.462920674370017 -1.17055885243979
1.76868343877133 -0.185477329254702
0.115520036930815 -0.920770538187423
0.539117211160587 -0.518002838416011
-0.931967830925357 -1.01936190124967
-1.47283342254522 -1.13367554790713
0.217028474015073 -0.950125831191323
-0.577490568704069 -0.752859963423377
-0.338907418251409 -1.14248346126573
-1.21105842183275 -1.30166884211809
0.810833830157284 -1.2134301411233
3.31339663941416 -0.106149323091562
1.24091529913243 -1.12209259878374
-0.619457540776012 -1.03136708832519
1.03939119593835 -1.10608034350113
1.02495019916471 -0.575099755817176
-3.50766959279551 -2.07978004429004
1.03693712383402 -0.436478865414588
1.03349338565825 -0.655977371182582
1.70291166743048 -0.869092618681419
-1.95791650911702 -2.00627409841143
0.810274559511282 -1.2009447502695
0.301743175220891 -1.14708647607877
0.113855956193955 -1.04400477660665
-0.977108828191816 -0.859635816418872
1.30719873266469 -0.2902616653115
0.115992957679062 -0.920304226577499
2.43579500856283 0.220276911217592
0.375623442428953 -0.868459210886057
1.45875090785344 -0.58264781967408
-1.05973698701248 -1.21583964902952
-0.18001857437259 -1.1837562213923
0.392802664055378 -0.96828333187527
-0.606323689890863 -1.19599451473171
-0.758235133090742 -0.831078556342437
1.25463063097193 -0.332790129342667
-2.6879812697775 -2.31191026104981
2.29361570841247 0.113209429302079
0.918438122074543 -0.731320084060573
1.96995270574091 0.000493668316464239
-2.34558114093555 -2.14848743552549
-0.185569076553811 -0.706454766437237
-0.759707961256533 -1.09862047905626
2.07891452482839 0.466547078921595
1.68057479805029 -0.432841561493924
0.00370470476707926 -0.732526261436443
-0.0660747753004002 -0.89821227887162
-1.76300381715656 -1.49748526076701
-0.574468291604755 -0.835173526419582
-1.29257253749858 -1.39074149265144
1.03816517314776 -0.348168215988298
-1.21816594753885 -1.72305502258295
-1.11020691470204 -0.878977354113903
-0.974161241179482 -1.30081540637991
0.510832407444104 -0.265734777480043
2.83168897982714 0.186292165038209
-1.65309750182242 -1.38147802227674
0.910878997509504 -0.82962122516229
0.556447099499485 -0.823078463752267
-1.63378741241553 -1.5172039009956
-0.0180575414197482 -1.18754186135857
-0.245830660570136 -0.796495864111689
0.49009721282128 -0.833736217759433
-1.9098664233591 -1.69442833188814
-0.732105018631103 -1.25269172590457
1.78233752060757 -0.366804385629856
0.863952729663109 -1.09592631071058
-0.529991507865866 -0.778714006152677
1.84671865775703 -0.148740927218859
1.30575791453689 -0.938142560377398
-0.682762519112779 -0.882854442658961
-0.687183326019804 -0.924627878148191
2.73603817018289 -0.0413498293477812
-1.76629358038835 -1.75676433427888
0.873083001219982 -0.791970095730461
-0.790565715179901 -1.02107943822451
0.195122325776861 -0.951416663155011
2.57947807476534 0.574813054797411
-1.33961776403377 -1.64672841589248
2.00495435810146 0.169935870108736
0.788803106965501 -0.835026229560575
0.0984723279641554 -1.32937479304831
-0.892235600704657 -0.21860438843006
1.79657939427953 -0.140309296271283
0.684152754719243 -0.656587946382885
1.28195859669897 -0.681170083565517
-1.22157951544395 -1.26299249061489
1.27703245065856 -0.122010693473085
0.718824930948491 -0.960013540261399
0.0665974307546797 -0.973511384081883
-1.04037109213979 -0.464197073769073
1.30016209543305 -0.221550458374352
-0.264119271131782 -1.11125082716405
-1.19457859271583 -1.19163163520696
-0.678848656123664 -1.13333690521447
1.61408818470361 0.00802187387140096
-2.28442640902925 -1.93135644832843
-0.101713418071412 -0.984309903003517
0.0951144482045718 -0.110555695424148
-0.316414287168236 -1.14512306570664
1.98133047458177 0.0696363471330046
0.524090286521073 -0.795933247747495
-1.18503561882392 -0.944598977121746
-0.269124813372498 -0.754806327943041
0.143494882900704 -1.29590063716179
-1.92959990137958 -2.07521518211144
-0.415469874818782 -1.0943682762276
0.976360216553934 -0.494704287786711
-0.0636303412022278 -0.464112974239168
-1.58180920499906 -1.38299548508314
-0.226697538300735 -0.854563874170832
-0.0148119782146802 -0.657720442975413
-1.08064076690809 -0.628024657038019
-0.155782850791306 -1.03309532141637
0.977410032825454 -0.654813000967595
1.46249184031423 -0.33214123271632
-0.577632498348403 -0.807819835437319
0.689708121720517 -0.751821238702485
-0.686550389853061 -0.40356214349939
-1.1339262558192 -0.801486211321598
0.420374605056229 -0.761878998177825
1.43424016665174 -0.134611270960558
0.32094663597186 -0.75080470261107
1.55184566123915 -0.394978668907839
1.10324685178372 -0.835687822224676
1.57097125394368 -0.340198172441786
-0.478802360961457 -0.589279356344506
3.15456117802789 -0.34228768311708
-0.826719512238239 -0.920569761812851
1.42785302679399 -0.421947451796151
-0.491754325485138 -0.879548573408624
1.64656908146872 0.0440673807915639
2.24410471858924 0.519876796923981
-0.480851498026956 -0.900020234293988
0.130154798070907 -1.13389052413151
-0.853278426106544 -0.495914301614573
1.92104939075957 -0.0510514189323957
0.817038080331575 -1.0653341959531
0.236921525429033 -1.06950587138098
0.947957912170139 -0.828844369193885
-0.205801389594418 -0.722827338272171
-0.562275385749435 -1.15354044887999
-0.791265876824433 -1.39304357578631
-0.405451457660513 -1.1273102970973
-0.305672202077906 -0.621008803808069
-0.574124455775431 -0.520397150138241
0.532588500072745 -0.749220801371641
-2.98786451391719 -1.72854244152935
1.31702022078637 -0.775032392869618
1.04865907160445 -0.724174354903857
1.57127249290937 -0.510555583956059
-0.0587382433720994 -1.31813283403207
2.23153800693172 0.0404285934627219
0.574905627573842 -0.836142248196539
1.96408680931643 0.053332654485792
1.65371528350351 -0.59670655230402
1.05312394466415 -0.443549635352631
0.879146699335319 -0.747555682319168
1.14916002054271 -1.06833906852796
0.334305991624979 -1.0555273039345
-0.736212080148509 -0.739850325029568
-1.16683112253422 -1.15772006764881
0.333121926062881 -0.88044550446942
-1.66042044699999 -1.59177647606187
-0.619227493499564 -1.25628454510891
0.698136221351133 -1.18427294896043
-0.367915505817278 -0.712873205158126
3.17208885904659 -0.321067276589278
0.309002649275683 -0.80526740714717
-0.303958655088864 -0.931967313877902
-1.54780219386697 -1.7717935060313
-0.661882042065639 -1.16904940062398
-2.0924205776973 -1.72114178670329
-2.30000222970474 -2.03937139589087
-0.157504200437872 -1.00090344314637
1.5332900994871 -0.098305248259945
1.50528690905434 -0.708473927680158
0.719037819035089 -0.977470536429456
-0.489858832785516 -1.00064032846811
-0.417544253576229 -0.893748245884125
-1.22198245725166 -1.10685187554253
-0.57463963797732 -0.282110246502492
0.959262687359431 -0.792795212841421
1.60386139753092 -0.211757425588622
0.758542647964201 -1.00124829101816
0.41065648811626 -0.844183137330429
0.23318234762713 -1.19729336895987
2.36921208294326 0.169117562763048
1.49183396003429 -0.455997891996994
-1.46750797874596 -1.45705470021182
-1.61202619009362 -1.40712082720564
-0.112033281484935 -0.667139358245623
-0.547185779393532 -1.06161636840579
1.6427776571498 -0.420679714049615
-0.75435923664463 -0.863189620725967
0.583837923138648 -0.955118762973496
0.685028049527446 -0.886560904505378
0.170128097904727 -0.858209773723544
-2.14798377515211 -1.94568076772734
-0.941467041257682 -0.786496140503539
-0.191104077786396 -1.04163123228901
0.31734838890899 -0.748038766247727
3.45234076019491 -0.319757697973458
0.840919138662697 -1.17737715576925
-1.23640162429228 -0.978784470723096
0.487355312405954 -0.694869724440825
2.22883974893017 0.245502797091434
0.727238532432797 -1.28408405431751
-2.63835018817586 -1.70412110600666
0.113416488209897 -1.1868548300761
-0.564440242802781 -1.3410216278396
-0.979329843323389 -0.825833497101804
0.96304439548249 -0.719797263794955
0.512527566314411 -0.969161333049512
-2.45061042708367 -2.1513158908917
-1.59399221994054 -1.9702114384301
-0.434556823012646 -0.80176681137092
-0.804849230793712 -0.988840267422109
-1.75572050399566 -2.06989745448899
0.0492742779760838 -0.688153567498107
2.29387489500513 0.792968770151568
-1.39425859140517 -0.993238672955324
-1.02165780162207 -0.961586243117845
-0.896761526004686 -0.894553767523612
-0.34430110894775 -0.798493481078478
-0.637485646541133 -1.13612260717325
0.240744870495468 -0.707333416556567
1.0770462115098 -0.179261665198295
0.526694716974506 -0.605338073584773
-0.495344936655181 -0.824543146986662
-0.145076813440556 -0.625174703352715
1.3967423987753 -0.528711636742717
0.774027755498924 -0.668986173350752
-0.993257280670166 -0.465049361132169
0.71904692714734 -0.60960853650186
-1.23446359432994 -0.844787606930269
1.78257331755509 -0.0179142249831777
2.37332036126406 0.505144847376502
1.57450104775753 -0.44675821667994
1.50629351440659 -0.384547527736184
0.900588286286362 -0.765549031441108
0.638312674525643 -0.740772006255447
2.03335971452568 -0.0836505324237198
0.177817568803195 -0.934745301615404
1.29356647229246 -0.72151775602248
3.2826887980117 -0.5502253090948
2.25939077034603 0.390390565650925
-0.813440028405125 -0.986555482725055
-0.412111742292999 -1.21544163597363
1.29692703151734 -0.44062254291242
0.429552150848008 -0.85647763740453
-2.26309894215483 -2.20790219616279
1.12807361355678 -0.902762722440576
0.405370568869954 -0.666335816335786
-0.317466746855004 -0.947811771605103
-0.280933196660704 -0.382173090185523
-0.655490899592094 -1.12458801671219
-1.47740732778693 -1.15884942582336
0.120191423465356 -0.708061448168884
0.872093224502412 -0.558302609103569
0.327815445479065 -0.980394899873069
-0.694310658379708 -1.3195024596873
1.06705994768824 -0.597235069258567
-1.0412541367349 -1.11120042354077
1.29317814129462 -0.568480992769218
-0.649504447573907 -0.927926319601754
-1.75610395585999 -1.60040824177968
-1.06525440914864 -0.655744883499533
0.85452408122601 -0.625120467200802
1.63970737349751 -0.557663065454332
2.33005633583329 0.345118579391788
0.214952793379659 -0.537034361484011
0.0436885591169371 -1.30906120247439
0.52634700354482 -0.636343037269492
0.113414305902892 -0.892062170428785
-0.908027331218458 -1.06666971906407
-0.867388764224629 -0.981035044785457
-1.61532340496393 -1.38667397775392
0.346559569220769 -0.654201464213388
0.248384970248228 -1.44421579513912
3.50281367175409 -0.581672166841426
2.87969605677139 -0.0171805090469422
0.259124347895162 -0.998633761154526
1.24178715373724 -0.465942396551076
1.08812179063658 -0.808238283497021
0.114485498217377 -0.628461775085023
-1.86070561073729 -2.00211006527338
0.506381497162425 -1.14782207918608
-0.574398852168205 -0.800594251579945
-0.230354076852743 -0.730090143228634
-0.0590731147217089 -1.6668671128529
2.29575715773684 0.449102454195933
0.8653576520277 -0.791149667188212
-1.61089133502746 -1.20340154589224
-3.7008151536148 -1.62326981243098
-0.196916896002485 -0.569753638088176
-1.17132867794841 -0.763489491962925
-1.1897296297149 -1.04912967593922
0.173856059926463 -0.715429705509894
0.878902575977746 -0.439257032743313
0.41366282448955 -1.02970464424801
-2.11491853741215 -2.27347988857303
-2.90883261666341 -2.08944043750833
0.723331976390607 -0.460111429663066
-1.63069861857189 -1.27508117238868
-1.17238260040166 -1.03770509484686
-0.256400146268691 -1.27870587133077
-0.0334832200581219 -0.852466752474741
1.11520321101826 -0.922446015362278
2.64252957637776 0.425402076882475
0.670781951272169 -0.65086954163238
0.130064907971396 -0.911717275478516
-0.272555156181313 -0.593471113532112
1.10837072767116 -0.367217315166083
1.04973400280811 -1.02489529440758
0.199265199926034 -1.18572705537496
-2.10849251478275 -2.11003493294536
-1.02222432030235 -0.812084186399949
-0.170606126637892 -0.936042067227155
-1.36470759739535 -1.01933206682136
-0.647989789727657 -0.788803808829465
-0.657639205099597 -1.37559539802957
0.461564858241866 -1.135366617453
-0.705282644525398 -0.75770030216643
-1.77389615786344 -1.58320664862169
-0.965740528834984 -1.09155361063715
-1.8676932745028 -1.5705206549168
-0.894964522068506 -0.925247263672529
-0.0456074366445768 -0.633433224644269
-0.900706503069998 -0.305055635839081
0.300177229083398 -0.604674248624393
1.25713158374791 -0.412447028811241
2.46471966297007 0.770192960047333
0.257078811246008 -0.336904048812202
0.96730480984454 -0.774738712602512
0.431832727467456 -0.984267212416582
-1.27985792284011 -1.22412909707611
-1.40176557434467 -1.71679480661878
-0.988983271123017 -0.861977504529223
0.811402880849017 -0.675905736624091
-0.031656016332628 -0.842447223509389
-0.494739319220976 -0.874189907960769
0.808142293528828 -1.00762138574187
-1.36044718014784 -1.2529185547986
-0.0300224169616219 -1.08259393540676
0.651432310568012 -0.86465156134403
0.658102257465971 -1.15003982799269
-1.07729805928005 -1.1273442589238
1.4291631601168 -0.417126378453964
-1.02802017222849 -0.860430373140276
1.65562743767637 -0.38003485578665
-0.996662325401849 -0.764945302267844
-0.200491473700924 -0.980840573396972
0.755811469091713 -0.683652022761724
-0.126077775533129 -1.12445160871527
1.07245424147485 -0.774780871167272
0.666612134848944 -0.708477077837743
-1.24304288314039 -1.38117075698347
-0.758214431007226 -0.819747687817453
1.22750421480662 -0.543445381878644
-0.221882357583684 -0.565528325661897
-0.667688779978291 -0.808879854608273
-1.2616724043206 -0.908317182550555
-1.63215781302446 -1.35192362915062
-0.201100830107208 -1.24940394327782
1.70571357513165 -0.367623632368667
2.34217306964908 0.127915155330677
3.72609310391404 0.322784085836872
-0.710167740336329 -0.996225586677076
0.96212951552487 -0.760291590958322
0.525640959869324 -1.09577360065834
0.0743929131641286 -1.07705115413211
-0.497031472892307 -0.845367041082189
-0.312747173601059 -0.650883752289873
-0.847580481764486 -1.17037634664101
0.724265747101241 -0.485345367604392
0.351909647413967 -0.974306398446592
0.753642153927141 -0.761202788107162
-0.0901988780053898 -0.790244008139608
-0.78251741041073 -0.429992296656928
-1.02412707490546 -1.17944002373231
-0.870462651617601 -0.742029139381948
0.263344119871542 -0.598539844193688
-0.97110962419287 -0.999321835588498
-1.45250779624956 -1.3526637179076
-0.356245356810153 -1.34081750862051
0.502567945023413 -1.13536326993449
0.842562537604405 -0.815888100644178
0.26508031987786 -1.13128272666544
1.81657029121905 -0.504505954578333
0.0819388042822272 -0.976735568673312
0.911239704501773 -0.912231349852077
0.362727623198615 -1.10878017332871
-0.867492301282489 -1.02709193703043
1.80321051996304 0.100402398455702
-2.43855676161083 -2.27271006233459
1.8653241177251 -0.348277418729026
0.221015742077189 -0.60897206971958
0.926066178102828 -0.901915252771267
-0.719066686941484 -0.942422545762422
0.447933992153934 -0.848246854843764
-0.894415931058517 -1.03054077315252
-0.75606849481512 -0.952313103015284
1.31121837505682 -0.582182246624669
-0.523327264403693 -1.07522976897335
-2.65207400836962 -2.24407205091344
-0.567853617025815 -0.874981309849746
1.73404484190352 -0.114755256775246
0.777878675214068 -1.00164190086454
2.2622791279233 -0.0666429219266164
1.7430375880685 -0.371580037590594
0.121872101232702 -0.959903570658382
0.9089598845095 -0.456817990957775
1.47794997970793 -0.611071967988863
0.556977231831093 -1.39564023412473
-0.361926248942288 -0.59876260009481
1.85118486918369 0.24685420987261
-0.409318459110363 -0.633497942225719
-0.870568664565439 -0.575516618276998
-0.378780585684077 -0.784157550786812
1.0219059512721 -0.89018735543226
1.13936677351602 -0.194311249872575
1.66385566407052 -0.185594511013501
0.0602174828436601 -1.03873837760461
0.00121177842852147 -0.583156806873811
-0.193965572970618 -0.872548323471478
-0.152444888572376 -1.10796558430174
-1.74037902885559 -1.38170445558477
1.13273274194006 -0.729554742384687
-0.875988893349372 -1.27553910238642
0.144367967756966 -0.916337236490394
-0.376270836938447 -0.77295263977233
1.17588461336932 -0.913739440731497
-0.92825994406134 -0.923265613125775
0.847343952345105 -1.19459894250068
-0.60555789290016 -1.36229669923028
-0.450968889861517 -1.31487945989015
-2.6034681450975 -2.06294381584433
0.96168812646758 -0.533805859892229
-0.954694675798073 -0.90627634412455
0.948456926389691 -1.47163866183356
1.86821272848364 -0.453146062008561
-1.14544489155794 -1.02536691319443
-0.177602528736635 -1.16500537156078
1.24172382663152 -0.340374212989579
-0.248595379917457 -0.785919302418747
1.71511417786869 -0.134414302521081
-1.40540791343771 -1.37104602509765
-0.683055671789756 -0.48405096161529
-1.13297778592109 -1.33793771748145
1.16246720528995 -0.365629635340291
0.511582663578421 -0.806227362909692
-0.696894479143434 -0.746833188512991
-0.604569126644642 -1.30460843410398
-0.394914960153693 -0.702243929396521
-1.52876249601187 -1.80123412286607
1.52087735668103 -0.575078806517874
1.20877708042143 -0.763414109667361
0.519548408943152 -1.19847605743941
0.738148524532022 -0.864894437984554
0.511603560427034 -1.45702632751307
0.795300693306821 -0.590989388032264
1.80588173854801 0.169241673162156
1.95442248677317 0.0587565267670503
0.252675122777956 -0.950243567163619
-0.448301713870865 -0.943626045686343
-3.6460889911205 -2.10489373527383
-0.83242375148208 -0.623541857650203
-0.901663752895749 -0.808766113135319
-0.324672830856076 -0.778573978526464
0.618165036653762 -0.950562622758012
-3.15830559707539 -1.9233111497731
1.02375259662392 -0.449902785393101
0.382579082302097 -1.15097273870572
-2.09909647344256 -1.69705403217232
1.78206618292456 0.130118405579402
0.971585778819919 -1.06630951064854
-0.956330345640661 -1.27262980762141
0.500411567584767 -0.801432397381111
2.87393011227501 0.652840841130222
-0.697261274289107 -1.14792606447891
-1.0742051681981 -0.862723271928856
-2.31844361613078 -1.55818028314462
0.296101070478452 -0.716711323619439
-1.23023505968789 -1.67238763472921
0.282408540699125 -1.34704090617864
1.123401138024 -0.644324406759066
-1.2497623116518 -1.14675396520912
-2.00445241754022 -2.10529836115252
0.994770728616051 -0.595751382402016
-0.44585789141759 -1.41618849771993
0.724249256149656 -0.802974454722233
0.0369503670822363 -1.25723182677494
-0.380442099476929 -1.00290092812893
-1.61141721055923 -2.11617212091627
1.07234186157151 -0.605616216420965
-0.35731112224135 -1.08193442205066
0.431601854370934 -0.817521800384985
1.19474551631867 -0.850912867879492
0.612971168683619 -0.771167871509968
1.8132772647545 -0.377485838048088
0.235739930451695 -1.22525084129101
1.6137578539544 -0.60318072421187
0.183031111833613 -0.386180802968271
0.0461143535618732 -0.636907677564725
-0.625625300658177 -0.909444050119917
0.975961716446626 -0.946509949861368
0.713082041048437 -0.819078047124423
1.18115295732706 -0.570606419269764
0.476991795776805 -0.812058883508939
-0.710362737482785 -0.557741754421815
-2.13051246811531 -1.80470176981901
2.392345190682 -0.175891706161554
1.90236001883975 -0.156733325167691
2.83591696920205 0.408502170329707
0.863947345695444 -0.972270505218581
-0.487559388001666 -0.866716172486169
-1.40386735860829 -1.73544259347988
2.8010900505779 0.608157946784712
-0.449803602230188 -1.01429200030783
0.488565171605389 -1.07149001825325
-0.505970586908204 -1.27880343928645
-1.09797131906257 -1.30187073161732
-0.216073255064344 -0.847724516677085
-0.627034834948579 -0.492560024694728
3.66501127051619 -0.354801605218455
1.53901794315464 -0.570829894451513
-0.174333569687536 -1.43707200095991
0.248393635788534 -1.14004540276147
-0.767498246450661 -0.901100562136886
1.46237946874126 -0.489797699648141
-0.460632187573887 -0.706536598645429
-1.155101430333 -1.30848017850506
1.01175025942039 -0.690756260090951
-3.3642391814708 -2.07718921061009
-0.380888564782896 -0.521176214953163
0.742617328754011 -0.854011658315025
-0.90609617397551 -0.935746888755363
0.761483793902857 -0.975328550840218
-1.47740644279902 -1.72027243372639
-0.331904916301492 -0.950846874041879
0.993486744144536 -1.0825246539345
0.176676360869595 -0.87344610904762
-1.17325230476297 -1.2949187237775
-0.627880157101705 -1.00199417570715
-0.324253274451442 -0.810157310285781
-1.12994553293173 -0.916033636739497
1.70971379840682 -0.214967975951125
1.59374221878588 -0.303067149786154
0.00300060311822597 -0.756728911268175
-2.11749462448204 -1.67875122859035
-1.20443141524589 -1.31187043710082
-1.43246106942603 -1.18908611391585
-3.00597696912089 -2.34145132649068
-3.96881045762592 -1.41778043635546
0.180998982055108 -0.673740869538149
0.790227850992277 -1.11219487351688
1.07715570423996 -1.32237077684579
0.133041142665257 -1.32561647619564
-3.62463611200748 -1.89607801483497
-0.471085885970712 -1.06959246499108
-0.279130433781223 -0.960829671002681
1.68748595205052 -0.317377798479867
-0.040200695626465 -0.528517040980732
-1.77660422890587 -1.68574884605455
1.37435470424153 -0.685465964498244
-0.23539839558247 -1.09245398569402
0.0154956524639331 -0.892467170090145
0.630734960880414 -0.866223113911093
-2.38870327191967 -1.67272051633471
-0.103387431307195 -1.2005701003682
-1.58932287051576 -1.45980304813098
-0.853954068316001 -0.82868066622165
1.53117260497034 -0.733577458057452
0.55298742904358 -1.24000906154684
0.213041988663433 -1.01261606285484
1.31100284381973 -0.707739320572411
-2.01186015188929 -1.84899413230432
-1.1563842635813 -1.22033682429914
-1.04234920784851 -0.556777509370729
0.467851077297264 -0.857277981579245
0.549368468383741 -0.822614498345786
-1.09896921266805 -0.93460625586316
0.922784468896617 -0.685750279623778
0.144464763741789 -1.13414401741097
0.315759234336934 -1.26847033830059
-0.401692045271105 -0.720339093496041
-0.829568141800295 -0.599518625526384
0.0226721304630126 -1.17674351171112
-1.6758081185673 -1.79049681351148
-1.46232559932702 -1.53902402750381
0.959712349228729 -0.707832359088351
0.326528945218547 -0.275376290440578
0.698263494933317 -1.10146250681735
1.22079609124386 -0.761132192852823
1.69072286428571 -0.422940906666278
0.779268254203422 -0.73866687922572
-1.20424585211766 -1.24604828047873
0.227053154360908 -1.27057423758401
-0.484515338366666 -1.02469439925674
0.865962757460879 -0.505919056632404
-0.582398998611554 -0.873538621044764
0.164286689400451 -0.698329942716949
-0.563959391266448 -0.696045982308315
0.336761322532885 -1.64603139757462
-0.413443586924355 -0.89202121784693
-2.58786360638555 -1.39296694671269
0.59643171250261 -0.927846087993333
0.371365848154516 -0.742713561190659
0.806163054407815 -0.646591222489349
-0.453140858029772 -0.946765571901327
0.587998128016172 -1.22486707484028
0.12819758226649 -0.489189471616246
-0.598944101649054 -0.896980580621338
-1.1546842334746 -1.52420497079251
0.610110519959178 -0.819775699071838
2.26907980142783 0.348022120465109
-0.151515025452983 -1.27563496447042
0.227624757759927 -0.964310949975311
-0.101529683041364 -1.08621611040073
-1.09939079657808 -1.09017664150708
1.29910637616416 -0.398413868128501
-1.29636031333836 -1.31639658054888
-0.510641628339155 -1.12264406534563
-1.06584188700963 -0.966107401154963
0.474286994369403 -1.10576571701726
-1.33817952888337 -1.30500399299444
1.05411277675907 -0.876865515944895
1.34227896832847 -0.339275129944497
1.25188974403921 -0.401660189593259
-0.549857705905858 -1.18965593219827
-0.495610674567513 -0.800661997002785
-2.98732685997606 -2.29612006104232
-1.62958897502515 -1.41425887852599
1.24845207774456 -0.562068045292323
-0.477290802143079 -0.552427517420589
-0.469700597409932 -0.856519098753017
1.39959847551566 -0.28083981072145
0.648324157381722 -0.883862153910898
3.31460698025202 0.0308532545149467
0.761605303012084 -0.952084052383602
0.22209505672641 -1.04006457375436
1.02395256271448 -0.68508527654518
-0.263339909488141 -0.921556045831391
-1.96698491712172 -1.76270154162077
-1.48879451679251 -1.61751975759115
-0.779658604242652 -1.25902030002589
0.291448996485273 -1.08624875885212
1.29186621410313 -0.671656261919922
