-1.56525935503958 -2.23290421115168
-0.836616642827059 -1.01026230641665
1.23753622910927 0.509225314034528
-0.879380639314342 -0.938235773260541
-1.47568345934612 -2.10436295206876
-2.24538828329701 -2.04736180521307
1.06914488968528 0.992122382841509
-1.27187593602107 -1.4261474563362
1.50758546622714 0.916799744581504
-2.4463054252743 -1.5497943338104
0.265135249431606 0.125244168475821
-0.0262681245034553 0.780782308936359
-1.00919935755385 -1.35392259332328
-1.05860779664381 -1.36910246661082
-0.472274058695373 -0.343804745273584
-0.30081179528567 -0.269910802790312
-1.38183482214123 -2.05820189251736
-1.2343787716118 -1.70828318910209
0.957008357291116 0.296200546087913
0.393174979166509 0.616381352139476
1.51447306522736 1.03080851806896
0.978044879816578 0.431853868993346
-0.241075575049757 -0.0107585246727504
1.50510802750072 0.354860321966181
1.70328114213413 0.553515310111671
0.671362645114739 0.611388510627296
0.85412649248468 0.736346552936576
0.638142795625996 0.588060344411317
-1.60192951456755 -2.06739898623941
-0.704514875566259 -1.11822540672428
-0.372848642761653 -0.362027426649238
1.23752856489585 0.416188309762443
-0.104364701716272 -0.0180108011908268
0.222474491603835 0.54671678295364
-0.166624704572089 0.212210895365037
-0.0332308700226461 0.293350665406046
0.930452984643385 0.780606121360483
0.440881553541394 0.415658625295801
-1.03562162610303 -1.47037417295057
0.521244757717693 0.312962495041727
1.51979744685976 0.656899047063939
0.295588997321027 0.252627091832972
1.40490939193444 0.523335760747916
-1.81995813971145 -1.93802967850528
0.864316214442695 0.106369360320029
0.332251442876041 0.486538145662229
0.741657107864301 0.59711247375184
-1.40622374553256 -1.84712027353014
0.466515602988998 0.144425723642335
0.666602751161747 0.895048599058977
-0.692130915302683 -0.876257206815123
-0.378431746883954 -0.303494649857186
-0.387903198893969 -0.222043089966724
-0.662086617035653 -0.98278222599442
1.12598589964344 0.636820010794575
-0.450123757981441 -0.650823873781224
0.318902271128109 0.260957672319382
-0.180498113747383 0.343057019031583
-0.280582662552037 -0.347489468206432
-0.423739747551288 -0.500037683672634
0.780531993329491 0.648864485845844
-2.5233937581495 -1.55194627622873
0.677980216238802 0.76985693567015
-0.867430569452839 -1.15386053369964
0.646863115125206 0.434864301762384
-0.17979422042888 0.0927079542508818
0.727734685872727 0.711736572527886
-2.37858733127049 -1.95065558344097
-0.920700124009045 -1.53485657029037
0.187493059281039 0.500623015639701
1.33921134077952 0.259305935817253
0.855640843389432 0.38358095794963
-2.17036324454736 -2.18216348679324
-2.04723669533492 -2.05659312143806
1.03594503541451 0.262599740178016
1.28741540030283 0.505874627082746
-0.924773630752867 -1.22543400773956
-0.704184760030129 -0.876368809071786
-2.0093633865044 -2.10485890546783
0.202444020588815 0.125011459315554
-0.474669810433348 -0.475664133039834
0.245200628700859 0.152534457127973
-0.195371325568074 0.124581329169907
-1.98295449408997 -1.97800613455711
0.650600149479462 0.361154774269493
0.419445293486729 0.750818790191931
1.7258053945037 0.855327543880462
0.388260175730825 0.904220823134151
-0.513086351820443 -0.603304548625703
-0.700113515832387 -0.70838809635452
-0.127327032374019 0.118579676751639
0.0988404606278026 0.448370237912626
1.65798123261647 0.826511094894407
0.4455687479269 0.663835950418192
-0.273266609976237 0.0115527415681172
0.439615105080263 0.383843895678793
1.06467202328648 0.934584394224645
-0.559928125109049 -0.32179683946778
-0.642806920344468 -0.690659923181325
-0.330162306488169 -0.416115563292481
-2.35414036436471 -1.93393034360204
-0.387837435677346 0.0217159835717925
-1.47776116116107 -1.74411275882678
1.50539832139568 1.02739916777121
0.312341029217617 0.74450510281523
1.6302561135379 0.76191723355893
0.725221145961472 1.06751410184149
-0.684112853613155 -0.726292774343718
1.20763048504001 0.33199525784775
-0.0827654916796651 -0.0229840942853446
0.000865120157178384 0.194106903894058
0.491326016805355 0.668637172708071
0.596956027159416 0.482114818536577
-1.32858463312555 -1.94599112989754
0.577192004126499 0.343771641283531
-2.00442768953508 -2.30846649308944
0.363763824463953 0.504507590890121
-0.741840045283111 -1.33391879334779
-1.59264740339915 -2.01716802514266
-1.58477600454269 -1.97870314734507
-0.0550480698761681 0.278750422146182
0.344243386735537 0.562295066669542
1.60745319323922 0.424246227378669
0.575824176949898 0.853497689006912
-0.558990299489985 -0.789244129576068
0.0354157624809565 0.60735871285388
0.787159979985259 0.173327041710358
-0.984180768354887 -1.30734946679649
1.46114458094652 1.066627331309
-1.24445539497208 -1.54198180383454
0.650963071863933 0.327195515232079
0.88237082818471 -0.0707117976865183
1.12361922861001 0.514461041121135
0.138651648819014 0.244393628149399
1.98998762359712 0.728771349660424
0.408785227935724 0.881903655707119
1.17623035164316 0.254879000776048
-0.484180159426285 0.0258438037522322
0.946708055132957 0.828066884826518
-2.38102806295985 -2.10670292192683
0.551847928343475 0.310783165084253
-1.29707898723461 -1.60860077786993
0.770330043638426 0.591444801635483
-0.99098048213458 -1.40162842073527
-0.328558811914576 0.0406952396593883
0.569342484165098 0.418723483669985
-0.0330275940467692 0.137646458286097
0.105350309721826 0.282057428249023
-0.390079085417205 -0.23287838194047
-0.600410841993388 -0.554564404224797
0.315708754797531 0.559656593666373
-0.998522944145356 -1.55784654215437
-0.269183295923675 -0.149911904922991
0.0648641973170734 0.185993305978498
0.324708218015886 0.277844145886956
2.12291951857075 1.31561670249789
-0.0148459128538682 0.615344047760999
-0.641121246227886 -0.67986835994041
-0.28693224232612 0.0863759031482458
-1.35129422654128 -1.87288635549761
-1.13208311704379 -1.53476078796039
0.76574711143631 0.15547244584538
2.11574576607623 0.88083719552925
-0.354028832051217 -0.110669490273318
0.763582018769885 0.695525819184502
4.07662361915152 1.50343908923082
-0.697141377956488 -1.00896859954154
-0.852159983604437 -1.2047316125709
-0.459514112880089 -0.0681082117185651
-1.51172989234897 -2.60877266133436
1.45492212211863 0.505741520869371
0.448328231848553 0.608580050368348
-0.355386311680939 -0.238565731481517
0.703780090744868 0.571946661261134
-0.484520600662838 -0.0279394084149037
1.98850500349635 0.998012168054328
0.402910187534035 0.886311396987066
0.898429574035898 0.510156146981609
-1.48068566709976 -1.99819964923265
-0.113008161404794 -0.0260594485572263
2.09830773211656 0.987719124894736
1.9123541464048 1.08111268916568
0.974147554398858 0.718762984680017
-0.223004202363062 0.0545736927227445
0.685583018899471 0.373871538231804
-1.05852196174197 -1.26725250925635
-0.126523514955941 0.226437854637194
-0.290968532682531 -0.0587163643023334
-0.60393334251697 -0.688205704148181
0.687542439141155 0.810992575948191
0.408915314031128 0.696745801829001
0.831225873244049 0.680738525038358
0.87236498936462 0.14903212061152
0.465164620362612 0.440846110903666
0.644643297648431 0.403802178553884
0.869261618441574 0.737984758675904
-1.70291279034068 -1.94838231878019
-0.555885805699663 0.216237766190688
-2.88930520851959 -0.575616542095091
0.0234916617937455 -0.210040387315329
0.697959068856599 0.172379822624757
-1.7362294346971 -2.54971278559698
-1.40707925257768 -2.02201783731996
0.046407846456644 0.408544763041233
0.71553157263824 0.367805992679744
-0.608596006699593 -1.34012543068677
-0.294591864612187 -0.266381825738823
0.831602553226228 0.739720107224262
-0.276207048990469 -0.131835053800877
0.595489410219036 0.929676193995634
1.26506218277256 0.711002827446002
-0.235808172848599 0.219178107269278
0.280661988047795 0.799968537233918
1.13862834821151 0.424775082735571
-0.367005004422541 0.179416562543133
0.487380824321483 0.130792578977295
-0.201088168331143 -0.227802594764683
3.96101554880654 1.82499169124605
0.525149420348361 0.45778103906033
-1.73047382622481 -2.02269039586447
0.11802974343454 0.430002391660716
0.744191394107248 0.82344210620766
-0.476456772536429 -0.0894384640110832
-2.11981321587913 -1.84079906423823
0.379816863442469 0.386275885777536
0.401596184513704 0.605470994255706
1.74832434933024 0.783989160485456
-1.33004166449635 -1.78798392080869
2.86878287865023 1.56508992769476
-0.264761211148247 -0.239920026261481
0.463020199393458 0.230651174551721
0.707941150527935 0.306036427723152
1.17421146030788 0.545166442510895
0.683954847193707 1.11536928665883
0.537490314875876 0.136364853228077
-0.217752547994383 -0.388303585830911
0.0231317397790195 0.370066980025337
2.37946966233654 1.34798765825166
0.534416241874482 0.757289345052314
0.343527576895635 0.940795687303939
0.960953596421896 0.237889813380652
-1.00413490226688 -1.41565106448158
-1.65715266965344 -2.11337728855077
0.984864784478639 0.461720412840219
-0.228787720500633 0.0772577619126527
1.58007928190804 1.01109628548672
-0.471426015711276 -0.604787949159152
0.306887779778482 -0.0696580088573975
-0.518434850536116 -0.296130664532046
0.879162034400786 0.559975095397907
0.787164561838852 0.355319901591508
-1.52989262368086 -2.04571153905484
0.291216674100114 0.823860959415578
1.02833208876405 0.781318711057935
-0.670625434179236 -0.451401234091842
-1.88565062882077 -2.67779430415467
0.167193320275892 0.721641790235061
1.14610558191649 -0.12343366700065
-0.934813623896392 -0.909194155951258
-0.025442537896655 0.181336317917922
-0.265057641622834 -0.0347877818374202
-0.0712159378308526 0.458320544984106
-2.28225329496501 -1.68911006884501
0.852367602887336 0.649768448611789
-1.44734626348698 -1.48961657006099
-1.55314668624844 -1.85742973409205
-0.249631289673639 -0.363836076879478
0.404264571183001 0.355383743532852
-1.15080355265349 -1.22852281560575
2.37086822521085 1.10048930824218
-0.686587285590271 -0.788725905692118
0.29012685540597 0.593101823942884
1.17823281142185 0.132298908244121
-0.336295501066297 -0.431731196282845
0.522976154554328 0.611952928138107
-0.522601031635972 -0.414939553228999
1.39377697183843 0.697918710348004
0.291478542008801 0.932751075429265
1.56580183179362 0.400559887126618
1.70036712844462 1.08926883663004
-1.30959441594102 -1.86026777323145
-0.238459391186315 0.237871338441392
-2.86146942262663 -0.799183510596268
-0.370704449465632 -0.234678440972821
-1.66909542488485 -1.90227449518348
-1.14435467310458 -1.49375801357993
-0.321641431777928 -0.268428565023181
0.615247983936054 0.589528122073487
0.910579941807089 0.45472158023474
-1.19155305711812 -1.38890840372926
0.377951236572563 0.708497223836997
0.720592764483342 0.399641430081044
2.59700346187146 1.21712703844764
2.62066881716046 1.52827591079862
-1.05223522201471 -1.30462423928974
-0.007618324822869 0.236469911592854
-0.709486583378215 -0.623632355741334
-0.707252844635632 -1.18478895622599
-0.00102582705327191 0.598413415347125
-0.355147018554998 -0.166755408377995
0.260515004614528 0.546839593962964
1.06633862567181 0.721617027214826
-3.82924543285003 1.27342309118277
1.91880505992151 1.23846117090821
0.539637490446054 0.211345324446633
-0.573184519261984 -0.896079956565407
0.0531003734502866 0.576554156461831
-0.561170050831234 -0.303814691694647
1.09718563172615 0.386196593107252
-1.78321427442955 -2.28571465014354
0.996087056752288 0.797072227967855
-0.859217029321363 -1.02881968652706
-1.43898790243412 -1.54966414053349
-1.22501350746758 -1.60605222635795
2.82003060569329 1.97376403194018
-0.00224957391169183 0.226859016265724
-0.39539924250155 -0.0917470626006462
0.367162820958247 0.503799042963325
-1.74555598928047 -1.94854709501775
1.4237003872589 1.17263222083238
-2.20818240979072 -1.95373722656677
1.23217509197898 0.624235514884229
0.0614438667100686 0.318596615539995
-0.995473834488473 -1.10385833913768
-2.08051427884286 -2.00169261189923
0.758408787742887 0.711611534808096
-0.676165453645428 -0.551213200119979
-0.433551030417256 -0.352095311866535
-2.08624399188381 -1.87686533506456
-1.7656451681487 -1.612275228305
-0.320869494305052 -0.19694582971476
-0.585181150363075 -0.790511583230437
-1.46655153925563 -1.57839900208152
1.07899894741405 0.815599421779708
-0.0608812289820316 0.373354908548594
0.860202662501503 0.644780651643972
1.80475902956054 1.35570960989737
0.22640687601213 0.301886683211318
-1.76497696592837 -1.89429217696436
0.157414493691637 0.189026839266822
1.06222209420891 0.692156132384449
0.00727291532992816 0.683098583398136
0.166806353750517 0.753494108216663
0.0177146647371588 0.310575485919747
-0.203563217696603 0.164267663918585
0.666957712546582 0.628358353755361
-1.71779666473766 -1.89457233396862
0.652782939803339 0.340183498529057
1.43972662192619 1.03818033090107
1.57786909658331 0.947556373870207
-1.42488917539012 -1.78730537437394
-0.61441454526428 -0.563847429602224
1.099346526755 1.07555116971234
1.87976991429824 0.925910672201055
0.126456904614129 0.336550252264244
-1.38595565085013 -2.12997014477284
-0.431527641529099 -0.187876027242458
0.269957593434342 0.492689061349884
-0.135128182184399 0.353752107114093
1.23967362318326 0.385455849242688
0.581906099321956 0.708288648219562
-0.201999038962382 -0.462567348050933
1.08173097291572 0.567303361010995
0.993557392456352 0.793803600385068
1.7453550872377 0.728088003372779
0.173971097464491 0.53393632363011
1.49302829179864 0.726818127511629
0.65367940649552 0.428755166799367
-1.94243708657709 -1.88867767553941
1.45126213252512 1.22262272104962
-0.180942176927208 -0.13452261265571
2.15091359146559 0.747254914117561
0.927618848750324 0.445461391964329
0.903310920157704 0.318658708086175
-0.780645163673929 -0.739155684830128
0.350085457571327 0.544439409244909
-1.24848618553238 -1.48802901034761
-2.06287277539901 -1.92093063275046
1.54927387412306 0.767793115190664
0.47588293499313 0.233802542078284
0.768978219575493 0.580993882414317
0.754680383666953 0.584606301774489
1.5591153761555 1.03560730624982
-0.640107624514448 -0.591981259966638
-0.262601637907214 0.0919734788962603
-0.435595667719973 -0.121918606011048
-1.26875390443243 -1.4568507351995
-1.00138843747543 -1.10958925464265
0.984390672459757 -0.0894185720835348
-0.565171434578838 -0.315728092472756
3.10437044811648 2.33189258642955
0.148313188862382 0.77074582304329
-0.0249305423080963 0.0294303488996112
1.10490476771598 0.667429644950612
-1.09517371302852 -1.73136721651388
-0.0331645285704244 0.0771746327081911
1.32267663137456 0.365484362596401
-0.066984687431597 0.370113279030991
-1.70661333422177 -1.94049365145753
2.31341261237259 1.22173561069473
-2.22822270789292 -1.73141482570735
3.08711781879453 2.3048975458457
1.96074961318419 0.750471365719704
0.685784472663794 0.644328252872329
0.929177553282973 0.677084889798738
-0.167506326890629 0.184283211787007
-1.04808833752396 -1.45364703843821
-0.790904232853063 -0.882472729489249
-0.144076132280361 0.00553376910182424
2.28538472251963 1.22875407313338
-1.5236866575547 -1.67177919366103
1.14396513727586 0.681564751277649
-1.7459830881627 -2.28921954341747
0.788199940111886 0.966707673017012
0.878367647205227 0.633918790992513
0.917713467974588 0.461507896875172
0.732652254173591 0.48518569266587
-0.960636965756917 -1.24475832649297
2.11802078211126 1.24252777343219
0.581743875432182 0.113132100632227
1.77645270812116 1.08253852184073
0.185136800871096 0.652922407633984
1.50776433589168 0.575193242797381
-0.461472237348491 -0.455373011900242
1.20854446229761 0.549600052280442
-0.791550729537361 -1.18546350414287
0.904953267969149 0.411541830394593
-0.237782602982354 0.527624681009597
2.03913781575961 1.14491706825404
-1.04952586051155 -1.55135924119068
-0.529808348392644 -0.189515297252205
-0.0682498697103695 0.215902823110123
1.56425162549138 0.577492840542972
0.51140434037437 0.195392491122712
1.52669059508351 0.696160039867751
-1.57828131563294 -2.3198780224372
-1.4000741347995 -1.55872606763456
-1.14005051741168 -1.62035944782075
-0.739393982685901 -0.570260564998178
-0.231996410350227 0.00236759468974633
-0.943141548127394 -1.44019100419106
-1.09251055112054 -1.48868265736818
-0.187309471509204 -0.52051601640008
-1.62590080413373 -1.92537286447056
-1.36662170397517 -2.05532062055542
-1.2594108226059 -1.73613972662079
0.155318576006246 0.418854818223364
1.90696430257606 1.18077890029712
-1.47137742595196 -1.86815192889858
0.705813219693304 0.629899567429605
0.541880091334825 0.857109827230124
-0.416237789951215 -0.35334759479257
-0.136258759954943 0.221255149597944
0.499563029797009 0.684379168067405
-0.229308177140537 -0.192010601573069
-2.43703885787816 -1.41823666297636
1.35444549705944 0.669214024809304
-0.68195543081521 -1.00068146764106
2.57327518286595 1.37577749062963
-1.33609137869715 -2.32836949216451
-0.242673719500321 0.166057976257812
1.39797813476839 0.514071972871649
-0.415154654862823 -0.366268153830489
0.331043053818028 0.574291403567337
-1.50384742259532 -2.45067621702038
-1.21174430071614 -1.97743394997193
-0.303817101368765 -0.184599982226611
0.139974196094637 0.385891224761622
0.137479591314054 0.265914676597887
0.453837139063811 0.897427516741974
-1.69363620450469 -1.7714092601969
-0.18232477353629 0.329141476772123
-0.689246223568115 -1.13752122740652
-0.910916868972655 -0.819632040563596
0.392180094810651 0.250179468235785
2.54877522326116 1.29077774948528
1.62348085890485 0.850584775977352
0.89089176263853 0.714080115158385
2.09143332678265 1.48347087279629
-1.6366839285749 -2.0555144398541
0.162740861489878 0.536695667367817
-1.46702261906897 -1.70246346018037
-0.337535111063947 0.07534423914588
-0.863918207661928 -1.50963236154549
-0.459254096449206 -0.406910535385819
2.09419087936002 0.746556537684371
2.80780959722928 1.71143753179893
0.274995708516404 0.156613308295251
-2.96030976045818 -0.605874832810988
-0.552176487069479 -0.895929810168379
-0.069762417861372 0.380120302262053
0.765765373214437 0.322230624439557
0.93024486602249 0.783890609253679
-1.04780532983039 -1.45595029465676
-2.41410498571826 -1.77388242706574
1.81591378484016 1.14269641149654
-1.02304874306396 -1.08534777133655
1.2098435451543 0.855252223676059
-1.10467695734662 -2.04438284270323
0.0674694995011471 0.481992757481135
-1.73712232819818 -1.88568249591866
1.06758416513152 0.532987739410722
-0.667684329861352 -0.718176540008343
0.196314450874244 0.470049746807634
0.630619754452404 0.802500960732225
0.880330257116491 0.433923509068235
0.826700672467746 0.565483907147477
-1.0152797297135 -1.16778241201348
0.472673184801165 0.612125363959998
1.96651440323759 0.944477794342087
0.50598142012494 0.226968092574442
-0.777819395930172 -0.6565173555446
0.338424494712029 0.546915302698009
1.57509418216482 0.776564540017151
0.847405762434709 0.398980259218671
-1.59932169132338 -1.45619110617199
1.84472306645683 1.3097182916785
-0.174009821595071 0.0858175488359232
-0.616558646638455 -0.50205269397329
0.119930916519365 0.462787888901034
0.806995196833773 0.564478950491537
-1.0360692163695 -1.61309313316506
1.38549119668251 0.587631238079233
4.09591378313226 1.68114879998392
-1.48233122129019 -1.4091428045573
1.2279100858819 0.475214074031368
2.42686828890203 1.71299599279012
0.24987976150511 0.657472402406345
0.821046984301936 0.60516093133242
-1.9050241500711 -1.8821293981083
-0.976634961666334 -1.33235037684137
-0.367955098391531 -0.333657273456363
1.92185148694892 1.51115989999665
0.492123154132969 0.775228446604292
0.390591878025835 0.932310584350808
0.517081463689452 0.461056222316572
0.845398824289793 0.904563930366003
-0.428144741342604 -0.344807132733736
-0.175960087348469 -0.334921043421415
-1.66985171230587 -1.94438544860239
-0.942922718813169 -1.29897406273451
1.33414483295414 0.5567452190082
0.121338706946426 0.419805830149385
-0.313851972855739 -0.170183699867011
0.127234636713609 0.644944836650265
0.240491602698533 0.247680152207217
0.253656710682664 0.929080168578601
0.0190880547522612 0.559469062634394
0.380987586663449 0.225206364468207
-1.42442394648799 -1.8163645592332
-0.143955830937437 0.166667930168986
-2.78218983346376 -0.899770388357414
-0.211214808830057 -0.0902406513546961
-0.912595064768819 -1.19970251009996
1.46867957522987 0.676329446710467
-1.1144376725219 -1.6374410079917
-0.676939886372933 -0.514285399616859
-0.0463430372558 0.362668334959619
1.70881014655476 0.830925853115849
0.350442897898109 0.734963866713676
-0.434856812038776 -0.573687303264983
-1.02941053365356 -1.62928207846017
-0.889018929709959 -1.22508474605545
2.49104000574969 1.55703794475896
0.259945230730654 0.276172402894845
-1.15464968637827 -1.83394025209193
-0.639015107703237 -0.801750501316222
0.697326206531322 0.464437148610514
2.3446176778896 1.29174293302576
-0.448791687252049 -0.149322923488966
0.805134915984391 0.753421558706553
-2.64616653512884 -1.32470317889518
-1.56959794573106 -1.74565319926768
1.24250363255767 0.645846680315296
-1.88534988387575 -1.80194149783241
-0.729388135347539 -0.898413783094123
0.372291523096922 0.397213459026378
-1.79871354856184 -1.76282299873014
1.11005173315093 0.43669817734425
-0.710471450357551 -0.90483161740068
1.48036660661489 0.934226421446506
-0.836435058142997 -1.53630936141814
-0.9825418703257 -1.54262294406494
0.867713123576727 0.772872799880933
-0.848842760384444 -1.48655624773775
-0.214529686320921 -0.2676545611496
1.09344367478669 0.32422259757831
2.69332661545513 1.47871054456401
-0.0514110741941807 0.326276666977234
-0.220807360769716 0.285944165500789
-0.241272917387409 0.120264225440196
0.190837324290548 0.632106940334604
0.158014742285414 0.0769476656837038
-0.436466682307914 -0.206437942333528
-0.545234809781714 -1.07851555869741
-1.23021125867311 -1.54680947876069
0.859289971706199 0.0385962865628016
1.07417304682083 0.861454595003607
0.729494001828726 0.36726554708521
-1.46003092719792 -1.54640245085881
1.72280286937025 1.02835772482485
-1.00465142239639 -1.33566962907064
1.29974669437552 0.549874741808306
0.728713382952053 0.0883040604538415
0.366139169290303 0.77701491590542
-0.161132383944243 0.312019054863024
0.84001287346258 0.419881275085994
-0.751812109223338 -0.773877154916957
-0.38101335801512 0.0613017149812079
2.16483997462621 1.28745113049134
-0.186739547648647 0.298572521757891
-1.14312704558007 -1.34372685006247
0.0158977234654687 0.335836736571932
-3.33103912281422 0.537752185641869
0.457870954390564 0.834481189030634
-1.18914852327242 -1.76625024334599
-2.32731679823697 -1.72492525038556
-0.0779968322678196 -0.0119643405813404
1.02343366233965 0.39832355737348
1.24130402850123 0.482257693720882
-0.268633821317441 -0.337437458692387
0.716461089828552 0.403913837575387
1.52419354495157 0.861120220848904
-1.024871752374 -1.43075490820541
-1.80740786373693 -1.7715728378964
-1.15957415089712 -1.55616366515208
-1.36932809637938 -1.1372152199157
-1.45413660768465 -2.16731772647384
0.314812039152067 0.0464068214605481
0.188223839553736 0.433558527852232
1.11819469477163 0.830480565298908
0.0511851741653588 0.332713711513855
-0.128449114564303 -0.100739790419165
0.595435862956043 0.537712724565878
0.917849899168408 0.615068780079191
-0.288280028200434 0.335733453387101
-0.38717994200724 -0.461335639880676
-2.08735663243464 -1.895163243142
0.285507906194123 0.528294255083629
-0.93867610735179 -1.30285262731988
0.150444860953136 0.724099944869971
0.0103635001732676 0.628705410113211
-2.1380574171662 -1.84167463820176
-1.25764550976805 -1.67639832550205
-1.45096126732968 -1.87137737390521
-0.150535931759598 -0.268533061556127
-1.34675123327488 -1.58981170838096
1.24322395813887 0.701598194929324
2.16309310288679 1.20903352913864
0.170584706715599 0.549347221634921
1.13981948634403 0.619451970742895
-0.545903968379702 -0.195550642626216
-0.849708935078254 -1.1302922557577
-1.84549997062935 -2.12662474986748
0.961404765735344 0.488804945489569
-0.352205888171689 -0.473006907578741
0.133225219423887 0.410982091283976
-0.0296953060007515 0.691815818467845
0.252669840879798 0.557312211276464
-2.09815972730529 -1.61385679227206
1.04140478359656 0.592296621327865
0.549787256161656 0.802773115616905
-1.18000579166725 -1.66426937773519
0.797457722648065 0.763711776411896
3.15473432726864 2.21284880184896
-0.343811725062976 0.229237333849228
-0.66988335248329 -0.679699982551095
0.251210104253156 0.454429638766921
-0.243479826111851 0.132277480992326
-0.418378137859847 -0.319839985116044
-0.614654190511433 -0.666600982866206
2.11207473457462 0.984142805543113
-1.12665015715192 -1.82268137082052
0.606741906179709 0.350627026711414
1.79988491854369 0.889281022139604
0.150605723412938 0.536283147884264
-0.927450994159305 -1.49352329102218
-0.566049629179515 -0.346579730675225
-0.904616540002689 -0.877609370641907
-0.0423941628275112 0.651782722907124
-0.972672047840709 -1.4415926277135
1.61994598584776 0.669235323331691
-0.126915767668932 0.18627589152488
0.010916414601923 0.256201946065595
-2.07045323006804 -1.72998272825853
-1.65342595209295 -2.11274048760199
0.196984795397709 0.506857146675888
-1.20733944515346 -1.72331619970867
0.229436267679803 0.380808057054398
0.898567283878699 0.401442047747447
0.877302401260598 0.53218968554604
0.952557508039801 0.226043455890065
-0.832608610311169 -0.785500024163237
-1.53600537336664 -2.37681087910834
1.8376234387487 1.08511750764415
0.647203180159991 0.24896380072823
2.02078634881361 0.922484842114366
0.490853806030526 0.44618197515859
-1.67488526330655 -2.20954790705115
0.610395530113231 0.671496847813992
-0.309531606967878 -0.250117962604719
-1.24935231610885 -1.67553069997384
-2.11331527371397 -2.01460459160023
-0.0768704637862678 0.256162144231021
-0.166462121161045 -0.155206438385773
-0.516133988326344 -0.753801146262192
2.55878836498 1.12326213703988
-1.69218306186907 -1.67443570570274
-0.700432256020898 -0.863183305389762
-1.38008942698588 -1.94293456605328
-0.134109596669089 0.0732641485790175
-0.758664314321875 -1.07218481752226
-1.31832335153082 -1.5594368313571
-0.195006862210199 0.417360768242989
1.2768642639071 0.142075821184649
0.652211777082339 0.515529034991101
-1.03987782397267 -1.84459614743873
-2.08212857149728 -2.37792320229314
-3.20601907553252 0.259596496162111
-0.148683830621112 0.114220305361179
0.581258123659378 0.42970468228424
0.279686316934262 -0.091299946978004
0.347145428743881 0.77785000462826
-0.107016738505292 -0.337011942113791
-0.791591563579782 -1.05839867752873
0.182805594161258 0.780030377188303
-0.423773706526523 -0.454674474601365
1.71899792880044 0.848155114401268
0.749078317918503 -0.0281714350154624
-0.588279132022635 -0.547223529697536
-0.290619221273927 -0.161556743476969
1.05853187221697 0.69294666469103
1.39109104307962 0.358933543600526
1.00603717487913 0.745152079873859
2.35543021720013 1.10214825296859
-0.44940960822555 0.188555196945663
0.34353582582932 0.205519969687044
-1.90888184604502 -2.02153857070055
-0.767095121903803 -0.65171451623273
2.93330779368259 1.82290139536307
-1.1132696007458 -1.63192816354433
-0.667677902995732 -0.849800261423175
0.246843328554258 0.647432719730387
0.389086881877502 0.665070221582174
-0.600817391998505 -0.581972603525248
-2.55432100836926 -1.32078326259618
1.09059551627913 0.74646100339202
-0.22083729323773 0.415969264244992
-0.940284199463229 -1.47774474072081
0.483309000131593 0.666252315300318
-1.56672873552053 -2.0019460049455
1.05983258609271 0.372068336650234
-0.543983721072447 -0.766850622972189
-1.03726454164971 -1.21334438492238
-1.48041824973933 -2.20098968320117
-1.36761137525169 -1.45146068677373
-0.808819615575402 -1.14152477588017
0.52053850433742 0.443522653735343
1.3342910848888 0.8116932937797
0.144806956604441 0.767617529316212
-0.503972487078591 -0.638188210520453
-1.36731463721359 -1.49823798469041
-1.76189206700204 -1.64014830214872
-0.282763366363876 -0.11140343864409
0.390815674094266 0.368325255915886
0.0718615221428358 0.254761546589576
-1.67329589266775 -1.61876140899135
-0.538175412101423 -0.682323441522542
0.684359152395598 0.966238698067978
-1.26990053226072 -1.88712862406198
0.755391210359589 0.76356417692909
1.36075844351584 0.822198414964941
-0.400631714079098 -0.133284657806975
0.855177757228058 0.359237040277303
1.83276261095552 1.00503838385839
0.798563295260167 0.800367106122613
-0.736682697331251 -0.790818652075108
0.0427704764272705 0.414915489655263
0.297157042225445 0.555312940880277
-0.303594825621618 0.109677480680064
0.0870742780604426 0.794740474081659
0.182824042060435 0.237826396932169
-0.327857624286523 0.0185925155963348
-1.03236838917533 -1.49704962715648
-0.656098636148777 -0.938843566659343
0.811608934356917 0.51481777259652
0.556979858378447 0.481085557334976
0.916728421113759 0.919554792090069
-0.256308385508682 -0.339767547287645
-0.884754505231951 -0.983440933121345
0.309525943964133 0.882298773063189
-0.258675743537281 0.132519109975356
-0.501950576088372 -0.57957174082876
-0.270965453014786 0.00589567899716633
0.425073993965095 0.924909623596671
-0.226025312574217 -0.0735832925298222
1.50386946284791 0.483437109980105
-0.440242483342802 -0.0300779472512083
1.15329851845963 0.536826034923259
0.541847770851223 0.564990255079379
-0.448588492810493 -0.421429761337511
1.56036645044203 0.892935949959963
-0.0223339467850721 0.019585383256555
0.298281444782349 0.478929875021154
-0.599301881874906 -0.804592618078706
0.131534010419144 0.362651079900413
-1.02451528783523 -1.5596344735505
0.931442520626765 0.549109866209367
0.516742708980588 0.512463926018797
0.352339734714281 0.331072212971861
2.24145808647048 1.17551538624725
-1.7130625603607 -2.22319414810232
-2.28835740993471 -1.75910473715115
-0.851556987914443 -1.04144498935607
-2.74498854050872 -0.885789434756607
-0.635788702740762 -0.77301680762156
-0.673506795803441 -0.88496731500811
-0.412415119336508 -0.404544757776963
-0.783402407370871 -1.00810084117417
0.713816713211519 0.116930891505929
-1.42710514428381 -1.9383727446338
0.0687364207098124 0.245874882260748
-2.05473503131364 -2.02445577473359
0.940544037202924 0.589383837105776
-2.98451218814499 -0.5595060286939
0.351436976719228 0.454994068637504
-0.565918209284559 -0.660487161703277
1.75528282886711 0.63144197636876
0.272919480759251 -0.299804576468034
-0.731031456977486 -0.846222439121485
1.07351079787108 0.541282861383697
-3.61053970126025 1.15514983217444
-0.50844761831541 -0.414083568457043
1.32571794230106 0.72181721016365
0.509463462870898 0.856727515273652
0.757825191253284 0.410788858409947
-0.0378408887123979 0.163936059966714
-1.89114105408927 -1.92021305368867
-0.575036246131123 -0.478458236206025
-1.80480123260192 -1.64789971501698
1.2357863921614 0.458627639591992
-1.00871071235325 -1.29868868076869
2.72300376535892 1.79841915408805
-0.686100051883819 -0.359792222640342
-0.431158356941382 -0.24069509840604
3.0310729103085 1.77811237799244
-1.33532584036767 -1.22549402542251
-1.36629360511528 -1.28163038723367
-0.864527044941428 -0.971252495910557
-1.5054511238428 -2.06214289753183
-2.8146027818794 -1.1932098965799
0.455116092951959 0.489170222088677
-2.37824473178514 -1.47039449510246
-0.368552373441838 -0.27463550326599
0.358633018412712 0.23974621587972
3.52263520686681 1.89875610299529
-0.104912625970617 0.610625073276676
1.60440594422079 0.629393668158275
0.168412503376831 0.480333867426336
0.325261956860111 0.595211692673022
-0.00188435849783593 0.123543103052777
-1.73867548788213 -1.92276871724549
-1.89971465874907 -1.8531633880177
1.19363965215038 0.0608474452554032
1.30726274276083 0.479762345868553
1.23871136157025 0.665221846144049
-0.262082520885571 -0.116442936932211
1.32481813133318 0.757782394951383
-1.34169773724271 -1.98652408259129
-1.67842090952357 -1.91978306802797
0.968630127237155 0.23862014331837
-0.930289189369357 -1.39588648419707
0.423121085143543 0.710782248159388
-1.06152235939106 -1.30865773376041
0.00715326547253738 0.799383719092988
-2.11813487635055 -2.23402739987151
-0.228953454210588 0.408291372856813
0.441156779602749 0.610321864365673
0.123417969351419 0.403794934478102
-2.91910783253782 -0.713972604357
-1.6289569159641 -2.25282627720465
2.39738363700715 1.54851826090222
2.38592709087437 1.4187503242732
-1.19223642950117 -1.46828718455303
-1.3589406482566 -1.40863201401616
-0.393256615727511 0.145602545745908
-1.70968101697927 -1.87183213752008
1.14554062864242 0.402763985585829
0.898162398832407 0.759189676087096
-0.927054887088452 -0.775336693060086
1.78872023320441 0.891092041261043
-0.239674534498697 -0.524096844266235
-0.00398348385354851 0.339940238008443
1.56561607453506 0.989166319900003
0.181792995215193 0.45995711766807
-1.14764180760392 -1.52924704992312
0.976969311856394 0.691326925909805
-1.23740295831844 -1.39071430190384
0.0598743609112935 -0.00689535532964858
0.0859381841868597 0.436073592069516
-0.0106128710660211 0.531590283436028
-0.226308550795559 -0.0884415399833295
-0.0238415344983363 0.263633311378837
-0.920578317278417 -1.20317438762057
-1.04852821098355 -1.45706558455154
1.85849782993921 0.631288772337664
1.33574540449627 0.614515515977722
0.908325869744886 0.620333597970008
3.0127872726644 1.86189505183145
-0.96221099885578 -1.46128534134875
0.158952113571945 0.561917820057015
-0.446537880161407 -0.445311697573121
1.99839756067131 0.966926081362167
0.782793798225962 0.492396642595132
-0.63055689284531 -0.514044139199544
0.722639094595464 0.613113864279922
-1.55184692888701 -1.94397595499292
-0.308662879979256 0.129904591504625
0.0729638653667911 0.628644830763037
-1.79968689970902 -1.81779365301661
1.21693163434844 0.746007492579125
-1.93908473911894 -2.30389054316668
0.800444253973839 -0.0492150761709054
-1.9765016366911 -2.17368929780942
-1.03670684724497 -1.30541475399173
0.963550358496454 0.157654831638046
-1.22138346407358 -1.6254949419246
2.48078413963106 1.44861795688889
-0.166167631204552 0.0162831578762533
-0.703995192372611 -1.03534212390943
-0.858848814780441 -1.30242767750039
0.438223505395311 0.307098614697667
0.319568020934194 0.105306745204404
0.483981370775903 0.731141201455176
-0.934195250034443 -1.09548005101902
-0.501061387115265 -0.590009888581128
1.01045963232625 0.530217154139077
0.475906901038663 0.522299071319984
0.0824872417878562 0.659294952210294
0.158695537626155 0.12770454641156
-0.011385415345186 0.539091822289859
0.861157255811827 0.834294492705026
-0.680988623625189 -0.529803599696375
-1.07584366705783 -1.54541329669711
-0.365320348798758 0.0373371681291945
-1.23814357263467 -1.88925927661301
-1.68157965371582 -1.74717004463408
1.4218151516732 0.482858620061663
-1.57662503309875 -1.95527845863915
-2.43510799518664 -1.07482378042233
-0.103425497083048 -0.352037994320163
-0.307133728598517 0.316212576595072
-2.25244216888911 -1.69601212544056
0.280317970822723 0.455559157290794
-2.02021143290537 -1.72439195773064
1.19890166822506 0.383860052998309
0.0563623009611064 0.762520025709186
-1.64182737411031 -1.77703781472112
-1.06358759760146 -1.84260914963994
-2.20977818059689 -1.7762529590277
0.496092719502931 0.348889276401443
-1.19015347157493 -1.20679420935512
2.47083240398237 1.6795053910682
-0.0237608473241124 0.583508785906461
-1.09979429622457 -1.78663580398385
-1.25731367957818 -1.72191999162636
-0.752499482262039 -1.04258703824664
1.21485113385475 0.685386201198855
-0.554745379524029 -0.645668223279678
1.95588551200847 0.864183551749078
-0.702572908314441 -0.748960889136308
1.00504790695674 0.375757723492291
1.21259639840383 0.332375442772208
-0.702233270607839 -0.718510632076532
2.70461132326495 1.97411506415288
-1.49066046347224 -1.96356910524503
-1.20087246981566 -1.37219144008008
1.75706718168594 1.04153047208024
-0.700346390790082 -0.465315428234027
-1.0357123740378 -1.50132897761061
2.02775154143574 1.29417027482104
-0.782898440507036 -0.883369420422539
-0.653837315994805 -0.704627728908434
-0.544053912696654 -0.6263460563136
-1.82235760056736 -1.56311639985427
0.552721200088507 0.249952641381397
1.17092340051534 0.411537480924228
-0.025256505074329 0.417434679092757
1.52479389443698 0.664017549222772
-0.619097088778227 -0.507276806691244
1.67675652655231 0.959879236522441
-1.19621314462033 -1.79745098016406
0.0666513045963328 0.416983036880678
-0.275671749737255 -0.323829542733762
-0.391808157265727 -0.541967533809699
-0.346370284567208 -0.0970631056362792
1.42375263149499 0.526085217751142
-1.80214023858168 -1.87214937593059
0.592457188799373 0.661218440691883
0.721693975049282 0.668239787748495
-2.92301120240234 -0.802078439656689
0.168285940753372 0.279618733455221
-0.215842478664371 -0.164883940380218
1.15733466240249 0.712331359306414
-0.0307893652280316 -0.215615045478215
1.54659653642056 0.641584078217871
0.68670892040034 0.783865188074654
2.67212483740686 1.93059848073083
1.27096087217815 0.456898190342297
0.450293222955304 0.364550206887289
1.69922683351608 0.700958678438582
-0.677110935088445 -0.684918356220297
0.456055794194271 0.493609263342491
0.620012171065033 0.531238352508981
-0.965321335692837 -1.42731990533051
-3.46945987454901 1.01260787856476
-0.671354280031844 -1.04943786252941
1.21429062752954 0.949716849557849
2.18398395012811 1.36456467763021
0.728250801756625 0.906301229977493
-1.70362673771323 -1.85176653131968
-2.60974929304424 -1.34185874244922
0.829827888813068 0.430828095800904
-1.20398339851513 -1.8071355256731
