0.913052144665338 0.207087196724003
-0.209281287731277 -1.92386147836364
-1.32249571712116 -1.28599754204775
-0.491598631501471 -1.93958770519705
0.673952140492562 0.178778802077856
-1.15628117006156 -1.43178407596149
1.54052439838031 0.369141224296892
-0.185167415120673 -1.40442905400668
-0.158382645758011 -1.47926397201466
-1.24881007582643 -1.55200202552537
0.440883836680248 -0.45041303829693
1.37582494166001 0.0425392979522578
2.17094363558933 0.621827514360179
0.48368028014135 -0.330657019030894
0.6477765313129 -0.109868940687251
0.49852926411721 -0.165317003846261
1.11174150745172 0.277629309085031
0.361190928720704 -0.891899548539262
-0.184029407720756 -1.83691683913902
-0.472840266082322 -1.75560059045958
1.84397927523364 0.31909158274819
-1.81619855726557 -1.64143082186704
-1.56140113959031 -1.14212056286184
1.20596261089858 0.118147942924518
-0.602608643047652 -1.60643132609308
2.75123586005697 0.151141303401431
0.946775572652941 0.753351291956613
0.215398554181374 -0.800407034021781
-2.32823029942892 -1.82232973534378
-0.135029006899981 -1.66497539081917
-0.486022172341807 -1.76780577733379
-1.07578751659649 -1.54878730512855
-1.41269323160076 -1.67768272789635
-0.384024719090953 -1.52164329836672
1.31959178614252 0.193958195881362
-0.17497819073391 -1.77460578174432
0.458122062458691 -0.654100468333261
-0.213607604202876 -1.5396489025679
1.76461322995891 -0.285596321350211
0.614756717109802 -0.20920573124861
1.04526335901204 0.446710844829386
1.08427377678104 0.365998153636251
-1.03022707470114 -1.8857875893138
0.0159570849505131 -0.889068779967507
-0.798036176939598 -2.19930056713485
-0.0975359416475913 -1.47717449039703
-2.94318282858864 -1.17633830918649
1.35275316690338 -0.0303834321529949
-0.012412787854729 -1.57482902211343
-0.706984308388424 -1.60439079517932
-1.23233375974515 -1.10565158736543
-0.746139389131112 -1.70073448751477
3.52400273619024 0.305787203463355
0.831748832758823 0.280057862506756
1.3871912029481 0.403115866974606
0.0620474800741814 -0.874595335883982
-2.04962740622912 -1.51775837394705
-0.00432947659902741 -1.59387624634834
-0.956677857094006 -1.42780078121493
0.734972295562387 0.174962318262995
-1.99399935322337 -1.5039720194103
-1.63610011701059 -1.46331537517989
-0.0721370395037529 -1.76139033744553
0.684451769919232 -0.232977994360902
2.16366782309272 -0.0888328314067897
-1.28039055942996 -1.18847310907347
1.69926364323348 0.142731830175137
-1.18959260938179 -1.74226884151277
-2.39011831066946 -1.66349044252759
0.577866890612539 -0.379365943389835
-0.0872070696351817 -1.28628261873005
-0.357335768268875 -1.935053068695
4.02311669527485 -0.0281474720704754
0.0380308733071794 -1.46334445665808
-1.36484274689725 -1.61192334513332
1.98917459352874 0.0616887785095015
0.84282530969895 0.00752264885435142
-1.96434545091293 -1.79160904496883
0.656153551768399 -0.143310575183354
0.843542664518454 0.302039047829
0.666549604432649 0.0212184463240906
-1.87637723400745 -1.5657301454255
0.0316811655004897 -1.49081546684518
-0.795655197004164 -1.83801100420672
0.507576499252893 -0.466068343655805
-0.896506015182767 -1.88166917394723
0.309520577758126 -0.859874968984293
0.826543690132968 0.213685958981938
0.613009713615114 -0.294307663165584
1.12518435375352 0.228207916461268
-0.0319574857137128 -1.52419725149227
0.647325071799591 -0.325034631021537
-1.94364512081934 -1.51308300473929
0.37044162939366 -1.20169968957777
0.842087337657745 0.53730739279169
-0.435320484418253 -1.67045794243845
-1.351001387474 -1.38318531088942
0.185619288306613 -0.853187269841014
1.94778876604007 0.0475642104732273
2.27956139271032 0.0105905245003949
0.766352867900382 -0.0779277392187283
-0.0709827133976986 -1.07333884779138
0.733774811790145 -0.225098748543342
0.802266675683721 0.591070767127936
-0.314294410549805 -1.74678527909608
-0.113582614627463 -1.60835744667696
-0.0414401749570744 -1.70504588747961
-2.69944596458936 -1.68780526789674
1.21423874950103 0.0230858428073775
1.54235635986966 0.37783292461991
-0.661601503833655 -1.87953527180711
1.34140315637878 0.1903513392316
-1.03595838810572 -1.65981532824935
-1.59169108055047 -1.4437977117963
2.45856041725957 0.416703725711022
0.159598441250067 -0.974488817197884
1.27949699451583 0.366195804663736
3.15788264884788 0.555816707148741
-0.952827366518811 -1.83936476471615
-0.634674356305412 -1.9575511224105
0.621913928628949 -0.400002013684571
-1.01389488087516 -1.59299209034092
-0.562902391598286 -1.83872287492069
-1.02672743891048 -1.65389515604895
1.25734474954162 0.443644014652058
2.09939142496762 -0.127949013340167
-2.1207874186488 -1.65272299588211
-0.578188612044948 -1.86359264556189
-0.546536408853146 -1.98516875232785
2.57290802525455 0.318137700428229
1.0006072890679 0.609551702423103
-0.0954157349159466 -1.48992912051294
-2.16725989348531 -1.65700254611438
-0.828733555029704 -1.46061519220923
-1.99634306420104 -1.48422445296052
1.83502899938611 0.240590170417219
-0.597701451810236 -2.06748591639391
-0.304935567758355 -1.86464423855672
-1.04618034512412 -1.62392208875021
-1.64564525591906 -1.59582461393129
-1.95125707703072 -1.34594485771406
0.237228069209183 -1.12350542478764
-0.520168409518057 -1.93068465588063
0.0368807311775466 -1.28140363732894
-1.23257592692788 -1.50763195229789
-1.30762962152235 -1.27365835756935
-0.0853671252682635 -1.12940743873754
1.73176048222718 0.639087291316027
1.25719851293856 0.503381149823026
0.332688700786416 -0.625128585924514
3.13099430512375 0.608483287894756
-2.40847236899487 -1.68866803093655
1.34239697603331 0.30761695954803
0.0585158497146355 -1.06651331790157
0.0425746782154882 -0.740827450462822
-0.49030839874379 -1.69704237146658
0.747851182457244 -0.220608381031676
0.806221606729477 0.485091161684556
-1.18574526652725 -1.69581446734049
0.0133225786261272 -1.01081065055917
1.77202742818812 0.116645958135375
-0.785033675734763 -1.68716756680076
-0.3105620207323 -1.88126468970606
1.50888306602139 0.269418470409318
0.153413821876174 -1.4279781431889
-1.37303549887019 -1.11984526605028
-1.20834118423753 -1.73395709343472
1.94591472843218 0.00786158385480065
-2.94035475197428 -1.37904500476801
-0.590287205991503 -1.89261246956764
0.0614319349721384 -1.13619236022724
0.218810195149667 -1.37984396351957
0.547497615654802 0.114791132487716
0.573582210045923 -0.213012817304549
-0.306610761655122 -1.85792430460837
-0.797664043412745 -1.41596273928301
0.0583925961164302 -1.54661230789867
0.0544096849656271 -1.39386103947164
0.193957789450986 -0.807339107926271
-0.877412863418245 -1.3668356268586
-1.39410908575717 -1.68891502656692
-1.49799150393592 -1.742836989252
-0.0200476752517834 -1.09006559491614
-0.738624764996569 -1.59292104711018
-0.583698210783308 -2.26683361301218
-0.664210364875337 -1.54803037595917
-1.0695438066597 -1.53754790566701
4.94462469556633 -1.10809096775627
-0.138387471104441 -1.39966892252725
1.16959012713557 -0.0527687784418969
2.55502260225729 0.205956760178596
0.726819358978835 0.0482452662193088
2.76225171135346 0.942626880935584
-0.3200935222471 -1.98717640464158
0.235421911657083 -0.954310815336583
1.03019779932758 0.292964885876498
-1.05135739938793 -1.99447647217203
1.31662314596653 0.0571110014957444
-0.489201200245444 -1.37464117549784
-0.659262454502194 -1.75816374615195
-1.06960961191209 -1.79400757286944
1.33448553243975 0.177450497742958
-0.254726906729173 -1.88089126737115
-1.32304898896069 -1.49638363736147
-0.59090511327259 -1.94576730666573
0.257080079279266 -1.01112739546398
0.601473513172819 -0.312729494709905
1.62463325864547 0.264567601309686
0.0368656902721857 -1.45467715064356
1.23057639759034 0.367227081640128
0.485353592486236 -0.604508674887425
0.475569951814641 -0.229098817525029
-0.368331518836471 -1.71873403705779
0.842738335454144 0.108505656712879
0.317619592604458 -0.845621308526809
-0.743461132336012 -1.74895627878703
0.34817444691541 -0.52299066840173
1.36164513021257 0.272415557275605
-0.66627493877388 -1.954445730478
1.90458562927864 -0.423569941266646
-0.24430056797646 -1.77049517563875
-0.852558169212619 -2.00312649218953
-0.278386991298666 -1.80632330207897
1.09249941855837 0.194417140461039
-0.759552554581926 -1.96393479367668
-1.47596239791175 -1.58433174295657
-1.01635353969218 -1.63090843712592
0.464622046756396 -0.523136700171911
0.616456238140622 0.150572030261088
-1.38376702566955 -1.33876481321979
2.39255647376376 0.632361586425792
0.578283187360273 -0.209682231002558
1.04007567157928 0.718933307997968
-0.830220665057421 -1.92921803870885
0.936010339026789 0.0948349482965585
-0.699529112930756 -1.95899800866232
0.138375018040301 -0.645396887334329
-1.34247880633447 -1.33903196350336
0.698928224597995 -0.0146026470975836
1.24984347860574 0.0938379527511544
-0.520842410187795 -1.78686531237084
-0.228008768502386 -1.78170104108041
-0.12686714766221 -1.3494030233247
-0.705481551894968 -2.01627383490386
0.906648878353568 0.349410112275646
-0.860310891132954 -1.56969283627641
0.210928062382043 -1.16233408584024
-0.039832521068737 -1.59826593120421
1.99113357514202 -0.140757167765296
1.85199493389185 0.141310527442102
1.02035318500213 0.0479694451566209
0.458742941934036 -0.324068564433259
-0.753516938718846 -2.23532020531224
-1.3964538005414 -1.60572692371678
1.41126776966826 0.578970021848096
0.384602177482076 -0.264677548552431
0.857937273351271 -0.262530249041161
-1.10533535356241 -1.92401671557022
0.0752875720070147 -1.07993506849068
0.979939788802002 0.205047115486453
3.63119275858078 -0.280781636738508
-1.92255249567264 -1.60897018446648
-0.0868999927044952 -1.30269319504848
-0.878700226817167 -2.15067327760261
-0.0848258078050095 -1.35587684169664
0.666930833106691 -0.178745683187963
-1.0717247593053 -1.73057222446363
0.946137062159582 0.412889563827947
-1.00226743732878 -1.81074327115033
-1.07078102417179 -1.46822318703862
0.596972897625382 0.345826532360767
0.584274143749212 -0.721938366745471
-0.918993836347735 -1.82021663725652
1.46204609398552 0.208511967079422
0.169712081491619 -1.11398743308648
0.403130881831231 -0.495482906015107
0.247523035547234 -1.12545182596478
0.0788163134727053 -1.02555244728678
-0.848004497645445 -1.86426355151461
-0.169308654803162 -1.70739049245878
-0.24132689592031 -1.67636098142733
-1.58861837908808 -1.52981882413771
0.598003108170505 -0.299638550402961
-0.991651965026708 -1.87366055712982
-1.61227865221998 -1.54291000692087
-0.579289494147043 -2.07516288258783
1.40693824013726 0.152139515606157
-0.0489464111312447 -1.25088099273168
1.12152609593042 0.335486452041566
0.662492701714245 -0.307482675825379
-0.285099941534347 -1.61532129470306
0.704201281253634 -0.253446783029726
1.06874192719001 0.309681368262891
-0.674359699474481 -1.75027425176904
-0.441392018486433 -1.86735245274181
-1.91770422379058 -1.41233832692643
-1.37843140069894 -2.18666972385263
-2.38161811321034 -1.35684585211738
-0.0871420435834292 -1.22460515292382
-0.54053794847238 -1.52290604008179
-1.00510250168266 -1.85372338015835
2.70755792877892 0.0740264673991086
1.70994719166464 0.0207477242977269
-0.00361974681154728 -1.53067781387133
-0.895133870239898 -1.95341697247098
-0.890146630474112 -1.83423707208329
-0.280988653891671 -1.56396843620167
-0.146603769852279 -1.79140735287789
0.366945882348751 -0.564810056909389
0.227519681398148 -0.783982730018505
0.233449135152072 -0.560344654992998
1.33658952003673 -0.0225729391672528
0.179117646534367 -1.28377059317552
1.43006932706929 0.780597851848552
1.00791318898565 0.13591081755899
-0.441811535484269 -1.77591735489559
-1.56404266256242 -1.31841334493412
0.392749655425168 -0.386476500606625
0.691606308972694 -0.0834592574183879
-0.768353812199351 -1.97952243854793
0.64083265160014 -0.42505926341057
-1.68346039531952 -1.29150611310965
0.0571273114247818 -1.16699545516543
-1.42617733583509 -1.32743225119965
0.877940555824603 -0.0882673832217049
0.161286728020388 -0.961875243242052
-2.79502179055257 -1.53016104878433
0.985049937285734 0.551364933017778
1.50566668895638 0.545987877704846
0.0521252628198865 -1.19349518484228
-0.214935187082426 -1.81969312758386
0.147795290214369 -1.07314014662544
-0.916275666229053 -1.64076254604377
-1.01547407623511 -1.77963933438611
-1.60629423513026 -1.73041471653655
-0.993435383280556 -0.924661450016309
1.28384393071134 0.729147679798092
-0.24901115928756 -1.70251955166468
-1.15528045442477 -1.5194230575305
0.115445337802705 -1.21720995990609
-0.398654411143986 -1.91346865285848
-0.244336420795099 -1.71502782270806
0.00781854521674858 -1.28388446427432
-0.167251578171338 -1.88876912888461
-0.629717597037312 -1.77840435660798
0.0472835405312938 -1.36019620290489
-0.696731275027592 -1.70780660555691
2.54671610034103 0.528871006556585
-1.0259651594371 -1.21048192773565
0.525188948647907 -0.03875087714264
-1.40850290283867 -1.37412613986123
1.20495858535568 0.439032891635777
-1.5583121067425 -1.77209723797159
0.187774856160899 -1.36253607864335
0.636094666870614 0.0664230240640182
-0.879214855048681 -1.71998069694672
-0.734306443731974 -1.75753946375406
-1.1965077153138 -1.40661724414512
-1.8908376139914 -1.49306544637093
-0.884456068065386 -1.99148974949086
-1.82127418039469 -1.04115378893252
-0.361416153747074 -2.20699076570832
-0.982184362643448 -1.68489060674286
0.659827828603869 -0.230658822286697
1.75013202688311 0.370659215881331
-0.619856463186916 -1.97815811079689
-0.980791930996788 -2.03785284304594
-0.0182373840032996 -1.64443732159156
0.86207593335123 -0.0843651984639374
-0.452677120611468 -2.24762284633377
0.428976237938452 -0.847097570418401
0.620143791689537 -0.197707616144293
-1.06581746683486 -2.04229752875048
-0.934183781392038 -1.85594804499856
2.31259329333986 0.400465565524996
-1.06343391345243 -1.36281758920621
-0.32553249679293 -2.12153724220438
-0.299159971191523 -2.22187825542116
-0.591720091981784 -2.04225767623972
0.0333224397428191 -1.64076047508249
0.105919078466214 -0.838072860432516
2.00883764404436 0.205545504443775
1.70298295624559 0.139878321743789
0.814262900607682 -0.100036681095804
-2.19310737322874 -1.95410478183092
2.32694970286273 0.0718181981283623
-0.562449456283068 -1.87832362911271
-1.04669014338267 -1.58343611035552
0.403868867783962 -0.0816267761634284
0.0616921336944868 -1.45093160331238
-0.634823009061666 -1.90907413607839
-0.10882595988885 -1.46352567785887
0.893204948616062 0.083880221431967
1.33226571008606 0.488466567095573
1.83015196602272 -0.162028149700277
1.45478426932865 0.644560850090834
2.40901522180021 0.299759998972273
-0.781501340205811 -1.73921825942608
-1.65663901901078 -1.18541789155363
0.947540709590123 0.53671408621036
-0.307365020761308 -1.57714095715962
-0.204854335293496 -1.93620246673011
4.96859425943969 -1.19357643715557
-0.317702096877004 -1.4529143145076
1.42374324362468 0.365304091727167
-1.6288008647575 -1.37507624233577
-0.0527026718408492 -1.95187168587261
-0.650004500690034 -1.87166085046466
0.453733104784356 -0.500957946678688
2.43751966996527 0.335131948291468
-0.751934799858845 -1.66544343280546
0.173864942245945 -1.17303702095513
-1.28020131731053 -1.68884186802214
1.83703129152591 0.325182007815839
2.18100010182125 0.282654071453765
1.00234801895131 0.117832425139597
0.303930695869824 -1.0672773102825
0.792338005718556 0.304426021177453
-0.434669432946126 -1.53787997493897
1.08625500524459 0.33719734421828
-1.42585380550695 -1.47847046097551
1.68152672034128 -0.368651660220339
1.02306103303591 -0.0317128441903244
1.27107359258454 0.781204481793623
-3.80873623345733 -0.261232916533105
3.04478143307381 0.624846882915383
0.920546955387784 0.317894065248093
0.38657814188046 -0.54476074683283
1.09682458611288 0.474207810406184
-0.267790779497753 -1.89980668505292
2.07485434886392 0.154371530631086
0.0620450297768969 -1.62845784616608
0.42269829500935 -0.586359765253484
1.80258778730452 0.0670544187363471
-1.45724411190924 -1.410863143095
-2.55256861433626 -1.75773778012682
0.943267234699472 0.275326451772636
0.240930511002539 -0.916914498346007
-3.5208472609751 -0.895494690744362
-0.993032544630141 -1.86535266188213
0.125795302712659 -1.5373015000788
1.73970576499108 0.00603466130757374
-0.0590493122863417 -1.82324619299803
-1.5765176604945 -0.845901297177411
0.0873471995271826 -1.17555024116099
-0.333997202685916 -1.95102986233735
-0.133292948887397 -1.75624818947515
-0.137579638037794 -1.68291893574263
-0.363984775085802 -2.41934256681435
3.00029862517202 0.568157328253313
-0.58191827521125 -2.01505406479749
1.65212098468287 -0.199201042333919
-1.41440413246037 -1.55959529039688
-0.882052222328183 -1.81813144433578
-0.372785806648102 -2.133162867145
0.867925040847168 0.131533705219692
-0.455873247108018 -1.69228145766634
-1.55807818177983 -1.28423800062697
-0.17527262631858 -1.06355729973891
-0.588044197298869 -1.72041416102615
-0.075386962976563 -1.50548515570521
0.197256653648645 -0.739158661959109
-0.531716793257461 -1.45824297292256
-0.0854765910498711 -1.36915233700537
-1.23727526404541 -1.31976147359779
-1.88773326090438 -1.65146373950557
-0.18717852230223 -1.8559491812366
0.0611369288661289 -1.19055850210484
-1.48935196552891 -1.22814358793456
2.05813766395802 0.215306454175526
1.11527022336985 0.676767084763124
0.428460607399323 -0.729668348436562
1.58072719685858 0.115430466120134
-0.481471985254439 -2.0902572011362
-1.41337721135502 -1.4124144353921
-0.847159998130122 -2.11401184480236
-1.04292107484608 -1.69559093018872
0.886226093058613 0.445913104644629
-0.0253376663010147 -1.54223954664484
-0.0476869489540525 -1.12212828293039
-0.345253793902991 -1.42687888583088
1.19963100622443 0.499730763319582
0.46790828387923 -0.572368983726333
2.01081174909346 -0.167501194439331
2.86522009497085 0.740858131164798
0.669124678323242 -0.300364355768194
-0.452099043673307 -1.5320560718284
0.709678749787528 -0.106690023198717
-1.34813399965674 -1.20643494651384
-0.674643406423334 -1.26653859353894
-0.777503502559922 -1.33900937334163
-0.508219012363231 -1.80621480597731
0.719975647542032 -0.127637701703373
0.320563759483028 -0.538409409378307
-0.797069169923096 -2.34468030807994
1.02886657036438 0.0256875857546074
1.73045382823216 -0.276334428144053
-1.21379838550501 -1.20845461620601
1.63616232735305 0.424513634050484
-1.34637372880975 -1.50789539798581
-1.33714829332974 -1.57533747003962
-0.81212469108747 -2.01275436636208
3.21252942639345 0.807926556716249
0.682603000108182 -0.178414806032542
0.132289353325035 -1.15778471802867
-2.00631769846186 -1.58793896819652
-0.11239910816764 -1.73963796303784
0.383208227013927 -0.983242129948035
-0.388963836978612 -1.80687973351149
-0.800093346012495 -1.90719385087178
-1.06444961503589 -1.4094510819869
-1.31319280694739 -1.52826250075771
0.196163361020018 -1.16732743540688
-0.48268803111176 -1.93172298056013
-1.05125392086039 -1.65753771734505
0.492137809198172 -0.445485860791977
-0.0624172215898827 -1.52773714386106
-1.2665027895848 -1.80330053141385
0.660857895076476 0.0126086383083222
0.741572133011242 -0.0582725647529128
1.89138387025988 -0.234138201820175
0.835088986838225 -0.489648471936059
0.0776394416117616 -1.55493205330244
-0.336856029532799 -1.65893150757954
-0.0334880183974282 -1.13592243072486
0.327702131776978 -0.854421512733693
-0.260638906660602 -1.1256218575704
-0.332886911015583 -1.94978045832521
-1.43904547213388 -1.96538402270473
-1.01776620792298 -1.9997189979657
-0.622727782851533 -2.48062296723443
-0.0814483039203899 -1.48824183481093
1.08808325250763 0.255735793044684
-1.15074976063471 -1.43564694108927
-0.0310015786514762 -1.56747690144037
-0.535948462394796 -1.83120104114432
-1.0800260490141 -1.70404858508879
0.982038243218959 0.218261552442234
-2.10818894547578 -1.42193416798077
-0.595646456916453 -1.72703561885479
0.0118446873501364 -1.65483713315635
0.966895556449588 0.189798062038274
0.296207269633421 -0.524687686645304
2.38164462719161 0.281235358706564
0.631958732040184 -0.246613793627762
0.465761445847607 -0.378327864877873
0.194302470949022 -0.292724015195026
-1.35162772898065 -1.67464697503156
0.527854322726158 -0.41135036141704
-0.692391049995424 -2.02030737898904
-0.955034058195436 -2.05163456253495
0.979521188941781 0.0787880305430299
-0.0900057322297136 -1.76297250089841
1.60815467097118 0.572623203276908
-0.695842854510025 -1.85096286202947
-0.507422385125428 -1.78435209300268
0.342131137822772 -0.781368746068024
2.9020066149804 0.749651400526913
-1.15337264544376 -1.8346685848397
0.709048270679294 -0.245603183957294
-1.57023746357497 -1.65922482654067
-1.05319647476844 -1.95341668390327
0.00813172511135959 -1.69008209177951
0.707445603548039 0.404455379151687
1.9864899303256 0.269435602803198
-0.0978972266947221 -1.9612364268939
-0.139444325139516 -1.53770129034595
-1.70615624606386 -0.959020069527286
-0.239032443076343 -1.91129207538992
2.45908065539641 0.181206709444353
-0.592444399814981 -2.03225557157196
-0.93909328710863 -1.98905694229253
-0.702226835549955 -1.13636671852325
0.564772808087926 -0.284285348752348
1.32602586954733 0.336176834978334
-0.0848370033197021 -1.583657626559
-0.558715750948893 -1.64131768008246
-0.720445704226761 -1.91199511136867
-1.55928122031513 -1.41799246440513
-0.921175112657695 -2.30500698675444
0.17845420690874 -1.243713027546
0.782117435960832 -0.129740084300634
-0.612784078248512 -1.77442902806189
-0.545777445189141 -2.53122502086935
0.39489251407049 -0.593748103884325
-0.788629497477497 -2.12359314314031
0.231152422838942 -0.833467448204313
-0.431047647793627 -1.86006295014799
0.531534217102819 0.00988660459023166
-0.167315670343918 -1.70077097037445
-0.898007261478156 -1.39684184997027
-1.35174957553952 -1.38508626367514
-1.02219522362155 -1.55480219098908
-0.0135516310717 -1.70768073108838
-0.826501550133648 -1.62616942669754
0.706177987353799 0.0119498781653981
0.475375184425088 -0.668381922031147
-0.144558884446018 -1.3462825556644
-0.134590522560789 -1.56933542930702
-1.35376878509688 -1.09969630448994
0.480368674877584 -0.639364010925848
-0.51166630099845 -1.88524154128323
-2.09308313480317 -1.60790147192472
0.480238047621973 -0.785624442036713
1.45294431117602 0.136932924763351
2.42501978134383 0.242514203424239
-0.47594831852793 -2.06928646998231
1.20004600457504 0.0304654198290653
-1.94422441365744 -1.29140938456351
-2.16679967269577 -1.87549976368911
-1.3795336550554 -1.65004034735695
1.86514545587519 0.232648316413321
-1.62088067335954 -1.25912673483672
2.30206832744759 -0.133437130130575
1.73784911011388 0.078142310014486
1.88398839024202 -0.0648703166312758
-0.486115445942376 -1.69070955124129
0.514422916383807 -0.0471941358561869
-0.818576547361267 -1.51242354920878
1.0095630294892 0.254829884902609
-0.949463343657573 -1.73426666343366
-0.959353568188266 -1.78686185235225
1.49647591195931 0.108608291959942
-2.15041701483731 -1.97348800649375
-0.521232486466713 -2.37846775677919
2.37877131413028 -0.219683587792923
-3.52208180417876 -0.565289172183927
-1.17631820515 -1.49601937325034
-0.905919018889804 -1.47413827883013
1.46715910713298 0.55165905501351
1.6504393753844 0.18230981418203
1.99351609455077 0.368720264370096
0.489504954124983 -0.312247827354193
-1.01982636111269 -2.05060198139596
0.355769836962799 -0.913204532165942
1.38077287757456 0.245343629802554
-1.05114692264867 -1.33115481153333
0.133750751077481 -0.86543048552993
-2.62164604602474 -1.74096086031923
-0.110291540010248 -1.81822312217405
0.351820034156116 -0.590228043032966
0.122682036032572 -0.931990639949928
0.0739628077033468 -1.18972293614648
0.869367434403905 0.159243440415776
-0.364054741047365 -1.81074232535437
-2.04132718983733 -1.88552470687908
-4.04160810314388 -0.889686699498993
-1.26790579336271 -1.87695116030031
-1.16626370133231 -1.57523464321408
0.416688995567852 -0.604098236017928
2.06276575742024 0.281587836665293
0.836192908764232 0.0181287279208249
-1.50946323827498 -1.31421253322579
1.69744855132942 0.402501285737903
1.78874721713074 0.38104288133398
0.166947879931216 -0.931677479970179
-0.160522346844354 -1.73628779911574
2.87924861281355 -0.142626989041004
0.749233546813692 -0.623846973396337
0.143072534468258 -1.17879312454682
-2.42366087437117 -1.63607460269562
0.2065147216059 -1.08174036319992
-0.586303303571957 -2.03955346714407
-0.865649060822057 -1.86705371263789
-1.68301363839807 -1.33286274621079
1.02631416974775 0.362553965171408
-1.49626287718324 -1.60500431948017
0.253841132093637 -0.789142457041991
-0.245461821228374 -1.90957791783269
1.41168707526308 -0.163490452922349
2.78293767587037 0.434941938261016
-0.292583014735264 -1.87919284045831
0.438386468836616 -0.142419107302087
-0.883656170470662 -1.71066401962533
0.106930015444359 -1.11440961076959
1.03943363065524 0.141686601990191
-0.220915231647048 -1.44773243059066
-0.694487278315674 -1.90625807328444
0.823235128675709 0.103134837225592
-0.664646269494563 -2.07023341837658
0.362945723345236 -0.602325789045912
0.378387071253496 -1.26099592804834
-1.19113296744572 -1.48309951250261
1.14051614991334 0.34807792271625
1.45272465100595 0.240317173697661
-1.27308485413512 -1.5740409995515
-1.34134693142707 -1.73616934593918
-0.770299025883043 -2.06813474402167
0.390866329808233 -0.916250400196993
0.92028062911256 0.398163259661516
1.88058616833718 -0.114819890484054
-0.813976607281078 -2.01995683755297
0.883868858450076 0.270377351383277
1.17473890783063 0.420580943948274
2.86332098938854 0.519727189055581
0.0347202531735478 -0.995681493725265
0.247426130346591 -0.703024298829392
0.887554255188259 0.125601302097508
-0.224255535218338 -1.34656745056169
0.72188009415412 -0.0781093765558779
-0.862554224867342 -1.87774863330603
-0.0558621952842996 -1.43764579328041
1.30734707249886 0.22734874084744
-0.902189564995939 -2.00230321564946
-0.335527028179856 -1.71404378622476
0.454522995558897 -0.889753627504431
-1.41862694935297 -1.09600305645023
0.580137968460787 -0.388421304196886
0.0890807635883864 -1.44259123390502
0.834735440621941 0.203707128147375
-1.1028923982688 -1.68134407772171
-0.239733052348549 -1.42163885962601
3.30808173757382 0.382669119512331
-0.00385910909143763 -1.16409931454325
-2.77208800697048 -1.13630312124555
-0.379187295051192 -1.92298510206248
-1.25227195572149 -1.45273148408046
1.02123788922849 0.377294010175519
-1.89814038017233 -1.65175794362541
1.17896026909283 0.301455018241576
-0.209844813838374 -1.74206021227662
-2.35304209075644 -1.17886728365756
0.608861236518353 0.0572099380506661
-0.132963318379551 -1.05269994611861
1.1439878785071 0.512351132716315
0.92008237597961 0.619385656464208
2.73280708587926 0.563980715294842
-1.44566567192951 -1.61846384618104
-1.46171520002478 -1.35308695627729
1.44625071636193 0.1374658029064
-0.913129440197411 -1.37025933154473
-1.02408846296843 -1.30215083665779
-0.223637687927116 -1.64679979777987
-2.02300454896193 -1.26640016381039
0.573140338096318 -0.171943706671217
0.860402552208803 0.453850491289729
0.235761682251874 -1.06416507564656
0.480445033973752 -0.400935436835645
0.726431621378817 -0.340719557517358
-0.608768717653487 -1.61641129687573
-0.921886763512612 -1.64605074785248
0.198984496878322 -1.042801617357
-1.72345482922694 -1.3322190063866
-0.422353174634958 -1.57828404881841
-0.75566324798755 -1.88707240966839
-0.475288791241878 -2.18600829380819
-0.317904336959421 -1.72082661047652
-0.917975592754791 -1.85235633734559
-0.953148432030858 -2.11070457923104
0.39717114825633 -0.955057684955147
1.97185017440604 0.0568253839796868
0.0103864633303883 -1.54863376156273
-1.73375543882556 -1.41663263528564
-1.0973435546189 -1.41551113511104
-0.710920811315518 -1.47452344803479
-0.283436278977088 -1.48655277434011
1.59349501478116 0.365324462252424
-0.503991462366348 -1.92673908178664
1.19038925557237 0.484705607362693
1.69687165354102 -0.260257375152751
2.667749127216 0.277327046332496
1.81740290128665 0.090427769336169
0.139294157022524 -0.854806066706496
-0.217391221214399 -1.23319678424843
-0.494794766892554 -2.08715046219791
-1.55032881945676 -1.43805833931725
1.69812462331876 0.211188693798762
-1.04329585448732 -1.64794068835778
0.985122543363779 0.708905600315512
-0.495211497603894 -2.30557931518296
-0.278542647398277 -1.95940022034325
-1.43745614223397 -1.50011117144682
0.677602276781277 0.181425372198918
2.58143850205594 0.369124127533202
0.23720406669078 -1.05271816957718
0.320090552960657 -1.14293566339291
1.66811400474788 0.0868568319520018
0.211110832061771 -0.815465800437732
0.656322255070378 -0.182926759135685
0.757272228228202 0.0664433737667942
0.463018397409151 -0.542421336220738
-0.582244806525029 -1.84398975504872
-3.11028373289426 -0.788105885388741
1.13974950121522 0.481857222780412
-0.544027045707116 -1.77166991757536
1.24562123416109 0.0237510893509829
-1.13113497824934 -1.55046352432402
0.392790507852539 -0.863988122729875
-0.889236246403054 -1.62687222305665
0.0282151433711981 -1.17134986511579
0.464915441890063 -0.424642429356387
0.189024640509475 -1.06388097045095
-0.498983973827168 -1.9571047312023
1.79091357310039 0.156498084849854
0.421173463278825 -0.621855289851692
0.123339037890264 -1.20906038259767
-1.65301020807259 -1.20522380917562
-1.23271968433143 -1.64377489316389
0.471001369870599 -0.643897683929708
0.121192431576221 -1.32624072791494
0.0419660182422162 -1.50434869352863
1.53371912418942 0.53181574123374
-2.42083666851785 -1.91826421442568
0.972203140645653 0.296309583414781
1.47342610254806 0.113087410507741
0.856209332676802 0.301826289864401
2.34543481610053 0.525284323964188
0.102817029915254 -1.20984578751176
2.00389082416158 0.24995612162365
0.848833176506767 -0.188308598310804
1.62830104836156 0.394645571041981
0.556659852090126 -0.404700689441124
-1.30655513521124 -1.64979239484287
2.38343567377466 -0.111853858524886
-0.382270044527294 -1.89195401271082
-0.408574885546962 -1.62279959463146
0.308284805149753 -0.351489003200801
1.24266048891859 0.437956457353492
0.904508611942912 0.257531575720947
0.164579805396327 -0.906660651024553
0.300496007815608 -0.961941879129449
-0.228499653030725 -1.5803695741249
-0.125505380475651 -1.5469329013485
-0.641217052450917 -2.36073363122285
-0.574568562408427 -2.13919925989615
-0.92062667651467 -1.66594423954017
1.48231573974201 -0.190329232758009
0.763443031889073 0.454333607819945
0.598476303513531 -0.0224191207283321
-0.700207944328898 -1.74908703327422
0.434379352173131 -0.698655767583743
-0.0740380779583518 -1.79829016100142
1.24186474609978 0.233710929339734
0.706654384832542 -0.168759313444147
-0.498640432012273 -2.18375007664805
-0.189833469888687 -1.44613174503427
2.56697083981768 0.345507363199283
1.66827135520099 0.487163711119087
-0.0147840715158439 -0.915667746129765
0.488313791098508 -0.17024036918499
-0.177686271693399 -1.43952917298065
-1.98495420883341 -1.55752878899928
-0.04429054282926 -1.67749156282367
-0.0641630406508026 -1.49613716704255
0.532687423991566 -0.511433390318865
-3.22972834697398 -0.956819175846477
-0.585763977921351 -1.7917780913452
1.78625435037651 -0.0477433579178313
-0.308821801796133 -1.88676574343185
-1.15189642225344 -1.4566603660896
0.138750335774342 -1.29831030664352
0.288280884875803 -0.310709821240536
0.740391741131095 -0.320307520176394
0.068506339232879 -1.21851560772462
-0.499874395897849 -1.98050459101611
0.419577422923546 -0.626414880312361
-3.24999385904715 -0.860693367507343
-0.819317162660036 -1.71625116196656
0.939879440716131 -0.246027634272487
2.74761019286336 0.267637114324447
0.243825665984525 -1.15790998169194
1.06248850918285 0.779241072172051
0.667273062205621 -0.175937552327065
-1.13161783691541 -1.27439410651046
0.102662803537826 -1.49319170645268
1.75356019267494 0.197167370538132
-1.39435961665696 -1.15560217528453
-1.43219787006257 -1.60183103089186
-2.19795239070984 -1.67683332619589
0.746811670899693 0.0762744539538857
0.741624574335639 0.38269328967647
-0.350715878049614 -1.61705027776149
1.27311272132737 -0.187861672583278
-0.207440286056482 -1.80969019385484
1.95541558948652 0.35987844304274
-1.34179374400118 -0.971143849346228
-1.15640091832379 -1.39533298636446
-0.321923135747273 -1.71208866178059
0.612546860953924 0.215897368443319
0.889872808178644 0.559860590272379
-0.577357088943254 -2.11697418802631
0.943982361302402 -0.046524144211302
-0.239446520464468 -1.80791832946731
-2.40164996471319 -1.55167412575702
2.19035122854187 0.494054782805092
-0.314461636629563 -1.54593533069645
0.112994962038875 -0.80338390789874
-1.28695846508906 -1.4666846518101
0.0288668742907201 -1.48575535664798
0.218329432187021 -0.998268248665234
0.662934653514097 -0.15472677331269
0.435076758013473 -0.322404574514864
0.66891684555169 -0.29488917172085
0.230366242964503 -0.979726208063963
-0.0469272572673574 -1.43249146896762
-0.718415648735059 -1.32248491029743
-1.01797544571903 -1.75414551053202
1.3207867793409 0.235893140978366
-0.712727973355117 -1.93355800290897
-0.0480410472051584 -1.52414388362595
-0.647945494546499 -1.84643691268416
-0.390809707118075 -1.80301430873442
-0.568651221157588 -1.44521697257878
-0.528288326884327 -2.22902972227524
-1.32999902710218 -1.32475112347721
-0.269199237090127 -1.71296712708272
-0.56920115320301 -2.50474513444056
-1.94900350296053 -1.81177272066153
-0.280754571979154 -1.98878912937255
-0.192782291207741 -2.16258753563655
-1.58146498724618 -1.26342233588604
-0.101560594815191 -1.66821100959443
0.0856613383167815 -1.38932396009762
0.788349256807209 0.143412113627465
-1.28609218291606 -1.60876459352454
0.461571567466205 -0.921566041466137
1.08630543092627 0.530445035913579
0.63874692976811 0.217413746063319
0.816373938767355 0.169828178992336
1.54434061586466 0.342330005136245
-2.24223729452913 -1.76707077002162
2.15005168198371 0.282013620523037
-1.33530742483088 -1.57678224656972
-2.41311130669835 -2.04355205142521
-1.69375608041234 -1.4717479159582
0.326091090843136 -1.07846482743737
-1.38489259490447 -1.63166626098647
-0.663025089857101 -1.45096887449472
2.57591440876162 0.271840136867898
-1.39271706310668 -1.77896485876158
-0.602300353870672 -1.81979080428354
-1.50454941444227 -1.45722301515315
-0.388335509947094 -2.40715252710857
-1.45641780374945 -1.20295434784379
0.327494880540529 -1.14888000737752
-2.13134254569588 -1.84974660456219
-0.90315558546348 -1.6499218207848
1.73187943437875 0.575036251366488
0.459740259705226 -0.451817070878698
-1.09958448361388 -1.45968509872224
1.61693873419783 -0.163432595168622
-0.0398215856536527 -1.27150368269821
-0.360890501649606 -2.11327600223622
0.802601787130012 -0.443929890020163
-0.936695725892527 -1.34706036951469
-2.19547789656032 -1.78204904997094
-0.159854249334901 -1.57605330805711
0.598863116588593 -0.402975392914559
-0.219578047192592 -1.7840208538043
2.34903664997324 0.13196148782472
-0.599536274268978 -2.00424050919922
0.923116596375415 0.0379850638741934
0.057382341235186 -1.18793091070685
0.459534976989198 -0.484306961263655
-1.2832385129936 -1.20026494836441
-0.842902036340342 -1.95092732601783
-0.717072327388697 -2.07859518566184
-0.405924732115026 -1.66350508178507
-0.305922938409649 -1.73139179204362
-2.7296377577832 -1.65828673961928
0.189815143721277 -0.671420215732073
-0.659739523842205 -1.80305292366245
-0.536153712702742 -1.79802219400533
0.600598893357151 -0.369761791659651
1.56580555100778 0.172750558755566
0.00980262931743751 -1.19141200647806
1.01408819995827 0.0790283194304295
-0.237924493343332 -1.66223926397191
-0.713976188329805 -2.29729261608601
0.459482504487248 -0.738799808005601
1.10273101104683 0.15531787721006
0.352475554045429 -0.853410430292561
0.166543075680296 -0.794564629625071
-1.19496234035328 -1.56371179907334
0.323968966889374 -0.980957599218576
-2.67430222181076 -1.10243814890836
-0.871301825752047 -1.74897790659137
0.821865662890799 0.54158055058741
-0.878039315237669 -1.95703891202301
-0.913251755695486 -1.17734146351815
-0.411405378166981 -1.63812035040456
-0.32563686327968 -1.91458015783668
0.136164316344897 -1.60482206317876
1.54175105921166 0.322575781206135
-0.0982541221970459 -1.42066337749387
0.389311630029541 -0.258712818125079
1.29219913076917 0.347148336526065
0.927195686770751 -0.105426246319402
0.976152161979629 0.138255445366393
1.76853062234169 0.168403868296195
0.567494316448199 -0.564233804102545
-0.459974915361848 -1.98008133850536
2.52643349098095 0.754453207568768
-0.43006419593847 -1.6120396552518
0.0754323996777277 -0.955079532810372
-1.36945611836367 -1.46863378639978
4.10501269086323 -0.0306135840033608
1.41341189298861 0.448820797118091
-0.734259960008948 -1.84090377609545
0.256185896037427 -0.915511994364969
-0.0987659106326947 -1.59466286254083
1.06529224463231 0.487803416072332
-0.763423665435171 -2.17039270740296
1.83217587891747 0.136092575595262
-0.632143442870512 -1.67233808476899
1.74872655472254 -0.00202171422652783
-1.60139832237373 -1.45057867668749
-0.968770191896336 -1.77842227066605
2.30569587429806 -0.0518125833596738
-0.19310638846252 -1.6381746247094
0.0398503796422613 -1.31709212767908
-0.0440079793835287 -1.34085240539578
-1.15584387533817 -1.98224554946622
-0.375969193727081 -1.89006581007037
-0.162092481176376 -1.28141815162738
0.764474658240553 0.0270217152607313
-2.05465867229855 -1.51254720340078
-0.730693839158394 -1.92867640826151
-0.166953444171094 -1.61688701919386
-1.03178540288774 -1.74893113008346
-0.715105709659164 -2.0796539462702
1.66453285480188 -0.0131855675758215
2.67981955835393 0.274646523987635
0.914482519125904 0.528693415431076
