-0.281304583561099 -0.337103483451058
0.646078292897835 -0.309823120575433
0.177682423886872 -0.29802424574482
-1.46526252024336 0.617323306965788
0.462896825358697 -0.0743481315021128
2.09922773114925 -1.19336166564405
-1.2753149174727 0.579722442821392
1.87894787062248 -0.8298383648979
-0.0109133872547581 -0.299612709562892
-0.0841421220900904 0.094235672848035
-2.67553432354096 1.43163845501066
-0.281268030131225 0.20468177203716
1.03102268184036 -0.740758334185309
0.104127256592217 -0.14379788583774
0.794762639553177 -0.757839725704136
1.76055774994198 -1.17466175008889
-0.815892896242208 -0.222122012953097
-1.44404515096208 0.256329725415264
0.535979937856893 -0.0926435515326753
-0.378973625558816 -0.0111812889138795
-1.23203377844906 0.503917781912334
-0.655015912228509 0.799766629426121
-0.0620831394996473 -0.0721339389463193
-0.9680431420248 0.343335099424342
1.12581032263728 -0.549452487534938
-1.62515707085869 0.514808424482235
-1.59464187571238 0.402415635501912
-0.882807359465011 0.215699718961094
-0.502995684168142 0.214537057015315
-1.8379354856306 0.461498820057026
0.763352147599629 -0.0558683511727584
-2.17626242720234 0.405898457580484
1.43934500098181 -0.860399305221682
-0.998567320846077 0.155599253631393
0.531489479217128 -0.209969662403731
1.69579070314569 -1.21799249819481
0.431029234628522 0.384438227493225
3.31182115394583 0.530275523396714
-0.400671862166379 0.0921082825449309
0.507035686834924 -0.0529243982834269
1.75748807229481 -1.25618269413291
-0.371802603807126 0.071792120707312
-0.279652773699184 -0.159493322204256
-2.13452954722482 0.304147419234499
1.65839135942626 -0.916209387978448
-0.208673915139564 0.0656686225431892
-3.78262015853947 1.11555678767016
1.61067178164249 -0.679901501024242
1.25235041305661 -0.635200388699251
0.803565389064953 -0.327935675847124
-1.04308351449675 0.178441480467017
3.07985415385047 -0.320717485859579
-2.05071564600752 0.743825781418104
1.94686066736106 -1.12707665008506
0.810104307570625 -0.250416398467702
1.59227893790061 -0.795158522131902
0.0857929407193945 -0.113967198104893
1.14767995068936 -0.498450873587935
0.87005283209596 0.102792761502572
-0.189613467358738 -0.0991372227515279
1.52761532167608 -1.15216820842483
-2.17697522754344 0.292437396741651
0.639832354060313 -0.512820749769617
0.352869771711279 -0.214415440507471
1.5322191935101 -1.22279677899476
-0.914222494348019 -0.34019433086106
0.879251034391022 -0.434967192811472
-1.24514299820039 -0.00433049008693859
2.64311550663267 -0.66666181757404
1.80205552760736 -1.02815591641556
-0.492561282870365 0.0308482782092171
0.575686430618705 -0.279496638238332
-0.0382212225058692 0.146948697861768
-1.5179816651019 0.594229982744986
0.328073280417458 -0.151696203893479
-0.146212734454795 -0.00948474568743844
-0.728435897151796 -0.126141461759732
-0.749271421541549 0.290047110857455
2.90907531926836 -0.379251541076717
1.34672304840995 -0.706806374017297
-0.855487252304987 -0.0259371778479203
-0.888827013287423 0.146809612825085
-1.06847047241251 0.414998926354492
0.498690995704457 0.235135197256752
-0.172753383455859 0.245559066262419
-0.78343025044799 0.420363599941486
-0.662186358859244 -0.0366620346278667
-0.850647387827715 -0.0674344533668352
0.624045695756787 -0.264541709187364
-0.102809488239238 0.42139835219305
-1.06650798393502 0.0155660476946883
-0.0707772009147183 -0.0907018270539882
0.448756953952867 0.132172101912822
0.0408032208704405 -0.413268773674909
-1.00127074273433 0.0355353473038585
0.839856576246132 -0.374029375260349
0.33023706380835 -0.422720879193037
2.2282541979252 -0.633887119172913
-0.293621635317227 0.112382130132652
0.256072769655471 0.256708117659071
0.688094614799611 -0.441321892569067
0.660642162268585 -0.783868099730039
1.93530318701552 -1.52564357563756
1.17910544414758 -1.2663334503925
-0.469961726321184 0.238066615857786
0.469224896710975 -0.142619336472221
0.165622097241319 -0.294392715148561
2.87285973907616 -0.248227232029414
1.81178867937514 -1.27415637633109
-0.102153679456167 -0.299211620520781
-0.38386569804514 0.130033294744367
0.764445311291865 -0.148709819516389
-3.11085193478659 1.23062081629604
-0.0374145370029881 -0.294903619841108
0.530752856877284 -0.468580616524531
1.29332236837906 -0.293495003225722
-0.593749353361958 -0.11704878439992
-1.51678159154922 0.555523269938286
-0.43970937289182 -0.144288187846546
-0.89237551365214 0.352958335675403
-0.932775085335809 0.217973383038714
0.776990040410021 -0.328909957189103
1.88581053184787 -1.02327811271578
0.110883212800372 -0.11124010309416
-0.229824807504406 0.0699246287878054
1.61550581960587 -1.37527318734378
0.0699016654493973 -0.480461509902553
0.0106400898146948 0.27732095323129
0.726401051437251 0.0426254611834614
-1.07380500270872 0.215502420281248
2.3952166455253 -0.791007935028355
-0.572673448730841 -0.0339104835433449
2.71115312381408 0.0747128760947194
-1.24429425016546 0.256962101331648
-1.10817091763782 0.156926752552754
0.524177920419767 -0.398406213104839
-1.09087357548323 0.281708039044578
-0.472248666353481 -0.0576148215223984
1.48432832503317 -1.18340050624634
-0.179657915694773 0.373775075904113
0.304595025731468 -0.297663255371501
-2.69489617744798 0.790395332132527
1.07539147346135 -0.400531967374191
1.34874959201286 -0.63195893644938
0.375350161315042 -0.154706029144173
0.565569316083083 -0.19086846552632
-1.79495057143603 0.745598940769821
-1.48846905995602 0.467296759370691
0.16819697022788 -0.588320229208035
1.41225160600973 -0.741703348022221
0.506322790622462 0.0853935447114513
0.0293482286337471 -0.199340299154232
2.60032786560673 -0.651988148510432
-0.527991139616857 0.0308909363937106
2.14282427794856 -0.79507774246958
1.2960693069332 -0.773413306585844
0.118736190663028 -0.473903108601163
-1.06648785136176 -0.0353402167986505
-0.570152661257995 0.54203828743575
0.29589331338941 -0.442814152306894
-0.605144677947892 0.0810310897048327
-0.747558160449754 0.28625672988115
0.591689203710388 0.0631073561741306
-1.34892314849514 0.0154141038087374
-0.931853863464374 0.632652134239597
-0.157954381682669 -0.0118716377721208
-0.903929628609454 0.220291068065354
2.82239658396631 -0.0806520105252669
0.839904083720743 -0.604015987819438
-0.641440010204488 -0.154296400234344
-0.737099540111366 0.160478528527159
0.35274768256936 -0.135987749365198
-0.977756601936644 0.0937306571656918
1.32546616570419 -0.53248700764971
-1.90249924447296 0.698108633591962
-0.15466212705217 0.0794609604783361
-0.683737336411961 0.153616896169631
0.171124117649345 0.205545833145849
-2.12498659662713 0.679111846709366
0.169212720488548 -0.175827570134048
-0.794044083090339 0.282942617151406
-0.7930532423144 0.00141601804887301
1.67707571661792 -1.25124795515791
0.182535531929475 0.0741947577264413
2.01890383459787 -1.26908631746516
-0.501061387943262 -0.253301942899284
0.603306944895734 -0.431008898173803
2.4549653625444 -0.876750100805087
-0.0944792465511838 -0.407662996230484
-0.248096757076032 0.0561543662382856
2.0327784195951 -1.4427720988814
-0.860529836927182 0.385438625414377
-0.697111401215818 0.12613396235426
1.06692211345518 -0.294977884618483
0.360843628172854 0.00244139010365763
2.2838149756215 -0.825723468545677
1.28712974933478 -0.493215371095343
0.559591472351168 -0.378840296176761
-2.3928435108615 0.98011725948483
0.495933190219062 -0.180023467191427
-0.785406249317894 0.19695254140093
0.869433604123782 -0.210867195163695
1.84587952649915 -1.25770149807714
-1.10663762622546 0.538158001799551
-2.48601333916823 0.978262803786283
-1.15413885813358 0.304023080674198
2.102123007681 -1.64652184735758
-1.21460037409543 0.343968242287904
0.130089029079638 0.0812406325806958
-0.544555340030058 0.184393492196692
-0.154046310884922 0.189218264176858
-0.00192104443425704 -0.322606305263258
-1.9336008426606 1.01490277283403
1.33695163088541 -0.667774351408947
0.0779075329853881 0.322867902561412
0.17836328774727 0.257021941175842
-0.340648965692135 0.44873937543981
-0.110152245095064 0.19324642717716
-1.30776770273984 -0.0875846745187714
0.383550090197823 -0.145369620428356
0.419253709368003 -0.205183729130429
1.42437090183027 -0.665909853119732
1.15145468615605 -0.215677307171645
-1.8380428547061 0.730841803836532
-1.14122418907641 0.143759107272739
-0.0361251489975601 0.169650764012376
-1.04254399437272 0.00764570956767122
0.800744379940889 -0.104644456257616
0.94835943488812 -0.0609583959861474
-1.05133537912799 0.446452709246242
0.530204980023623 -0.747429755045818
2.61397524574508 -0.473609792514637
-1.26074107045205 0.790167254635406
2.97333519052391 -0.438186530626837
-0.933581141639377 0.694156011956978
-1.04661356285825 0.418776028802062
-0.728366155342468 0.512103618285862
1.37404581124299 -0.542821670579719
-0.605306491364842 0.0218807533873915
-0.416889185673461 0.0490959727426062
-1.35149934281221 0.429341480000704
0.699767795817523 -0.338665265082267
0.291173077170632 0.0109476040124874
0.141235618305606 -0.256152557358275
-0.403782890715382 0.213230439497817
2.02193500108038 -1.11710245237554
-0.391688454403151 -0.00857236834014176
0.871782016555094 -0.375217014090379
-0.699973994016869 0.330764116606429
-2.61927397281418 0.820863362985243
0.345849326185218 0.281977334731559
-1.205643520934 0.224399057144285
0.963257152445467 -0.250365218300968
2.40551444766486 -0.753989261685355
1.83979908766166 -1.2200014964999
-1.07952146167221 0.118993542974397
-2.23249754687814 0.761723649225581
-1.29620646427469 -0.130267415157197
-0.304374924032258 0.094300615110474
-2.11057672606264 1.07540482163601
-0.604448566864463 0.394326399420795
0.773434463752532 0.11280078992878
0.589550041541571 -0.238690307703609
-0.382406898427969 0.47854110624572
2.20881563897885 -0.398933871133749
0.047557003727603 0.0227233343997385
-2.9787734991164 0.867432401897372
-0.662831630009034 0.202602343527558
2.17844650131322 -0.736975895946177
-2.14524951175847 0.582500743532628
1.25008604366002 -0.804774261670333
-0.382076063329278 0.154020457468692
0.394750132335018 0.0739389497324111
-0.241931974160631 0.115029736441015
-1.02883007482821 -0.0358813561771735
-0.259119468309562 0.064366841347313
-0.575626647149162 0.126844186990089
0.469927089353212 0.0907582317240387
0.325249886670497 0.494477845714983
0.571259460075153 -0.785841115565082
-2.55077182485967 0.914957090472095
-1.53659148960911 0.595444178789845
-0.673498658854848 0.294367464498747
-0.42039132819714 0.0641894419566009
-1.0887379619641 0.23775470112168
-1.23879479304269 0.338613602956245
0.135234015720542 -0.0532665029067929
-0.583931697935166 0.197595201474831
0.287059030058268 -0.0151028687888514
-1.10889265714673 0.610275264299899
-0.81265821115072 0.341118964593405
-2.65455498108724 0.936730633667775
-1.26526887485903 0.480642531090054
2.41267678686799 -0.708332425841367
-1.17887040407712 0.85289074355719
2.58262582603735 -0.912887071751374
0.0840044134636032 -0.194898194535187
-2.02790833831741 0.743023093647276
2.15422308107343 -1.35660848025907
0.0378398346436843 -0.136904525054169
0.49941011526072 -0.177442118215722
-3.20700049388058 1.15327384978568
1.49014541925188 -1.16140790553818
-0.403329703616316 0.351404112943803
-1.68297107185664 0.284164455791161
-1.30642465407943 0.0346869155292501
1.21036944735381 -0.530026664822078
-1.2122171428323 0.298917101902066
0.656220040657078 -0.197067624753598
-0.974729473863594 0.24979351584795
-1.98676447901803 0.251085107856929
2.03364261435043 -1.16268513243675
-1.26875349093778 0.35450955867947
0.0752596477304274 0.0606461052795767
2.32943737562644 -1.19178964055187
1.19904087503657 -0.615272613103372
1.71708013506079 -1.06278649111463
1.59529982745136 -0.723935965120701
-1.74285787778987 0.765379684074454
0.278110530544343 -0.0747021132717445
-0.411967617679053 0.291037151907447
-0.336758698200823 -0.144034891546426
-0.160231168957839 -0.060871708526134
-2.00661024101856 0.848038511460803
2.59355151112974 -0.483351263431026
5.66869517960884 1.31739839167048
1.00721209744597 -0.159111323696683
-0.893322438721459 0.507143595112496
-0.748310434834567 0.487757700527645
2.16541613952714 -0.998998979649926
-1.29717693394394 -0.2286876723463
-0.332216623830218 -0.181022990463484
-0.690795472254777 0.00707571244219002
1.96540917376933 -0.698053777476888
0.414540336850428 -0.0112085335969974
-0.210375731568389 -0.124690216009321
0.331806377298432 -0.276866799259907
-0.585363802817923 0.16530010549428
0.328779491316695 -0.19587342762947
-0.332963323682364 0.222202781571078
0.284924019977277 -0.00970675556713216
-2.16441260731669 0.702460850826028
-0.00125668693120045 -0.294511312666318
-0.587145732798419 0.406266313773858
0.775275540526163 -0.324324464976684
-0.665876440052982 -0.01538768855669
0.354241343272018 -0.234349680542248
0.218630096277793 -0.190190771834288
0.642392377483665 -0.327933157901025
2.83811706073345 -0.438654485582929
2.29746090706813 -1.41894012333427
-0.246319154425394 0.346321782828508
-0.297617215670644 0.414046474395158
-0.898917825302496 0.601602953550283
-1.20204724677341 0.379107236903327
1.60483216805139 -1.2070161207659
1.5959722581581 -0.794489276058923
0.776759695118907 -0.385836037254478
0.833332869109675 0.110324258902966
-0.462513668875443 -0.287396352557078
-1.84902620420765 0.912601736863962
-1.9993235661364 0.203153813926459
-0.504679473452995 0.123731729232713
0.358097332544678 0.214598165499893
-1.57705225514064 0.54519514753116
1.27439819032745 -0.695339809000526
-0.37739304352963 -0.0467910147894951
0.257158662573469 0.0905621650658993
-0.573638518380464 0.124099511036548
1.94736866160643 -1.39618427208437
-1.75980616648301 0.544824278988977
2.02411035011846 -1.20872158812974
0.0921442064060618 -0.0857814012753434
2.02730701403942 -0.836707476557368
0.489818818529398 -0.400505007753274
-1.42701792497924 0.193023576121573
-0.382867079630277 0.405294472604815
1.05008031630632 -0.264293219829575
-0.0606112567375734 0.0959675629150692
0.126881610643693 -0.297702644706678
4.20254754392313 -0.878060200182633
0.128657786092057 -0.32418290462578
0.711248489392304 -0.498219384030574
-0.332574604416366 -0.164299861446311
1.84924410797017 -1.51307750350014
-0.593350847575812 -0.0018863811096658
-1.72320615694761 0.393725979092304
-1.46795446038564 -0.0292701461728768
0.841714198508973 -0.427767915475266
1.55010047622838 -0.638535477673083
-0.762252340884789 0.257704555817626
1.14286037862693 -0.880234583519853
-0.540243096916438 0.371788085908693
-1.27926143040236 0.552501750850296
0.931260675680273 -0.13184264913457
1.51812515783839 -1.01336010439832
1.39612689050438 -1.00432941677238
2.10186026768165 -0.900919762399937
-0.199789679329825 -0.210813755731166
-0.724270496549736 0.425640582476769
0.312541187772291 -0.288672802570455
-1.34642418895523 0.0821385096236995
-0.630359911642755 0.376939397675649
-0.654121124683351 -0.136473585396742
-0.379923201043745 -0.382056285202981
-0.237489891874357 0.439269588962431
-0.753984840585251 0.0866879479403433
0.0227236895656863 -0.276808791461491
-0.754194315050765 -0.257897561557766
-0.0704996272090975 -0.308218906250119
-0.69182992933432 -0.171650451767767
-0.531974346923335 -0.0488000204635719
-1.21980627501029 0.299693562395016
-0.398486696895686 -0.216663606957234
3.19608416190395 -0.308271685355363
1.24492695787477 -0.947947715207851
-1.71504473030742 0.376829652601803
0.783265239347064 -0.0604829884094079
-2.92472880683849 1.14677183459556
0.405366202976236 -0.249511174529586
1.25962272605755 -0.404181284224729
0.779162411085379 -0.255473158667365
-0.873328367356875 -0.096101074483041
-0.457398718016031 -0.0222035378486505
-0.989888636760412 -0.5259579259246
1.11398132894581 -0.197757480283536
-0.646014049151416 -0.0947999576582494
-0.126691344584654 -0.24183114677281
-0.54387229321012 -0.0811651643942696
0.503059083497296 -0.239272006637778
-0.185219679086836 -0.0274437308071876
0.401055441149901 0.263388395361726
3.60399178370176 -0.089376735812297
1.10114428715101 -0.29129659170908
-0.732360443802109 -0.0433194797262532
0.157215528885313 0.173671895007131
-0.485278728740527 0.0656537586014206
0.150166945161412 0.0134839655906947
-0.526512650184293 0.256621622959491
0.342919647073035 0.250580591412981
-0.275567319631251 -0.23192364280305
-0.095192390818774 0.0406036677939769
1.10707765843365 -0.268183124941135
-2.32493300392444 0.879868742018987
-0.887329613305794 -0.182411400061434
-0.363195490991606 0.144657144078464
-2.00404894773471 0.652286740978328
1.82312685591723 -1.51461205783887
1.05849920540916 -1.06069199455793
1.1037440453357 -0.566152169617764
0.2250284374943 0.087536304587007
1.35486027264954 -0.382653577454182
0.380840246264508 0.0862239438281072
-1.62551219483932 0.520529107957804
-1.47398537848551 0.387293306905974
0.571940454446557 -0.12935610714327
2.06191735889182 -1.09810929844674
-0.822414863591128 0.067973282142489
2.31559013653698 -0.885378825058153
-0.372969288249522 -0.0406087740691972
-0.377127126736102 -0.00921236815218736
-1.54500073391594 0.205939637517028
-1.17322490749964 0.278246970450014
-1.13752839387029 0.122610214781658
0.394225810047279 -0.316296446294583
-1.31974208141068 0.503270084164888
2.02841851228879 -0.639022436305335
2.79843690726101 0.296964153848908
0.72167907965001 -0.026100302989496
1.2508143143096 -0.394044641677102
0.275599523317429 0.0101359602803474
-0.778967933351818 0.253059651482321
2.20849735916271 -0.711372058023706
1.24745816045395 -0.499064093188736
1.18965341212841 -0.246504086494717
1.59184276055279 -0.956024036282947
-0.30293721884956 0.00867846703569887
-2.27213516829189 0.815367003583867
-1.48240901559876 0.561868773471756
-0.401907019639151 0.281129091768237
-3.77358408891592 0.119636900651445
0.640793746572942 0.276136126785279
0.331593691905716 -0.0159735987403563
0.796960144415887 -0.700256351480406
-1.26070075582465 0.74606656717153
-0.923338090484 0.450060881395973
-0.404768168143161 -0.046948685563292
-2.44462437325893 1.5340687146043
-1.11396168404448 0.278392312346
0.815379337330136 -0.0547207574554198
-0.210302900380527 -0.0115607406689136
0.0653131535872847 -0.554115188662819
1.51153748428204 -0.868781489217124
0.556521208631794 -0.191024450347317
0.812657044374915 -0.533242306612919
0.317316339576837 -0.00644688050702477
-0.545962597308757 0.249120503711611
-2.52308604846374 1.14527398767257
0.0666187023363844 -0.165274349312148
-0.77066963072809 0.163866419841539
0.320337587309994 -0.468699085270212
0.0424244812567311 -0.038836877580916
0.080229666142298 0.0523244157606855
0.276856046373195 -0.268594663578265
0.286385602683758 -0.535202395103527
-0.900356853360243 -0.324418736159191
-0.706967438423759 0.243905927357156
-0.173593098932351 -0.314272364682034
-1.10783568030674 -0.211858426887306
-1.34153503949234 -0.316826643672317
0.245778947755797 -0.315610439902972
0.547244497473335 -0.0592148012810457
-0.384987751972607 0.276626149600547
-2.64102394887119 1.01477274408318
1.74378842576254 -0.897148208758042
0.0661503945255221 -0.0820008651340895
-0.378130937122007 -0.332546664486103
2.02119619091798 -1.4826863207823
-0.976766928676842 0.640612487325288
-0.761039490546459 -0.0237148658801438
-0.14941414816678 -0.278079087117805
-0.815092103859305 0.112905650762986
-2.53498860236382 0.892888759185316
-1.92428449321953 0.241150969771995
-0.797032491205244 -0.0890205582673254
0.0479053889958747 0.0474175448399689
-2.32638492865692 0.806103797957292
-1.82379679982278 0.824217004695736
0.197553079513078 0.21605992711547
0.565579692293136 -0.138774629475078
-1.19102287569392 0.200313972131653
1.46756240143197 -0.790659702104794
-0.279106342046912 -0.27797769471431
0.38103490499642 0.248985446447849
1.71408032902987 -1.23715198293728
-0.0144135648025997 -0.215953833662405
0.00945710753344376 -0.357034919656508
-1.54965010915777 0.0212753570053184
-0.150209649684189 -0.27428858688191
-0.48620388118173 0.286407208462609
1.45459312759877 -1.17964998143089
0.17911470216199 0.0277517816018806
-0.534368270360887 0.0970403600909761
1.21378762666547 -0.952460877543925
-0.845179635833955 0.0206714357701704
-0.0886814577701633 -0.166115813206701
1.91945189336527 -1.29402535942414
-0.0546963197647333 -0.0683579381182378
-0.476090150240624 -0.103427600554436
-0.200872421385829 -0.306207191975291
0.490150374864803 -0.445217543885978
1.88982105893767 -1.54022815254048
-0.000244689268673775 0.213339185730744
0.200914565007327 0.0201236246812424
-0.390776158397878 0.295182327799995
0.456270170367544 -0.281209026522429
0.570411116853687 -0.519565057725769
1.30285227873341 -0.499180837919532
-1.9409879912408 0.681858056469342
0.405204874995714 0.149411852479311
-0.707378031904265 0.37694625974111
1.05937850278425 -0.380437680589264
-0.0881091144963698 -0.655283231384284
-1.6705863787689 0.740711864442001
-0.328800865626574 -0.0275092084905663
0.315993281367055 -0.0571983026130816
-0.97032757149638 0.365243882688904
-0.458461973787301 -0.180169856493817
-2.2357577633281 1.13686225136575
0.859798638818111 0.110273576619898
1.85130553384633 -1.14468280557032
0.52849477185352 -0.181335300237931
-0.727299661621456 -0.357782521701443
1.37534450087974 -0.800898200870679
-1.87908261841673 0.81458278822086
-0.311321417121522 -0.334980623047194
-1.03420547269957 0.248839203729621
-0.4607577412026 0.0455544146005279
-0.822388260524073 0.285762206074597
1.2883832586152 -0.606873321221837
0.535011780035988 -0.0389123016025614
-2.26416467928708 0.815824309631834
0.145521100415458 -0.0057959176523482
-4.95841632913411 0.33612307611263
0.177281224785848 -0.292773607189799
0.270409813582964 -0.606018451199719
0.135644430996573 -0.0822693120971169
0.588048436401177 -0.308612260444771
-0.927586415784998 0.198648505476087
-0.123706612813163 -0.35493306944423
0.839662219667114 -0.0565646415053202
0.647564524186957 -0.516176386971692
0.917866940267947 -0.182406884194471
0.233797555790777 -0.0691629464577608
1.1548106350805 -0.307853641945151
0.520003621678966 -0.153447481829096
0.580224671913116 -0.484296999386026
-0.366298205139022 -0.453743428429802
0.11533868242092 -0.503565530387427
0.397775273641546 -0.422294744809818
0.460464585243387 -0.182955018173007
-0.967019330829841 0.285744715968538
1.38115349621092 -0.993145268974309
0.316909040521562 -0.109815074327617
-0.414175903038626 0.109419584460411
0.0499158202262759 -0.0333777609680966
1.72982433643037 -1.21422393154522
-0.62496981214368 -0.21960044936506
-1.27477711005398 0.366663571181909
-1.64372449391461 0.32489573064906
0.429514580158765 -0.123393487604571
0.524081566599893 -0.38600492952538
-0.176377583413115 0.529361455923953
0.264639965493071 -0.46362527741372
-1.00317834484503 0.294466352404417
-1.93337255138047 0.759420362043545
-0.383006135145292 0.0744825123510554
-0.352826558789564 -0.00445355576629441
-2.43352455366963 0.995031152647764
-0.165449081194573 -0.174438351495566
-0.19198904908045 0.12688135148868
0.424855074681113 0.0389452242005169
-0.0837385669247409 -0.361363504443577
0.0476765317534578 0.0532501150801046
-0.782893902857461 0.129016584936707
-0.667912497082678 0.186700056167402
-1.67140114623265 0.306474443537473
-0.433062038845504 0.136957718748565
-0.387573758401604 -0.145699766676614
-0.106653310257624 -0.0816375961083186
-0.590299833752685 0.1683811471234
-2.03403590310559 0.700158167970945
0.253843363158944 0.151804593878673
-0.222446237226084 0.256656297992982
-1.62018047047684 0.413055186336106
-0.566986829618846 -0.273336098629616
-0.219546215367533 -0.1766873162451
1.7443475109813 -1.09662358744423
-0.865998321906014 -0.266983173092793
0.675705545950722 -0.257079614673564
-1.10599444419322 0.217271021429055
2.08094589742749 -1.095659651495
3.53907867640882 -0.404418147942921
-0.294063867849804 0.156124389173017
-0.367242650446837 0.0141425683924479
1.05679000393338 -0.360702764447447
1.08982561711048 -0.270268488574349
-0.191332204052051 -0.187798147500736
0.914564286198353 -0.171717259248509
-0.985680290338896 0.294266849557712
1.74371570427832 -1.49489373044575
-0.337166352855324 -0.215409991498823
-1.30224434633927 0.245520241525434
-0.646607328260677 0.369642180855172
0.0642527794051381 0.0105792765983282
-3.24791753930057 1.35352831981262
0.416412319523801 0.580707111715011
-0.931197706639309 0.126191624756227
-0.0589421407076417 0.242117079013262
-1.20038280904881 -0.0178332459267388
2.75424480456599 -0.213406554449812
-0.623506344315346 -0.189611487896698
1.46845068732207 -0.793763278682057
0.976614486204947 -0.287738846829138
-1.26636881234347 0.0825168412653379
0.149414516717178 0.330927992066005
1.05065221701616 -0.538039353572757
0.842002576521144 -0.314146719536445
0.91673305293365 -0.331097273528349
0.745345750307579 -0.0987444295201422
-1.07769854454115 0.482050917358526
0.397130974580501 -0.49063014147384
0.28524057822956 -0.149905584464595
0.522119661037665 -0.495904948914768
-0.0296060831778306 -0.622151743959101
1.22963527794196 -0.335922823672546
0.0905888840758324 -0.289363909719063
1.90959106794284 -1.13575711872003
0.48124592823983 -0.1638986163855
0.523330519123863 -0.186861315982006
-1.47479977951163 0.346137299840793
1.030619434152 -0.762213296010892
-1.28918719512046 -0.00572864951228058
-0.00171241403358632 -0.124464178083814
-0.361847733965405 -0.443705475757782
-0.137509968667918 -0.446744734503731
-1.03860368543979 0.215229226788529
0.592220060942032 0.133301618632815
2.6357068727128 -0.28818870264123
-1.27822987922534 0.20193804285595
-0.31318259633486 -0.15820066636435
-0.151133308459266 -0.518486729649616
-0.469113199793661 -0.296506612555603
0.752638238357611 -0.55632484199652
-1.64044479140424 0.531394489015217
-1.49776000435963 0.381052873754583
-1.11032947204982 0.280623661927296
-1.72757927589539 0.357806675653798
1.82567420701 -1.16278791824615
0.0659090874894352 -0.226711670288447
0.653665990615608 -0.365573387767259
2.86144883043159 -0.237081651962566
-1.28840714336439 0.677391211657035
-1.66781734509103 0.336337551726777
0.409822612708727 0.00172838659995295
1.65302357655347 -1.41273450702986
-1.67799670225964 0.588206665304684
-0.304408139992605 0.0934495044562382
0.147076630190121 -0.0144343651774
-0.74508612228007 0.317049943742719
1.59949959824749 -0.976062603417777
1.35208620777146 -0.963120804009417
-2.00794900612016 0.196606683093385
0.197824952364982 -0.686656701567675
1.43690813764024 -0.847767914794792
0.746778772687675 -0.307209996593087
-1.3000170747549 0.147715915386104
0.946512208343444 -0.0918173784725232
2.08620956907947 -0.806795648181492
-0.732914077184331 0.239147240026982
0.645775525554667 -0.140991191819633
0.897863051950396 -0.487775339598148
0.897489696515801 -0.0981548941829591
-0.112435130939044 -0.202607449917253
-1.40857634907157 0.418149299191759
2.29495394246581 -0.509825566865643
-0.60642836116601 0.0187980020344521
-0.146057229770382 0.0609319794263145
-1.48067037781842 0.255525053812134
-0.189696350022158 -0.240683693069482
-2.41409507618067 0.939096178099636
-0.429930891422523 -0.258111476047661
-0.00381287931791849 -0.303814909380681
0.396806420214952 -0.16240829470486
1.05084715944611 -0.340956603854021
-0.691554598817072 0.510531585700604
1.08136540677899 -0.329421861206015
-0.0101788230497843 -0.0969168998210498
1.90912677902517 -1.00915564516562
-1.71266766555948 0.803942602830187
-0.186538240253347 0.3088339340376
-1.463060973774 0.135317768800342
-1.36988114839137 0.262378766727247
-1.41433169984664 0.675182227079962
-0.796672997433933 0.2357568115674
1.26650941947956 -0.438175990021543
2.00460250980851 -0.981575244888816
1.22919856221854 -0.612075627386061
-0.834363223713445 0.587446129223091
0.333204103535349 -0.601566893026769
0.627498088525186 -0.034211921718292
-0.226580762535867 0.0372035440360389
1.77894050234911 -1.26320422257557
-0.224833861497048 0.25034251329268
-0.774632051118331 -0.0789612280187514
-0.221603123951731 0.25583999415058
0.135174680660528 -0.0987712926193036
-1.01605129537387 0.390351398183581
-2.03321251499119 0.836481736461216
0.368910922243273 0.0182989110518126
0.00177479111650879 0.402261857232234
-0.238384179253681 0.368666680300264
0.508493001071707 0.0793918694876648
-0.553502430321896 0.0784105796821669
-0.702225304833933 -0.113822288611063
1.2764473933811 -0.503688321257619
0.959181352074102 -0.484502644532261
1.45016372897485 -0.914909315322992
-1.57131887564575 0.404031771084851
1.58513766569727 -1.25558124370554
0.911415552653003 -0.443711737594009
0.632174150063537 -0.15105284998931
1.82770174016122 -0.758381619638149
-0.779214731990958 0.36615849870443
-1.71981985465945 0.775019197672264
1.22967868009741 -0.865301312182264
-0.565731810758676 0.330363353549989
0.0936474036919039 -0.29997712294897
-0.111798221476 -0.0823299702118478
-0.186474542347075 -0.0780630530996297
-2.51022039300079 0.994851516788229
-0.350751252242673 0.453668537284136
-0.0820634411513945 -0.332976440496439
-1.85922760694191 0.679785618818585
1.64494291031601 -1.58410987624793
-1.55003576421149 0.592123225497972
1.13775887566928 -0.433900793090947
0.491249995427391 -0.458227523638962
-0.00651214052694889 -0.101168090507921
1.4376483457426 -1.113564598667
1.39738832384242 -0.614794753245128
-1.29343619389048 -0.174072030835463
-0.0987298579220056 -0.467449432901562
-0.199134468922143 -0.174129235525988
1.3380395616611 -0.741214979001705
0.9246166764629 -0.368332572805329
-0.943375550700097 0.42661395164615
-0.447929733010439 -0.0590893608733855
1.31904790577875 -1.02206632537368
0.8177115081748 -0.217737389538432
0.768152864491598 -0.233892427846044
1.46276477259126 -0.63016403353747
1.97357708897581 -1.26324173210096
-0.533878017634176 0.271799775911624
-0.998907782522282 0.433807905008688
-1.93120988115272 0.352494455415519
0.239957720699269 -0.359967164444298
1.91548344111551 -0.959327388748809
-0.303745910628378 0.46709454193463
-0.417107499161065 0.396164908241121
1.82458241061424 -1.45412364922941
0.194887198896 -0.574011650586916
1.45001457994878 -0.924831897006808
-0.656564663425296 0.0958096540232036
1.68217262969528 -0.965451030568513
1.33148113245122 -0.748114492103376
-1.27440684819618 0.399559074174996
1.42903567314518 -0.485156887112089
0.0842932550680226 -0.350840500740506
-0.0875128188081652 0.0945289948531978
0.727926811487424 0.0190813802773372
1.90545960523601 -1.11320134837004
-0.704405383307588 -0.00899159674510255
1.64026778715025 -1.21619521971119
-1.26594879292864 0.576705687436834
0.357994131383656 -0.601824711887691
0.717406682413415 0.0458270484328204
-0.0694676501580593 0.000988187911040335
0.654229784446919 -0.65667952771439
-0.734897400937331 0.284670707027562
-1.86680442885535 0.604036998830064
-0.748501546083726 -0.0528746040588102
0.645372893203599 -0.224525325826316
-2.55992075462235 0.782034341497004
2.66366507079003 -0.762113082161118
0.0509296888742834 -0.161546120305434
0.375423179453161 -0.162819618386961
-0.765311960686604 0.124224398847543
-0.935851899154461 0.000527698410968946
-1.2521179647828 0.174171255868325
-0.614165999129685 0.269740512325335
0.814194682891493 0.401245203189272
2.02033647115223 -1.4130715307637
-2.71704121668477 1.38554989595752
-1.04302230105083 0.559564855478477
-0.434346125275067 -0.0991366105149843
-0.808356188552916 0.309216241107563
1.24451118032823 -0.5378076856227
-1.53244814922267 0.703900179803061
0.911912773581316 -0.126887783133321
1.1902429889597 -0.539648332382777
-2.3758956239842 0.512338127103312
-0.0994206170438842 0.0931884834270024
-1.89500903440687 0.436983108914604
-0.37189220331428 0.081066954145892
0.880513879868608 -0.437937277474555
-2.30757041808207 0.920619971473491
0.464590536350311 0.456496826957509
0.0406998766808314 0.0363231332403248
0.496615921019822 -0.473585937925322
-1.24604558672462 0.140294144731684
-0.0759821770253972 0.260396280192769
-0.0342003441406356 0.0176920886974478
0.403969577677978 -0.360351310995431
-0.444713029134202 -0.0315956456136432
-2.65955784037378 0.916423282777121
0.973399275268097 -0.462224482696101
0.0905275669397709 -0.15414815932287
-0.511565650828534 -0.360799328053913
-0.279335324100035 -0.105644629146426
-0.784703616912295 -0.042688058268722
1.42957064361997 -0.606634965688266
1.16348661140797 -0.420768432227393
-1.81083600533882 0.282964023576973
-1.53864112503211 0.272997332945663
1.15562025480367 -0.537595522985395
1.07220247105817 -0.679246250109039
-1.50595309648502 0.0591459303806217
-0.358028582722101 0.00827177602247289
1.0409591012377 -0.489734768497011
-0.230192704314991 -0.0666415693782071
0.280914312107007 -0.262391356973734
0.927278551543285 -0.463895493363965
-0.124562138926609 0.167655877798574
2.93513926008379 -0.110075401716928
2.20011840373784 -0.746519843155517
1.31921421597014 -0.703845369353306
0.966701468569926 -0.21252845958036
-1.72033691665276 0.49243388783351
-1.20606683837384 0.130459802563616
0.0605015477163409 -0.00899991312929709
-1.71598514318309 0.347032883757108
1.98487298484843 -1.51135691592147
-1.28565127336853 -0.117013015245615
-2.05237226481545 1.00288605488907
0.296216031420646 -0.761796595626958
1.13842878199145 -0.449665308717807
1.21329289232317 -0.606651026215803
-0.000594635437278801 -0.226078175408677
0.0730926814204585 -0.0968317499899083
-3.02808278441382 1.02954796761103
0.306125309958852 -0.108334066740662
-1.54241385763863 0.369670270403985
0.271626034974305 -0.336176965660246
2.38066115853118 -1.14391234104617
-1.06777172642513 0.34650311176669
-0.783382290726068 -0.137397048781579
-0.687366996320042 0.152100001814133
1.31733690184019 -1.18440530199244
1.18633425588174 -0.554267494314662
1.55527444684554 -0.803585278040243
-1.33529559438555 0.625623512621587
-0.0764413617627484 -0.0690259850060533
0.452222000462537 0.0675911767476216
0.93781651318323 -0.12426543174558
1.52266640938462 -0.651195008818652
1.15258978172719 -0.47798636424725
0.327440660926091 0.318297810130607
-1.04187088672999 0.153811622618776
0.882224488139118 -0.290351818116777
1.17356119934656 -0.655157086711299
0.481334795038086 -0.349975440781171
-0.846565148848017 0.159773085690377
2.39456673332544 -0.895208981242338
0.0184309697299665 -0.0312396203876954
0.44141918704341 -0.303286155027361
-1.16317779327107 0.332403004361125
-0.834770874387418 0.618540454170471
0.346204236109221 -0.34196514682727
1.45683301313389 -0.71552094003033
-3.15514276623857 1.24162878082293
-0.479822184747959 -0.0890348408306429
-0.787803475404374 -0.0161913157066006
0.576186258245277 -0.34013484913145
0.828544777780064 -0.583314541059721
0.952106194599465 -0.122326017282726
1.85692641730957 -1.00289973660664
-0.453682048369178 -0.0603635244600836
-0.580891037205791 -0.102166546872536
-0.476438529450437 -0.0609840817445986
-0.488460866339448 0.106074046617597
-0.282575193931889 0.192452659908841
0.151013353350906 -0.256717658792926
1.80188361527461 -1.38004765297007
-1.71080311360507 0.35502201717027
0.298009600626876 -0.00172136756102581
-0.153264359729167 0.177349792924546
-2.33773096436851 0.984764003841534
-0.469918591009729 0.259567100888615
-0.0461726932610813 -0.303106048742817
-0.958796360750321 0.183135035848253
-0.954045560782447 0.545793277900614
-0.248265823781009 0.229003670031665
0.627426556871597 -0.414686574252671
-1.19742622360926 0.337280305938503
0.657514689646465 -0.358824332684088
0.147855737096097 -0.0695324439121767
0.662373113788741 -0.604721377941914
-0.122132000035171 -0.125562193100179
-1.33693380204917 0.485352850375982
-0.00377325380403762 -0.0102887913398063
0.697091378933543 -0.420465569045353
0.514653539648395 -0.361203177293452
2.27994927815239 -0.768803394866519
-0.127396031075148 0.234542697622822
0.100225979828888 0.0805978664837316
-0.988213640720917 0.433569459085903
1.67486332880774 -0.963009405984055
-0.503054075824115 -0.121572986432455
0.517860784264284 -0.369765828379541
-2.909681178553 1.38288232298108
1.24808122724522 -0.710714897815008
1.05234002384956 -0.217911190577762
-1.42389144336222 0.556310190063189
-0.0726051113222693 0.162936985548591
0.446160023190871 -0.0545949751811293
-1.68866194624322 0.513549861082993
-0.582892219069599 0.152475140749751
-0.144527000369245 -0.384813749361819
-2.30409201320916 0.441517049084955
-0.107379441155072 0.42107042028375
-0.880985136878025 0.304001747223054
-2.22081173718038 0.790630027971164
1.7543079286236 -0.721458352683685
-0.612973927214238 0.0742167979324615
-0.862292071664586 0.0292576009411278
1.98912102811087 -1.08111096544569
1.6581790220572 -0.994190052309029
0.630318142879056 -0.364779920389635
0.267069545150765 -0.304313360081011
-1.19478192661287 0.347236058470916
-0.565874721238501 -0.265799281658653
0.280673739448285 -0.283078271327193
-0.228450657113278 0.251525923093493
1.18182588008801 -0.571913524353517
2.14168818217513 -1.12241889232951
-1.44392540228203 -0.2896335367422
0.861176076384359 -0.0319323392343366
-3.23471093619687 1.1885955064193
0.210607634794385 -0.0452975185467836
0.0171483851908464 -0.219638572254838
-0.226822829449892 -0.348872278861195
1.19277078388272 -0.778990523601618
0.29200343934886 0.139758805928957
0.65026576807605 -0.182738011935872
0.145157003164294 0.441161498631591
0.890009985174268 -0.7283362052514
-0.885809419402265 0.140817780511645
-0.459672295966335 0.168781078367016
-1.9572969741083 0.824939247280653
0.486448700617093 -0.167245282143019
-0.911299123362352 -0.190482332057293
-0.0643092990192749 0.0713253427741226
2.5925599318526 -0.427793582840427
-1.87073908103401 0.772919924309215
-0.922654041137159 0.434816479496526
-0.705578835779101 0.363701312697505
-1.97864541856167 0.625540833542223
0.730182188521466 0.131513838104841
1.23320158829628 -0.535421635986977
0.254145739453885 -0.319110626039446
1.01957150264282 -0.654457140373551
-1.12606214804331 0.00456365302752459
0.0960504605006655 0.159617465800916
