1.81221470581811 -2.01750905460543
-0.106823395698188 0.713552090695469
0.164886286484854 0.0523744828226252
0.699576139223563 -1.14582653224069
1.8972076326389 -1.55320443360176
-1.79385391703184 0.142870033689125
-0.966658211815987 0.59191707988149
0.117632858102131 -0.21484442618666
0.503388164118326 -1.16967530168384
-1.83742696663644 0.239497956730908
0.264520922834078 -0.923785195982696
-0.336709852579363 0.576467452390037
-0.239311343239453 1.13610992401562
1.04848103723753 -1.4362265000484
-0.811400047328793 0.135462385616713
0.831683274636354 -1.51329081356527
-0.367796004310392 0.49098881997254
1.4073263502691 -2.02410058471156
2.85751132004138 -0.0819451958029333
-0.88423906867223 0.636996136047758
-3.12002826872518 0.145069223994581
-1.08232462204328 0.539579711790287
2.0993534425733 -1.38171284424898
-0.428932563768565 0.726633818663513
-0.529960190567174 0.842305969198995
0.700900470985069 -0.982703884262499
-2.82299023755148 -0.376134526600989
-0.388061135103855 0.65404183939498
0.593182274274399 -1.49807323558482
-0.823536213550012 0.971220029153445
-0.583779378911023 0.791912607452377
-0.384032441046237 0.554949470811303
-0.216400532083238 0.660058484592431
0.77023839853875 -1.66568630816421
-1.70376158367799 0.073879274377944
0.281707324225481 -0.634154613943385
1.12895492945034 -1.85270106190792
-0.39264519498416 0.900314134018047
-0.487737120296681 0.917425968152391
-1.0097957352415 0.557771421360495
0.374296889903657 -0.278498875041729
-0.960302917176024 0.819691371981574
1.68567855052522 -1.80845170949232
-0.983413041739288 0.512468768124967
1.14358178031156 -1.9808749991066
0.310639732277621 -0.292621051962471
-1.85596504761109 0.33009440233816
0.237660349768247 -0.495516460026003
-0.732657150581025 0.948828700412293
0.601900587574128 -0.778873727662839
0.63604839012631 -0.991764641903549
0.555489783777703 -1.09815083432218
-1.91708369586859 -0.0306047788177866
-0.671122819957779 0.423687360612483
1.2137727298159 -2.07932810703482
-0.981302272205078 0.633987814040842
0.291627636700533 -0.142241116078544
-0.749568175398892 0.897997168545548
-2.08257832266733 -0.349971817787113
0.969448058790925 -1.40778047983062
1.36633489371834 -2.17776144468766
1.46533432133189 -2.65514624862246
-1.20463916545167 0.630878635136549
0.174851930132557 0.427373646201637
-1.77832376934597 -0.015790531311132
1.32067999202101 -1.92891683428077
-1.00107992511257 0.475534750971223
-1.90314684026379 -0.195406831376508
-1.51987065738262 -0.293483324734574
-0.871546922131359 0.925579156701537
-1.03079582168056 0.6898680471338
0.35349067789869 -0.58399975695704
-0.0777374722766911 0.521600702525974
-0.370173091094528 0.520278338619949
-0.650561557706068 0.551754682022084
2.41433950434211 -1.23438496997509
1.62058417984719 -1.83065100658316
1.53405670717862 -2.42289735345606
0.968698016890835 -1.80174140434708
1.77723114744239 -2.07321675384111
1.84441629665594 -1.81507986964145
-1.34207887548716 0.0070106233009137
1.45805530674617 -1.87668575317689
0.169861630391816 -0.0918660341725504
1.49170155732711 -2.25003309375716
-0.456103146441994 0.86766890638252
-0.250403511987734 0.927696729049862
-0.091726609232766 0.694203999660253
-0.870530401507775 0.778026801562354
0.399155966941162 -0.232044966791096
1.76364701048143 -2.051437188061
-2.24449565621357 0.00223716227884244
-1.76485965515061 -0.00544529611962444
-0.219779493986293 0.920612922413389
0.17033649297876 -0.19703071226934
-0.180070916241651 0.518568540996804
0.341758597206995 -0.584853795425275
-1.62084113727163 0.0761200467832913
0.101578261811636 0.0148068016037215
0.15543891865375 -0.382411686376324
0.632801995661396 -1.3713811887414
1.49976100744415 -2.33011218576414
0.446041828021947 -0.573947638811067
1.24986378859749 -2.03500902316313
2.31803204682879 -0.915015119305572
-0.616967789035372 0.684571207195144
0.553374366412514 -0.969814387700906
-0.911381284114015 0.545427715831678
0.61732888730602 -1.02507837664974
0.414601750688925 -0.880225129298568
-0.808327227387407 0.856970123526371
0.838887852779595 -1.54336400693835
-0.731738353659299 0.802428458213746
1.79893577750423 -1.8849395537332
0.229075768362736 0.186552273546593
1.21621066169797 -2.02474182518152
-1.23896305783416 0.00928583869528632
0.523908026784189 -0.658651904253541
-1.0672718496018 0.718731056997564
0.822935241112881 -1.21473041995013
-0.577280934612877 0.859886654780639
0.275349261830909 -0.0836781817672136
-1.45939737153908 0.719062459763873
1.10627052835279 -1.74524489007585
1.22075737006644 -1.75092330034006
-1.37815875239498 -0.093797329919996
-1.01569526669479 0.606738591724855
2.33372657755562 -0.686571112390291
0.0936458178807402 -0.0576455551020424
-1.14130147825144 0.742711901538501
-0.745444963182831 0.69693199030882
1.09533971769609 -1.80690168176746
1.3130518591499 -2.03267467839514
0.991537280176425 -2.06979476920234
0.184044414428828 -0.114624334113309
0.747139760117115 -1.29377859037302
-1.2841145587097 0.351846548314957
-1.81674309209558 -0.204329497549109
-2.06362185162297 -0.0896590084963504
0.925654105628423 -1.56098604942102
0.648969441993532 -0.807717212404059
-0.942464753868434 0.45706039805115
0.00871501397207577 0.334717748945441
-0.40034658603275 0.726265609980039
1.79952115435842 -2.40253880297446
-0.823443257329178 0.324389800077385
-1.52792051654634 0.355475184983755
0.218700669513439 -0.670788813733992
2.5323046221669 -0.562167704272665
0.403052449865301 -0.553993003389278
0.548495542985733 -0.677999794726314
1.754229900151 -2.30110721015288
-1.65081272299166 0.317220638783848
-2.6038106904883 0.391255523204431
-1.08626238610289 0.204719106073592
-1.16716382242566 0.305960895554664
1.11540635447454 -1.83724329424816
0.939927437872507 -1.50974391417481
0.906559726036985 -1.8543537799513
-0.853318017782332 0.975265045062911
1.38703488883379 -2.202676767966
1.01920840135716 -1.84998531609216
-2.53714281877095 -0.180066487149207
0.418865604734756 -0.511625819712661
-1.17056129058185 0.465941546013118
0.649094341592548 -1.04524435644128
-0.196471522793474 0.728732908915103
1.84624296322437 -1.77180666174651
1.34015863957465 -2.59383642765966
0.826153773589596 -1.41582754242447
-0.966804890037515 0.618961654482585
0.733813479659691 -1.17481321788952
-0.580375725797186 0.862969457770734
-0.813956629668995 0.636118089888415
1.94117494887971 -1.4442822703673
-0.130373599322539 0.85359733169299
1.60306191150548 -2.25169695863957
0.700545479912898 -1.20279466141698
-1.16985293268401 0.191103967368846
-0.274746703157119 0.546731634518565
-1.07434297192194 0.464271614054836
-0.00502011781861403 0.26505683887381
-0.0102799942818874 0.351603426576956
-1.36983971603867 0.316391258831469
-0.269926484120834 0.658381031252918
-0.665231496162243 0.571616026960776
-0.145723602843849 0.671765982207795
0.189237657719669 -0.0901951381517181
0.306176754754273 -0.458649476398457
-0.682482310584036 1.13273618711337
-0.177427320515834 0.611083513960043
0.641124075167624 -0.855952186123574
-0.860969344762582 0.792860587043828
-1.34715388114123 0.300744443285574
-1.58105724905659 -0.072876166078452
0.435746691571599 -0.778629888130979
2.03644400103296 -1.55846898094881
-0.856289193688412 0.536770849788653
-1.4827356762306 -0.0944000943806508
2.23099357189189 -0.99179126630807
-0.508820307201758 1.00539262434327
0.530292173415369 -0.555291025995896
0.572674428010006 -0.66194303391187
-0.531982428313848 0.59803888130477
2.30762538566094 -1.12428661784125
0.0484164721008341 0.171571345240969
0.877555995173142 -1.75923105680887
0.432077679519249 -0.89020403801993
2.37419069846964 -1.19660475509358
0.201806959761396 -0.324590439988637
0.671811535106841 -1.05373296840067
-0.265724910717319 0.917130203706379
-0.776146115488384 0.497373169336021
0.631060529956983 -0.968076090003059
0.39178206552886 -0.224954709009253
2.08884819175342 -1.72861289311669
0.550242400150454 -0.481723683247007
0.482458194632404 -1.1487867973484
-0.190253262383962 0.674813678332135
-1.28771464094886 0.315590577748539
0.093655752358406 -0.0499491888480962
-2.05744481837587 0.187788854970875
-0.686318534413616 0.7144217705937
0.905309631320699 -1.1817874476892
2.101148223417 -1.52557983762358
1.03932665112061 -1.78463761476164
-0.366397359200629 0.908149549066573
-3.03188861420899 0.114882667132816
1.06960678754068 -1.75991214762117
-1.60047509319466 0.37205955631064
-0.0537529547750345 0.249730295579446
-0.868826612913623 0.326741279982374
1.28130768156742 -2.19582443844213
-0.910924684512329 0.622640784265247
-0.926836351183333 0.631880054235295
-0.496316111401044 0.700577444881979
-0.562036524731839 0.591571908633334
-2.25239938804491 0.138707434671415
0.0626873018391138 -0.360363253680791
0.5408867200295 -1.07911275969151
-0.115472120372165 0.867748779319759
-2.45160406179394 -0.197857094089984
-1.70959028133252 0.00647155544867421
1.04566528338682 -1.70010906644575
0.594914984767888 -1.01857981480852
0.364602184960054 -0.575555724110538
-0.54697627628244 0.783013724755603
1.2127575513025 -1.81163681882588
0.580577625641461 -0.841125665824769
0.261260608491464 0.0338141824372783
-0.949566887662141 0.740651681314603
0.309097467355195 -0.423699600640715
0.0438922017077917 0.246153235980327
2.20864918821584 -0.873448615467644
0.713592922622042 -1.26744310070963
0.745967629532597 -1.5312177814588
0.247120050584563 -0.521735410868044
-0.737104567339875 0.956486255697743
-0.786862705091244 0.459389195772225
0.352290164109822 -0.724123129108148
2.03258037406935 -2.04990674284485
2.02396787702906 -1.6898791853762
-0.890984765430134 0.753053135440596
-2.03821571930987 -0.196829181935247
3.25680063073437 -0.148905123393877
-2.34234274410634 -0.02353706821549
0.849060645105379 -1.66618908596325
0.161958353358551 0.182217057268494
1.03851627801937 -1.82874854738273
1.26840699698381 -1.89964733736325
0.350437489552126 -0.220425606038242
-0.532197196340227 0.470645993319751
1.60369321325337 -2.071381201474
0.147707379083252 -0.0891062807205893
0.261782636147983 -0.788225183316564
1.03856912429657 -2.08932981838992
-0.396651773296693 0.837842449195234
-0.427189308376243 1.05756836235179
-0.670221186016991 0.729786018988064
0.297008501624332 -0.43317328241121
-0.241554572002941 0.658423333317514
1.38529315579969 -2.06827680179424
-0.235741220800622 0.666314118932751
-0.164861308177809 0.342258309372826
-2.36460835425893 -0.128653517624746
0.218003660150667 -0.323500949316098
-0.125380747640624 0.253209624559818
-1.76575697592866 -0.079541050289347
0.402321326787218 -0.44593798684288
-0.734591846700789 0.63026646052993
-0.257428957985982 0.238754095933406
0.934287582330772 -1.6129255435224
-0.666393743037893 0.851554208410362
-0.171904672650584 0.292711749916157
-1.60186576189987 0.131270645090781
1.02181376311766 -1.74636623736701
-0.771603734862221 0.885550863863984
-0.330547891242678 1.12678956871705
-0.965572511533162 0.264043105817434
0.531506495090858 -1.06172739540814
-2.01073156318201 0.29241685782428
1.26154405801042 -2.16805613514071
0.132026730164688 0.128537701963848
-1.35384698963477 0.127042890299534
0.0237210845756626 0.194974781356452
1.04080128367899 -1.57074108636252
0.102079083420437 0.124607679350289
1.38367603496983 -2.04069244015204
-1.07180468415451 0.519700984169161
1.68316102948465 -2.32832995486645
1.55580897066495 -1.9458935000577
1.27485339962704 -1.86237688149209
0.14950715596628 0.172597003781617
1.11796107556923 -1.68846893751993
0.69863163053514 -1.03859999560768
1.10911662650067 -1.90871473239055
0.428760136811678 -0.548296278615523
-0.285673859432298 0.94521384144038
-0.970240997328336 0.556385609261574
-1.83668297025897 -0.534236506749798
1.68113324561859 -2.0148630793038
0.352591988955815 -0.133728348652288
-0.211829963050503 0.957686568914751
-2.36577930007604 -0.681368648961671
1.14952566998066 -2.15054574127181
-0.841494304408465 0.435496821767514
-1.47457818226742 -0.331952970464433
2.19082188019106 -1.21712250810901
1.25776088402385 -2.01893568288202
0.203044403166575 0.0526541572945531
-0.943628633546113 0.950166740522364
0.944911649335529 -1.76278795976744
0.927866678612515 -1.5018296583519
0.0296894499586302 0.527270885390121
-2.26970249963009 0.155597155598334
1.28824201872002 -1.99299375987593
1.1407226567949 -1.9482689246281
0.85965798830322 -1.41747697838901
1.38818868830834 -1.90219818483931
-0.215213003909458 0.187528595923167
0.0560939112213995 0.0193598293080831
-1.07660221143422 0.326215286381571
-1.07213206325225 0.698583882859931
1.2692893241963 -1.85974852835717
1.22218890096834 -1.94476794173554
-1.26926303546539 0.425406912751752
-0.275426212407162 0.632829775869034
-0.540529660102586 0.553733668851905
1.96461512297451 -1.83984982697131
0.117586556814444 -0.0715365598861721
0.753182275547446 -1.13809365515324
-1.2014665531606 0.582360453179095
2.55998310098287 -0.816186973519111
-0.856383099262116 0.696418220275273
-2.06836037698689 0.413724203090133
-0.647944510471235 0.864046012719934
1.30242637285303 -1.99485531125421
2.27919661112947 -0.978060302973831
-0.339802588269882 0.496193024243907
-1.54188360581733 0.202213606685613
0.950548668737457 -1.24677850170111
0.382860007484962 -0.550310887899239
-2.07585318749956 0.50374074448891
-0.183745124926987 0.552301100422989
-1.50306382826054 0.14316966040134
1.45787613194441 -2.27087574209132
0.179836213106781 -0.476603775150569
0.921839719698908 -1.69747377638365
-0.0266011988095409 -0.349519041742323
1.43937996753112 -2.51355622470198
-0.0501918939348038 0.115321671832711
-0.248071602104214 0.752996873713802
0.551221188231131 -1.04983621458404
1.30732750135856 -2.30173671163098
-2.45668722446638 0.0330784065378219
1.97797509231257 -1.5748149449346
-2.01382141669292 0.0495807657814043
0.338737838545849 -0.497902571307569
-1.31871615862568 0.524549780187134
-0.0248092814898412 0.224538852161102
0.16239828943217 0.0455618548234523
-0.226679426246731 0.472655746765332
-0.334333042365589 0.809828196586789
-1.08474632525969 0.347015278642352
-0.287426432560507 0.784533012217859
-1.01669549537026 0.422840276233577
-1.45320818473009 0.0648588740103873
-1.9323370065332 -0.252132845419755
0.00813202795909115 0.420141914055065
1.00976445841883 -1.89547266040325
0.503054118923596 -0.659574362621838
-0.0571535791712149 0.338201520301491
-0.274417918552958 1.23250461034448
0.0969609121749119 -0.460743517061937
-1.53642575962798 0.197552629144844
3.20561757681504 0.810071558087453
-0.243995512639382 0.897018441000296
-1.25589942407886 0.234198359059745
0.437520449087434 -0.653192718627806
-1.65635309531866 0.0664754611705065
-1.06750507789829 0.446969706832197
1.71455419439146 -1.61741863554908
0.183618743084943 -0.354185860617186
-2.87432195051269 0.240171711236456
-0.420331541227382 0.725852305518771
-0.778797891864717 0.993743411086952
1.13480846747235 -2.07270312592313
-1.52410840818243 -0.290563553825075
-0.0594676947021083 0.3729471548633
0.316503051218217 -0.570898806371877
-0.227623494084147 0.505814449106872
0.0490533730836136 -0.004658388299975
-0.0787205931112644 0.19983804035935
-1.04593307863493 -0.280036534896011
0.0527063035632387 -0.0443090029661206
-0.615833069480226 0.677802450404923
0.759662062229455 -1.63209626502387
-1.30855332544266 0.33517450466919
0.311319720975255 -0.342049202845432
0.410123583321633 -0.322650389531209
0.953092730449734 -1.99894030493626
2.10016870915256 -1.31762856486701
0.811814333579245 -1.12357187503596
0.154614788773998 -0.0441161474889182
2.20475608667355 -1.54335585788768
1.15751410544962 -2.12507912587274
0.800071781191415 -1.41941534461595
0.446259669867265 -0.529497491893915
-0.754890677905074 0.677784044863118
1.29649521433883 -1.81094617194524
-0.97028881338683 0.510253968917429
-0.102080675950319 -0.287199500513228
0.315278433761003 -0.463888967162125
-0.589635852472186 0.870372581933008
0.482682343041461 -0.758712561817248
-1.08111281716751 0.331080415737712
-0.13655510412082 0.528726223079439
-0.295394800134068 0.615827564922027
1.26807330444589 -2.28336477771842
0.722404188331079 -1.12844655775138
-0.749090869529375 0.985520295139346
-0.0604118256782984 -0.0807200562096433
0.320204362282913 -0.601927258516742
2.21947475630891 -1.18619866411644
-1.22132343488463 0.210396581687245
-2.07242319814593 0.12017005494096
-0.864410875484976 0.615107625052281
2.11966422012448 -1.59553139073129
0.173009530983759 0.236306516402194
1.06345658771926 -1.62123133839426
-0.977197438230931 0.66132733433311
-0.367763735891806 0.952819220546584
-0.0762079519731433 0.843555719391492
-1.56932075903063 0.0988977947002596
-1.26105741196474 0.0612482815329904
0.392073084376834 -0.93693625101117
-3.48678548514941 -0.162271247825196
0.0271686053929147 -0.348430954787137
-0.362884810725553 0.718696128812349
2.06237408611154 -1.42524047378384
0.0918564253617141 0.176030371983134
1.1600194620325 -1.8647499752707
2.25128869125831 -1.07938815106271
0.0824290988003549 0.127976716915048
-0.41089829732427 0.718628505015299
-0.678852005161025 0.71782579494589
-0.853353520791079 0.62739355007547
-0.845273312458472 0.588159248489749
0.173964863401024 -0.10976794704564
-0.180867078934543 1.17033438915035
-0.804510260018672 0.809012905671462
-0.429012655629957 0.829423994814603
0.0760427414663057 -0.190776568621106
1.25422181830917 -2.12344356342685
-0.21547295575627 0.932531906777611
-0.725806547060975 0.657867161497274
-1.73257056230912 0.137956875703412
-0.113465048775587 0.517205074217054
-0.705111547987763 0.474465503751912
-1.1472141432449 -0.26117752466912
1.05052207695048 -1.71899995899081
-0.802056487905409 0.407338626857031
-1.24513033728835 0.580983196899685
1.1017929806782 -1.6817351229254
0.291085458392338 -0.43759078304379
-0.887402363046307 0.898068083189978
-1.08300437403334 0.827883982478741
0.204694251719102 -0.396223311612758
1.77231529578481 -2.40935793901072
0.0297311149843778 0.200533123039386
-0.0635115780836412 -0.021157642497633
0.746700493723848 -0.732900050092618
0.520586435669924 -0.62534616339953
-0.57367816037022 0.609761371671798
2.22788122519626 -1.00394130785157
1.02534543820597 -0.999027005625626
-1.54471544961874 0.178422301678621
0.970129728218572 -1.76600781150816
0.422875509181997 -0.784544985977543
-0.712813974063329 0.899806011638151
0.0690201146022395 0.028352826469522
-1.12101602688149 0.276868698279567
-1.7813521774944 0.349044200474233
-0.65908546794697 0.513679416018402
-0.223846238616254 0.490042362534487
0.508738050151756 -0.866917473887044
-0.863963262221336 0.572750141938721
-0.0753540572417049 0.686876757127667
-1.68112463295281 0.0111304167401063
-0.894178425748666 1.01240388893264
1.29450479786189 -2.18553671194648
1.66806119524439 -2.16602183222904
-2.21101759486754 -0.167616457027505
-0.315589062037598 0.683731970903361
1.15106848641829 -2.0651982884697
-1.32304950763248 0.539233317687027
-1.35153681901391 0.260209994294606
0.556826933512084 -1.11388831757487
1.22151091396038 -2.64970294692387
0.417744283878038 -0.218464312365121
-0.566987757403175 0.964222015451152
-1.44057849475536 0.0470078882022223
-3.8548970519029 -0.670315463777734
1.55034615253246 -2.38487131836872
-1.57869866990025 0.0192757673108471
0.0791776990958247 0.35188266982577
1.23217664924785 -1.7979379166534
-1.10828634086406 0.303983744584893
1.15413251698842 -2.14685602684146
1.29889590624521 -2.02922104835828
-0.330323972818943 0.381588960137711
1.41104022312206 -2.05161864347207
-2.60706506015443 -0.268987396687556
0.215289004886325 0.041426421207404
0.500295760999529 -0.924035740952213
0.340118071571821 -0.376333596557367
-1.25933093539833 0.173777770478775
-0.0885886904897351 0.296444365515853
-0.425233406800092 0.913005940182795
0.0368891552997083 0.57192682095475
-0.873590608932346 0.887008185596866
-0.28723640870735 0.826978334223639
-0.0229406743360388 0.0500787942261107
-0.32280040820448 0.816068814216598
0.464436619118169 -0.114358569377237
2.18145219478883 -1.0167822809652
0.870616127775341 -1.35605011055
1.46874961163427 -1.63933026166259
-0.0245957577824475 0.173902203396794
0.0299568897539744 0.117117667037342
-3.09217390087361 0.233803491063303
1.77046682752958 -1.64418118081073
1.45793828182243 -2.08569932645814
2.03598131058817 -1.51161436918279
-0.425038645465899 0.403993162683989
-1.56046148041283 -0.128405278012934
-1.36315553746974 0.32510126658287
0.569771081122109 -0.774971124779175
-1.63776362861402 0.189527383772509
-0.282924551571209 0.645200202216196
0.638865629287237 -0.971942217717156
0.0336902833447938 0.392474180414947
2.11101847604355 -1.51684095339726
3.23807116785156 -0.136246366486886
0.320230608965116 -0.210069916897957
-0.619588049706121 0.899215796137071
-0.631877909258457 0.873016620812687
2.81279571494741 -0.439093785852231
-0.835026781900245 0.783833052739253
1.60987486696791 -1.64549780042528
-0.29229812238802 0.35100205621035
-0.636604945836517 1.19479996655247
1.83526417664836 -2.19979497064839
-1.16837985638037 0.381313777790036
-0.53081830332598 0.566507802353696
-0.617623550392334 1.14681850970618
-2.09208533552706 0.145702936532596
-0.629958138220964 0.893012644790072
0.63302142959699 -0.191282652190508
-1.22565635050515 0.235813642593199
-0.66939114966609 1.18613481242385
-0.754215467102252 1.09017260652893
1.65791027942505 -1.69626171071393
0.336047240661655 -0.711876229945044
-1.3447447521343 -0.00610653374211151
-0.622287034851984 0.916106901202076
-0.909662503388745 0.481581237255088
1.37623903828601 -2.00455293939517
-0.32023432042993 0.313560015688748
-0.625180321574656 0.773532045726223
1.3335615558148 -2.07746093942173
-0.407678785472654 0.831590023489522
-0.912710553693516 0.424134551408044
0.700253518697299 -1.76455940557961
-0.481628359275726 0.611620472135702
-0.535135475676787 0.669187437839583
0.311090459405587 -0.528797044618158
1.33465364861108 -2.06184756682145
-0.707584671550119 0.935863461441227
0.815523180239239 -1.47542689798033
0.258508489648864 -0.297194473900702
0.758443993003868 -1.79027563514226
-0.589122512321522 0.67856365128084
0.334783136567759 -0.515567752248796
-0.889269830131426 0.969992321469155
-2.61288244634613 -0.136573680744771
0.74691989218954 -1.1802730218786
2.18834559883373 -1.00323912395785
-1.32139849786368 0.0733999059726543
-0.966898653405679 0.255056720098383
-0.0164832928425893 0.369374361900058
-0.148974158402198 0.560255472686934
0.419368172322586 -0.475010910208467
-1.14356221457827 -0.0522227582562481
1.64020535867106 -2.66889165636315
-0.52841440412426 1.04411753437218
1.3749374953572 -2.28918429014828
1.25114246217158 -2.63263922855515
-1.00552081419593 0.570388721598821
3.14609897590012 -0.0986587529289994
-0.0579149209322898 -0.11262652637135
-1.438383245593 -0.103326062322688
1.55752184913462 -1.88850218337096
0.803880795797436 -1.82347092456062
-0.628973815099782 0.796248271669171
1.62783674573165 -2.06455403223334
1.37001445138576 -2.21379952770271
0.998861181759923 -2.02542644406183
4.28991109997151 0.371499520516861
1.52292574992367 -2.40919661783719
-1.40054632315229 0.325351561274533
0.396568797729259 -0.648169026508893
1.9998886579431 -1.74213700178091
1.99301862954104 -1.54337155540511
-1.12202816952506 0.417525351447224
-1.56379863339391 0.257007157499542
0.16024644599371 -0.220575393381617
0.971051612382673 -1.17850575712491
-0.152989840716983 0.311385501997849
1.53673874590896 -2.56300808769944
-0.671213167396164 0.474920584400497
0.0617573288644465 0.266165573378264
-0.0532637838081637 0.173645265453594
-1.44469485325978 -0.410018426335179
0.720888639234972 -1.30701243514166
-0.338789289184015 0.731223406997548
1.58111138436689 -2.67792313338654
0.504023939388067 -0.415335545610349
-1.73726082668082 -0.078480530114337
1.57510329046245 -1.77145179351667
-0.464155247165229 0.646783354595903
0.359382866804463 -0.419613073445155
1.3667928728685 -1.90703322964052
-0.0290131275564132 0.129389140121734
0.371875099243743 -0.598414901486116
-0.255221516141722 0.947411079791805
-0.0829438925166427 0.279032344903241
0.397316637868257 -0.696657249392398
0.633505885132811 -1.26271696491875
-1.21202709149558 0.615112378855809
1.44704541370048 -1.94817287925194
1.83819505712988 -2.55583845735153
-0.739790492380045 1.2940862520821
-0.248663360324433 0.739974795105938
1.95885804432246 -1.97071297137124
1.34903072578759 -1.90630632912329
-0.736236680577943 1.19348078235827
1.05891102022206 -1.93468142004981
1.36217018726203 -2.19786357411965
0.111433057585873 0.055005922776576
1.77216944037486 -2.01770115399709
-0.0562234931204579 0.412151616983851
0.846822742770975 -1.32395451274999
2.74976592333532 -0.373572127093883
2.02295043310567 -1.35850043252914
-2.74903700880032 -0.233140321249272
1.41490243977129 -1.88630919988898
1.1000475571367 -1.99151687146752
0.694465901867961 -1.03354337732569
1.29106965772412 -2.38498124284411
0.630254590023698 -1.17924687804929
-0.99168273805442 0.821295391796755
-1.16853732925496 0.415190938813176
-1.39992739839363 -0.0375269730380361
-1.28423646401564 0.5192181365198
0.309560699546266 -1.11079743388549
0.00584642793423055 -0.0624860760548387
0.120962359728475 -0.0574151115368558
0.268399139521881 -0.378606978483527
-0.078346560840126 0.318885213135232
-1.00623933416784 0.739615457090048
-1.06837879485995 0.32084811557614
1.12189571980219 -2.07045423853007
0.0818592119760901 0.171757041970931
-0.0466085101351603 0.691298214917098
-0.048185067497704 0.34969946727343
0.195132064229145 0.0553499498714781
-0.946145063611987 0.492337425040447
2.13063263416606 -1.69581201645073
-0.713915406813707 0.24060882661534
-0.188496397274519 0.796791261476773
2.43788095713245 -0.621935437017395
1.27659800683391 -1.88322905174909
-3.52710671993418 0.0791730538406621
-0.413278415148234 0.585952040577623
0.55412383214775 -1.02385495954861
-0.640437594943704 0.727800760378577
1.04949972364072 -1.57779038610195
2.65155345598835 -0.928555851158369
-1.90499524328636 0.141553200739763
1.09313480162164 -1.60740431867297
-1.90163198096086 0.0279501205273167
0.362147671475903 -0.227349727460583
-0.67565127256718 0.990355536344194
1.46344975062417 -2.39135434492688
-0.322249899047987 0.584027182725207
0.928060177105557 -2.31379230296998
0.325005181745861 -0.238292195563642
-1.73978324946476 0.338225610466486
0.586649729974442 -1.05371638245587
-0.482509113009423 0.62066677281119
-0.872124093578987 1.06532466923304
-2.13673372738735 -0.273106426666883
-0.866921850153197 0.613153449466586
-0.601325582380279 1.19625633778843
-0.0622125828450652 0.215234310036675
0.101571848651511 0.0360466745026815
1.37601896986128 -2.46207681668215
1.19671882273833 -2.10541563001275
1.05034771523222 -1.69827278147266
2.25408247533251 -1.14524421862805
1.77492971181076 -2.10905902755528
-0.971353990767448 0.689310922063568
0.879067329140259 -1.79743406305131
0.394530323975871 -0.96141776631393
-0.602736741619381 0.629759049839868
-0.812006541984441 0.782018792608756
-0.235841726488498 0.629991449195083
0.813021403611175 -1.44416775785617
-0.715206655531406 0.74314511439062
-0.00498201596939177 0.752037252895021
-0.898577511374884 0.461273455531859
-0.424552917891692 0.496154637146262
0.930035304183453 -1.53633756886391
0.514987251953541 -0.486025183375995
0.253786618156535 -0.162830102285127
-1.33131016733292 0.217008293024124
0.795510140645448 -0.985005317789738
-0.991494783029308 0.556400670980142
-0.896020211377733 0.397984277061926
0.954817979855259 -1.59961546220216
-0.150191553359145 0.455529840389458
1.60094084179532 -2.11104281186617
-0.220621285105922 0.784330791005083
-3.36381032708324 -0.0168034368518506
0.662250935242098 -1.1072182991815
0.593095391259827 -1.0070135396368
0.440652789673924 -0.693103215670537
-0.682271100313968 1.0201013182457
2.61817006907269 -0.445334047347742
-1.8307868366387 0.110871375581863
-0.388158875170156 0.863294169004496
1.58770774577212 -2.28534687432492
1.40394250643391 -1.81844034768292
1.01980271466022 -1.71002362459305
-0.0371136044362398 0.368475854099629
-1.46501414624525 -0.112471491471816
-2.374329459981 -0.735500398717747
3.53519670718731 0.367809898231906
0.274746583083955 -0.335594149696816
-2.56902140166114 0.198821093315145
-1.72685546511932 -0.206965276744648
0.225872631601327 0.134713125031076
1.10043007481764 -1.78235984092564
-2.35703279095646 -0.161518561386454
0.564702171159072 -1.03641586800984
-2.41325997483765 0.150204629029549
0.225576694144793 0.0891537713868494
-1.50500060213143 -0.442315308680162
-0.294047044595484 1.40144815489093
-0.362293449635722 0.97244793614004
0.313486816904413 -0.266511294958575
-0.385284487399542 0.75261003022646
1.77065193251236 -2.47638109874749
-2.59949311490977 0.380576791312866
0.86200254567411 -1.99217185483722
0.503290128385908 -0.625488522045599
0.35487207881998 -0.727099691955712
0.991478239909481 -1.46050733727689
0.902634475419124 -1.46319695184899
2.33060698954385 -0.915828387068128
-0.820809726663231 0.882093050255807
-1.31428374678708 0.127590240363365
-0.615174011612536 1.00309627543313
-0.77699600237277 0.574689018791
-0.386852219932751 0.809149672345413
-0.702137152654432 0.378746487017922
1.52345123377264 -2.33855113854225
-1.04065742716717 0.498038416961546
-0.169129355862294 0.446622229564742
0.569080132474532 -0.886160898042523
0.640567208822729 -0.719820601519497
0.0488608010992642 -0.365981200018317
-0.0624696116554266 0.490882963417035
0.692862267918878 -1.48526035337605
-2.04038737879412 -0.0717422991384239
2.15865154989513 -1.58280796064957
-0.267173795430158 0.594816908102441
1.48916792847999 -1.94585813185011
2.47074919886873 -1.19719616165585
1.07218504554764 -1.51172483075226
1.9446223455437 -1.68830657283581
1.56263024332189 -2.01129887392435
-0.0912214500364511 0.451252822766808
2.00429887083411 -1.83068365511688
-1.00090508496732 0.103736547848282
2.55788755854754 -0.638401499397406
-0.414956279192238 0.602677219314491
-1.41921588028558 -0.15943930232387
1.02581965331775 -2.09285027980964
1.25651984115068 -2.16476060251846
0.916761669584073 -1.46690470410197
0.10787313421738 0.241400845677102
-0.454868793574814 0.315137616261792
-1.71620928680884 0.123248178648744
1.60584983223786 -1.95322269805053
0.912966780242502 -1.70065381850198
0.0893914226307653 -0.0342135532966479
-0.98518579114009 0.863652946975712
-0.801182406947363 0.787540894222806
-0.471055374261287 1.08424114445581
-0.644314608756368 0.930141650176666
-2.88860944121141 0.401321061590439
-0.871303023231114 1.00806501640095
1.09686934827466 -1.8922667622266
0.403941226497488 -0.52410386071281
-1.0382254632138 0.659789304387896
0.553648421248451 -0.686450646842037
0.159296503901143 -0.22910755857513
0.224365323208655 -0.134274641371992
0.196213175354365 0.203558145980449
-1.62829289791238 -0.339037970437836
0.661953645461734 -1.40093829706849
-0.783486212224063 0.307540960202351
-0.514327236866567 0.844782723654399
-1.16928940784196 0.449494801063428
1.49374838723723 -2.00893354262342
0.251365829830245 -0.310801243087131
-0.0726311924069951 0.0727742908246852
0.157884978812322 0.21231800237778
-0.974771280230135 0.788403894283676
1.00674785742559 -2.14938381667804
0.835325083587704 -1.53271767634666
0.890761195044357 -1.74427345393462
1.80628346465309 -2.11094874431607
-0.324975162218205 0.392723231457434
1.90000292300897 -1.41328741449261
-1.78844249844405 -0.0508281564149344
-2.73295878527135 0.414312158177424
-0.991877911008495 0.713760531165058
-2.26184257324857 0.0380071843002272
-1.0373381687123 0.760082979552835
-1.53546970470646 -0.188609728737758
-0.0453998986358365 0.463945843805638
0.839563004617562 -1.28261225033815
-0.306278620260621 0.328674835334112
0.397951083480017 -0.730309766197412
-0.266269842796576 0.481017732067119
-0.763323986340011 0.902008284851584
-0.39487378675471 0.113810201517231
-0.141511471014735 0.544396343181707
0.089455447661573 0.323009149807701
-0.151360196824894 0.454886281072135
0.868050890996712 -1.64937391671219
0.642537238719869 -0.67548630762332
-1.09782911307221 0.35879626066094
0.931774148053925 -2.03699593854195
2.45543074500754 -0.91807657146857
0.591621478870704 -0.890764409593604
-0.716528697507591 0.858168116210467
-0.808011759507227 0.613479392474008
-0.0145435947249417 0.243796744641006
-0.970876896968743 0.442699224313319
-0.166182319222476 0.240544987871869
0.332145043118328 0.232057489042877
0.755464887076153 -1.25294672241138
-1.87888739383834 0.340308213667631
2.00335953617791 -1.66520947301553
-0.637455440471535 1.02635023465056
1.6454391056166 -2.35508488069073
0.928449825845927 -1.72545541904696
-0.506437507550597 0.427359616061539
-0.247166507035884 0.384999379770519
-0.238959930109877 0.97689044517242
-1.23281818956151 0.243218848697907
2.28839141794659 -1.30944863382159
2.27904506418488 -1.3039251290138
0.895794788747033 -1.60048462053429
-0.384237283160667 0.473780565281935
-1.16801873660795 0.558364768489635
-0.71544344942534 0.826057949626247
1.68368177452186 -2.30000681839113
-0.389330650011147 0.67110208354234
0.0486193553131555 0.371450427400965
-0.384648520642796 0.63906031434173
0.0789121392690911 -0.0188565600802285
1.69500219334006 -1.93852351175855
0.228822623951397 -0.37328971727916
0.950002064578757 -1.67379250173026
0.569352314724686 -0.839484830513973
-1.64365354760084 0.130901760811939
1.87759315046393 -1.51800283265756
0.36788507539593 -0.195094750902506
-2.35219400005793 0.620937783034171
-1.18812990971904 0.392696163952789
-1.31238843247751 -0.370195160476824
-0.471247601404808 0.384548968747538
1.1922398949927 -1.78409274912277
0.825095610368097 -1.74647363511486
-0.76589039885238 0.448935873454978
-3.45170062820069 0.231745288558082
-0.132351098961779 0.538374092971259
2.20307963640132 -1.37564846950367
0.208398688676809 -0.0424412218888182
0.548193880003837 -1.26022598126164
1.20339958993335 -2.24084067405307
-0.344307865580869 0.53976595668024
0.461833051563735 -0.686158230687034
0.390619049380752 -0.377749067610825
0.26630469506614 -0.194327031799815
-0.210238518653356 0.549883878022649
-0.992942797532872 1.09344211408923
-0.714137313507599 0.790639151680361
-1.11150106107054 0.435830512728379
-0.132700528316284 0.63875895446061
-0.542525427481728 0.980926744978465
-1.25167379898155 0.00556243903717035
1.54405260401303 -1.98368995025564
-0.500474828655392 0.418447977323178
-0.34679700278583 0.805414595189079
-0.944156953320032 0.642196914154938
-0.784025269077011 0.746896539658382
-0.503117389194257 0.84369324129333
0.17153781858397 -0.337927146129947
-0.695400412504389 0.526286675051305
0.645289141348877 -1.1740859501294
0.496512054477209 -1.47981170530836
-2.07507723613126 -0.0769897029312572
0.653250593001441 -0.977386269420524
-0.480605345251356 0.560998118402524
-0.289254433104447 0.106677100424208
-0.461634564185426 0.52930921241468
0.410631920177204 -0.848541977626315
0.950162680457604 -1.39071919021922
0.478473631186138 -1.08771674597294
-1.11184771389222 0.502823672953711
-0.561724217080008 0.595314766602229
-0.176985820655541 0.668234945640149
0.949326839223644 -1.26660039375953
-2.75644603443745 0.133437426594037
-1.5604175204547 0.214850618983697
0.334759476657208 -0.682316173235773
-0.593180514122819 1.10422352206074
1.48008722537426 -2.15484805334913
0.341884166995155 -0.479692566956955
0.755293435392501 -1.64215498793127
-0.437227519081718 0.937934065858465
0.979921057740495 -2.04619730730443
1.3275340808839 -2.0871227727254
-0.626806186677242 0.649378370458268
1.67282345436696 -2.45882859093019
0.39470104978036 -0.549869658930019
2.34435516873119 -1.3915387510162
-0.932566406575981 0.708297832575731
-1.0188767437756 0.534554850079937
0.835867010333954 -1.20929829183535
-0.533892384183459 0.85453337143236
0.667755163358315 -1.48171195470899
1.84546119281663 -1.62050898371218
0.408188686302002 -0.174235289504343
-1.16903682309774 0.322398962761048
-1.93843614959295 -0.277421797134682
-0.584234586724503 0.718654730501607
-0.850727215708399 0.443622479468362
-1.66758478679738 -0.121606919162388
-2.92407222707064 -0.272658435148115
0.893779507685315 -1.65933713895288
1.09934705904256 -1.3607859959657
1.71221181457235 -1.84248945427441
-0.46304642751405 0.525489195442194
-1.52657353828036 0.308342734250003
0.474773474124972 -1.29396586981446
-0.00511296090225654 0.46879630965357
0.156740121494443 -0.0748813140290262
0.111576414156597 -0.0559880597025262
1.39231468666413 -2.03379422604854
-2.77002294193567 0.0628298553869057
-0.68684465585254 1.03809696205475
-0.657529898201069 0.694708296809277
0.929597598934342 -1.65425020369705
1.59044293387005 -2.28610083342348
-0.861859481691027 0.704228581716482
0.798068463591855 -1.82892483886255
-0.389652712221855 0.969628104136041
1.17674786155418 -1.98908226356321
-2.56515050867704 0.489142782730984
0.376179007006942 -0.718704545938972
1.84397142447342 -2.22574927810317
0.831795128051555 -1.77513448482965
-1.54173692090779 -0.0455556634820355
0.555810777117092 -0.828371467617758
-0.978677656287665 0.446546528437733
-0.671434218967505 0.876407873620726
1.10315802779859 -1.8102231244893
0.72908569156647 -1.44313750049306
1.01965012875891 -2.12306766402951
1.31085531465061 -1.92113174232608
-0.44065184414723 0.928329589396424
1.69296371685027 -1.630116328857
-0.0326526440932722 -0.00690664767314969
0.574759110250907 -0.849184550614558
-1.56358332487763 -0.218645486885621
0.453673620365756 -0.417456284632457
0.274002794006142 -0.195137951271983
