-1.38993344377434 -0.669077141533373
-1.17620660897788 -0.470267703549308
1.55067018297522 -0.68608742574202
0.606326997008193 -1.38308775899739
0.968418467234888 -1.24326712775814
0.567275464987543 -1.11620733495813
0.783508746659713 -1.06022378781675
0.70982978652178 -1.1327718347717
0.895547997594652 -1.17895307658871
0.0913511966367369 -2.1251740759493
1.41876200802446 -0.697077281833188
-0.0974024040320128 -1.84704898058886
0.328330578076983 -1.66781191735522
-0.19890938608418 -1.78882610009414
-0.841916291363472 -1.3541625846697
1.58820921675418 -0.72314721776577
1.13833560159219 -0.703323370576089
-0.0372586607081072 -1.73475124789648
-0.221572112820954 -1.6684065387935
-1.53230539635401 -0.0832787206223739
-1.44887388761994 -0.468683672413059
1.82804364784684 -0.250771988932077
1.72983237000985 -0.681581172541575
-0.0941361871847717 -1.71950620340042
1.37820523004757 -0.259979809530969
0.803482481568864 -0.964556440479566
0.584684889414831 -0.844641494209085
0.78721120327328 -1.19735649524459
-0.515819517328256 -1.68358283765616
2.25035776178404 -0.317688452744617
-0.714251672780755 -1.56516625886358
-2.18085478276406 0.346839605538438
0.769366353068158 -1.53143152991933
0.956487148843431 -1.02271008370215
1.31594573088474 -0.543352164543845
-0.822012351578861 -1.00025624795544
0.324285833179934 -1.6096309047849
0.777299215810608 -1.39612646769851
0.566688008793386 -1.5381038300517
2.14087318308589 0.091372261594068
0.296122986510852 -1.67744920542542
-0.776750881222258 -1.30258870444168
0.759307307994252 -1.27544640640158
-1.44177916987786 -1.009898688999
1.65187911938898 -0.396904642347859
-1.30932341281933 -0.691195642358098
0.777520627667315 -1.18334207351345
-0.587643319537391 -1.43353591029863
0.149970270291138 -1.55911195716647
-0.932028013530624 -0.797896013232439
-1.36606861796858 -0.160702355806488
0.508645021076651 -1.91273464617744
0.576992104372991 -1.29374584803895
-1.40354111941811 -0.934352639975386
-1.88656906222002 0.113224456553614
-0.370065211266332 -1.68114625244343
-1.81990792363036 -0.0343455731059479
-0.0539187365725344 -1.86803218367022
2.15764932638823 -0.0476989236193384
-0.823484740011529 -1.12865936592952
3.03137363708083 -0.155606508068323
0.416893556363553 -1.66146309714155
-2.14731152670068 0.158482792042612
-1.14802880027874 -1.23072279216259
-1.11953382539473 -1.08080547735846
0.314221037242295 -1.6642620459832
0.913887424136045 -1.11405318927981
0.370520528584941 -1.77831835613327
-2.14898663151728 -0.00880894693771239
1.02906016581396 -1.22445132212601
0.549591737320111 -1.30751073377111
-1.11358209632636 -0.742213155387921
1.27256628217161 -0.359015104961509
0.575843201423171 -1.20520901022102
-0.806515162186787 -1.84658731993061
1.05404716368618 -0.486199249249079
-1.72851703401187 -0.565299577539188
-1.48996451980195 -0.298253688369051
-1.49796630710224 0.0212907803240031
-1.39412222368774 -0.463888482661157
-0.0640608586366607 -1.4947589259485
0.732137979297061 -1.22903439267477
0.52018466325985 -1.14193659448361
1.55292776692019 -0.349601485112272
2.09967040468037 0.123897064284452
-0.125194226685445 -1.85982628388908
-0.772528495974863 -1.66182769339884
0.91913528320795 -0.830324657037613
-0.152012138226303 -1.67393242172798
0.959708320223795 -0.879086085560953
-1.84425427632575 -0.299246215431066
-0.240079928185666 -1.96413028436885
-0.701622326413529 -1.67916292904244
0.21108858757617 -2.00459025901689
-0.884468946126438 -1.0913717144841
-0.73277101301985 -1.29819388994377
2.0469593484035 0.100598678598032
0.0746171953378052 -1.80760269488071
0.854906019565501 -1.00249164993835
0.797533162266714 -1.47798969469835
0.0145236684562271 -1.69120261076094
0.551753859973415 -1.16821661688594
1.58234038257663 -0.406607077895901
0.728122351898623 -0.759807104939784
1.5573076082593 -0.529764526455604
-1.6380272964596 -0.655948746761766
-0.727348106942732 -1.28880230825704
-1.2643081977442 -0.547665943188886
0.693325973289107 -1.33875358882556
-1.40745051034835 -0.535831449526023
0.567016881585509 -1.26217475254293
0.533447158086319 -1.35043831131976
1.15316787294594 -0.845248369840071
0.409453117016797 -1.14326675943651
-0.361090920940918 -1.54688061450871
0.612433844737552 -1.56820872933433
0.844410496579009 -1.06053616156621
-0.148860479085583 -2.42356529259195
1.15949555827585 -0.397316299282113
1.41618275765377 -0.729536247099495
-0.415316352188984 -1.72857769138695
1.10993737013585 -0.942929616005863
-1.4635207447306 -0.210810983168657
0.739053734161357 -1.03063092655458
-0.428817067014939 -1.91095935892305
3.01495907752895 0.113432471932336
-1.62022470781253 -0.362659325423193
0.0178884531756566 -1.86025175914595
1.0757941685076 -0.560013385089334
-1.48332477921049 -0.182046153676356
0.578149126419609 -1.80138874851256
0.552587064820894 -1.77326366411999
-1.97072402616336 -0.119677371610163
0.95035695208455 -1.13948725578395
0.815375521581681 -1.62234347083315
-0.291786165851861 -2.07707325544235
-1.35787817612432 -0.674717566243206
-2.65127716858771 0.0319554466688911
2.4123495192301 0.0884832481690669
-0.346464426405257 -1.46387876212279
0.0180369264034778 -1.77031152970366
0.467758913128747 -1.13787884643772
-1.42082173443293 -0.751295279094758
-0.794628171889159 -1.05781233865926
0.720453607453865 -0.763468434170638
0.923227435027458 -1.09280792177605
2.25586083896349 0.302615059999979
0.832100960493388 -1.33483088229811
0.969111316938014 -0.925465752897826
-1.06709989989575 -1.37690747525211
-0.687503853506115 -1.25849800214598
1.09492072336536 -0.94222336471008
-0.434275309924273 -1.28831561505934
-1.04708401918287 -1.10164045123147
-0.150078558014655 -1.57877493324561
-2.1996591535347 -0.043569314661849
-1.60030774264744 -0.151388166836927
1.11839362765307 -0.644053745202072
1.84309031924046 -0.35244903280462
0.897619171054422 -1.51030941356232
-0.482567682067379 -1.52019567103693
0.230041959170489 -1.16681002475559
-2.33680823396476 0.495111915141195
0.599719082241499 -1.29367824268393
0.95793381756539 -0.836215725330107
-1.45464820502453 -0.728547805244622
0.226995529049818 -1.69488558971231
-2.10991680100366 0.347773172867896
0.429727140900677 -1.70935721985321
0.841282058393703 -0.89966653500554
0.852138674005187 -0.681403929365794
-1.88449211322382 0.0927105607587941
1.4758628381533 -0.843118368309693
-0.655886201817061 -1.4994125738663
-1.66870876247152 -0.386216982194211
-1.27908013338619 -0.320028233758821
-0.433773014577463 -1.57941528089729
-0.54822210405791 -1.2042706524956
0.998407056774391 -1.13578125490444
-1.31186642221147 -0.689316930382502
1.17676405824638 -0.706442999163646
-1.27720975371693 -0.645828967307027
-0.371888960574474 -1.91042883462981
-0.3507268272881 -1.6523091601833
1.0313736497729 -0.778905013326971
-0.405358241960794 -1.65451122899175
-1.87263177213089 -0.188371285383967
-0.126317136893568 -1.66844613968584
0.4794718547775 -1.16540553145899
-0.627075175260526 -0.880019449860979
0.869978547567291 -0.973547013052586
-0.153896128142459 -2.27460647037819
-0.0652838997528247 -1.6937863767523
0.718249190590964 -1.41402229657246
-2.2483352444482 0.0900747581500387
-0.664323007073376 -1.63231617883233
-1.18037485273381 -0.670338369557244
0.208522128317739 -1.91260078196178
-2.57535894635733 0.0771868150735643
1.02129724378473 -0.443077928644522
0.858716642178219 -1.07197804391197
1.8928608382392 0.000714747722695724
-1.14412629958852 -0.907512756474048
-0.927559169728959 -1.41163216433595
-1.17317252637852 -0.605844002676479
-1.19188865445862 -0.677613226483492
-0.852158855043084 -1.0929255047041
-0.586115238391371 -1.44643564300083
0.189149503118077 -2.14841484955834
0.575698100475689 -1.42099548930188
1.01527193284371 -1.22220493824567
-0.158997285693458 -1.92300629614607
-0.445080320637045 -1.51605261484716
0.114593881782053 -1.42590136025382
-1.4856446311154 -0.519720877003874
0.048025475189196 -1.36231607783332
-0.0833226067926127 -1.69355509061839
-0.641279102972673 -1.46197332736511
0.171069845399016 -1.59640133870568
0.336196830492849 -1.6537044029985
-0.588171832327907 -0.937416390172976
-1.40388240338224 -0.535115930968712
-1.46528822154142 -0.112943532186749
-2.86622796490568 0.225008417001969
-0.707577180204601 -1.2218229650412
1.23786490789079 -0.947899242617342
-1.42837910031978 -0.464206759033432
1.51676775075201 -0.320470205861129
0.0609042086593341 -1.53550251643492
0.784854010432952 -1.07750723359442
-1.94223985168032 -0.249361710488507
0.745405912637395 -1.43595923307538
-0.336559798251726 -1.32587245510915
1.16305498204849 -0.856105003603414
-0.397997046562852 -1.68597112799337
0.601028945256353 -1.26726246637769
1.18896089679231 -1.24938585142858
-1.99122109354658 -0.0034066344258785
0.201754826962985 -1.58309942866536
1.49966364896487 -0.183080403525593
-1.2930699164702 -0.61165399632409
-0.0343057003562064 -1.73617184345147
1.06678098523425 -0.708830999995323
0.765359659589252 -1.45692178306266
0.573750872907563 -1.13793273829415
0.120041501609769 -1.9954321722812
0.0514308412982264 -2.28545707458795
0.279200730218183 -2.15639250749365
0.575912603008619 -1.48201162369721
-2.01860451752994 0.234853906722677
1.06086962269201 -0.407507510364294
2.19787044206495 0.0499075850946429
0.038779195367643 -1.71823254302258
-0.124264954586011 -2.09467831129536
0.336475769240899 -1.47691023746287
0.500587039325331 -2.04537628024117
-0.888035664306834 -0.807070306611003
-0.901880238031101 -1.19067319352019
-0.299998358198322 -1.56861367458631
1.918969804742 0.108789566126213
-1.93752266189727 0.208242377075502
-1.20182228387165 -0.89625036372198
1.64247846456385 -0.311472752406883
-0.990153470623157 -0.988413644865507
-0.0298226598632385 -2.14992628094222
-0.0426241603391722 -1.34594610563834
-0.610571277490145 -1.71690449473376
1.17789162318946 -1.09780578343495
0.0134597651492078 -1.42000800659127
0.59159034281359 -1.57745842183044
-0.246416606631166 -1.74796653698973
-1.19358373892884 -0.846217583125846
0.557806042989018 -1.43495443711971
0.668544339264039 -1.17849776852848
-1.22080758494226 -0.839509643698128
-2.37662555313756 -0.0519829562987533
1.1773625530174 -0.873509925597462
0.197697748553101 -2.03889459118555
-2.17307300717809 0.815910551521536
-0.643679866315595 -1.48560070733584
-1.22459132826618 -0.746274709907073
1.69044616354845 -0.393474239414821
1.16697303004664 -0.701695053457217
-0.815528408255319 -1.11728913240387
-0.933513595850104 -1.25994378924856
-1.73448429278004 0.430499949433051
-0.110061486632157 -1.9417319773006
1.37530767625785 -0.41353791017764
-0.549114653101276 -1.63016231418749
0.243477970084228 -1.55915075936858
-0.604417998225461 -0.796337972230054
0.529571203077399 -1.60483557441771
0.0870706622963784 -1.21055056909113
0.277240381931005 -1.60928988923497
-0.0159144815209972 -1.92987326220464
2.5805811752914 -0.145395411993138
-1.0377141929939 -1.00279928295342
-0.168490541145626 -1.74874691678237
1.34982638644934 -0.507448151106954
-1.51729540504776 -0.265290160508958
-1.94096307726955 0.287943120423609
-3.4903538241273 0.30670479939415
0.0232032191903853 -1.71822600242311
0.703939141252425 -1.411454411679
0.0517484216587619 -2.15716942015286
1.28569314797132 -0.536434509962114
-1.12456234996503 -0.942548815980723
0.878304036785226 -1.11426409513841
-0.608331556776185 -1.44655631480277
-2.79653864947447 0.544126442690918
-1.28893730749972 -0.677993734883926
-0.209148568817788 -1.81428006195041
-0.540157483227696 -1.2012088846905
-1.247524192751 -0.524113504700648
-0.0948801107475886 -1.76438690302411
-0.578825923860085 -1.56984108987074
-0.0262833971007597 -2.02631815352705
1.63879396245273 -0.243238056094763
-0.704767333954111 -1.57159466313231
2.80233208160469 0.151900215166777
-2.46723219928724 0.200551957937899
1.14641197038522 -0.983958928047012
-1.2155667010141 -0.675075718387576
0.240956570536407 -1.85606202616103
-0.0234909973479552 -1.75637262095481
-0.219444993323039 -1.5343966435393
1.86560830766006 -0.270075183376996
0.66590984807173 -1.50839645583863
0.0284824060310017 -1.62602067615958
-1.59004091204824 -0.558950103544338
0.173006037047823 -1.60207966188322
0.52130284127589 -1.54484000507945
1.38249722938822 -0.34555888516345
-0.456379257354188 -1.15839915880072
-1.23109599769242 -0.833521913516375
-0.617463281305248 -1.55178995475347
0.456478949263995 -1.19781755400773
0.897370939933012 -0.860090402508173
-1.39768805701528 -0.31957861400111
-0.0294118486908054 -1.2973683185218
-0.847647947536496 -1.00076245078616
-0.0169797184718985 -1.91486440667805
2.93430919777333 -0.115666211291946
-0.374402366671845 -1.84009760243586
-0.600680487568008 -1.33623305993459
-0.631556263087137 -1.50721128063045
0.820747842545136 -0.700688185125833
0.616361789071787 -1.46359830405273
0.461711937392041 -1.3404376186303
0.916219486841134 -0.953429174909349
-0.137517765826573 -1.70591174479477
1.03197821395842 -0.87137390863611
1.72810451117375 -0.119785292436746
-0.242762991841765 -1.32501607834628
0.132940080579106 -2.0072165658115
-1.13519493516247 -0.828197189424811
0.0533816879081736 -1.58624440709908
0.225351111962781 -1.56402571856533
0.208261711060927 -1.54157545292357
-1.28799039567202 -0.608583874785954
0.171734944016687 -1.5469702534566
-2.97053173352196 0.0972536234008867
-1.8480335954127 -0.000731427073418459
0.738769737196583 -0.979261025287871
-0.339036366106603 -2.03718062120458
-1.47251445196354 -0.741540309033878
1.17134347170756 -0.435123973344697
-0.415125785225249 -1.58110689769358
0.252567884349451 -1.51927183878329
-0.594468623006473 -1.31258080204717
0.478604633778102 -1.50426185031791
0.782465280261932 -0.945806702693406
1.81840747119289 0.399545734888702
1.02178313497223 -1.15348179838012
-1.09865050768208 -1.61558522690417
0.184405555684153 -1.68233455783491
-0.959159999439969 -1.07555076319885
-0.318116689984303 -1.63424630560652
1.36334240572952 -0.550488240166265
-0.543622027412663 -1.86800706924033
0.257784320527617 -1.78036905378408
-0.12655870766954 -2.13072661993706
-1.61250447290713 -0.319555136255356
0.385698670604576 -1.6935300602484
0.0114095137935418 -1.61776428234146
-0.807936240384041 -1.83184304959442
-0.127805538969533 -1.35377784700286
-2.51594695102455 0.520712485756218
0.526840702680986 -1.44767594597898
-0.820435072125621 -1.01104490964096
-1.04623013278189 -1.25879492878888
1.81872058748371 -0.124734335174262
-0.736570871314978 -1.19038409638782
1.16595176561281 -0.601892807369169
0.869808294203917 -0.976647052582423
1.66343813377467 0.226967204427736
0.334109861643896 -1.6627661038622
-0.507069891445259 -1.36273176205933
1.18333199047076 -0.233101914656553
-0.166483377320925 -1.82202904140897
-0.587302571621937 -1.7961207667561
0.860694547737808 -0.989927339664768
1.44649800963557 -0.659638805275023
0.675276654061487 -1.41444707562019
-1.08909403239854 -1.27724435103421
0.368448780754681 -1.78291927894899
-0.467470177345902 -1.94693468395644
1.52892138133731 -0.492706658932754
0.759486688173563 -1.18583062008719
-1.28185757649049 -0.960373614810181
0.825829144342532 -1.3200552454432
0.0899260255905655 -1.68089354979483
-2.85145507448125 0.421026711004058
0.300857382899536 -1.63118683669397
0.90671120889423 -1.13017598217469
-2.9021886318111 0.278843109380432
-0.126063030139984 -1.70185446923736
-0.891462173261034 -1.16288927679647
-0.140454439593556 -1.79467277395623
-0.518068636716281 -1.70538732430566
0.422581237749409 -1.8452752398471
2.39433185139715 0.139564527141275
-0.529639112842293 -1.84046809016325
1.48924504087741 0.163517969431861
0.972901383296302 -0.456445855969596
-0.39877156678004 -1.5290532603575
1.17841031935889 -0.955346679075976
-0.494385215638557 -1.44679546447765
-0.679956738800315 -0.95151133410371
-1.29205264970442 -0.483193755733536
1.3877870890471 -0.491721363268972
1.36092245822866 -0.00599423597696136
-0.0160093938292214 -1.71270497737157
3.52046742758781 -0.799258154657611
1.87666894332904 -0.196186096896978
0.110241427117703 -2.05222945283708
-0.205311647069217 -1.6784162556027
0.161395010719906 -1.95730654014424
-1.20481521260074 -0.816410409707958
1.66178854204954 -0.0996706535920984
1.54820919939141 -0.738765538766534
0.358555286195224 -1.33017116803766
0.34207202471253 -1.42182424741351
0.15822830931241 -1.38512008804082
-0.870918221566755 -1.37645812987555
0.117297881435763 -1.84577403606463
-1.80557733016697 -0.0800819185496548
0.411860974132749 -1.68990276691578
0.0707699553713323 -1.55771802224264
-0.433343920259626 -2.17446342790355
-0.238056938595195 -1.73264529696387
-1.4703053041319 -0.593387056030974
-0.251001165059006 -1.14045497630002
-1.41334425965827 -0.594854878110115
1.47379585160744 -0.153654637128673
-1.57087746638256 -0.304260110406865
-0.372952500281002 -1.30550682171975
1.30482710280467 -0.571262361989425
-1.54256411990004 0.0740686004325818
-1.30069860211983 -0.585524780882321
1.85640246030197 -0.0510404183122047
-0.742603573152104 -0.668215532409339
-0.421461839313836 -1.63042032642474
1.14078284594293 -1.15438402704296
0.322876063174165 -1.81544684286144
0.0564457328736084 -1.60264759057273
2.3666182560664 0.18674360175414
-0.63940871829985 -1.3866201320105
-1.67373527472228 -0.659359430646006
-0.924083442620523 -1.07349105651766
-1.03760500321658 -1.0972066176733
-0.927293134726275 -1.33183468773758
1.44318847003783 -0.333779228730381
2.02585521346671 -0.0362995759766577
1.12744502008426 -1.01287829307858
0.0160310271891943 -1.63901508727348
0.759465948677235 -0.926746521062577
1.13468812188606 -0.798989256272511
-3.89811557566355 0.524662248716863
0.999815996903576 -1.11792038752092
-0.0220143291580013 -1.29473287431874
-1.67058144339744 0.165623951234067
0.0100321416279446 -1.45117303056967
0.0658397652163981 -1.70449261164835
-1.47368239726004 -0.362244315951056
-2.18042187370276 0.12767701683529
-0.825290283378315 -1.0232180593346
1.40519625920769 -0.267834602938097
0.523888751397492 -1.42973129159551
1.04226814976032 -1.55127909372952
0.309654934151864 -1.67592729657701
1.08623293235386 -1.11361541124827
-0.183678624944085 -1.47970970718755
-1.24603250530598 -1.06551929304828
1.16076138296136 -0.713435657195455
-0.808482107808044 -1.43550702027146
2.55156407418785 -0.28881828273178
2.52731740873122 -0.20365680844047
0.141856895599675 -1.71170875367939
-0.874122803022083 -1.15617590578967
-0.538720731527964 -1.44026190789639
-0.263517247274849 -1.96389833075392
-1.03097312329217 -1.38098803638535
0.182418961033406 -1.68990603822376
1.32637526927844 -0.901137640336988
0.647962567901685 -1.52563282478203
-0.0147637105413097 -1.90012982167996
-0.139086232073367 -2.20923711504973
-0.152435602373447 -1.5113701573581
-0.85901035029431 -0.74706376967878
-0.794728425786085 -1.3033837687887
0.941367929378743 -1.09367048170086
-0.129202233758933 -1.44190062285514
1.89410264778969 0.0769387931990855
-1.7676926227788 0.192794561657485
0.217053076791399 -1.64048243766632
0.687462910013169 -1.20896808291482
-0.672299757633645 -1.36628460524821
-0.0206856522487163 -2.22345812901643
-0.144512943323828 -2.20411682788629
0.181659398165324 -1.42850123096091
0.0527156975866507 -1.82552059288346
-0.0140074227775075 -1.8597023045532
1.34597454089971 -0.57241169397311
0.993025565913131 -0.403844425948374
-1.62563474119168 -0.492387985217739
-0.248601192542196 -1.91575347372886
-1.83207090243431 -0.299586605420085
0.791209535676838 -1.06670904318777
-2.86586325893735 0.40433319094975
1.05037719431251 -1.25982815719365
1.27212421538687 -0.710176776695711
0.585723319726094 -1.65314675374942
1.87555942587302 -0.241283577603639
-0.595494241857614 -1.54833258548272
0.438906031021297 -1.73302196565557
0.291228058945049 -2.15459833243821
0.515087620880492 -1.8149618753156
-1.71312709559207 -0.472234356757294
-1.05511059538118 -1.33152617602811
3.0829690678865 -0.699932638032177
-1.57707293278084 -0.357349677419225
0.345391457906556 -1.39083041888801
0.416823903709848 -1.41276929646613
-0.958628201402243 -0.936387367503546
0.0955059267423385 -1.8642870082399
-1.52224486011917 -0.12433680239965
1.0502818312872 -0.89286629340858
-0.0767589677659727 -1.576913604536
-0.798025281529603 -1.39260152489402
0.378401208610466 -1.63553361949468
1.81641209084763 -0.157075858732997
0.0634090753264581 -1.46375612364602
1.76854590399189 -0.309546443805728
0.848634965255717 -0.959907927746227
1.05829641135944 -0.91735171237765
-1.46510663963418 -0.582938089108345
-0.465827025150178 -1.47707766103958
1.27411089126857 -0.361777379628243
1.34229840659812 -0.598358909348547
0.812804170651879 -1.20548029458768
-2.56221434830084 0.525117618539359
0.00260487019301756 -2.16838239857705
-1.25873117457921 -0.838282861117758
1.11323189703317 -0.743576458889003
0.0997504616737708 -1.64837892348045
2.47109562713934 0.0579608547649816
-0.265218407953407 -2.06963977729584
-0.966693808583627 -1.28339833638027
-1.4758107030315 0.121221491491689
-0.516032913770704 -0.714632616384834
-0.434309692412717 -1.736487949303
-1.57838542064734 -0.562382436291137
-1.22669873520633 -0.103140959338109
-0.331127806639466 -1.50078238624674
0.894600825525537 -0.897833538932814
0.889935702302853 -1.28067197075107
1.87665940444221 -0.436931710141127
0.189984993911774 -1.60083496714012
1.28240244534152 -1.00922185684444
1.46186891266447 -0.213093736238144
0.876611361157112 -1.16432658651139
0.555530063367076 -1.265343983412
-0.229320704545701 -1.88735946540107
1.56355970923496 -0.712659261853537
0.734282789622211 -1.11190779888958
0.633004324904087 -1.13107312475409
2.29763315949631 0.228622993801253
1.58302862996813 -0.562370552672558
-1.67788501659636 -0.380165341189248
-0.677061043901204 -1.44896571589739
1.59542904948709 -0.617268242183465
0.907941069659301 -1.14095558397119
0.29898354655979 -1.34528348053196
-1.29923775566322 -0.376559842153321
1.00789626190284 -1.26887801346544
2.40382515702245 -0.206028993124576
-1.10672155016592 -0.757276556255191
-0.515300051060967 -1.38642602732354
-0.624792936466024 -1.00186535158215
0.555074327294244 -1.39911919683459
-0.0229819646483297 -1.74249759409528
2.577277856794 0.0929138215803877
-0.329558973694667 -1.47493367744933
-0.61223897786883 -1.34183686117576
0.574577391065202 -1.12085824646278
-1.61411181764998 -0.461747586537047
3.68948427137121 -1.01592403307885
-1.07828841440505 -0.647026041622612
-1.31217914588868 -1.061041109558
-1.95005562781164 -0.460702581462258
-1.99935543184305 0.038834431523777
-0.865635790699012 -1.46253516909764
-0.211875458562035 -1.40670709850054
0.903234992612727 -0.679949181319588
1.12486047312443 -0.884657533082469
-1.14680813159084 -1.54166299560995
-0.977810530118866 -0.531778800739124
0.867075750396819 -0.732679377679595
-0.0995594354386397 -1.93793033488968
-1.68677007522187 -0.271425385373527
1.55112663708491 -0.0928741428326868
0.298039407797183 -1.7513074677917
-0.906859962079588 -1.08700996408687
0.0441726926176066 -1.52681164129588
3.47243685737443 -1.17066179030207
1.00773878525046 -1.03476160786876
-2.05987430748151 0.342132473055184
1.09258056521804 -0.553466686962401
1.15999301112643 -1.05627422395799
-1.06026449490881 -0.762497606421938
1.51854355337669 -0.281597907508044
1.33114721331368 -1.1400119338965
-1.81844463774368 -0.0605952773947296
0.703903476319658 -1.0821438215179
0.845286546052427 -1.40786540124576
1.08780552097414 -0.286288574433675
-2.52901923188387 0.0780630807397642
1.43577663574863 -0.535588088755111
1.45810930775731 -0.597847161367322
0.495471476289345 -1.77574848326599
-0.881980768231445 -1.13625174242857
-0.110293734836312 -1.41141453302492
-0.265511497641568 -1.91144054741336
-1.86039177754025 0.173777302382738
-1.59226115575342 -0.115738788395087
0.0699879235842217 -1.56106487562659
1.21814230143578 -0.331708178942509
0.253883288471659 -1.74946160773051
-0.48272305521694 -2.07495247904553
0.76091205626337 -0.975299780188918
-0.197289419987775 -1.87176010395161
-0.385796699779928 -1.70316557609443
0.602026141941856 -1.27546013438502
-0.198430194070305 -1.58894713924442
0.763260702762394 -1.22701536524942
-1.72466444857903 0.105208194912726
1.1491974297514 -0.889154239943431
0.495127726984079 -1.46091408233702
0.0149600930312499 -1.98644719667803
1.94178815721546 -0.322800879870623
0.534755344554942 -1.89085401011018
1.40523854226481 -1.28029942343323
0.949593856291665 -0.899853006950711
-0.43012617208041 -1.72240572789186
1.36818658120467 -0.831393228015754
0.273556762860482 -1.91020111594982
-0.338935777872365 -1.34646031431662
0.373232552150155 -1.92090778987315
1.86200475430324 -0.111296012139779
1.34928320492358 -0.789806400258385
0.41096766117109 -1.89933727555953
-2.37371658226943 0.538693810539949
1.67408467846255 -0.36475634904423
-0.593470774698169 -1.25129139366906
-0.89824363158586 -1.23142960607541
-1.43165128298093 -0.689770583837538
1.08282185370212 -0.951541443740055
0.556035548797875 -1.56009752682128
-1.74004580103934 -0.135290922454086
1.14012615845851 -0.83223341179474
-0.242599399403774 -1.21906807882926
-0.0549166551458362 -1.804871935025
0.702763900355459 -1.34115559014575
0.479000910472525 -1.30142936421489
-1.03229260132433 -0.869247052413803
1.60976389781674 -0.00777778883376512
0.953867686147832 -1.51897238397241
-0.0867921310400984 -1.28072196735474
-1.8395318193872 0.151351878509477
0.973611032755254 -0.835182140977917
1.20786918493795 -0.877408781763191
-0.873002726006045 -1.64975556982363
0.0874578895388099 -1.47538239739123
1.16554364266153 -0.704070825990024
-0.397851706078708 -1.61399610443876
-0.494564322791255 -1.48113416365288
-2.58862555813474 0.467480603545195
1.81463761739376 -0.375165655182611
0.355486248351614 -1.27559433588074
0.157579427526551 -1.60532901660276
-0.608585423694144 -1.31752784536606
-1.24647928936077 -0.959107218543556
1.49749999868535 -0.416753101352334
-0.264033221063133 -1.78370637145788
0.797530775404705 -0.660670467197853
0.994132853066457 -0.586301205787586
-0.0632953107623594 -1.53666845477506
-0.643736654540907 -1.81657497323186
0.725981650649941 -0.962583848421074
-0.0218135394171919 -2.09861233537909
1.25742036920429 -0.356562659922211
-0.323238780662149 -1.87881284051865
-0.865015276490061 -0.852894981421457
1.25514743966556 -0.348656824067156
0.843557321781477 -0.898640419619015
1.19472581521886 -0.485564653034448
1.7981862862496 -0.434718037091975
-2.17250252505333 0.747980841554541
-0.449055763709882 -1.32583713408375
0.63422377911656 -1.67008927802209
-1.31140631402712 -0.517268802715205
0.934444930930266 -0.914640883193866
0.321342437442548 -1.34548336581092
-0.18918963683534 -2.01600747374094
1.55982693062331 -0.46079004500097
0.0264916568051223 -1.59673859496554
-0.199267182100745 -1.50973009415876
-0.553737594577475 -1.58587146473411
0.319287709587394 -1.25144207391388
0.0492325609748634 -1.56255602721345
0.347786944429633 -1.81155727833542
-0.0221446872658563 -1.89501535078402
-0.833091742809004 -1.43920656449525
-0.75899147874152 -1.39531989088244
-0.0601905940198986 -1.46091123679823
0.810002825637687 -1.09846183068382
1.28900148499324 -0.899336762866557
0.218609428300016 -1.72723299121555
-0.500765918574661 -1.26312364324433
-0.860124944729119 -0.978620992687558
-0.245082575321394 -1.9457747081662
-1.40778167017595 -0.391999630286735
1.31044557247588 -0.522762879413653
1.48563303028151 -0.417957504570724
0.0176459538536435 -1.61752482116227
-0.669785076152713 -1.29040524542477
1.26894538376701 -0.615378283964697
1.46554507911439 -0.407177748842809
-0.896862298648553 -1.35235679856402
2.93374632485912 0.163844965875247
-1.49577517822988 -0.428175832612705
-1.0415165630677 -0.894850055593766
2.12413692260195 -0.215212305872359
1.91726550450076 0.031717311847338
0.045324362367262 -1.72325804820728
-0.499104889955234 -1.58284763474028
-0.699389768419272 -1.25696423284486
-0.804615947841214 -1.30500366995008
0.880109520364308 -1.0895233986882
-0.732647232608453 -1.59641614519636
-1.8042039020553 -0.00720874803951406
0.77490562002345 -1.08779005777255
0.687651480753443 -1.2932949257319
-0.0333625878021688 -1.69269856181477
0.0348223740671418 -1.59155050504459
1.70849461194189 -0.117819681736498
2.6301606004978 -0.0358899432551922
-1.80184095362798 0.0784638071096506
0.46849488702404 -1.28520231873356
-1.56404457915882 -0.916723278663345
-0.491837396503795 -1.8161428371813
1.64273081581054 -0.0427478945337234
0.62914351470966 -1.38060793034001
0.0984152255188377 -1.65596604396572
-1.72752131577365 -0.263373719080517
1.63223700790284 -0.421119264136393
-1.10232634357931 -1.05694871451819
0.0182321561125015 -1.54791746658539
-1.03106829926142 -1.19689222282999
-1.40125281744695 -0.558090290227288
-2.4988950336475 0.0831200834726634
1.42963606382932 -0.398434323320094
0.256324085694627 -1.62284932934124
0.849983546027941 -1.23126534587746
-1.34907710666937 -0.636838858150127
0.428585023710097 -1.1349721824677
-1.23659407549736 -0.572519328348602
1.38480992093291 -0.552205886183985
0.401166104562935 -1.30620612249911
0.523214948159834 -1.16336919846108
-0.437367294350589 -1.86041367495059
-1.74623987310781 -0.142840554226152
-1.70679178723531 -0.351999821989272
-0.41789555250443 -1.74302590772407
-0.101306079048215 -2.03286918049387
-0.890893879827733 -0.662313599432835
-0.035660956367279 -1.62435939546901
0.244335343028216 -1.84620586340122
1.06418621368715 0.0164540372532496
-0.134201422422849 -1.93311290988092
0.744598791992021 -1.00508549776949
3.44856622977248 -0.956438616281268
-1.54523133696654 -0.0631470383087552
0.159761401339745 -1.80057202256317
-0.385284118228538 -1.75048137988235
-2.25974966856721 0.288455985848628
-2.10469119510092 -0.196525909647266
0.340450626880502 -1.31729531439219
0.0519242857329564 -1.34737239857431
1.19639807951422 -0.523260712310705
0.117905930378379 -1.32971144403459
-0.0503601115188356 -1.64886885500281
-0.0357196886544369 -1.82656858869859
0.840540432079489 -0.943262708120419
0.176254667152502 -1.5661963400432
1.60742692358625 -0.421550687281398
1.51986408954243 -0.479689894801767
1.45081475571071 -0.525846325860731
0.707841849201067 -1.38945607058849
0.539959518867744 -1.63795307202988
-0.00177926403485719 -1.50578507754766
-0.480325237957939 -1.57691657035082
-2.00818121073909 0.0517980136913552
-1.54916710442192 -0.0323671101599893
-0.810029716264436 -1.41492266601929
1.99920782696223 -0.416662979533874
1.34485507055436 -0.857568358844948
0.566072901729345 -1.37688725943681
1.48713012862975 -0.493886316208114
-1.29288248525191 -0.67530435816634
-0.71088065746439 -1.40048568729334
0.00830992634726166 -2.00925077265862
0.311547051877036 -1.40815900664128
-0.664349721871738 -1.45561280132372
-0.877799210971277 -1.06699188110676
0.0353446391683764 -1.69921904609301
-0.480435357535764 -1.2390186727639
2.65636108278767 0.197977884688635
0.0782199088723814 -1.53486017305006
-0.2829389826711 -1.51810970800598
-0.781702795579506 -1.18880308311526
0.566166459369253 -1.55570631270611
0.746522969564538 -1.02602460310596
0.371133413990527 -1.39541414785101
2.64141319411571 0.446537464091759
-1.11062126709895 -1.03909970896455
0.161263373058852 -2.18180779658527
1.16922192974986 -0.522293141619055
-1.63489378674387 -0.48175349597816
1.1823123521025 -0.567554759614688
-2.0972488546295 0.140872522527327
0.0145397890663499 -1.53948758345047
-1.28088712556488 -0.885144131888324
1.92158536703312 -0.265905924057475
-1.12911945704513 -1.00697023312727
-0.438703173269749 -1.64099731517827
-0.518068514294082 -1.5926094985554
-1.15607711555527 -0.897509546386141
-1.04419778960361 -0.922073497645084
0.295204979144355 -1.89855091175405
-0.992483258644183 -0.83545884390107
0.43456178393965 -1.68311481184806
0.501969397785016 -1.19570319141258
-0.020923130712463 -1.88272649201946
-0.520862441082058 -1.61905282370837
0.338304949993299 -1.3294271573676
0.636516832514692 -1.14172862241704
0.166700363528282 -2.05667831634401
-1.5022025965053 -0.407239991846061
1.62994128110758 -0.30522659775088
-1.82294192660173 -0.341566054780476
1.54019767165549 -0.318960744807334
-0.249681260325221 -1.93516321555806
1.52683116756795 0.0363891340752054
1.35794504947078 -0.698422136854797
1.87439065576136 -0.281422057992155
-0.19761107900964 -2.17237118739782
-0.940934336652805 -1.22636296873199
-0.124893718491671 -1.85055457189786
1.18857189768329 -0.458105339399554
1.87416799630521 -0.376646555798635
-1.03263013377884 -1.01568277730314
1.23863036570794 -0.958881453348838
-0.197690645440284 -1.71734515734486
1.28534346503208 -0.628811186086803
-0.348021252290003 -1.86483943641933
-0.120315306508291 -1.65201211810784
-0.237680920268613 -1.43232322155878
0.0990405615969036 -1.54328483374444
-0.456334771717944 -1.17394535815107
-0.953629695514515 -1.38579454412696
0.771055856760421 -1.06864330773974
1.46593516322179 0.151869681448479
-1.18615995880739 -1.19687907085387
-1.26748168222539 -0.453196764699784
-1.61669579576955 -0.510345092974402
-0.465474864269368 -2.19623986347837
-0.464801831175826 -1.35198330115891
-0.311239643920702 -2.0741183759622
-0.766341296958564 -1.02111960339249
0.381475819623371 -1.53839878774833
-0.81382155970009 -1.37806113818089
1.12236865306306 -0.866139945923225
1.68680265060431 -0.376569727615233
0.934325694075755 -1.27874843693502
0.736104768624964 -1.15895369120423
1.56335756674088 -0.000631529440889345
-0.80000853675463 -1.37740768554444
-0.445110077499925 -1.65104368573171
-2.32357255524895 0.160345705342239
-0.0667397929317471 -1.71372972752921
0.829092136094427 -0.688241784173313
1.894733450909 -0.0706011212175218
0.540928184922448 -1.09813076017288
0.423562224021223 -1.77609700365053
-1.72780630350345 -0.410066112450847
0.923301572695298 -1.19576070746938
1.30111929412384 -0.317740132601317
-0.347418555185209 -1.44458074137613
1.3265834266102 -0.716250267174564
-0.106526297228851 -1.89204311465047
0.988364806819279 -0.706300843330006
-1.65469142577532 0.104925205403182
-0.987257969195197 -1.26438472149265
-2.01137226002321 -0.0813638582551969
-0.133816584609469 -1.48156821640472
1.54918687580859 -0.358200571505432
-1.31766890835608 -0.617742537001997
0.559121376317646 -1.30224663072634
0.430629610060983 -1.47780989874882
-0.344534264108731 -1.66176795079695
-1.88206236772664 -0.529209649714659
2.40257250250006 -0.0222121676236534
-0.930078318295638 -1.22963634858589
0.534070673421904 -1.64040805915475
-0.531156722761386 -1.92759585700287
1.70147904341481 -0.830788064350579
0.949062569134759 -0.929164955812233
-2.36918540537223 0.4157526289256
1.06868216347178 -0.556901884049323
-1.68078203735909 -0.176360030253907
-1.01352224283576 -1.13124326445416
0.876053478777774 -1.2064465544213
-0.463751236222636 -1.36615350470303
-0.510586542825177 -1.26802160152513
-0.71843195722168 -1.34465883810765
2.24007048607939 0.141556744317626
1.23672364004112 -0.901465824486499
2.33447776711872 -0.0807941985985637
0.913531499110266 -1.10906374317211
0.728897809151044 -0.914321758227608
1.27308165335927 -0.43143162140876
0.952983759340564 -0.742734972138384
1.46041170052719 -0.38594803029956
0.167021943484383 -2.03335685262172
-1.42612934011909 -0.59607611219764
0.904382084507258 -0.722147484984667
-0.557176920898826 -1.48959479013404
0.570225996931825 -1.42279887193274
-2.37316406690933 0.829905571448011
-0.282968810389626 -1.35695716076379
-0.253048812273991 -2.32847467036323
2.06311106374028 0.0407946719194619
-1.1448552892317 -1.12205446015666
0.758454929309505 -1.39549617120361
-3.5011277184793 0.169148602952414
-0.165788364554935 -1.92141790736339
-0.283536834430664 -1.5745489165665
0.155349296713477 -1.5237451733051
-0.0748631921732561 -1.83739762883907
-0.354613060677721 -1.37688028616882
-1.27914228821519 -0.739782973145939
-1.11472828375346 -1.21314160066462
0.197007341425651 -1.33123010894948
-1.12837868257837 -1.53475807058514
-0.789987257548086 -0.843393934229929
2.38182264884193 0.334857043478597
-2.1962514711442 -0.0309574187395535
-0.809780055745044 -1.36839867524589
-1.43279636525235 -0.278117864254591
1.20585938015482 -0.825053233743021
0.187355886225899 -1.99503827852162
0.831618687399225 -0.954838140698824
1.08787767845232 -0.815691017175993
0.573231450007311 -1.49815451374385
-0.284547393254571 -1.6357916434388
0.710407057471329 -1.09678474390456
-0.143648714482465 -1.9920912375899
-1.97784041361341 -0.0796425292111603
-0.982383551962382 -1.62435312862641
-0.71953215958154 -1.80115138247892
-1.29293584007402 -0.994852361289295
1.11556386816311 -0.599344008115524
-0.480062755240814 -1.5703748120496
-0.391744349967587 -1.47799099405178
-0.135174289912358 -1.92764733264573
0.263158123902655 -1.89649918677268
-1.16822941949272 -0.650810996064128
0.602406922785315 -1.63299506834183
-0.439680105238982 -1.39598367760353
0.146924789163549 -1.53515228147472
0.540259260999112 -1.53809995439118
0.798564279112191 -0.816664440007923
0.419294365062144 -1.80110145293716
2.728525487775 -0.0312226404048408
0.777435055743766 -1.02252894211574
0.804050321448131 -1.32498854790596
-1.91376183257222 -0.0614589397343422
0.90779787717737 -1.01412783507672
0.190370023288737 -1.61016752180612
0.751913661231768 -1.37445238143556
0.439702591216225 -1.29281051274364
1.28495758718626 -0.682502926849464
0.714077489046411 -1.35798125324047
0.167146191171639 -1.91117494501446
0.165117138488177 -1.62686835717233
-0.360390457158678 -1.3398955326299
0.699202810147223 -1.07589752226716
0.81103006266432 -1.25073514404319
0.339060901050785 -1.66322280163966
1.25077764967891 -0.459487806844153
-1.34310939286004 -0.640710977194435
-1.1941918848257 -1.04541662098216
