0.532236285551715 -0.468493630453308
0.821073086392217 -0.649643131848192
-1.65480978022329 -2.11963517650182
1.20028956285732 -0.763001582101743
-0.602936112067817 -0.492632174383975
0.344548429297847 -0.296555039962982
0.398499233137997 -0.0380238988104243
0.72932369525562 -0.481538822856413
-2.49789869152875 -1.8726602695047
-2.2148681947184 -1.86960724684304
0.669360457849185 -0.127518368841285
1.53142344780708 -0.895043341944951
-0.0471019228725395 0.0973863082810543
1.2252617025938 -0.533166685465611
1.73432955418076 -0.841120759595111
0.0615238171589669 -0.456832899262677
-0.171659031736945 -0.182458198748156
0.0860998036911377 -0.40744025296337
-0.0936041459436514 -0.820457178926044
-2.08212539933423 -1.94564091138784
1.25411427205054 -0.886296627167345
-3.68495699223859 -0.0323214190251678
-0.714921501099837 -0.554942024783758
-0.570480255185402 -0.606784128317933
-2.88850131251114 -0.760938112937009
0.20855939291252 -0.430905555318581
1.85928020202087 -0.75806546756766
0.195743913586563 -0.747003557876897
0.0417415609408801 -0.535499045102723
0.823288006633307 -0.591165727773554
0.146257524363911 -0.785304905308536
-0.444950048051107 -0.6148626077564
-1.20211220984411 -1.21404519236449
0.0409090901381739 -0.326326907134294
0.778609676002697 -0.619593494310889
-1.64873941240447 -1.78227155142503
-0.380105212653865 -0.710090239923926
0.568674581646109 -0.420098353435747
-0.60189615890349 -0.595000699551212
0.150246196062435 0.243128339721658
0.0347561521566871 -0.66003429900756
-1.15075712941736 -1.43090259939949
-0.718758786924706 -1.15080833057046
-0.0722531561906219 -0.394474810256134
1.05467836700273 -1.32436525206146
1.04395648369508 -0.354292932042917
-0.254124530366729 -0.75006843441765
-0.362622635497361 -0.587042182487432
-0.0512298486372786 -0.415562329039194
0.288958482608337 -0.857230518273239
0.927412259704526 -0.424606895481917
-1.54395108979054 -1.61311713872715
-0.359576061466787 -0.366809971511656
0.539926553522696 -0.488684344275326
0.134763037003434 -0.229611746055724
2.15445529422632 0.219499972746134
0.315439128461494 -0.461019725029767
1.1724283233915 -0.567708747292006
0.0329731166865741 -0.871185967076792
-0.827198946111614 -0.9558645783336
0.515934750277188 -0.246077852422504
-0.365180566536738 -0.4182167870237
0.973613330997374 -0.804288572968067
-0.977755956871449 -0.618494365371156
-0.267599998832074 -0.632357589782178
-0.0464417723519421 -0.762929959096805
-0.767162333794154 -0.572983681533229
-0.172926775128437 -0.335085835755761
-0.0271783477414617 0.253158251074548
1.73858825972349 -0.591884441170445
1.13227972163726 -1.20730347927765
-0.848264950099959 -0.64699688926548
2.07983505487281 -0.69370417666363
-3.38373251067494 -0.351775454007956
-1.17771137865265 -1.1604430878108
2.17721933646717 -0.145144082243588
-1.41724721212569 -1.6291251955993
0.85748159380969 -0.666934238031043
-0.0395209233587615 -0.422310208869141
1.75872558913579 -1.07216318248166
-0.944284986379962 -0.923681791533086
1.27177247507963 -0.952527478639669
1.19840337044065 -0.684412551799103
-1.65742696127032 -2.07482757783142
0.00759375034911605 -0.602478159907657
-1.80230783142129 -1.76912556207578
-0.426301757133499 -0.524020350431082
-0.796638788718946 -0.898481088531619
-1.35854620766241 -1.41910276688259
0.0322493442967595 0.0841937083328418
1.84522837400348 -0.410924735964662
2.13967552055394 -0.413864466738185
-1.97476743491402 -1.78218414742236
1.25040511224472 -0.88317958059987
-1.8418864939851 -1.91721067873865
0.116705446282894 -0.598057564684564
0.897736520604401 -0.895638271668304
-0.48837564781557 -0.308322311225974
0.467743296702265 -0.414354577897945
-0.809989871675979 -0.732393587334557
0.776622838037648 -0.660430102986561
0.319082312045562 -0.269923203900568
-1.31906207334559 -1.98460124188247
-0.978038640491612 -0.885847155407509
1.82100381101216 -0.445734505635896
1.5443284098463 -0.519908271448213
-1.88531185411874 -1.8712540700818
-0.386334463447026 -0.53872295462592
-0.0345112386093362 -0.493981517236881
0.955405551347454 -0.441711001814229
1.05188999672494 -0.420559972984326
0.796204121112427 -0.909009661331427
0.449951614803176 -0.496422904892684
2.51343936758922 0.345950830503073
1.5045401809455 -1.08840027933421
-0.234347839819086 -0.44933959369323
-1.27794629312702 -1.36767860613255
0.676781833569033 -0.507714520408035
0.479954860080213 -0.534595152164333
0.0782599228654303 -0.413402259371298
0.2564176288711 -0.533352726034866
-0.607244160025624 -0.268937973684571
-2.06504507467639 -1.38890010073768
-2.04316058017523 -1.64178932532822
1.46580153027023 -0.780914108121928
0.69804959694308 -0.478015528433499
0.824106127410866 -0.694384537043924
0.0119003172136027 -0.143457970950379
-0.176226285243867 -0.397774701341734
0.579565983632838 -0.289653765873267
-0.218942716027254 -0.473017814799517
0.282431641902671 -0.236174824623092
-0.76996167609655 -1.01878153858974
-2.34439438750589 -1.99800741784508
-0.302804426646817 -0.70330231065256
-1.44062117798017 -1.73881845121314
1.09841586195756 -0.70277448515553
-0.71476267510704 -0.667889977433944
-0.296219149894518 -0.583298692961764
-0.232527507556267 -0.10908560911699
1.31873268480095 -1.08311565886868
-2.40844485422381 -1.86503591647749
-2.66651596664938 -1.5048449645727
0.541751244902547 -0.339677957172252
3.35180367862167 0.976517035219441
-0.986966960722346 -1.55723109427361
-1.15270688728866 -1.32842756769198
-0.668000557752598 -0.765227037540273
0.0561914337148275 -0.650702324588614
-1.12055124615072 -1.25238439926422
0.12296963736138 -0.153284415637711
-0.801536017797736 -0.808520859534614
0.474067065567763 -0.379587312104718
-1.25504787457276 -1.42485993980228
-1.24793562581054 -1.39000721706118
-1.58993034617779 -1.66207618887621
-0.149996135333715 -0.360687674508403
-1.79428135500716 -1.87690286401659
-0.143099052153006 -0.462825732862265
0.667028294851711 -0.698022277772531
0.0448055095964426 -0.762498296629245
0.158633932699305 -0.48489802661941
-0.151116600706833 -0.384139925447991
-0.4335430711799 -0.754690846962952
-1.61425559521391 -1.45850499907029
0.723763866933399 -0.721167386393925
-1.51541297445452 -1.6650196377136
-1.52071333262297 -1.84713628067665
-0.533479334440247 -0.420242352809413
0.0531426672384625 -0.574942790455609
-1.96255578292151 -1.62706779081305
-0.351668282559053 -0.572168042978759
0.174026470926672 -0.232037890108837
1.55040030815344 -0.647399278203885
0.587286874973559 -0.718518263689053
0.242371704426275 -0.48247530214993
-1.21675377649868 -1.26995772757399
0.0202618589082036 -0.689505689008861
-0.462380277034838 -0.917493700716039
0.964276447374301 -0.154980604688292
-0.802207506555266 -0.738758767634673
-0.266524705298999 0.0134594457790263
-0.419223381465056 -0.174095440321704
-0.240046365404338 -0.178674013156092
0.0137712228417001 -0.613438848219815
-0.841636449297666 -0.820646259448667
1.74304385314339 -0.310651775118565
0.463435554423641 -0.14632188348374
1.46157241151774 -0.847097709850127
-0.319236685103375 -0.696922494470021
-0.119651370142372 -0.127714291126179
1.38705266374206 -0.550979377898371
-0.560537466051597 -0.0634654362307799
1.80974234681579 -0.571935757641281
0.14810125401483 -0.4007433499957
0.439738409421877 -0.670082188575662
-1.65809014963326 -1.81817088584421
1.85952901469363 -0.449750434129273
-0.935823972449464 -1.07860113130921
0.549197001910151 -0.353164260720041
-0.0979714349081388 -0.432714782974773
0.73308529085579 -0.108629968029566
1.46367630776341 -0.0682017397093485
0.673927167955218 -0.642802433349895
-1.24225665217131 -1.67412683560309
1.45890684829736 -0.440713068977769
2.51260925500174 -0.158886833933354
-2.5007411083546 -1.19570798967366
0.952968428736239 -0.552755450000848
-2.62642469977951 -1.65130311799603
-0.189294286408414 -0.27765040370519
-1.4306313028533 -1.24143797464465
0.143820617401517 -0.216245043516108
0.457510885218447 -0.651671618906186
-1.05905922519341 -0.933671128479448
-0.274718748106503 -0.429042582263558
-2.17895446359687 -1.96641745169802
0.0480349108488577 -0.331219144672572
0.748289596477937 -0.742285900346759
-0.188422584711629 -0.656149187461968
-0.776926361291891 -1.51363710568366
0.338770095991548 -0.783243221417032
-3.00332346403211 -0.634403705989827
0.884167180105657 -0.711757708549333
-1.013220626604 -1.29163104734001
0.459889583900331 -0.295852598058755
1.1758020580229 -0.738035198316708
-1.70156700722558 -1.68440951978169
-0.02267960176219 -0.719303274476996
1.39368025648697 -0.613976989033216
1.25761463662269 -0.595058091697594
-2.81314682788153 -1.2547594938839
0.11162935945628 0.0636374005301499
-0.0628523902694322 -0.123201390633861
-0.801191166535894 -1.02571302350767
-1.6277083743389 -1.33005414278777
1.61968624903271 -0.879301899742225
0.699971229799198 -0.285757948148963
1.19210349794343 -0.535715918299075
1.29419111228206 -0.741798162485201
1.18097417084281 -0.814212026901956
0.807224372983311 -0.436129236885179
-1.33598001097198 -1.48273809627017
0.288363177049988 -0.553721364176607
-0.874391561590499 -0.620656127034121
-0.405413902117976 -0.500787711987332
-0.40769258104828 -0.518493304604332
-0.0374088282186152 -0.396646185376044
-0.440171451492035 -0.570812329974021
0.469006881154578 -0.360775094275039
0.708096168329186 -0.79874799125035
-0.554879601753058 -0.573547882095578
-0.27075270064409 0.0999284707758185
0.440621120422506 -0.231554589324741
0.717716308360878 -0.343672283009939
-0.373934577922741 -0.418923786924254
0.102823180528574 -0.0468495858388281
1.45116305766781 -0.847716623388955
1.20244161785015 -0.853465603567262
0.666422005261703 -0.227525114200805
0.631144678286582 -0.562999411084511
1.60742704167444 -0.745106425963261
0.270482421765608 -0.388761746382123
1.54358552718756 -0.771314051509623
1.20871454711857 -0.964648401028751
-1.93247206667108 -2.12563564002922
-1.33427792802916 -1.42414246453989
-0.111919448607559 -0.185810717298785
2.06409578418111 -0.613837160680997
-0.157453298149651 -0.540952167376905
-1.15904296234154 -0.996539145143232
-0.802194903083279 -1.04846430340069
-0.616669568769241 -0.455998964185959
0.311329691807111 -0.465504475385998
-0.855161865561443 -0.801615022238682
1.16085525472657 -0.757041564053086
0.0572593396148084 -0.226816828189626
-1.0367582761479 -1.10831676748707
0.899862875262389 -0.778234870125609
0.560431984829582 -0.299803004683161
1.010501969549 -0.937331506628351
-0.120660274059674 -0.411876694307823
-0.281140615616782 -0.570733624682101
0.936065018175712 -0.315126661531458
-0.33037322493272 -0.919849037581976
-1.41750597629434 -1.49364040854003
-1.16333894249056 -1.17041888363463
2.04416886545912 -0.548078885615965
-1.44965419110265 -1.48561549798373
0.481076803565005 -0.657775790483384
0.59152890562153 -0.62538550212726
0.149911258154754 -0.160081374981553
-2.04270941736971 -1.90375460881696
0.18509474854794 -0.566593834381944
2.50056633763568 -0.417237444209093
-1.31129221986188 -1.92587029595693
-0.474080557222093 -0.506965954307039
0.761160042500537 0.0982761311217981
-0.261618664481613 -0.000645533601297155
1.88708269241224 -0.725997423245424
-0.014354436252107 -0.372741741105056
1.95558548745359 -0.486041358632162
0.652511627519659 -0.694094298258394
-1.8315103760404 -1.2813647773852
-2.95058778909351 -1.38170382125907
3.38476968331666 0.691801586032809
-0.581485549569676 -0.431938250697136
-1.89668994943039 -1.90576085810345
0.824591434405922 -0.616906858943386
0.194247028064505 -0.461209721408661
-1.21795906156895 -1.63254749237601
0.910782577957316 -0.754312960195371
-0.215324478528206 -0.521892633786303
0.411004297470308 -0.443251550784446
1.52167924434997 -0.45745809859822
-0.229520791042731 -0.581805294454117
0.0740402210259223 -0.553831111931146
1.28470009575065 -0.549504894879876
-0.0481292638021188 -0.33496052763173
1.63696238212259 -0.997734806004647
-0.555752746330771 -0.570094650005626
1.1888982724007 -0.400984423556727
-0.514851959362209 -0.623629596068452
-0.912041593535602 -0.721017492444589
-1.65004453028587 -1.52438935317589
-2.94530647866173 -0.785426393211654
1.39679904007828 -0.775821306550606
-1.2992341400463 -1.18822311646313
1.59760448435235 -0.690497916829117
-0.541082554202903 -0.485178541749512
0.29794781077744 -0.803938237675318
2.05039045088278 -0.666674706632856
1.36454841918693 -1.13907589596656
0.919550027620253 -0.93897859298562
1.87290834803195 -0.512684850562868
-1.00721379661474 -0.962764549837182
-2.05721987281092 -1.88304545862292
-1.30038410443948 -1.8695339507646
0.80430705955437 -0.245681341071095
2.22588822176192 -0.200110359404903
1.16506133311283 -0.705822533493809
1.62809465032451 -0.916157959019491
-1.8868416186317 -1.90921495618168
-0.335949427035521 -0.469726518488444
0.0518223130866396 -0.0672416103486148
-0.674362703534915 -0.522409242605125
-1.43644366725236 -1.47234915430141
-2.101580707687 -1.98686133662731
-0.797757587239883 -0.845017377854704
0.658429170422065 -0.540274829427193
1.28932624285742 -0.222372834046022
0.184580161762934 -0.315477367505814
-1.31078913113611 -1.25369730846247
-0.624752659198011 -0.715427980871915
1.33762246819746 -1.09958076978238
0.274680750501386 -0.317775998426652
0.45641923078104 -0.0114644132124963
1.30162142064698 -0.954331538598986
-0.926007504626143 -1.1440876201598
-1.3276437114665 -1.32334592442609
-3.36799650913495 -0.125929454259811
-1.32067813887628 -1.23215760731354
-1.76600520561187 -1.82548160545379
-0.26551157264637 -0.580749757948112
1.23738710137278 -0.842859720625675
-0.275061261674172 -0.790893699381488
1.19128681475836 -0.765807489167224
1.15816019983553 -0.950665422936162
0.362323025036137 -0.174292803194137
-1.04812881809296 -1.47221481096089
-0.730521777095641 -0.751712177193791
-1.59443126914211 -1.50127132753571
1.2033760098863 -0.860193856031847
-0.992685201144879 -1.82242041453813
-3.41661787175061 -0.0577928882888087
-0.762045874863446 -0.572650341728964
-1.39652714051969 -1.18597054120653
-0.318346319003591 -0.405749756695192
1.16937469261222 -0.977069678490775
3.74870263520328 1.60510695179617
-0.591907423992165 -0.414462503566045
0.676581438533167 -0.894718348932902
0.0435877133994222 -0.450664280461807
1.48515033137707 -0.643834395249702
-1.52171369237418 -2.1655713054566
-1.14637749586788 -1.5496349384529
0.10772513385321 -0.550836438815575
-0.258469525528652 -0.615467434105382
1.08685263748085 -0.735887775583608
3.03282722529522 0.178624878154767
-1.53463638303149 -1.55555665184211
-0.00104461938498845 -0.190614462598504
-1.40808537017317 -1.91288762232252
0.816427060361551 -0.514447792841254
-3.00639646769695 -0.974090232465531
-0.824823383962077 -0.809810136840202
-0.839616374720707 -1.05584378811624
1.8660641917643 -0.257841776174431
1.63035009371119 -0.878455493110005
-1.66025876140113 -1.73332930028823
-0.993336717154645 -1.19436119231007
-2.09482976866665 -1.56591469598961
-0.75601957607528 -1.11494453660134
1.73359762578403 -0.676361488697988
-0.745023720346186 -0.111327075079587
0.143200270828764 -0.570591619925106
1.79547596530806 -0.624875115431176
-1.33209562682608 -1.6158200709411
-1.41500456228463 -1.1818148019042
0.733182174173064 -0.627353074684989
-0.0332146417982646 -0.0652807102751792
-1.24225943026204 -0.963639116724838
-1.05161480298538 -1.07630446020353
1.4909080481171 -0.747893155814702
-0.160747943543539 -0.175797033616409
-1.42415273457964 -1.5779049825687
-0.702581827302594 -0.395498349973247
-3.63956132783722 -0.559082316664284
-2.0392070812423 -2.04068660945171
-0.530031723076793 -0.437630627395491
0.347739201771699 -0.300639906728695
-0.857593364261669 -0.447935698270497
-0.441716942410753 -0.924681841437611
-0.732104984967921 -0.614657227981472
0.816515797713573 -0.768102310090918
0.664922890457839 -0.741912158701223
2.07395180377819 -0.890164073290837
-1.86982741824145 -1.31006850470356
-1.46249846473787 -1.55682042580462
-1.40002667718677 -1.65219626456086
-0.199414581875861 -0.376755269155365
3.03244130461117 0.446033004969815
0.484622415361529 -0.506263427950516
-1.79638320361958 -1.93436776713114
-1.11094577552362 -1.36615801938088
-0.169539656673834 -0.331527498976118
2.56078507261116 -0.144993249151517
-1.05891743688578 -0.898987577732456
-0.0247297886577602 -0.445254663972968
-1.18562100027937 -1.43401446699364
0.409217613033954 -0.688658411307982
2.3619265950828 0.369193296993357
-0.848985278911445 -0.886340422365472
0.908832591551932 -0.48776451546708
1.84299758961335 -0.763197932332394
1.94601189574802 -0.355284591373834
-1.33792849197737 -1.39499098687554
-1.48323295433437 -1.03759064078585
0.959625188176835 -0.696649720217481
0.421420840314763 -0.670039707196327
-0.260417651741576 -0.464246853372207
0.895702960497443 -0.863339482915625
-1.3611698554145 -1.51372399435144
0.422052464158922 -0.365866687037652
-0.608448792143795 -0.500247413409384
0.981812501866622 -0.454394219094541
-0.0994316212638089 -0.680421429326627
-1.74961841447474 -0.801211076853562
-3.05901944946676 -0.735474561503344
2.04800432856122 -0.44328502573186
1.49558766311202 -0.637474410881628
0.770875522801913 -0.344424898021206
-0.680802838199754 -0.975089016462941
-2.35851897877507 -1.53439371701298
0.332766338405734 -0.156831031320911
0.86597608304728 -0.429626844726777
1.64056599793753 -0.641971665052012
-1.3695077432871 -1.65778524023395
0.860340785911891 -0.805243479262761
1.74090034128309 -0.547735756402066
-1.67303794268307 -1.87380676580486
-1.27167143377449 -0.951805638443821
-1.56796204624028 -1.44508052346017
-2.47298379329377 -1.44444650113795
-2.1819628692311 -1.54970794597407
1.18222119294273 -0.622183278340756
0.828476390300637 -0.575086619435433
0.547944207338404 -0.70740526398315
0.450095249971303 -0.597422757502305
1.23656299353952 -0.466011499400316
0.932646556519092 -0.854930655462391
-0.683161603816174 -0.00766271367407634
-0.1353954135189 -0.0967158352694316
-0.492637321786927 -0.752578572951305
-1.11268509109858 -1.39075942282012
0.100213113149622 -0.789622866377887
0.000307613189873288 -0.140013394666714
0.409706661145354 -0.890960517561617
-1.05401253988431 -1.54742528083735
0.0409675885292779 -0.355670358020863
0.851098359496064 -1.03540406907897
-0.384397033411714 -0.689366337631431
-1.27766835709066 -1.20739440834014
2.22371863573601 0.0158071954487756
1.69154843920593 -0.574159950859644
0.515571664648834 -0.497059836004557
1.60027061647359 -0.681724921342435
0.628061232882196 -0.868215691967862
-2.29180282421643 -1.34650358097843
-0.0244656919005536 -0.373040769191756
-0.0415279756058169 -0.561895730225888
-1.54840584860191 -1.20545879235197
2.10742618513133 -0.292132494477922
-0.0714451193647293 -0.386311029228094
-0.100124668983304 -0.629417180028881
-0.437519954470151 -0.657275086243374
-0.443946201679297 -0.749052660143763
-0.0827802638418495 -0.173622681579815
-1.06705604312077 -1.31886825694728
-1.83915239842914 -1.82824046109066
-1.8501577907708 -1.83761974629216
0.987877445419055 -0.519873369275538
-0.628408521746413 -0.406771944251823
1.79741377952192 -0.472513343386491
2.35179579511931 -0.434636165636289
-0.292303658110202 -0.726299951804104
-0.67687227410225 -0.488538578721405
-0.730536372335067 -0.484887761998267
0.917644075577836 -1.07947844735137
-2.08457166955812 -1.44618575968286
-0.0812611457917697 -0.37084297539566
-1.50460048640132 -1.60396626884577
1.54813973785362 -0.469767528887914
1.48056200406015 -0.513663407394397
0.402043521893247 -0.411774675171293
-1.83642088895555 -1.92798165397718
0.0292482586055193 -0.51711345902153
0.616404346027407 -1.08550328125638
-0.341959959953186 -0.166105319330411
0.362362980348805 0.0905004756891658
-0.00995471302639814 -0.73381411221841
1.44300715094067 -0.933803761653349
-0.441235210330402 -0.602090320398377
1.1527565352504 0.0808991663749427
0.466383213148475 -0.287614319560153
1.80782198894582 -0.411672789020809
2.96867596632915 0.312509595596889
0.500662107877214 -0.605172475541183
-1.25785157214684 -1.26943654217203
-1.74606125805818 -1.81393382829235
0.634658884832536 -0.497222880735416
1.24030640237271 -0.709159175180463
0.043455608866081 -0.642397711904642
0.414062857279144 -0.350822545584118
0.878241554235815 -0.469996941969247
-1.43419057613886 -1.1738026507529
-0.429389794402605 -0.709081243569711
-0.851867354127445 -0.826775289679974
-0.505226374503493 -0.60939144219204
1.47666208518858 -0.828500028744035
-1.77193990851907 -1.48630650401615
0.0454773870942066 -0.434253857790796
2.21847226478849 -0.742956465980428
-1.11962251215657 -1.37226233269806
0.815509176703019 -0.616567879352605
-0.739312184118852 -0.990986315017785
0.599389245257515 -1.13697035945874
2.41504889442822 -0.271352027947062
1.6306078480414 -0.086848980285364
1.73950962344485 -0.809576934593333
0.707004059855097 -0.689984752010431
0.833175444689564 -0.642873067182214
-0.50931103667191 -0.711730790504321
0.270091137249921 -0.0437842497095483
0.771133651342553 -0.140593751272114
1.8533125041107 -0.658945530293865
-1.19246953484553 -1.4796830525727
1.50866087428824 -0.898136406015497
-0.584355942381667 -0.856941663983778
1.5403382904089 -1.1853942518457
0.100372244763937 -0.201502704118352
1.72314538453424 -0.841796795231043
-0.0888287774223412 -0.722115681878599
0.164247410300905 -0.507013081527767
-0.397539046043352 -0.558741562394529
0.480273927965663 -0.372323601564018
0.39926962771886 -0.482554407521514
-1.22498507036194 -1.50588169414689
-0.823327617231073 -0.453919636080243
2.27093483135398 -0.29648366924026
-1.25928483975012 -1.37289279604259
-2.38227659782591 -1.58957376618807
-0.395598525178397 -0.165045599457908
-1.0777799907998 -1.0103823203045
1.63277933802216 -0.724417318506213
-1.99867049719205 -1.79207222450979
0.499608821171433 -0.739484168987082
0.121084114726996 -0.367605961135335
1.25554603211912 -0.977500434216114
-0.198427743210597 -0.149819474819297
1.96304282096227 -0.512979989749481
0.947902041221261 -0.401342519728266
1.37563342062559 -1.17276221712784
-0.782537541183646 -0.855095617537743
-0.831573531689168 -0.744382876205157
0.990145064252707 -0.55927180132835
0.324013549784892 -0.74835726956931
0.726226033969489 -0.656741643342673
-2.95523622908822 -0.968108040765977
-0.527031889333374 -0.485554500423055
1.43065254952412 -0.927656625576556
-1.35656775686893 -1.22879630293376
-0.46584738079299 -0.706676844114209
0.316740559398695 -0.497675451125243
1.41119234220265 -0.93727999787659
0.258027037074698 -0.377316350843425
-0.196826787401536 -0.340133961255954
0.0541710081001892 -0.582207839818498
-0.385304094652862 -0.773496888435284
-1.70272182086557 -1.58596145543663
-1.09404790499115 -0.972757650226885
0.847279123871428 -0.722660679755278
0.0170695877110079 -0.545312775784456
-1.1436957232066 -1.15047384475041
-1.74333686671388 -1.9964342327112
-0.74638914836465 -0.834876514215707
0.448882303845546 -0.598032758205638
-0.612205190080731 -1.16443442406366
-0.674377631710317 -0.558178428555049
0.126563046814583 -0.112115890616286
-0.107061915031704 -0.243044557993153
-0.269166072407093 -0.458461078094496
0.400831395137053 -0.400925990262897
1.51662224282557 -0.781779020407883
-0.785168149769589 -0.900413659680786
0.116542093930059 -0.30001856781223
1.51263714460071 -0.917574283070109
0.303069624584623 -0.860574144097454
-0.0452565804219705 -0.574125667462424
0.59095506964413 -0.781190260566746
0.720324080850956 -0.26456011371873
1.6356256685193 -1.16201235609436
1.79304691288065 -0.547502330767216
1.55755656283971 -0.323933946043354
-1.77924987266416 -2.0465872334993
-1.64595893869993 -1.81464366557445
-1.23260605911308 -1.55415307334408
-0.448011964167414 -0.233984929162644
-1.53398192290028 -1.41992824172432
-1.87116693845026 -1.86025296610635
1.46647106162596 -0.81753540936793
-2.52487283481711 -0.961359261467449
1.89366724405063 -0.420534949512026
-0.812144082750427 -0.539053806270143
-1.52431461355336 -1.52540991247495
-0.602301026389753 -0.233591111787603
-1.68257931734115 -1.38081433869135
0.652959446418512 -0.369480115941211
0.950252977152044 -0.723209490574674
-0.219357125693959 -0.523082235090671
1.7996232545302 -0.131080026832147
0.926847114632743 -0.177749321667812
0.68617543015411 -0.424075611986202
0.085791026573983 -0.299016479846841
-0.636961758782512 -0.696521852512805
0.564340434163569 0.44369476645212
1.95716250128902 -0.377900921146225
-1.83653808399754 -2.10279575445515
1.91132459810897 -1.02343355803777
1.83158198634935 -0.531929943766003
0.296979384866193 -0.448747232256315
-0.76885607153007 -0.7745050562379
0.349790822364602 -0.443476505273291
2.61033360953639 -0.030216776158573
0.0304099218890057 -0.238468989234242
-1.05685678416477 -0.63259754089433
0.552339592950791 -0.885261793247992
-0.730856662836039 -0.768765594762947
-1.15293535254903 -1.48024964501759
0.443877112444958 -0.923530079809596
-0.828428536215862 -0.889609833019187
-0.535458453006675 -0.246110398996643
0.335182515971447 -0.269311630911988
-1.36375962163687 -1.97282639547226
-0.062966979887721 -0.53474613235065
-0.553448692752897 -0.614043222087971
0.500743631692475 -0.815972933975186
1.52783791250703 -0.394135929747533
0.777662715489841 -0.613471538137874
-0.31358527943329 -0.641339940104933
0.532990639416477 -0.684592020115803
-1.52302630767178 -1.98797256696961
-1.88163251475624 -1.71834339845307
0.61270322941381 -0.442985038538177
-0.381756864849781 -0.768461456807124
0.489038026710258 -0.281598723735903
0.154903337279456 -0.386300894563301
1.00394320064885 -0.299800221578966
0.489334886508439 -0.397894580515494
-0.0251616406946302 -0.497948440331127
1.85702647574294 -0.718591242196526
-0.678686010612362 -0.753403263251109
-0.380238839988862 -0.807536030005509
2.4110877925239 -0.324226514513
0.992545281836049 -0.704427189453043
1.47632029927302 -1.0247495513792
-0.396011046032642 -1.12145694577804
-0.0335457764318272 -0.431339630976589
-0.864219748914314 -0.847226449425829
-0.0053411000621709 -0.168953092705652
-1.34462389978316 -1.63727277080562
1.30257121327506 -0.565935660315662
0.0485895989853244 -0.42848803519698
2.56948298487477 0.240813021988602
0.446459644332263 -1.1136235266594
0.910375482610788 -0.846197444738767
0.515402623913923 -0.248717777918367
-1.17192168411785 -1.35793150557645
-2.62192334314261 -1.67787642224983
-0.130158328695244 -1.27897084295684
-0.422968230190973 -0.826777987825075
1.27858608675904 -1.08511674181006
0.318551991597021 -1.09840578204779
-1.55118904329138 -1.86185766366053
2.23110281273729 -0.0301069528694617
-0.319782604116204 -0.327708992784212
-0.167217386022958 -0.234228300149011
-2.11592611521525 -1.93206398496105
-0.320041086287845 -0.134245263862322
0.278228611863512 -0.599810658834103
-0.0981104916093639 -0.496571428192542
3.2977588074471 1.06780531575065
1.40738512684245 -0.824890987347822
-1.45063293002855 -1.67845784235556
-0.837404614087683 -0.945316561759743
0.0586994256951155 -0.505628977742844
1.40459210471764 -1.07588627698376
-0.474919670896539 -0.747370237951634
-1.84138916336671 -1.96532239093322
0.597833604679156 -0.566943021072
-0.660326139364298 -0.587495965728119
-0.333588521642018 -0.417961199718793
0.0844195155681288 -0.0249605204154485
0.0882642278992381 -0.329720938883682
-1.05726114067057 -1.23002267315749
0.23984179653035 -0.528570101497448
-1.04189472214696 -1.16831677082695
-2.35397330173582 -1.43997282657333
-0.599993110403359 -0.706431142347045
1.36462466114594 -0.351083615571221
0.968483071547924 -0.584592055671382
-0.536743050592128 -0.80357582299558
0.124129470505889 -0.381433703749621
0.372627911996198 -0.767067510517043
1.49413811522889 -0.559935262962832
-1.59971987358551 -1.3437488867579
0.147047420913822 -0.400880582645014
-0.176967136812446 -0.795109149362519
-0.00326025945365111 -0.498221271025423
-2.07878957178088 -2.29512241855206
1.02402460817463 -0.509630698703412
-1.05512140869459 -0.886142231861423
-2.53210717433032 -1.87592691634855
-0.191507699268816 -0.362746978019448
1.08944863003743 -0.914357353480576
-0.190555179157226 0.105450994153491
0.71955106967699 -0.187039824703877
-0.14632226488229 -0.367512273476253
-0.373254234142244 -0.901247652918331
-1.01067837285609 -1.16188159628021
0.998174364180355 -0.822233200517361
0.284846880676474 0.0590720653597055
0.0253285081666493 -0.245097550724756
1.19311038710462 -0.874249986370729
-0.386679482775788 -0.399404122038896
-0.135166471626102 -1.00234206800357
-1.7013288048145 -1.69271433072825
-0.370090851795689 -0.424114907058888
-0.0636924364103352 -0.26706366637088
0.410513183952958 -0.499296328823291
-0.853621214602175 -0.889501298421568
0.377142756746172 -0.825295234909622
1.29499786228058 -0.905726097821445
-0.980367723018054 -0.608019189249619
0.20108072087036 -0.49636900201888
0.410258584423482 -0.636774946925632
-1.3916391183771 -1.38282180532707
-0.421584920661404 -0.620706576232085
-0.196994072522838 0.0159919231740285
-0.181376189679244 -0.650796751745926
0.122388616775543 -0.650296564248714
-2.07375909677341 -1.80876909973788
-0.197334353511023 -0.712232058084493
0.399101436896099 -0.629632354356755
0.435983582540067 -0.399517036249419
-1.72730944857789 -1.32933405232905
1.16618106442337 -0.975901282574183
-1.04403344867295 -0.935245000020862
0.459331816850826 -0.646501785819339
-0.347062330064289 -0.443378676615649
-0.20602803067565 -0.555090371239579
0.383189575495476 -0.29325975707911
0.64203460203423 -0.867520103704402
0.801042564859433 -0.568801545030183
-0.412335463359425 -0.807803037030185
-0.302524494725432 -0.826286106674419
0.136089324112476 0.0461613858902872
-0.653170064105492 -0.449842419535846
0.0411447575729937 -0.334739908157184
1.01185250486745 -0.494320636438949
-0.27314255687436 -0.675916151310143
-0.422889695291783 -0.717731187997819
0.532025353543337 -0.647074699227198
1.7559082129822 -0.584771550674527
-1.11403563956727 -1.17329863497165
0.498373777143028 -0.658535813101482
-0.58127448758803 -0.443409198784454
-0.817772869404544 -1.08834155331559
-1.9170931152439 -1.76712028926933
-1.84715327434582 -1.89986031073966
1.06275228203223 -0.337688254807091
2.04339444950072 -0.63486995772153
-1.65340055945519 -1.55414320931037
-0.645532456972144 -0.724903113034472
1.99850919627713 -0.335764370953633
0.22467525163231 -0.417124609570752
-0.578230311758987 -0.841869749964383
2.4033718764366 -0.662175632724578
2.4926801153766 0.0350658098584631
-0.430681474651157 -0.262756831311882
-1.84755618153087 -1.31422673412562
-0.443736016857958 -0.316684170931772
0.85023571431344 -0.736651297373027
-0.844809034630964 -0.627871440302009
0.196303083010095 -0.178139951618618
-1.00113435374699 -0.913762167269894
0.436559974402392 -0.0806068569070689
-1.99111221324769 -1.50426688805965
0.787152151754313 -0.177997776040646
-0.64022641945696 -0.539753095263428
-0.273709031970949 -0.333538252460191
-0.351738949762097 0.107873126152627
0.147137425834067 -0.346056781517786
-1.22909716031598 -1.20522608051738
0.170578588026047 -0.498599221218532
-0.0909405932813533 -0.210364552851731
2.09439311550778 -0.193420040060743
-0.323904078270319 -0.0560091947306634
-1.51164909664006 -1.47385029547799
0.969208307127145 -0.65264135448133
0.105324511133514 -0.309832760993897
-1.39581348807275 -1.53868569744895
1.77659305508824 -0.496167459703649
-0.0718588199828228 -0.212712174696764
1.81364068967198 -0.963939120202322
0.0531635704494832 -0.596270799957998
-1.60207189868357 -1.85353724498353
-0.815058504897688 -0.772840731371293
2.39150149538007 0.250499207724486
0.172672087525785 -0.643522883261181
-0.393816757005237 0.137496909716658
0.326139885547871 -0.424584014184369
-0.448669673443232 -0.510570162324958
-0.174859039567438 -0.571140195717695
0.702239816571956 0.0572003148011354
0.663640318493603 -0.635318958466913
1.5192316315323 -0.550727914494544
-1.67955116416959 -1.57786438852997
-0.165442901378616 -0.495841650215422
1.61741306546606 -0.465393509198202
-2.25782932288345 -2.11808827669595
1.18724095202278 -0.837777717876632
2.23392033362996 -0.202146730798336
-1.75182065652786 -1.77052949050623
-1.60809515532014 -1.83511792973049
-0.863407077441113 -1.13036969417429
-0.645858659601607 -0.680310469229669
-1.19705921763483 -1.01966562764913
-0.202624171848711 -0.91293934642978
-2.11991608651966 -1.59434613528599
1.07004048864613 -1.04656375205243
1.37496530252558 -1.2991006973848
-1.28329138490503 -1.44556257188342
-1.6027393398817 -1.7062985618749
-0.161282692875737 -0.738819258656805
-1.9515429614252 -1.66704379471054
-1.28754068849559 -1.2319899618373
-1.83279267964739 -1.77579333259479
-0.21393541296944 -0.569443840457807
1.40326086535343 -0.571851778744991
0.00160022550248112 -0.901044158910977
-0.599153014859303 -0.875119744222282
-1.66540821163736 -1.76638624474437
-0.413585588836542 -0.25416966373856
-0.111430064987462 -0.952275769453747
0.899659424052686 -0.575857800488083
-0.955407494932511 -0.797367558438924
0.474608211985821 -0.488951731804271
-0.220720904307992 -0.533418750320945
1.94157877468721 -0.383059985593483
1.43708411671896 -0.690526763963108
0.276091858198773 -0.443099654584998
-0.259466245378475 -0.931870856092416
-1.9987818504446 -2.06471775344155
1.65106429595005 -0.818686421946211
-0.570339292899528 -0.722897470636889
0.166091367640556 -0.636838446166914
0.735920125095914 -0.640291475323687
-0.66296772646745 -0.855302073135553
0.845388672472876 -0.534920303477021
-0.718415458362402 -0.823022978145457
0.0347461759653915 -0.335109382490371
-0.977339017155129 -1.04955821054241
1.95390634877987 -0.661085745594099
0.132368229856734 -0.842411416267433
-0.387516782936449 -0.944548950943829
0.507758047435286 -0.655793714422757
0.71205243221372 -0.868639741211038
-0.0439304622106376 -0.593225711937685
0.880207356778192 -0.579044232362555
-0.071696643434264 -0.758351374971738
0.623870118588771 -0.61359685532641
-0.94914549537455 -1.00784107478759
-1.34871036134123 -1.28647385322853
-0.37859759864235 -0.97546159367369
-0.1884074495561 -0.788536729279091
0.0950715192431379 -0.38799028351746
2.16500510401327 -0.61551406665392
0.192522324258623 -0.137509214679407
-1.40091365482559 -1.39689773942267
0.501210755844272 -0.203926682013582
-0.992183048724057 -1.07569770127025
1.20740633496996 -0.635318758732242
0.0776742167685503 -0.287377206557984
0.541357428392309 -0.346949074890056
2.37717396398634 -0.558613111096513
0.684429805475471 -0.404941626809607
0.728237770014124 -0.442324132394406
-1.28588618240139 -1.5760518051959
-0.195447147066171 -0.635757077442632
0.650904397465161 -0.208509604433056
2.04969451539188 -0.263993622605874
-0.51849718313876 -0.78502957995095
-0.903880177780247 -1.13947016396877
-1.26369056903342 -1.4266835821509
-1.40752617196395 -1.60172000644241
-2.09090928600985 -1.83425717394934
1.95255073332193 -0.361281094877152
-0.46232682478488 -0.265272630817178
1.79197312851202 -0.543306521243431
-0.999869538122508 -1.13224278232135
0.61461057009471 -0.382650234888558
-2.32537875374792 -1.54893852571174
-0.865470493384771 -1.02449516813385
-1.55756753099671 -1.65864029851639
-1.35717668153175 -1.35367609742729
0.891293173271254 -0.424750043502681
-1.29982861913031 -1.58304645848998
-0.681252390945954 -1.33932943068577
-0.626392634570833 -1.02200593423855
1.56298945731145 -0.944381472781212
1.06953141384464 -0.785772363791055
0.79205471447554 -0.619449544232491
1.2712240709426 -0.94866691275363
-0.220301768761719 -0.533784003562723
-1.19686451811415 -1.26298394173465
-0.872134130145169 -0.967902217339423
0.821524337912969 -0.431146789939759
1.84050728819677 -0.907437030866793
-3.05188421885879 -0.966106997712875
1.58050769923462 -0.455353902007838
-1.10141587381465 -0.881858316990163
-0.745039748998893 -1.09570118198331
-3.15777778547526 -0.607248448963011
1.30905068161089 -0.96810277246232
1.10536406068553 -0.331388602266461
0.607961322898807 -0.701752259222637
-0.637180805094282 -0.396214528818304
0.441579571244077 -0.779528692086837
1.32777429893452 -0.508028257556894
-0.259212729538785 -0.37113946885394
0.0549950774298144 -0.453325285485453
-1.70520938235083 -2.00238006619119
0.629327309808404 -0.260044217168624
-1.18419310358863 -1.58925370284344
2.10835330813337 -0.221947667267844
0.354012307954135 -0.359790757911029
-0.818778519357421 -1.16504283277361
-1.57179856054909 -1.30578406790682
-0.85534496610565 -0.726074121587167
-1.31510407808992 -1.19063939273516
-2.81001797634131 -0.899120735600316
2.68258926642158 0.269305601394102
1.25797100708525 -0.613613051354671
1.31492903008179 -0.738027044418546
-1.01262184053642 -0.780838706731879
0.165486172161401 -0.466248917876918
0.685868645841189 -0.449756440633721
2.07536599585146 -0.719849974731169
0.678613494092783 -0.903344168244739
-0.735563444883283 -0.959110160203325
-0.706521568591905 -0.839827075490764
-0.348840716836427 -0.383920206832081
0.805468048380884 -0.445428009588468
0.497360012288066 -0.296991626017306
-1.79703030652553 -2.10524512689174
-1.36175871090295 -1.76190476131483
1.80218211735848 -0.806999691029767
0.142660246575868 -0.314638912010446
0.531862432242878 -0.187811388316916
-1.08507815179831 -1.10034696623306
0.139344056347913 -0.0935978282420781
0.472433202364876 -0.795856821707746
1.72050450037188 -0.620715474044756
-1.11995295909639 -1.23625799514032
0.810566002067231 -0.917117616966175
0.396968804542138 -0.790562423895462
-0.7453896943698 -0.487520128004502
-0.732659506313676 -0.92578681530486
-1.24771266889964 -1.38595488183474
-1.48818545134388 -1.31441002327142
-0.456598160002031 -0.726657672207842
0.826959928821232 -0.783572918044671
-0.207951837269586 -0.312049771697297
-0.16873454488494 -0.731390808950471
0.590979135869441 -0.713476723882086
1.88728282384275 -0.704690757686472
0.993696869627073 -0.640772890993192
1.74646520389582 -0.788222001927793
-0.323230309135272 -0.415829256133803
-0.539287871600588 -0.255102545707483
-0.0714611159411437 -0.579028964983039
2.01504074233106 -0.418887451637584
1.67332296929516 -0.939402265676216
