-0.0644252255009954 -0.106594517894625
-2.34857364625643 -1.19172511513534
0.600550723623793 1.14196443370909
-1.54971347547547 -0.750942147983433
1.26423104721701 1.55074965631811
-0.228351842642256 0.175473444777488
-0.305293473208508 0.754304013006954
1.850278511512 0.82678443155401
-0.258968565278154 0.678036505907097
-0.326860217600011 -0.0676877407657181
1.97527980309206 0.979369410698502
0.377553109883666 0.883806071760301
2.10247760228386 1.13643364764586
2.75223698356268 1.00701651829798
0.725733679988364 1.24355862942275
1.77902986076508 1.19124897681194
0.521758471084327 1.33408870226639
-1.34053343827245 -0.271002611858799
-1.28215468889912 -0.952999695856516
-0.712298714781394 -0.233500835513451
0.0346847218964067 0.844148918591865
1.22971784833665 1.3421187841035
1.68314736592687 0.79538074218151
0.503062419907607 1.05877856068423
-0.310770592656203 0.0819792243015341
0.559603496278087 1.03787523936086
-0.891256491598744 -0.0681746305517451
-2.22623290931706 -0.962148272941997
1.8885157327675 0.690313342892284
-1.70413314773807 -0.565044026759447
2.04588260715189 0.778852402240345
-0.0237728431559257 0.995908949973318
-0.63529594601033 -0.456692544369742
-1.45533008441811 -1.00119038058185
0.962469965323676 1.28651152592487
-0.0425817627986769 0.670882584142453
-1.56791081560539 -0.579037773339597
-2.52329164867917 -1.11242789025458
-0.598839610052507 0.293892651963448
-0.933914910411373 -0.402228042655067
1.35583564169635 1.28816022110283
-1.82359463987023 -1.35548442691753
-3.58347828779823 0.0742895959451283
1.14436928633353 1.21830684080164
2.41967222289255 0.970086547789162
-0.771251866600229 -0.292427343606944
-1.24714360349846 -0.37186561789375
-0.792123295822809 -0.100167903892219
-0.0593902739822899 0.289788598284454
-1.11312888488574 -0.414630951174349
0.97114943903537 1.12788866118966
-1.09988050544278 -0.429788517743046
-0.695145386944968 -0.390701166069805
-2.59133290711272 -1.37846895064244
-1.73324912501903 -0.941037068576466
0.768638944914483 1.47262490044626
0.0811025029608309 0.941357903721775
0.789788112770191 1.3956106652394
-0.566335439372874 0.209706072971704
-1.98310127252129 -1.10211555841617
0.979555586577524 1.14999161217267
-1.58926687643514 -1.20888262782994
3.01652493038295 0.955791299679496
1.9821177356381 0.373479427625887
1.0292237556008 1.32279106867083
1.61661983446017 0.869711906231028
-1.9272639032719 -1.01646094145104
1.50098247603406 1.15151716912372
-1.52989063094002 -0.74812890575161
1.41895029502309 0.944824758475074
-0.111805339729422 0.729030314431423
2.00219444092952 0.848754738133997
-1.47992330402786 -0.39493809965178
-2.59973561405942 -0.868485832057998
1.13340800664436 1.08733795701333
-2.04284931195085 -0.916516539771867
-0.310450127034464 0.343529601379576
0.58724972338205 1.62685064921623
1.31935761870683 0.83713824295555
0.16506362334968 0.661176370862155
-1.32547382814101 -0.504130706171469
0.908781422610907 0.990057951452457
-0.189796510054061 0.518151742661766
-1.68807897008646 -0.989587942528529
-1.57894775081079 -1.10526354101468
0.542275331255209 1.33065096240809
0.99554751278712 1.35056154557073
-0.276070232597576 0.225334209576095
2.58175024895118 0.926807145618056
1.64652436365563 0.872103422324566
0.329503698965755 1.16471322257792
1.96452966423196 1.17089187068991
-0.286849918620341 0.291657543596085
3.17624299443662 1.3757377485286
2.0504638327964 0.221424914716872
0.272672214363242 1.0712023729972
-0.0388566981146033 0.38331659099698
1.05572356304652 1.19311553010387
3.19303269323027 1.24575049202059
1.12709911067446 1.40490290186179
-0.320065974374058 0.475621025155843
-0.633360818181177 0.100629553750498
1.31433800757606 1.34016109985353
-0.23561504900352 0.778349846992468
-0.201586969505516 0.163757735097877
-1.234533870026 -0.851649642834107
-2.4748721204427 -1.04993504063376
-1.3400901641772 -0.382359796501506
0.445215580480232 0.937085043958505
1.87508162413632 0.882554360983512
-1.11550027236677 -0.696673744828982
-1.63501802498051 -0.836713383060873
0.85999929630913 1.50682564202393
1.62616943831887 1.19158001972654
0.201050612087608 1.07196226263636
-1.16759509393498 -0.499620790510617
0.652757355266299 1.31156726859956
0.8859387152172 1.88236259777263
2.40184905717316 1.02462600955768
0.107426940166598 0.725435269738635
0.0341521314816145 0.82705227698828
-0.292269008752558 0.359094041719437
-0.627286591817841 -0.309255129621496
-1.00652515058663 -0.421861684314858
-1.89233925881952 -1.15742193676162
1.37392277966824 0.70734811607716
0.0203921975766686 0.578031405290129
-0.544451322008668 -0.167149050390146
1.2330825316093 0.482011876128155
0.43505977698211 1.12858720745725
-1.63573392054441 -0.878930695832252
-1.56899562942126 -0.965556324415606
0.556871276139838 1.21967938888147
0.692476170546922 1.19940689811693
-1.38508001123077 -0.816434036625701
2.25254602781998 1.12649542320022
1.39519636836615 1.10163376697417
0.0569706779479915 0.622874566787648
-1.38208343864848 -0.657099566288618
-0.105360402291943 0.694110751467346
0.900567875235993 1.39613346143215
-0.352220245559873 -0.360780352485968
1.0453058387834 0.988026188118167
0.436928405794916 0.811274173272784
-0.536078133803397 -0.349345122525741
-0.249094443470892 0.174867829995706
-1.37337159327349 -0.865156321259752
0.416267054089456 0.792025278331617
0.582799386704538 1.38860996502654
0.700419730251933 0.965770458483351
-1.32517276878387 -0.543817881172007
-1.94153691292605 -0.887150788906634
-0.582930583463847 -0.335273782967782
-0.364542123436387 0.0707352037621816
-0.361882143434799 0.139838216117946
-0.50281301583756 0.335381028198262
-1.6991414974412 -1.2060181991164
0.921180021369157 1.08646947608581
0.014393601809518 0.931741899172861
-0.949212041946769 -0.641561681632212
-2.12836479355104 -1.10579153579927
0.529991417791369 1.21566002796617
-0.777200670691836 -0.445326139395683
-0.861263792055671 -0.474418599351945
-0.00473092569815695 0.60798464155113
-0.0703873068202079 0.846361247791628
-1.43451069324303 -0.343451341577452
-0.791907199971457 -0.482789699847117
0.257727138084011 0.823283475473265
-0.169964698959178 -0.0362177735419504
-0.900368686779741 -0.195244968264165
-2.04685680504381 -0.843304228552141
-0.292525429819531 0.417306803204195
0.395985619313855 1.49287255739678
-0.0491991194547501 0.261799907532194
-1.1274220727036 -0.603865781691482
0.287788028432618 1.1079283506352
0.9376777365444 1.05800871204769
-1.24565973986898 0.149878999424998
-0.17067312487442 0.651863115642124
0.313684571753583 1.36156358394562
0.13602515364515 0.832315589859014
-0.869147391562376 -0.623908095246251
-1.01051495905926 -0.0655763356883563
0.573082920108969 1.21571590454998
0.111673718216522 0.400204312054007
-0.265046951606303 0.544634355132934
-1.2111187806923 -1.12241748212402
1.78683663245686 1.36128144315046
-0.459721283169153 -0.0185025886545737
-1.76343876982649 -1.05192606681226
0.586593998529743 1.51057661960672
-2.59858807113282 -0.918567262553033
0.172695221500491 0.960172810542078
0.468107170529841 1.19729202680657
0.695247925562726 1.32847458798993
-0.829010962117675 -0.391045509594776
1.1506876395223 1.39390422858453
0.700734565365851 0.808735527435922
-1.58038050381109 -0.51488211315407
-2.30484118344147 -1.13454213376234
-1.70459926339663 -1.11258018220802
-0.897645674112233 -0.258997610638305
-1.86617026293436 -0.912754078249488
-1.4699844032104 -0.888563470004125
0.137985224440434 0.744195339287746
-0.0751181246699114 1.08672101165078
0.0309580943217138 0.562824776544062
0.157281441052397 0.996354984048166
-0.37322798047296 0.0744118055406634
0.546849564377701 1.11551737464152
1.35289118985536 0.808331989642458
-0.186090310222199 0.67857604667258
-0.7381512765957 -0.384354277331424
-1.06972634981461 -0.600541186066513
-0.805763068954319 -0.0415674046118196
0.17342974309411 0.994884224111285
0.474301797362315 1.23393140403905
-0.628246725253874 -0.0773475832130463
-1.40792992749346 -0.87342788045423
-0.399225609825989 -0.358345494751128
1.09374262869342 0.982955161562036
0.0128657147105164 0.780043181890385
-0.788215464533402 -0.0858781924706178
0.865119831284449 1.51676837787993
-0.682355958834871 -0.0425331368215837
-1.36643682438256 -0.873231997280772
0.570868800378251 1.44143662508303
-2.35291520681829 -1.40313105013927
-1.1495507049859 -0.845411565117829
0.293259319493779 1.14600395095168
0.0307314907299766 0.740345830475042
0.0888835647830026 0.853936105230037
0.590685916918117 1.00374930169766
-2.67914054378636 -0.986448905835351
0.120731094044227 0.910430782249319
0.858640455589182 1.18243656086575
0.160325632313188 0.999583131969645
-0.626157967574423 0.359324714195259
0.87514334137479 1.49897535045053
-0.170346206708711 0.494208668992704
0.191250885224019 1.10393606923145
-2.02276696737103 -0.876171118287095
-2.56390725733186 -1.11196651209335
0.16533188545298 1.07008538620263
1.03178264611859 1.31876900320445
-1.31973086894392 -0.679995861535258
1.07870308891441 1.0545461596205
-0.367908364126706 0.00481768684313572
-0.559889501811188 -0.210476899288145
-0.34834045278317 0.340335786920535
-0.168205230922748 0.490055699587261
1.12570451943654 1.20532445612337
0.489749425913704 1.0663537312115
0.500060490910708 1.78678102235889
-0.664513665988391 -0.0445366531944225
0.616970971151376 1.33699888107533
1.71371781344243 0.695036435849819
-0.0243300535103447 0.758457692462378
-1.48245204471553 -1.04733430701112
0.572304924182665 1.44848317406631
-1.02731197701656 -0.123623983775029
0.913392072746135 1.02752459031859
-1.72535768796951 -1.17970504061864
-0.577466106464874 -0.134541215353693
-1.00850191543767 -0.275318737667173
-2.84187755697484 -0.252753470757315
0.200510314402182 1.13585721057432
0.99520069167014 1.36701633375635
1.10088405205714 1.16477486391694
-0.242202593783952 0.394374791919227
-1.0060907357858 -0.600066103976245
-0.345750394868053 -0.0808148226132526
-0.551915824844279 0.010753040069876
1.8967637242673 0.649156839770533
1.20118759362807 1.43511477933924
2.93487923843068 1.24499768565391
-0.580263301475331 0.066488670295642
-0.391850174571273 -0.202643021512201
-0.480830633968476 -0.140457626961007
0.74086525451566 1.40969739196533
0.5871343140484 1.4241300654535
-2.70000522824305 -0.846420393592751
2.18336772122444 0.719343381599065
-0.846220855765801 -0.359478733364749
-0.322420225169239 0.249504210858332
-0.766411517937111 -0.56640096424131
-2.61891062697543 -1.12883812515578
-2.3464048146676 -1.08111895859781
0.545868912946566 1.2812426315175
1.58282633583824 0.972446552420671
0.554995355497069 1.23993654014635
-0.518495435227066 0.0802758437968313
-0.184329457585332 0.410651087470194
0.407665916712251 1.29686373089373
2.02335747059979 1.00758251174574
0.736626797628816 1.3887335272486
1.25874339888716 0.931135859701565
-0.158259167477219 0.802350567561725
0.497978589134628 0.898885308231935
1.55195141092062 0.931101781406539
0.238455020334631 1.17693497143577
-0.709950947533991 -0.229741173497826
-2.42713111989866 -0.720708980158465
1.12389535526152 1.34384019937326
1.08209597057635 1.47546092278634
-0.277401149014179 0.311594607693527
0.705090231239534 1.08719854123474
0.853550846372682 0.859502266372234
-0.041304704230775 0.51151375986674
0.601927957914084 1.24920847781464
-1.13848696172214 -0.687705199898793
0.9984633376 1.10244400938648
-1.19528658016786 -0.819938817192192
0.95972534930526 1.62286051245002
0.254422286955167 0.982651945343235
0.408889823408855 1.02077135111589
-0.0131590790884313 0.928437368853364
-0.399624479784245 -0.0630114921978899
-1.43460418815619 -0.69349810364761
-0.442889255543987 0.573898878530161
-0.100372705705853 0.646252647208954
-1.38805737238255 0.0315070763456606
0.8437364207042 1.14330533234484
-0.203412314135198 0.287066317501004
-0.523868620849104 -0.189158763623138
1.18706507794151 0.932517567865596
3.76878301518195 1.22800106943442
1.35753619055316 0.915710205494573
1.96557893257076 0.6077130189505
-0.235269514366406 0.431308106829161
-0.499394365525554 0.133421486985525
-0.498391957227507 -0.0835641408501012
-1.17866463251196 -0.254584334293055
-1.04895662097542 0.00246134323682784
-1.91661731057427 -1.25436267227772
0.922260275707787 1.36573956318739
1.59708294463614 1.24178741821525
-0.915720646968731 -0.251141556967767
0.535911472003801 1.59326277917152
0.911342428026709 1.24129844318835
0.448029578507248 0.883971606667724
-0.450553747107529 0.271109896705867
-0.911870856351088 -0.494926403615287
-1.18704120795513 -0.860479547464009
-0.0431103712989453 0.692900975506042
-0.0295106330017956 0.8828332987594
0.585471633756607 1.70958297307876
-1.54084529777445 -0.446947332565969
2.01608888341598 1.19263969417017
-1.12034272062874 -0.61447506431568
-0.672180822429142 -0.250874937670862
-0.246852987634944 0.158488675914306
0.862455558383599 1.28516211505846
-0.0771474867326766 0.383453255402073
-0.737120859358965 -0.121906769242548
-1.6697077488943 -1.02147648238141
0.683775053783685 1.37012861616233
0.282405492810404 0.626341093560286
-0.974351909396522 -0.487589305942899
-0.88314969852567 -0.799304886124241
-1.05566314563588 -0.683881630389195
-0.928251250005383 -0.775788614142657
-0.740606656478985 -0.30160683458206
-1.20776427231714 -0.842373288175661
-0.279991993814757 0.232153562059374
1.36706432931418 1.08016152598263
-1.61933582815349 -1.30798248694705
0.138229640707349 0.898000975632741
-0.93260064733912 -0.629991745754539
-2.12720465946339 -1.08417012565068
1.12725316960589 1.38755317412359
-1.48154719574495 -0.719848268291439
-0.673458583844084 -0.141487395793264
-0.178691138696315 0.433105677711809
-2.32158467818568 -0.783502595556804
0.214136325684789 0.696019482031336
2.26229303114599 0.916189042045196
0.277739535358659 1.13795733742863
-0.991782448417672 -0.575703834283337
0.805344857339968 1.23026061266345
-0.315483375942076 0.0543519721857369
-0.449784489848103 -0.223176136827105
0.484715970169365 1.1368216851384
-1.87570000808907 -1.00771890011906
-1.66731683125953 -0.7719383434679
-1.34284792061741 -0.407699230246586
-0.752838409849608 -0.146252415670787
0.717551688506922 1.81037720433629
0.816308995039322 1.18615810509445
-0.766445963652287 -0.561360136547416
-0.797346360082458 -0.437285919137656
-2.67333477693727 -0.581578696241403
0.626613134923692 1.55969674136928
0.391057524613132 1.05231832750344
1.52173934332134 1.09705821446252
-0.743235991135076 -0.301795815512575
2.63012745006788 0.629103628502142
-0.221130914972943 0.0769887320625848
-0.552552679466924 -0.175131531219346
0.0102815025686551 1.1732342886908
0.641616650397885 1.4865742452993
0.131546687375035 0.564044496953488
-0.13642009393335 0.723224356976435
-2.10821819818237 -0.724959018131236
-0.575995487004425 0.118683762921863
-1.82117088803489 -1.3089257376117
1.31610908898742 1.43700004991063
0.814107215060902 1.77111803693477
-0.991356510585154 -0.539161410573408
1.02182986990059 1.23391760847146
-0.178002547309039 0.423902004434376
-2.0044436772771 -0.415209737739508
-0.285329139175588 0.204424003372015
0.907815643064942 0.863630151177657
-0.0393478978197074 0.967576628770711
-0.673242593025547 -1.02270892403624
-1.68340978351798 -1.28137930869351
1.638058556205 0.975684747668032
1.24547431897555 1.24209344559398
-0.31512319627848 0.602774633084062
0.729703053324716 0.980386698514206
-0.243467595152477 0.486046722127821
-0.00607599737839647 0.300949816722127
0.500164187784494 1.17430835581208
-0.103354363129164 1.19503461827917
-0.351433054823046 0.123748984027912
2.08055115384447 0.685089965789081
1.05272888039131 1.04973064004694
1.64911867250267 1.05318642175299
0.0604756246768883 0.512072060994813
1.37188034536405 0.937303311965842
-0.688187933782293 -0.213401389558132
0.905999258175618 1.15692385686872
0.458905286927685 1.1876847547492
-1.4116431000344 -0.842839491366747
3.68277162334477 1.37189450843588
0.487669560114143 1.37555759139374
-1.40044333126419 -0.834794423132602
-1.49067254253996 -0.475954538360621
-0.399728826632907 0.162282930996843
-0.220640074318888 0.425847902792268
1.39653558349246 0.849687841630687
-1.56082466960575 -0.748102569421344
0.99110837768537 1.17068059591572
0.0544585479435928 1.02784458962935
-0.261451781632378 0.474576435546807
1.42415940182405 1.13854918253187
1.0029858958505 1.24166992091174
0.0639652062886532 0.557103007201978
-0.213614689747043 0.772577926064114
1.77508182372098 0.732394818297593
0.596364825619556 1.24425472654122
0.951704572575398 0.977997452779773
-0.139836552181814 0.322362680541502
0.606452559431179 0.827952602252891
0.0584033130929741 0.827016910142621
1.79157952707735 0.909442216035134
1.38582608097356 1.00003061443051
-0.17179329386896 0.892570568065333
0.274020593187803 1.14656458403861
-0.329760180554741 0.320165150738007
-1.06052276147986 -0.443340970372581
-0.417735050404575 0.240271485891478
-0.668340845938982 -0.0695856602264958
-1.12869071556535 -0.5142747551819
0.3199055573378 1.11879784912253
0.215096066067109 0.739561693935177
0.229922241798641 0.558321518313036
0.851051570197921 1.32247973286043
-0.157233683821772 0.569022327886583
-0.423979716039954 0.447386976318628
0.25969711985696 0.336216049147206
1.01371675795012 1.20750825677289
0.591469888369284 1.07741257697484
0.0364651052419592 1.4050929126289
-1.71613547479159 -1.2643822388024
-0.0818189842659226 0.560973721271084
0.36891118918752 1.19662574507675
0.30577182604841 1.04876653536691
-1.33591744526109 -0.703700484709655
-0.384222860260686 -0.450497198501209
-0.749258124691834 -0.223885309868973
-0.311191576179348 0.708098323105806
0.152218781463269 0.897958793029857
3.33387394059384 1.50380671453738
-1.00042699384925 -0.241198920990573
-0.336386612576392 -0.0711246316153427
0.843252219752891 1.21845334641291
-1.67635258525863 -0.674006613451573
1.7454517876856 0.823176883514927
-1.1730402085999 -0.463535651404613
0.832790584207313 1.36020112882778
0.86736264758458 1.55138446664758
-0.15651847412663 0.449700195853059
1.54565737225591 0.956690421618382
1.32909743238536 1.02762163766007
2.66368005569842 0.690909933385877
-0.568813577185318 0.447957036388308
0.073744715924187 0.443184828890947
1.95606498887078 0.762294250942881
-3.94646271923868 -0.321352633227108
2.02220312229022 1.06627401057764
0.429869447404875 1.14603215174384
0.665850754467348 1.77706591904226
-0.558953736674716 0.299625846068009
-0.869248522319018 -0.643708219540985
0.524933150939131 1.47105119368734
0.341303725038352 1.46445496119508
0.472851994850383 1.07716677170517
-0.57984365879838 -0.342662364715169
-0.0258083480354099 0.59654963566845
1.67347085928697 1.08290911108278
-2.9918884391309 -0.284771396592887
-0.341380896352873 0.113183666776469
-0.548244241131475 0.00214122682737344
0.999892146555366 1.50631703786621
1.60862091781408 0.784067298033428
-1.72727813406913 -1.06984629001928
0.324897871879345 1.38503136017705
-0.829164924058909 -0.55203599476368
-0.069083092554463 0.676678759073817
-1.98166829374888 -0.938902242014641
1.58054339401469 1.18830405397461
-2.34074499751949 -0.938405650899444
-0.4788583653535 -0.0502665181231513
0.732999356073997 1.58466018406253
0.822319833979606 0.989139238966808
-0.00178305357654984 0.569058057972612
-0.908191962129951 -0.637124701455975
-0.362333382148196 0.274430438610646
-1.83962220786363 -0.726285089294098
0.181070411797959 0.836091847044041
0.0516523985429977 0.595241118402471
0.646880699262128 1.06428490570318
1.27577153059138 0.953020610795194
-1.00549259448186 -0.652829951503926
0.52850068110687 0.972252083164181
0.485265686139859 1.20929132411699
-1.53015955567275 -0.775365376476246
2.12525369930153 1.10557146760727
0.440257145463831 1.21502242269267
-1.01391440276327 -0.32253700914045
-0.516333933945498 0.256047104129571
-1.52688108511348 -0.924976407912463
-2.3299804059299 -1.58033111817878
1.21953733076937 1.1489817324741
0.121344826076896 1.04362454848521
0.298596398084489 0.976034674354455
0.21469218381123 0.445309250274803
1.45620040525782 0.642719208024946
2.80665623576819 0.832720330685125
-0.349592694483657 0.119605294246504
-1.40027672992481 -0.348372186167962
-0.119054273296419 0.603007891651845
-0.618422463277162 0.146768100533988
1.01709231444096 0.784607524792943
-1.17890914669282 -0.959830336617454
2.72891752551811 1.2499049667674
-0.722554704764749 -0.546219534735953
0.618216868453643 1.56106320437672
-2.55253782234428 -0.941759062473092
-0.315868179712725 0.0258101754865636
1.90206656182202 0.756608107587663
-0.542894255605495 0.0472627671372484
-0.791793419581366 -0.330074218310321
-2.05083802496267 -0.932399905935295
0.395833736091664 1.02765784913533
0.472144263259421 1.28598256267173
-1.21993734335669 -1.2048192351967
-0.0665064703299428 0.788041969500368
0.371769756128625 1.29312225441477
-0.808125551085367 0.0936520118163282
-1.39963389833903 -0.721396490255343
-0.624650135839756 0.0347019479659936
0.831049379101737 1.34167722803841
-0.27728214921413 0.380313789356884
-0.9082100183185 -0.432423218425001
-0.892405723098902 0.0719485289883779
1.41218478603566 1.31894845468857
0.977461380786662 1.16278796792211
-0.105114335236867 0.73752631955088
1.25377081494623 1.41573140972622
0.492658716750881 1.09103684219867
-0.69839569258893 0.115440784367233
-0.466913722657127 0.125714792486718
-0.581511815709985 -0.20432423829001
1.12886714425718 1.28876604403508
-3.55624428876982 -0.302379748432969
-1.95670302339045 -1.04807233853076
-1.11040984275642 -0.432310492617912
0.204793846998918 0.588858418418952
-1.48685766423175 -0.812152583962295
-0.447356695415687 0.0286782228000722
-0.552610733430432 -0.276767631037716
0.926001695857813 1.09326841672555
-1.03652593410066 -0.253488316654132
1.11578726374505 0.919259389089206
0.33835510995301 1.08959589287563
0.760866338351449 1.2310866005922
0.984953609267569 1.23857946968458
0.144670808463696 0.910855620481162
-1.95429989205834 -1.57488614726413
1.46148568616256 0.947114322349314
0.218361259879759 1.20132780002594
-1.28764915131063 -0.465653473702236
-0.460558734066304 0.1139400817847
2.26673236060347 0.866884949887649
0.0785517825063527 1.02248970775248
0.316075663036984 1.01367446326913
0.318082769358401 1.03592709782809
-1.61578873446821 -1.17847706218531
-0.968687371085939 -0.150646066458
-0.833781705821883 0.148770731167004
1.19431642281678 0.931025253253199
-1.06895583379839 -0.422172725350012
0.476347043081081 1.64547043979947
0.381602276944011 1.17866560192965
-1.90502191672757 -1.25969122449794
0.477888092001898 1.45255022514048
-1.53118581792092 -1.20181261660075
1.54460897730601 1.0939047542079
3.93858779916158 1.20892731299221
0.427850366598482 1.2951466069715
0.418902455476459 1.28732228028898
3.17932475776444 1.16099801375578
0.766319674357267 1.2775039134611
1.23486071914604 1.06791374317673
0.247926914362886 0.72149307080931
3.2204101220086 1.05178053825882
-1.17979814616155 -0.549308605443066
0.0632888720038598 0.48245666135908
0.847818019559347 1.32293145821728
-1.48303432585048 -0.809159493545789
-0.288426769828667 0.115268266040979
-0.0722874642793208 0.755749910611366
-3.48380313278045 -0.387296602917273
2.03103892821196 1.10730463365556
-1.27233431355973 -0.344776895189084
-0.0108655751234217 1.13731409385031
0.465962004906592 1.60308562486979
1.05015975942804 1.29947839230225
-0.209301837670237 0.736570512457325
-1.32737609302263 -0.62981585284897
2.00482307003071 1.3016878141485
-2.24634789318408 -0.695390668304514
2.07467469994027 0.97219658010484
1.03511560431922 1.15843965161094
-1.14661960879246 -0.480847053274269
0.468494658335787 1.40150772081642
-0.0523115702930005 0.717365063501977
-0.747967977738173 -0.351207121928104
-0.142311142354734 0.546745993787685
-0.263053965641195 0.739247099328661
1.78313062044761 1.21033434507406
-1.95720353009758 -1.1787639070087
1.27150323152219 1.14598637619624
-0.789525440671312 -0.331012819000529
-2.61349300358301 -1.02256795580245
0.496702370046378 0.975533250263463
0.861294216768986 1.11539475752232
0.242735869183579 0.911201449280175
1.13341064266829 1.67706497925784
1.97285452468242 0.765228353641292
-1.9836330545777 -0.71153754162513
2.49269842683436 1.1825578367862
1.51507696230208 1.22228528843694
-0.572020875334863 -0.285605936744134
-0.21772472219988 0.550871074752245
-0.634630808848413 -0.412636775568329
-0.289869804539148 -0.0199073534601411
-0.203753994628066 0.508433665112315
-0.0832434384469673 0.611401997442103
0.927760494493481 1.49329074216593
0.895759132983616 1.38195072757134
0.477397572642046 1.33185111923192
-1.66406294327939 -1.07646033327486
-0.103096639679797 0.55827549189964
-1.2344360644994 -0.55455962415285
0.476452999335769 1.29993187133977
-1.34634231910322 -0.943704194178657
0.602008327105593 1.22902048500706
0.216341513474432 1.14818472527504
1.36270107505452 1.36261997044845
-0.431707951815553 0.116970885432423
-1.71612383620942 -0.672322675083341
-0.268219859694019 -0.0376279189268618
-0.283454644792382 0.351614621334159
0.7031607217209 1.31716278960922
0.325934943279096 0.856766289672023
1.07077867700795 1.38495992868476
-1.30895208738377 -0.505717769266009
0.529459052646911 1.31613119835458
-0.401556664567579 0.0711276315182678
-1.1215545101448 -0.285542766970877
-1.75267699469981 -0.903340260684652
-0.856842061365819 -0.159751355223974
-1.30081955592602 -0.651940171845311
-1.50230717711923 -1.2698482183855
1.91366151003917 0.662130152684454
0.135021652782121 0.557622409076024
0.786161315429584 1.36856769425521
-1.55345004904419 -0.904496589013217
-0.454043037223908 0.342753159040199
-0.83583170700379 -0.18606843276614
0.287312377155494 0.800434304225969
0.0510446649609511 0.751025806081975
1.74382228503223 0.948888281506919
0.46606682841606 1.13117408016362
-2.45467663502287 -1.04015138308298
-0.840148061235138 -0.153244416811349
0.44490435938761 1.1567988133732
-0.14492230732549 0.411471547220649
1.37859445174797 1.10040671845687
0.216700091634764 1.09585211290696
-0.183850894540579 0.196263136245525
-0.389172598059534 0.469835122917611
1.34187314545654 1.06721614493005
1.13554703012606 1.61451885984308
-1.60277578774171 -0.865370070023701
-1.31478217295332 -0.658334923511176
-1.59401069514259 -0.396950870176868
1.47255162969864 1.02800336065595
1.17723538646213 1.65069143347059
0.984330997506443 1.19796576495811
1.51300744597397 1.34587982164486
1.98165079770843 0.99763945450877
0.600280684641697 1.65677399602872
0.102095762635614 0.56486176138145
-0.65219571492934 -0.059271811254536
-0.479181528683002 -0.0130748016688364
0.810145800642481 1.12238174052246
-0.934681795385352 -0.522515091956595
-1.0166797770269 -0.69113460423926
-0.899744548870827 0.056361257094217
1.16015273256965 1.22198821124099
-0.289710576354884 -0.0184696548322392
0.680538289466482 1.07161098643866
-1.66088935307532 -0.703195653114852
1.18564456951566 1.4801848676554
0.159840998469776 0.771063783481678
-0.0665506702694203 0.58893837390067
-1.24004423448915 -0.509717413188744
-0.210686262572462 0.479222669265887
1.68112172687821 1.09128324108853
-0.334645664776155 -0.0640711864625891
-0.780889932498498 -0.22038189062206
-0.63560239813556 -0.168770275580733
1.60834956515864 0.759242204776114
-0.743488158198332 -0.435611529232544
2.05602365938483 0.913955261345733
-0.203550477204387 0.589380007232585
0.107336840190284 0.824608734215941
0.0406564649167735 0.793905868681886
0.452642237200563 1.50793400855979
-0.696193391896209 -0.21332410206108
1.65834364290672 0.983200856334038
1.94379825577804 0.95072119254261
0.324440414106136 0.83221356038707
-0.845112485137803 -0.447000489708188
-0.931819752067268 -0.285865864068095
-0.0822493379657822 0.426013394879941
1.43229907766963 1.0110722184962
1.17503461158961 1.11273721918627
-0.618184252919619 -0.538903129060566
1.49934961463213 0.995334834807921
1.06281151329545 1.24449986743254
-1.23720972318034 -0.352064235575151
-0.861779132161482 -0.041054975540734
-0.577048334864723 0.15966169698252
3.74247326622414 1.26976678167588
-1.82711281418221 -0.837766220772678
-0.42286559598379 0.262620255298189
-1.33040587827325 -0.817783135365982
0.96890269204604 1.29179563776688
-0.342638025089237 -0.123336431756314
-1.49042925855357 -0.967462434969007
-1.27389733085068 -0.374330198265979
0.626717237699607 1.12604478128995
2.31112673503939 0.514145368065021
0.0411326226281882 0.515998210994145
0.140834704347203 0.481612368604839
1.97848532943008 0.962954439755884
1.35203133799302 1.20747047590856
-0.48643211810464 0.187072733547287
-0.623675381087395 -0.151110833086013
0.942952833114901 1.15637667885306
-2.15495041310967 -1.74014810968139
-2.3757456966859 -1.04208346196217
0.444021017080768 0.762793939182021
0.146124877385586 0.901473231179393
0.672045068971522 1.53393186338965
-0.21201892051506 0.218491580449516
-0.156759869067773 0.716371952386608
-0.582872901883704 -0.189000801058915
-1.78562130550565 -0.19842945541792
-1.24959786721161 -0.850359347016618
0.344156166912768 0.85696072605419
0.665218139637016 1.4741124723596
-2.38374896647742 -0.919073150230523
0.16537445338378 1.10540725042075
-2.54030113817823 -0.827977070597209
0.383219244202492 1.39405595718288
1.75411620086687 0.875574269344299
-0.75674270652991 -0.186717246931801
-0.496990171887039 0.123151510072868
-0.341371870638667 0.759061361009056
-1.4867405307248 -0.945541019899478
-0.422395490239166 -0.20026862654207
2.00557827448699 0.99195594117863
-2.40852481998415 -1.21074564987811
-0.96999263741125 -0.123416624674437
-0.102288167420837 0.342195023195353
-0.167113750763184 0.348000240441117
-0.637333469138646 -0.545851401572582
-0.429172260151047 0.747249081398647
0.716799470077592 0.797260198541011
0.237351469430431 1.03915995824305
2.43347434325357 1.14293336692582
0.169957600729881 0.920260540842507
1.50857857075025 0.589766914758519
0.242951472854479 1.02095539288759
-1.05517937402431 -0.237441940194065
-0.198738232043726 0.327995424893793
-2.00961986464418 -1.18430378596718
1.64320801402936 1.46646666337862
-0.490527162502471 0.304662732025303
0.994743619913012 1.36661670198779
1.09352389587327 1.48002717479286
-0.725781782066506 -0.131724648869289
-0.792895169449683 -0.453510104440022
-0.959383976414255 -0.460144516518785
1.49555808571178 0.643345760632495
0.549871152262741 1.53400716315782
2.42061060371986 0.940950229217296
2.32542428199973 1.08525328734096
3.21095245975316 1.07834558124557
-1.15489502323652 -0.674578443188997
0.371327914662446 1.30717095066872
-0.521298905399239 -0.264232103131965
-0.737849388726632 -0.157947420561708
-0.123467612483311 0.233573109698908
1.99491927918254 0.347573487174335
1.9560444570545 0.752861218421333
-1.00570470870316 -1.23239763239856
-2.14768975481673 -1.33795559946049
-2.7722674610726 -0.837526279128954
-1.06836209454334 -0.444641378557788
1.67344057099568 0.941760763514276
-2.29440123622671 -1.23733711314553
1.55788168579484 0.99789326470066
-1.10928504027521 -0.154152511342336
-0.347690057563935 0.185125346744112
-0.614285977800468 -0.194926340422365
-0.929429853859554 -0.711735722996394
-0.479519814849535 0.506955760891637
-0.140729340896117 0.634577547695114
-0.441246655253413 0.00317358284715689
-0.466947491451474 -0.203390206618399
-1.54058872069123 -1.05432781548569
-1.89205792155542 -0.839273613073108
-1.0549769718109 -0.627087180840472
0.94639838989167 1.39891621406633
0.279281225904442 0.943739064430468
0.112448641174763 0.656931907315255
-2.59240770210273 -1.06402652897021
0.127075437736652 0.433292804674542
-0.490804252200416 0.453941874754899
-0.92511853047136 0.41437355248239
0.26931855177028 1.30158989785105
-2.66324462754781 -1.28942470345632
-1.29141071946057 -0.628600416908222
0.802252669922835 1.7327572370953
-0.37035856949169 0.0452915648240034
-1.49381509447845 -0.731233585841634
-0.830191144595298 -0.206859790575254
-2.25461866696538 -1.13193642681507
-1.32459907430058 -0.653099205842936
-2.00827837214804 -1.0505034424452
0.204902246179792 0.742898035764951
1.38250738285338 0.817218665855863
0.938976827080022 1.10776741329154
0.445639789617312 0.801749376236832
-1.08138147763592 -0.437451744202875
-1.77983353907574 -1.40174889903442
-1.30394570172335 -0.688166140147012
-0.687719857391278 0.0417162796392748
-0.364397407895754 0.320638554046555
-0.217822073113201 0.566610007390897
1.6438441637375 1.08376173928026
1.52060004428221 1.03259919964147
0.170186652356622 0.872894062697097
0.0666958202458216 0.598997804613781
0.0379415744150576 0.766094423146257
-0.0518774299328681 0.921213098486356
1.71191678864879 1.3413106769617
0.258225596490603 0.712735646933424
0.932546812453309 0.982652750072385
-0.230066934470027 0.70476935971755
-1.72868216965311 -0.565941974002426
0.236345188359189 0.708035936456501
-3.22209903716963 -0.706046627111224
-1.21650917174528 -0.516531684672517
0.567005995013406 0.563745769259512
3.08570156078061 1.09723586282159
-0.103347369956117 0.904056819184164
0.95694960604967 1.33398898074904
2.03299829321309 1.09072328189103
-0.829117164710368 -0.286605823228005
-1.95718089269005 -0.932566806422277
-0.222456844374885 0.0908650819570608
0.335665758143919 0.893681300089891
0.243812319662434 1.21628162022745
-1.18561010119562 -0.438948679917386
0.974992433554712 0.995123922792296
-1.54189032669 -0.590023209241045
0.0834303438307282 1.15095650052003
1.39904076907777 0.815650556323157
1.75701903279595 0.587929139935763
0.945499233738235 0.95558482254708
-1.88019789167859 -1.19282043521829
0.485945050256315 1.1716467485227
0.281887258696087 1.12924557424022
-0.854840701972155 -0.558867464580993
-1.74948233774142 -1.27282442914393
-0.368848693761093 0.560167688542671
-1.36446890819426 -1.05613747606878
1.54083245036232 1.53437325041436
-1.55000348974454 -0.800841450880056
-0.482928665106888 -0.178902569992905
1.39299186349702 0.980283188626045
0.942311675291767 1.02587098998974
1.63244800374745 1.05145129552876
0.562050823376682 1.04369113319019
1.77359022144686 0.443120479996031
-0.78747311078055 -0.284613520765
0.331534103627842 1.12985108012659
-1.08215762720635 -0.47910615165044
-2.2752962715717 -1.14656490327712
-1.68439889011406 -1.11853416432088
-0.537741531456313 0.019542060716878
0.566315641004527 1.30641354885521
1.92395551302659 0.859628652887198
-1.07075363415912 -1.27020401303837
-1.30194187649875 -0.723835152601481
-2.08618461375509 -0.712748561398144
0.959105841289491 0.95063473407602
-0.191095098522438 0.32283050274655
-1.97007668451614 -0.788070789526707
-1.17323192446821 -0.500341815387841
3.56646936438677 1.22243677636951
1.30399766817956 1.13493133901685
0.525833777228352 1.43617027897841
-1.10846627590111 -0.552917287319203
-2.05058436680244 -0.781177687828327
0.51374070947634 1.35355486603418
-0.484568319860351 -0.304080362201983
-0.56430267899094 -0.469512512017317
0.272154776942101 1.070736422584
-0.247208517224271 0.599825529461709
1.0456042291937 1.21378342199792
-1.35764449544365 -1.15528994019433
-0.026497344084175 0.737537614906883
-1.65450883880228 -1.30482418825803
1.30685404509673 0.73212904215168
1.38366329437581 1.05573099045839
0.96990333870019 1.31981803428591
2.17621219189052 0.604761678051018
-0.113974023680193 0.739093845497432
-0.598975366901784 0.040813294987161
0.601855361424343 1.19993033927054
-1.82830185234102 -1.32925855254913
-0.81830375838972 -0.77610941180129
-2.79404564938903 -0.840688273134064
-0.610932744619868 -0.0887750154712802
-0.443046252682694 -0.289632106391792
-2.47038196357077 -1.44397176981386
-0.717212258199005 -0.166433460415709
2.27615991186414 0.552752976738772
0.295171644655423 0.578243184982143
-0.286316184794222 0.0877123753419143
-0.85076800720118 -0.408914341445173
0.221379967717157 0.842852745437432
0.741663476976734 1.30555894608344
-2.12135906744534 -0.826002913529182
1.18988637004418 1.076291565239
2.22264103569327 0.768994740653119
-2.93357042561944 -0.634729138967627
1.14147317851136 1.4017529980439
0.246715370399673 0.654998454938375
0.266336414726344 1.17557550783992
0.329663588773232 0.767644046108289
-1.35380835850191 -0.672102283270225
-1.1646503361559 -0.682568794308269
-0.102037314512411 0.676535549925509
1.28215587076048 1.05995212884596
0.210061426891906 0.925816223601449
-1.14855277393477 -0.462640217851735
1.28277829587733 0.799175607154781
-0.76138806234236 -0.0361687522166297
0.382503632947588 0.786137420359685
-0.593128022964973 -0.624551581686827
0.685525529908087 1.31256856887883
-1.63528566359074 -0.902704058454402
1.92663037975314 0.758317651316711
-0.90869794825585 -0.533772410728204
1.4287357668926 0.951092325168326
-2.86832052972736 -0.431665747297945
0.646503809747578 0.768103411845052
-1.68243065565315 -1.09802859640213
-0.24512672974959 0.299179524446038
-1.5006485231849 -0.739086016520869
-0.743514225545062 0.139718425002231
0.404821682363408 1.12506619113492
-1.67995102947169 -1.39727075208965
-0.846848070373278 -0.482593200634533
0.692312699170842 1.07320385692321
-0.385506150922593 0.267978127606944
0.619984731330767 1.04833968196768
-0.164232084309432 0.242405826732755
-1.54660735423888 -0.699743586943446
-1.37484610883703 -0.69701341644621
-1.42725343090557 -1.07359808411097
-0.220777845485231 0.392716543504588
