-0.76135789354315 0.721720765668268
0.819365958519494 -0.681659048002801
0.195151812548848 0.390638049392
-0.566222197907774 0.329286946170041
0.369669203833552 0.230963380021079
-1.18226121484631 1.33295437462118
-0.708709047035929 0.660114828123758
-0.510424440269366 0.07289673355462
-0.074870102735009 0.645727981666611
1.42512392531256 -0.97245031895806
1.80588311611617 -1.1850440645694
1.38415934434812 -0.759271329957645
-0.474463905478363 0.730596735768507
-0.0983656930412596 0.277881156828908
-0.122831622144206 -0.0348150509551147
0.272970822418425 0.277341499398719
0.611131963989933 0.0338755029619184
-0.913001026434729 0.932799690033689
-1.61978165895267 1.42556371764086
-1.2225324302867 1.17908854563754
-0.313007756351076 0.192159492010507
1.66756378926904 -0.926859192518176
0.328849564974173 -0.0184418748207964
-1.09884570749982 0.583783960095754
-0.531422152166691 0.367007867669753
2.09961599899945 -1.21253675953184
0.239812861404925 -0.363348277377962
-0.717546345073746 0.804001040112273
-0.504277509835423 0.531356333702219
0.103576829136055 0.491435140321216
0.540634593434283 -0.369600108785405
-1.44016806028872 1.53482419758501
-0.486552672465526 0.266358703662208
0.0247283255949476 0.364355872571116
-1.48632132214456 1.24174569164943
-1.22201761771981 1.08138276592346
-0.531052861297925 0.419578286582372
0.664794748362988 -0.189774248340731
0.0439254388070921 0.548594831062996
-2.01138220934826 1.48447955067803
-0.357382356687016 0.618503070959058
-0.731654068460182 0.692477142955511
0.2899903550414 0.286376725142055
0.175172318483994 -0.201563328952051
0.635561488334428 -0.236619009756664
0.956406005551345 -0.340473937735535
1.67526355549113 -1.05252075978938
0.246386434078823 0.0820338333978629
0.484124717899705 0.357453655009736
0.958495625137703 -0.439382878290191
0.298717498232499 -0.0280251866481502
0.699100479615651 -0.0923657478246604
0.237690691446134 0.144264291386667
0.364752058296008 0.648826258735663
1.38350573947139 -0.528115687073044
0.444610378090535 0.661434565080101
-1.08421887945047 0.988314362493523
0.38253591913767 -0.0595154500615758
1.88208058249466 -1.04736305463361
-0.911674005253122 1.30196930379345
-1.75877728707982 1.86972776782407
0.23216458096754 0.0596342751409438
0.247253466703246 0.323957490078118
0.479672372845352 0.0814653485335378
0.3749996594998 0.108061122031114
1.52400224593863 -0.590021175352004
0.051967780542143 0.286518937293713
0.592804231130782 -0.280680174053755
-0.773298389455678 0.997038735812627
-0.665618002798882 0.527442802617162
0.113297198878539 -0.00818480092473128
2.39813999316454 -1.06824109549879
-0.352820347683921 0.929337068333892
0.448604200553464 0.0950864922554571
0.820882229968944 -0.565809154120095
0.620115315901104 -0.171933989416199
-2.0898807928515 1.079795618245
-2.09681000898603 1.32384167414977
-1.95055462766465 2.02120470153627
1.36143446078556 -0.68640266499402
0.469358390123229 0.268967206862379
-2.75512064384322 0.426279487125581
1.66317181001177 -0.594319968332758
-0.617660874890528 0.155697031116137
0.704383502491982 0.115195159471954
-2.36066221553558 1.44854554253661
1.26783802058851 -0.848867402183414
-1.6171866902049 2.02378256007351
1.60869362105455 -1.18787130473934
0.243043789080775 -0.231216199571648
0.405150443052373 -0.00681278141346578
2.86671493113376 -1.11817604195528
-0.453846786935691 0.58454218800935
-2.1461294582558 1.68886464362588
0.509832589455582 0.148773785389916
-0.318032733664812 0.531547340992912
0.863464699433137 -0.211802883017374
-2.70501486196241 1.15871103333163
0.597996313681645 0.437834765833372
0.881429807193968 -0.171723899580814
-1.63709471779012 1.26442939329532
1.13354796097602 -0.331467748073754
0.625957785020993 0.219568526899191
-0.223511644892196 0.273558155497679
0.28183912192206 0.137435317905598
1.63194169930732 -0.949776844282965
-0.167365732258185 0.270915655272703
0.369991359499839 -0.132154737994948
-1.21019773629644 1.28546906000261
-0.153859425032283 0.279161631553376
0.346465678316186 -0.067689321461651
-1.30040127965042 1.25216754141622
1.23673552114803 -0.686576405803038
1.52056829919043 -1.03376344298472
-0.93026190429981 0.665954387602408
-0.420021282530727 0.717659624498076
-0.536005293837955 0.808936690253305
-0.11714922851417 0.350264929962711
1.44695604198134 -0.78510477530819
1.77616875187444 -1.23943266265722
0.705347821652744 -0.169179343617972
0.96828915069082 0.0116858950175293
1.11972656846653 -0.586420493052142
0.0510355558853544 0.131417508862621
-0.241376044442909 0.922456320300129
-0.239485387225169 0.832680199506647
-0.72964458878201 0.610221617706774
1.08150681128571 -0.2341451432402
1.07126346816542 -0.464330385033891
0.932862806456409 -0.0880831970086043
1.82677917505151 -0.686998215405034
-0.0319873418713227 0.220361173210013
2.51595225788278 -0.521314394251231
-0.779216192368125 0.557012077387578
0.913906938216097 -0.331099839469388
-0.867987616866208 0.725463421418835
2.3454294247583 -0.904156437929118
0.470406858203199 -0.0532996657790187
1.0026148909609 -0.417840797269007
1.99421810271195 -1.0422597092283
-3.05583854321682 -0.340231014238158
0.183922912903774 0.0180498528135996
-0.444465404074125 0.210758908459596
-1.42843505853341 1.41078188491678
-0.653712374215285 0.863463355378778
1.34345653511512 -0.432707203360888
0.357926298408956 -0.0883091591488221
-1.90340357163547 1.86532780301383
-0.422376418525681 0.611216125489209
-0.647198285750211 0.44530496720527
-1.62456819223394 1.84466518105024
2.20683749315187 -1.53633347740929
-1.75005525454804 1.16169036543177
-1.02721998089425 1.30920869369754
1.68636664062944 -1.44344031428277
-2.63614862084433 0.986591211071872
-0.300753901652482 0.92561469643675
-0.589116822921805 1.2676174480367
0.805901369252919 -0.181936836624065
0.360477973028767 0.135588931492619
-0.0382920165300372 0.329852417757119
0.308809286780388 0.720248970150454
-0.367953953630536 0.615778309460983
1.46477926352612 -1.21553735847252
-0.402834275314647 0.363453238290908
1.02310814138132 -0.972650607352866
1.16492854539733 -0.642437621203989
-0.95608778890435 0.865296954922677
0.597935287423592 0.003360533037751
0.469605230788448 0.0919319415656321
1.30183323387078 -0.752007556146451
-0.239625542927608 0.701229309158241
0.582914017815583 0.694159258827577
0.293854693060254 0.541544695168824
0.507178267260978 -0.281907539942564
-0.64901541158426 0.822336628018729
0.171511532199306 0.359036919001413
-0.223122577516089 0.197959851573086
0.362572811996992 0.26848621936257
-0.7735080062321 0.77940501305067
1.93325293130232 -1.09819586686877
-0.609524622887139 0.579378020334405
1.85482883834436 -0.939228279447776
-1.56271785546864 1.6195634257315
-1.71938415564602 1.36261545464668
0.960361720235965 -0.316120194750157
3.08863546277908 -0.461919640845912
-1.30614928587934 1.53632320791159
0.472390723866647 0.223586998430926
-0.41116647012772 0.8538535017543
1.20453906566814 -0.676098913405058
1.30989691436624 -0.765472116507585
-1.66727267104409 1.74599090183483
0.144772599688315 0.62014977971867
0.139291943373228 0.249280967351607
-0.541591704814127 0.508557501618915
-2.18059401849273 1.51528364676855
-0.508846605456191 0.525661457412585
1.30647859578401 -1.17834040627779
0.489591407578822 0.334062918046541
1.68738608708382 -1.12630488435327
0.414095974255616 0.606463719784413
-1.20493597454256 1.14612987233481
-0.672460985993836 0.779902669121596
-1.30577444621854 1.61601516601897
-2.12304235892425 1.70490866804265
-0.0949888120413955 0.521259759491519
-0.655374884819289 0.445137236829977
0.941429992725046 -0.538204860054192
0.214148617676616 0.586751737400884
-0.198858412637392 0.411173779323106
-0.449631914640914 0.603189119952342
-0.111097905857675 0.123903551416057
0.527742058292424 0.334273974272773
-2.43390620106406 1.21073147553968
0.21634911626499 0.389207058089794
1.27878004183606 -0.710595846244115
-0.433728505582074 0.386719139131726
-0.632534794010543 0.677777760887897
-1.69053599457521 1.68861073260527
-0.302027960424935 0.235732918205325
4.76298118290522 -0.314718652849618
-3.80983440292875 -0.753334828127116
-0.676590227863427 1.01579995762458
0.459795923613118 0.263806301053274
0.151580163121503 -0.146716770816141
-1.91962959570496 1.93528351928345
0.920656931359228 0.355400093020491
2.08173448211913 -1.06590594906828
0.0570402508948938 0.558025802360917
0.73542558964374 -0.0323023227012024
-0.728810475861157 0.963138765901211
-0.94522314595063 0.980406250374259
-1.25383000637516 1.10821792391307
-1.56838902793483 1.40153081869914
-0.442943708370545 0.448675136086925
-0.331993580746388 0.556332999691564
1.20886582696891 -0.751477289625702
1.71700840199892 -1.01780665762506
-0.140515065406784 0.382472258793113
-0.612269138709202 0.228583070871547
1.70664659147839 -1.37882068069777
0.354558087480936 -0.0733166789071006
-0.866282689836464 0.755138534935156
-2.567115104763 1.2381569877163
-2.10785088718231 1.55624830916717
0.0803353877865624 0.230274901770044
-0.536323701162374 0.651549136643846
0.262853585526552 0.446351650280935
-2.2818490490045 1.42387622584617
2.15951163988721 -1.43748658135331
-1.466524393425 2.04396196811868
0.401390528238428 -0.145536567626788
-0.643279568006848 0.832713661842233
0.302531585085363 0.00445347728469697
0.676504413004441 0.00900342816139343
-3.21498320705169 -0.444743344580929
-1.23790105606899 1.18865952526138
-2.25221460685717 1.82526433436638
-2.73430309976524 1.37314551115526
-2.2075621815541 1.36011344404592
0.894928995266384 -0.0704472083893029
-0.823218394336405 0.84596848239982
0.681824353375994 -0.218169930489119
-1.36158000168616 1.41554350437697
0.0814614639235845 0.292043320654758
-3.54512918805792 -0.294104152683116
-0.514051796571267 0.680092244354311
-0.0906302292208895 1.00430062030283
1.24647207152586 -0.541112642546108
1.14989115005352 0.0154909333504836
-0.975490573936079 1.11498204453897
-0.520513785267148 0.489820343185813
-0.509110354934317 0.632878627616705
-2.06242010504474 1.16235849892933
0.0335565631266052 0.491362649850688
0.867748635258217 0.123171434565395
0.171344866656265 0.672304656608661
-1.14330002852778 1.23718159764662
-0.344198365504018 0.575435922395312
-1.41790632491086 1.20502164214825
-1.10147590377697 1.11930288750552
-2.24414137277964 1.69830917123466
0.745510712888855 -0.332645303539884
0.107291864377078 0.747817356232495
-1.72813316494968 1.8602219981488
-0.575026916977339 0.842697616777314
-0.177012279203817 0.513844247796286
-0.515224614548257 0.136142735680803
0.435461356488011 0.56026501796972
0.120327667472313 0.223098260097239
1.60327717551567 -1.08534314502464
-0.162115019783376 0.453363394699482
-0.58834758281707 0.46554944995334
-0.999170098356637 1.45259538247173
-1.29139436536381 1.54687806015991
-1.13525546148956 0.780573984110098
1.1652017043971 -0.85033492992202
-0.320306231071501 0.471183968105726
0.191058493458358 0.121219751713711
0.260941361063201 0.35895940851389
-0.138621817096985 0.346504788226461
-0.0284886593562651 0.780998037503243
-0.369965316258454 1.12717315817484
1.03520805132276 -0.509145618108642
-0.537282583304238 0.566968038972518
-0.0601840249118864 0.00634305273798491
0.421965830694951 -0.196643504187855
-0.989289351105881 0.868238074213932
2.64800893405183 -0.473286594905675
0.470544241032419 0.176382186142874
1.22000768831789 -0.760507476666555
0.707915481341733 -0.357229895642922
-1.51532598476789 1.63787126343837
-0.216436785442192 0.972193699119727
1.83409522664884 -1.34204129762125
2.26511724060432 -1.15333020018006
-3.32038641313509 -0.127968373282127
0.935335329382348 -0.0614783068783374
0.0664471434444691 0.413831150759811
2.22651237116743 -1.25049609919817
0.264900705908189 0.149154413977852
-0.576546978563897 0.655448464121734
-0.792552443080628 0.835101935143732
-0.0666860121767567 0.300084352924388
-1.25880415612628 0.927981853466811
-1.18635876505959 1.92773094223381
0.713320954839917 -0.253851219070751
-2.51648054473797 1.52569517795865
0.948271338433102 -0.656881705637873
-1.75244792490668 1.91295949593344
-0.324081734662977 0.560899609519962
-0.400036724410965 0.963274802680707
-1.13052061197598 0.694264186974535
-0.558244100186229 0.830875512603644
2.33770473529328 -0.851305785226282
-0.751279209811405 0.571112136350858
-0.309698735207289 0.306111299674359
-1.39803023776063 1.4951828224376
-1.37398588288335 1.11817612768654
1.21937298144306 -0.618546649480379
0.264583098350882 0.3433260763844
-0.865894385216838 0.984220861130346
2.28254921656905 -1.16665587969816
2.36457831167304 -0.936557071234045
-1.38727708311521 1.43831708306745
-0.0551256051115583 0.637196268611074
1.19636114699656 -0.0017818452334587
0.814891113526907 -0.811905205500887
0.511150307269193 -0.0843708033041566
3.13852732439636 -0.34334276775429
-1.30729989190391 1.24199362554596
-0.670075813077327 1.02101532262085
-1.31558128557071 1.08525551994907
0.281381138836803 0.07619178861732
-1.42265928101654 1.51798132293111
0.394664185953898 0.369403436128427
-1.24113386396544 1.38606192133914
1.85008999062836 -1.38079121556034
0.0589835740953058 0.187761884293471
-1.08603708749408 1.04651589805571
-0.538743181807682 0.618322804821709
0.944747442648743 -0.313269992930743
-1.18146598208849 1.31739431357615
-0.349134715867363 0.498289030404831
0.435755505218626 0.144443386579955
0.339433429425588 -0.0847678892547907
0.622763705522555 0.120658680821162
0.16189369110469 0.487501348128652
0.757518806789868 -0.212803422674285
0.647518741477258 0.0146972697785964
-0.386852535280965 0.545610398584752
-0.0664631133594737 0.168861807741903
0.571156740501792 -0.13489351786878
1.1832414719358 -0.626914610015314
-1.11168178795079 0.905835337611176
-0.800626235513402 0.593873932017799
-1.26442419586592 0.87467491987232
-2.36560568005618 1.40903524539094
1.8199443670274 -1.2938273156434
0.29666622763131 -0.07690434845235
-0.874330954399976 0.951278577002172
-2.256983097937 1.44151351660267
-1.77147024039473 1.42479778459832
0.133652249488493 0.273581280914605
-0.573740251090986 0.130422437239765
0.641450051579721 -0.307942794300181
-0.631990459851507 0.655061983593145
0.378048876374837 0.194964912122301
2.12793814500364 -1.24200206616085
0.851987200692436 -0.0396454744061993
-0.168926859283382 0.211215944801208
-0.0390344911179813 0.260256415213904
1.12018552324833 -0.547833641116221
1.97950917219432 -1.50961663320697
1.19402586983662 -0.673527099647337
0.892331213846214 -0.154481372128639
-1.44048309146386 1.59002355123172
3.00730278755868 -0.560566911862961
1.31760728479419 -0.529792218300864
-0.85318996532343 0.513760808555287
-0.229918319343059 0.446674734527979
-0.685787325309482 0.723743837607126
-0.0206953346075614 0.429504288069666
-0.947470854927095 1.07253111632802
1.75199822545062 -1.31686095961442
2.00811622501525 -0.824646862735768
-0.920163661494526 1.23000763645519
-0.759869123156555 0.87117144345758
-1.19860671694478 1.41935956309426
-0.494295477887157 0.855672330544536
-0.239217121549646 0.463153068982798
0.0836094237675382 0.560201175588921
-1.75426242844405 1.85708772869001
0.412237762648723 -0.0351787859858624
-0.729277703345411 0.623826222908812
1.75820530110015 -1.08517192917248
0.298999066197863 0.225711133319267
1.48906193323714 -0.442469847440663
-0.27695475802679 0.327015812752706
-1.38124438317425 1.41560112925053
-0.70974881814286 0.393725746331924
1.21934323933852 -0.721363395457976
-2.84912543043282 0.882769752065015
0.135804218611682 0.628874178944244
-0.00156669470977642 0.234248835118288
3.20067218678445 -0.768803299945846
1.02603270258097 -0.557522659341904
-2.55920431416137 1.05904570705372
1.03362080013548 -0.433661939715417
-1.11683038793962 1.00743203795248
0.322642001188518 0.369970113863407
1.57238469697181 -0.840722895923382
-0.953226647624899 0.611861364219564
1.84931849035425 -1.38265013246855
0.0685196721799345 0.623708607824791
1.40074363764134 -1.01844795909383
0.106075028524924 0.550016984800127
-1.58998081063177 1.37337656590918
0.00856294839940057 0.387394298930346
0.801056709257671 0.0356451668888209
0.532588121674534 0.0678176065412546
1.52250806508094 -1.41360981571101
-1.15195694481907 1.20357309888198
0.37801992139044 0.2475664170479
1.57063942265577 -1.0846706828192
-0.239282595855505 0.561540361900217
0.567371966132216 0.204536916206535
-1.06375736275996 0.744969146149851
-0.635044385510693 1.05783498320931
-0.982685488012086 0.602542274843144
-1.88712046152691 1.20433519481979
0.0808631246677555 0.559590409011705
-0.3864400189964 0.624460914814459
0.333755743357575 -0.276106873592092
-2.53536154805733 1.05771035579554
0.512263303892282 0.0498369995298582
-1.07738018196001 1.07915093785162
2.30273396483322 -1.17633601365327
-0.430611439808317 0.425948805402836
0.623418719908486 -0.0512256265408314
-0.275141794854769 0.565576401413322
-0.208729303770541 0.266806598772948
1.11727257690816 -0.389556822537243
1.53401749522192 -1.36785194210299
-1.11253898737669 0.809937250708055
0.383849796314677 0.0944932400693282
-0.794134627603066 0.51094244377061
-1.43919552020166 1.39336615674504
1.2070616176739 -0.251136329034142
0.908520560318571 0.039908439568496
0.202497138161084 0.192987946795532
-0.27832819522021 0.501798176861048
-1.45699202190992 1.42377546533298
-0.340685705178477 0.414947305256657
1.52160148895894 -0.765387667222423
1.53692477024491 -0.655069469188885
-0.951755946115571 1.38931310778785
-0.461884236237566 0.35603406391158
-1.31020853850513 1.29611381438414
-1.69115830023996 1.88071814311205
0.994669836889537 -0.255575548156283
-1.01569466618632 1.18389890809704
0.41307775153584 -0.227293756942821
-2.64870567953672 0.960803774674253
0.499243984893198 0.13206341694696
0.895839419172701 -0.378496213921853
0.922299779965895 -0.494078772237737
2.33462321074119 -1.20427361431227
1.81101650836535 -0.946867662826199
0.0836588716044373 0.387350776761884
-0.926784208034986 1.07824797787295
-0.0169971747749804 0.49696303749766
-2.42769076687724 1.39916954593207
-0.874019018334517 0.962896933470274
1.05478112717713 -0.903773712897342
-1.71295997215112 1.59710477517217
2.29202257627415 -1.36841546628727
-0.798311117701339 1.04746236584041
1.45838054462704 -1.18469208468425
-2.58731552009781 0.980321133134138
-0.471683210932186 0.726054618807557
-2.22865333488273 1.76418338982397
-0.0853927106507342 0.613285707040541
0.0856371388478973 0.712641256511274
0.361059547670226 0.104434704263715
1.35654018424747 -1.05637810512339
-0.749157111578538 0.540813614762128
1.51857007555373 -1.04799897957437
-0.365306640867468 0.30203906167879
-1.21886730986398 1.1899294805484
-0.253312190361104 0.630861685910663
-0.144896877728964 0.187328883277224
-0.978311843936763 0.710262645892847
-0.837241279177976 1.25103599433466
-2.14343606579218 1.73496082314133
0.343494899438098 0.122632352815991
0.39071461932706 0.255140491335609
1.7696723842339 -1.35482299645294
-1.54518739890648 2.12714050135666
-0.756167048828327 0.492641985204226
0.310631492679516 0.251474996949789
-0.70387273197711 1.21594938704229
-0.200588024939134 0.686973304111963
-2.30787817935271 1.63583540079184
2.11582409751654 -1.14620991877715
0.213871646690568 -0.011470447582636
1.85473516672915 -0.807882550575256
-1.83953734476922 2.08583057780052
-2.75265548299736 1.26597084805518
-0.244870719731638 0.603571919070785
0.709997965685032 0.0659387814355967
-1.44538632856548 1.61597411795105
0.0914533362810236 -0.080212622837373
0.811446199546197 -0.248313374938317
0.648883289190586 -0.266968019556504
0.436665548276529 -0.203492351501925
-0.611559858271798 0.924189660158423
0.413854584846065 -0.138915524757914
-2.65956344492113 0.845468841131201
0.944051893361996 -0.200179180356362
-0.516407162226904 0.575760793193347
-1.4843078094702 1.15824521096037
3.15666292681221 -0.584263162935214
-0.0802379656107896 0.583210111258661
0.297916844003267 0.468241766434409
-1.17724156045205 1.0347859968066
0.513558115165156 0.126314495816491
-0.498327494782564 0.482244556874419
-0.732677022682354 0.830000888882749
1.37179261090325 -1.07430912322757
1.01007276379296 -0.797303388240059
1.12625999422291 -0.373908958232223
0.285563319664596 -0.153323345311801
0.590252182690004 0.346599949255616
0.196941156844651 0.0881385244174851
1.2226250223163 -0.724721013722921
-2.8918205070164 -0.03291290019446
-0.758516964397348 0.655256148127083
-0.941027158904105 1.00058079459706
0.40106967237221 0.200415704181559
2.23184430905786 -1.08295020999104
0.14152712690614 0.0402120646575331
-0.341955026142589 0.278349794214476
0.839068005106542 -0.323828497083021
-0.859738050982538 0.582140367795775
-0.303962783187599 0.458889279703484
0.174758039132937 0.29386938902267
-2.25770077694844 1.40045701117923
0.167591532729424 0.214365781885799
-0.429853659674234 0.0409676173714245
3.00365718812805 -0.907732580814604
-0.613881999167297 0.711491512009102
-2.8248058392339 0.830669388027578
-0.677931432846931 0.829748186061648
1.51430344967606 -1.00706215139663
0.0286577644477331 0.147618090252354
-1.40328186346451 1.26519305095012
1.05970411220645 -0.781134666704981
-0.490486746315859 0.343610433668742
-0.914246017551324 1.13584887145163
-0.212879034422138 0.554704134847527
1.89395302133134 -1.60046418412681
0.612098288248025 -0.25979574083746
0.935999283932186 -0.193450562030814
-0.277339321509201 0.415604654370123
0.600515176479719 -0.339371183209127
0.0800813551719585 0.159031964876019
1.0062403787614 -0.657269703794105
-0.457870583587055 0.620674244298034
-0.0656773019086821 0.285414970758253
-1.90049268644305 1.74942276837864
-1.89394374932053 1.82439225953827
-0.0220627026260589 0.233180937050106
0.352792397936938 -0.00491536654916405
-1.12451949533025 1.29760147160233
-1.01840486683251 1.4195303805528
2.87734837217976 -0.644134740217587
1.84643002551162 -0.817968189901867
0.517374015442337 0.135138973222086
3.60424542611409 -1.08934665757862
1.502816678294 -0.763431973174339
-0.844926761580718 0.723224664199937
1.53346051404941 -0.978573640761612
0.710472753126831 -0.391385582688266
2.80649071044291 -0.957282806732797
0.406332755712543 -0.00263715281943953
-0.330439826726362 0.397669918192657
-0.295679320593514 0.484515332901669
-1.35048906452169 1.45221239016756
0.535816748936566 0.079296661869764
-0.775759773597899 0.343829504262023
1.81829677847253 -0.560110409610694
0.793400696615842 0.116680584525602
-0.493361223054945 0.154790194365987
-0.658200202279972 0.838511247079214
0.32611413271897 -0.0988366464759339
2.1796889801397 -1.62604812188422
1.88118744261781 -1.5126376647393
2.2088583756299 -0.898633896625883
1.63154212692517 -1.41520947377066
-0.615182248902533 0.629122206023602
0.412702474132469 -0.2876839059044
-0.094242151594063 0.167723883983861
-0.125711514932914 0.604401865589167
-1.12856242134722 0.963211759992173
1.61513996502175 -1.3577012302599
-1.09151168942162 1.39130139139215
0.497630926158603 -0.418939602391081
-0.53698656873559 0.750861749735259
1.00551124639812 -0.18372347026118
-1.01113504151268 1.07376314268927
0.200918787424558 0.508981690175291
-1.07940011724808 0.508829321646913
-1.46169845740597 1.52507172038245
0.134878968507238 0.465176273051792
0.677272403157289 0.148134838994082
-1.17545994376674 1.35875136249628
-0.551177662242209 0.349538443773046
0.493863360683478 0.393160711682969
-1.72345223271003 1.58382947533018
-1.68675950134098 1.51652696198529
-1.39075229505281 1.42338497907115
-0.733475767081083 0.849953632530179
0.596972047587015 -0.129914385059269
1.77933500645057 -1.6758112703027
-0.312120163409026 0.495073668760277
0.10998786190065 0.122075732214208
-0.19082450675462 0.819579785595065
-1.25220109758514 1.51333860382169
1.52675247539821 -1.30006712619471
-1.15194993818222 1.27757403965231
-0.301308865381681 0.234946261986522
0.474227410982218 0.239484563039401
1.07926765518446 -0.516845937869454
2.58185393038539 -1.06159651042568
0.317799925200607 0.0666295081789233
-0.036668120192531 0.0779243627275392
0.100652309759986 0.351713188377811
-0.11403060412062 0.573661671007991
-0.31731839825259 0.314330628300624
0.314235917836745 -0.106534788452776
-1.33853633517562 1.37591418999584
-3.10543264892939 0.361117407756868
-0.368766310451072 0.473033010509153
0.0766447816135717 0.44782330309998
0.588344288325645 -0.0194905675924899
-1.04600317519508 0.534018482683723
1.09870466898556 -0.352275634787128
-0.00419038027559729 0.0363796688155088
0.402267459681765 0.262623158584688
-1.44168911064603 1.91243642554759
-0.817973064843518 0.888633798225094
-1.03643370964826 0.980903447672381
-0.249381675334628 0.551283704044115
0.583306792819154 0.503993425608038
-1.74334520441406 1.68308052690885
-0.434324913178866 0.488725514425373
0.523203125835297 -0.20123670827322
-2.53011175616997 0.990062126480466
0.734109158050589 -0.169199005056276
-1.96779376859615 1.93253507111311
-0.287356659988847 0.123946706324744
0.571626841109627 0.262334216424011
-0.288303465150158 0.235074425589872
0.332517368971885 -0.20134746610819
-0.769950288859283 0.28833679407883
-1.21525601381626 1.39761414941717
-1.43870407660844 1.43034480154903
0.610766869314792 -0.0897686111957738
1.10661909016781 -1.07221533151291
0.0934274097576675 0.132265148887129
0.90972994969472 -0.730324708734184
1.03610512477898 -0.660181592714784
-2.37230321023238 1.56867351369843
-0.821997267353281 0.797095363070853
-0.0573026691641439 0.52512309808741
-0.0158387501819457 0.548410149278314
1.24258926745259 -0.934377763465996
-0.527415710610838 0.68270031059858
-0.617039922742905 0.663062766066508
-0.379952211121895 -0.192180524601231
-0.336553167826233 0.40358861064229
0.0111809863274618 0.0809968699183748
-0.843068051671175 0.963856538181435
2.70470630057099 -0.884516650545649
0.563066004782573 0.104651012295582
-0.388170563202528 1.03169335692168
-0.579474036069919 0.511449343996286
-2.18855938659088 1.70832197208544
0.811290208721477 -0.481858962726955
1.61257410542511 -0.836450122051724
-1.56487985819286 1.93605171775822
-1.01339041366423 0.776418018832043
0.353407928287751 0.116357626730404
1.33198551297157 -0.88887892048825
-0.0613052437136982 0.500038619149926
-0.344038562946098 0.428098532727196
1.04621792226943 -0.696432938787956
0.934560667695135 -0.614385707880932
0.257344039017883 0.246469345970298
0.288663258240358 0.352882203959395
2.47629256569653 -0.565376615340763
-0.127181988434566 0.316140007211305
1.59226691211539 -0.616891914604579
-1.26842538253602 1.51075679265712
-2.27981672185899 2.04328860328907
-0.204111602009629 0.199832314672145
-1.08402387818467 1.25856770685395
-0.625088365301478 0.361936398662101
-0.571676208912963 0.353866811973594
-0.533029594579542 0.934758576983962
-0.117319517970346 0.46837695986617
0.178043324157291 0.4191857949988
0.200994177991498 0.361595742792068
-0.722178302837718 0.883386976344282
0.642834130611898 0.00303873308974684
-0.85140859927319 0.517334572439628
0.206525063602574 -0.201620397567706
3.08067404489917 -0.790893893656925
-1.20394691137864 1.08281768935479
-0.355749255378991 -0.0215408479359678
0.270549950581185 0.0661693441170626
-0.207906530372013 0.148473059450158
0.0672256537029085 0.191999283032199
2.46287838920601 -0.915628295242682
0.763393598536412 -0.309178012250433
1.29969197012102 -0.620991363962956
1.16202895909617 -0.288437686965526
-1.22724251628946 1.66866660519118
1.15602604342559 -0.768249693391066
1.21242955294804 -0.720852346762758
-0.348146862261763 0.370599851169288
-0.248168963384803 0.204138626182221
-0.73922772815335 0.654255843140558
0.436092436197908 0.158073924479155
1.58548092516632 -1.23437585412759
0.105453378576506 0.334701499540633
0.407150270798661 0.345622804300179
0.91725886496303 -0.186721275925626
-0.704722185150164 1.01893762795745
0.817500025083166 -0.0368330420222014
-0.460633306114993 0.356444711938479
1.32721188687313 -1.02057200112652
1.31669447623283 -0.759790776363564
-0.317956992177738 0.336562024486019
1.22963544010655 -0.653814426798988
0.207523745099648 0.183330445675803
-1.51921971786335 1.74032537121957
-1.12785644478743 1.22923754269489
1.70785952016869 -1.01025587450414
1.73147970047514 -1.01284776249471
-0.659919516791432 0.421473177217023
0.6918275491119 0.0328873589589853
2.48475540717552 -0.806885273908075
-0.113325271921461 0.66882641795748
-1.76795583870471 1.38932763676964
-1.48424256656837 1.75500440183599
1.4422840539301 -1.07415478447895
2.30808853951529 -0.931479059482362
-0.540819947960621 0.798039129623105
1.37558801259113 -0.623832078265692
0.752038438245342 0.0351610418689592
0.55765022389256 0.054724020233343
0.614623970225975 -0.243592501042711
-0.843195074807286 0.61601371585298
0.0972516367555031 -0.0919345466747328
0.896011222818634 -0.358447692491673
-0.155131866195759 0.689021801039345
0.487416396126589 0.185654752693767
0.774605673384918 -0.216089556246658
1.05593428763154 -0.666199646066054
-1.15948148545287 0.953392786181368
0.806025515415662 -0.303638109698708
-0.539602204593696 0.633812756921603
0.349178707248406 0.557375401656922
1.25312988999702 -0.50801779343221
1.17724891514435 -0.982179679956093
-1.20579902368543 1.05744607476089
-0.403147365207952 0.401627571863962
1.27804492394114 -0.635135255224688
-2.68733440216506 1.28148737639916
0.917243672087124 -0.295333541941213
-0.538180720046538 0.405037447838539
0.107457133819826 -0.231398382138248
0.259118311699048 0.104124070593295
-0.525019482386195 0.561771808162635
0.593205581185981 -0.00360318844234172
-1.89070025673815 1.81507942369184
0.221341295370037 -0.0874970878555183
-1.63253751984082 1.70887364207659
-1.42203125944639 1.39442018768646
-0.11071164678097 0.386829981941695
0.87568035376149 -0.149932583333842
-1.0731288869114 1.21008410352221
-0.993703296077578 0.805214355840094
0.352962377027378 0.0924364775089833
-0.276882696577289 0.259892476415369
2.17747917398637 -1.45903573681884
0.621596250117026 -0.27457881387883
1.12423919579046 -0.888374318708964
-0.153833513588502 0.545334677677597
-0.942239052629177 1.01881265016318
-1.56261465181878 1.77622771441911
-1.29624416090053 1.41007256514797
-0.0257849465860226 -0.152923162660024
-1.80338003965366 1.7815371977858
0.489042057255043 0.12286149773643
-1.70387489737151 1.4957517186726
0.367546337474983 0.114138198655044
-1.39404480590048 1.55568981823382
0.140540310179331 0.508837337941561
-0.410549649025002 0.174100067657435
-2.59947015219826 0.901019761275278
-1.67705845585698 1.56846723075551
0.949995473382612 -0.164242250105472
-0.792754219969269 0.790151406875083
1.74210374439602 -1.33549300045337
-2.48964868724142 1.00193804693944
1.07805563011447 -0.888053370247935
0.300723948300206 -0.246729542378938
-0.207726764140949 0.592125782037519
0.383164247581366 -0.0206054850423742
-0.0589401081277363 -0.116818142409181
0.969160393090676 -0.544446792717216
1.25883945192419 -0.738589345440148
-1.45937072631517 1.59979611593946
-0.716281261969293 0.822366647578422
-1.39479435467481 1.48795908456013
-0.848634257250124 0.832912336158835
-0.260809936080466 0.680441872034149
0.0236525860231257 -0.233048965688031
-1.75529049659506 1.63783576214489
1.28025641054622 -1.0218363496476
1.04270299420233 0.0247612759792841
-0.317419850944372 0.194520060673753
-1.94039324092433 1.35795223066241
-1.71242633756574 1.59736157855253
1.14841297285753 -0.348568153181642
-2.08496460277193 1.903113096763
2.46924972945515 -1.02611870598324
-1.28238091721686 1.36730996813736
1.64409164080899 -0.798903543409461
0.947253285025546 -0.406199292544745
-1.45951380393379 1.63774720950131
0.927589909114178 -0.223907342332426
1.72326187289611 -1.37051800818787
0.617305453606777 0.169938545795749
-0.309433971741129 0.225497372431731
-1.43119738896815 1.63706873647484
1.29402245803209 -0.870071144264368
0.241795407436144 0.299408066578979
0.0205931431747068 0.154718758016788
0.246010982017073 0.470394076685006
-1.42252069493409 1.08228794347941
1.10741873116482 -0.726594460663151
-0.416097262913586 0.588709709292123
1.48549274539115 -1.44002649594461
-0.897200401305188 1.05003347865317
-1.30220598842647 1.53866531691464
0.709773858410221 -0.0161224594351923
0.488431675045719 -0.120641091848397
-0.688228313328819 0.814002246150857
0.30620153144637 0.205315627848417
-0.689481791847337 0.144928288143514
-1.20359009561138 1.14473966531236
2.00733884626737 -1.02471029579704
-2.53187793168199 1.51692008706163
1.47680798760005 -0.76407896778033
-0.104929534470268 0.393936919926598
-1.53908284808487 1.89296999386306
-1.34442490652396 1.6044239712967
0.977389904864549 -0.281051768846959
0.0723746672034873 0.483428075447777
2.08914790605818 -0.672529204935495
-0.044026996210724 -0.002750330639535
-2.10022082515088 1.75579180850557
-0.230765363648516 0.413306950942433
0.849640402003138 -0.133239800756265
-0.0993722182033105 0.0403536160689232
0.0814577593893091 0.562803399483165
1.04931977561224 -0.571460091284825
-1.80889580091602 1.35568057626159
1.91001245125685 -1.04047621105724
-2.35585543243878 1.21746333898783
1.92809311524053 -1.00648667092113
-0.762740462927017 0.721000844303353
-1.51020590071496 1.60549584618507
1.14430616842995 -0.708866919414758
-1.21229939819387 1.37906601298404
-1.1806150675761 1.22270770421586
-0.259854299491073 0.614989824475438
-0.0262474084488815 0.547761369538695
0.579197950829555 0.122021152318316
1.78259306929908 -1.14778737893566
0.280111095030958 0.328430653643597
0.135217365708418 0.0155858544438787
2.29223541900561 -1.21037679903783
0.677363034283837 -0.0171936108390516
0.0426310610548764 0.237509803006191
0.668709492761833 0.188415276809762
-1.70220814889012 1.78803172697442
-1.25556905052594 1.16559299100667
-0.544094536547804 0.708470504518577
0.563770072582536 0.171970127564752
-0.204098034170173 -0.040492195344552
1.908552887069 -1.10305763080431
-0.848430625259468 0.93406470398117
-1.1063031172512 1.15422790224636
-0.887683809818284 0.77937293032323
1.50944679808869 -0.828142380478446
1.0074650443453 -0.358452545091169
0.881564690205882 -0.295828324252678
-1.51095788585687 2.0178149819211
-0.492324142399014 0.455953894359716
-0.975467800581593 1.38249223876969
0.628665793564177 -0.35145885094428
0.223469715619031 0.0209077431172257
-0.0507814812930195 0.260468863759545
0.658602918344222 -0.171341200443344
-1.04791518372649 0.869170341789489
-0.73458429906976 0.975982522247086
0.677070095149856 0.200607920956259
-0.245062608602328 0.32324792123008
-0.568451375044203 0.743245038695363
-0.605036934979879 0.635482276618515
1.86137480973959 -1.51030888500555
0.614940829225918 -0.214705010785828
-1.69963014444669 1.75299863955801
0.59475603427479 -0.29643046863587
-1.87164583085693 1.6319078492099
-1.34975410378443 1.3146475473841
-0.197597247812205 0.31834441270026
1.68451350150638 -0.940138444998575
-1.48059133390454 1.00317183611919
0.685911616866681 -0.0814444798761347
-0.601884745542627 0.461543966380168
-0.803364040490464 0.814715982725523
-2.82449049489409 0.507042018108934
-0.233541110699301 0.534737522041123
1.2207579103834 -0.890146171806039
-0.306682728066974 0.486418751017893
-1.80660133591385 2.36175297980882
0.687370047545282 -0.694902084986282
0.916064715598944 -0.336140094179172
0.471797651632435 0.0462015638982249
-1.46665373810958 1.35807832010466
-1.04589324241408 0.881227172215102
0.127023391827269 0.239822379289288
-1.97303340276474 1.68856397148088
-1.48925894678762 1.38973836828327
-0.559443246324433 0.496886307448855
1.43273580941286 -1.31656081192822
0.326410439022443 -0.167512217474662
3.76392988421506 -2.04825338688538
2.57667577501754 -1.13103208559454
0.458704096481045 -0.0158095171203956
-0.833103146072097 1.31981451344156
1.05335004960773 -0.235809608108158
-1.67937816696834 1.86405665227208
-0.644191183098918 0.511202833596968
-0.0984788824469911 0.4321612316918
1.58315311063949 -0.651756211738118
0.0404626463030494 0.261435745014851
0.674152380423996 -0.295593262482712
-0.204433271517085 0.544955357372499
1.23507102138081 -0.314692236036481
1.66982352210789 -0.962427345190982
1.0438116806755 -0.696658844099623
-1.03741251685906 0.971168570342285
-0.420358429028977 0.559105788220755
2.36075862425288 -1.0593818503596
-1.83916904731344 1.76784009012712
1.0732592287853 -0.683179747287
2.37220146161284 -1.10154758503332
-0.194109603589496 0.306956967844496
0.384722728701646 0.00250099500678885
-2.22725618173912 1.93382111683352
-0.560532609606208 0.351829457867699
0.762939875666527 -0.171948613227567
-0.57182861305484 0.75864455726966
0.644693331265973 0.048120236286059
-0.273548506045062 0.669180859141888
0.715531670250793 -0.213631630939439
-0.569465638790132 0.521584517100112
-1.15586115743232 0.987348873890181
0.29514051216962 -0.280231780918048
-1.74496301974274 1.66862207197585
1.91661906968963 -0.977646195844297
-0.953684129659404 1.11015294884816
0.0103121045302804 0.260098584389772
0.504421048624517 -0.465239874064679
-0.619838227452367 0.351619941853851
-1.7251334553254 2.4847504153361
-0.216481941049603 0.656991835770828
-0.239153596695143 0.715106827022378
-0.277504169470941 0.476042759273058
-1.15059979190387 1.04596479579656
-0.109432062659368 0.232035043843654
-0.653057078105248 0.67831150722531
-0.251255066410462 0.614986243131971
-1.51405598493566 1.71578629993867
-1.17898454676346 1.7434038968787
-2.04801071317724 2.04162953254531
