0.294697066529402 0.262825947066713
1.26411129996724 -0.398445207292031
2.07741536216121 -0.223448220945466
0.196950575386742 0.00777570022745102
-0.573144078373987 0.0100611318312752
0.171663510452296 -0.414296173957658
0.167782606238943 0.163111492263719
-0.758979936075632 0.278305352179144
-0.575787783367104 -0.44470141371416
3.60421886055779 1.00105385676394
1.15375713161877 -0.767582351956445
-1.40723187653987 -0.456130083856812
-1.68612616289034 -0.332347428691545
1.29342004891463 -0.696499060414007
0.153037837816769 -0.549059269872878
0.226043081482736 0.0367282881646163
0.153619871267117 0.249976973728293
-0.64458671353429 0.0557060277865247
-2.11871385254705 -1.37405207961978
0.062140136800621 -0.288192475426423
2.25506332240134 -0.294160929263857
-0.151708087987621 -0.0755280167303524
-1.62630953372773 -0.289799250416303
-0.0556751833586037 0.618823217728889
1.16618430072383 -0.787279486210197
1.68389372899936 -0.454039145127213
0.270594274393213 0.074946330583739
-1.69752142975485 -0.690558202027966
-1.63221943935216 -0.769646140091118
1.9032025781094 -0.67661204069908
-0.805922377467414 0.00106649222426547
0.180893801221919 0.869296491445651
-1.48735699705884 -0.258538147797262
-0.925103007569447 -0.249844837052097
-0.802126074910031 -0.0864896115778147
0.253727695182823 0.00086741828975055
1.02362687501041 -0.161128140230833
-1.70115378198871 -0.511294485405982
0.591346627639462 -0.00659462958796166
0.0611176608482237 -0.0835773924286688
-1.64697716272362 -0.591188098374851
0.000243449305840668 -0.410483328393165
0.886089978210865 -0.345545572650441
-0.0416804130588684 -0.137805063732511
0.689323026503585 -0.19076656854729
-3.47381936681403 -1.65594416095819
-1.20329296352969 -0.3465668678351
-0.434057976852874 -0.0864865249815946
0.641004011896743 -0.653211911399027
0.779946601418392 -0.420781733336783
-1.29604764440324 -0.337299510155516
-0.120837694506296 -0.317017243216273
0.212035934765152 0.284319468918796
0.228468453059426 -0.0468165051166125
0.667879501411236 0.108068983607016
0.270089434079074 -0.325978093792989
0.459185543117586 0.0516325048585035
0.103585122082397 0.22079468377433
-0.124200321200166 0.0773527446100111
1.04275307015827 -0.244025432658989
-1.8140633295938 -0.873725835828275
0.100139522839081 -0.134364234899953
-1.03058800298344 -0.281967366830085
0.538850347123327 -0.104757944974788
-1.76143678678727 -0.995978457224123
-1.01157004572877 0.134339599627144
1.56140767436848 -0.632213041812978
0.999218204199553 -0.460405920896393
-0.100614705820911 -0.339724277143436
-0.451250873606731 -0.505948346332736
2.0857232273172 -0.548213805487153
1.08662142456325 -0.300233357878325
-0.218111133377837 0.0765076367373299
2.68380924886273 0.899214550089952
-1.87366472734015 -0.941649906006236
0.311926718383668 -0.429792030642716
-0.865982007485855 0.168473333296278
-1.0641386013463 -0.31289729789491
-0.996676249658754 0.164119623673828
0.191702734957822 -0.418607896708087
-0.706747640926237 -0.291352507106153
2.28009439688698 -0.551109358352105
1.40808618084215 -0.53053222954636
-0.188638105472583 -0.657688677155896
-1.15165216259733 -0.313276178898905
0.557290623070639 -0.401748987198269
-0.628348476624101 -0.336171655412413
-1.97267800698346 -1.00859404120264
0.261139658508334 -0.260255912382556
-1.39419573925799 -0.124352581249678
0.149880589166408 -0.134678549526136
-0.634363036261976 0.135582596012763
1.62578052391615 -0.536041638041291
3.87880794196092 1.39608688856357
-0.688430130818617 0.166804003546912
1.38756908132067 -0.744458700887239
0.310997670476362 0.314723663086373
1.36460474701273 -0.563410399904442
0.976783373325555 -0.207572090785325
-0.487674899297143 0.31355579371875
0.202746633638005 -0.134390100561888
-0.578233278095159 -0.199753285455051
0.170540992231217 -0.390606833753136
0.614363362152138 0.229581467311531
0.127598687444021 0.0297896979122034
0.167285097498761 0.157175667514992
2.5905936107867 0.184446505076549
0.200783757239337 0.0265182904860274
1.68220453095725 -0.613110319535024
-1.3679791919333 -0.382394072554435
1.39892692797725 -0.746964921376135
0.243253002563101 -0.370815237246654
-1.50372555535486 -0.367340464126167
1.06499915117304 -0.25901597472052
-0.585927162867771 0.12960185642478
2.4218956919019 -0.720482816758852
-2.01528376710936 -1.37019452897453
-0.78196043253557 0.0954467320492308
1.84962933579506 -0.490383200930581
1.13600179859941 -0.230242838046732
1.34294678899905 -0.59285192638635
2.39861094848518 -0.518045900120923
1.49784865169633 -1.0709772680293
1.63574213197518 -0.563779912737265
0.940969095346427 -0.472392494247453
1.39463823918782 -1.32509121086619
1.50290856442766 -1.17316235167976
1.35715758906728 -0.75720285365777
-0.445275471700877 -0.143142669518192
-2.2324401532938 -1.47148947650269
-1.35867903972835 -0.382319324690425
-0.361272305934761 -0.292268563739227
-0.406208424244555 0.0603982263027581
0.60898068029905 -0.350077266396292
2.28901333442397 0.2669470306834
-2.17873396533037 -0.877084083673602
-0.757206372790717 -0.533647664017299
0.855024077105233 -0.267308121215374
-1.22606401698826 0.191639539356313
1.75500217792632 -0.818871819018481
-0.639384727551329 -0.0104007288554895
0.104584806649961 0.00210670100771963
-0.234803379823387 -0.354623844993309
0.472162784340456 -0.240287640924056
-0.78356181623467 -0.0475957149624129
-0.286498387210915 0.36890850512837
-1.76725366012832 -0.300934207273285
-1.92529266699259 -1.47493990750022
-0.531925581032226 -0.159949887795299
0.0268322519029565 0.120767892740778
1.39909955618358 -0.86378571296712
0.383765798678969 -0.633154921717796
0.426183025278056 -0.300561008828372
-0.683464322314271 -0.0984077983163729
0.0622973485778566 -0.0771448802409962
-1.04302126604586 -0.0384033910924351
-0.328284439812414 -0.113220705889851
2.0245270433576 -0.266928536618828
1.32706589340838 -0.637520853428823
-0.31159610731051 0.430551265427782
-1.3599945972886 -0.499819334862858
3.17826508846583 0.888071571741515
2.49739287423944 0.408402317504061
0.203196807273623 -0.482243312180441
0.431848247980928 0.341801800037555
1.52296752148216 -0.617922367317528
-0.600768976651369 0.0857739622640198
-0.17258793257584 -0.186339647884134
-0.285746271868731 -0.525413319770223
-1.54818394099088 -0.515531599988522
1.26980442076672 -0.751259746004435
-0.584788555764611 0.196875629922492
0.498268050119608 -0.215607810029592
1.10531926173809 -0.904305023892105
0.557795578829539 -0.208791792542911
-1.17255347909631 0.15614292149813
-0.0119792427484837 0.0629578258268288
-0.298806333663224 -0.203302353662166
1.15962736548858 -0.798034054879389
-1.699572912605 -0.27337618088561
-2.517210341173 -1.6787967117594
-1.36107905701129 -0.645929401337765
-1.43876402936636 -0.392734741532033
-1.84394103504354 -0.966333188633626
0.655503952417316 -0.0637802167646968
-0.414464076759611 0.11622727289977
1.36242680423594 -0.663725782536729
0.901590080867121 -0.492202017381403
-0.565508667926762 0.458130951038751
-1.67642880490802 -0.707917671656147
-1.01674230224938 -0.329542311552712
0.118388862540609 0.278946249373572
-2.32139023250958 -1.29565329330341
-0.79513934921126 -0.13680490801826
-2.08696812067533 -0.964491661721147
-1.1741411884492 0.157883797473207
-1.3159289413762 0.077061217341385
1.12192917999489 -0.983101035157435
2.74408401280371 0.37910519270259
-0.493546944542404 0.00801660995403711
-0.565688442191465 0.0605276234788335
3.25537750861957 1.38495231338627
0.218783018095994 -0.0201851102461315
-0.142852290619939 -0.305764197854961
2.52228868303747 0.0570600004428977
0.505261864700844 -0.273585191304884
-0.65243211617594 -0.0717631136553377
1.41430937548445 -0.691814595365229
-1.50568424276966 0.287223926489131
1.6318197607075 -0.651487658002887
0.809494929940131 0.0458585634150844
1.53818178993438 -0.879083181090617
-1.06563550846454 -0.610000554760351
-0.94899008471774 -0.380848678147307
0.196878861591519 -0.398694588197009
-0.167101851625198 -0.122997073154825
0.559522148091908 -0.0470158801898104
-1.80989375965882 -1.12112317050454
1.16861793367682 -0.425898475825643
-1.53948360745102 -0.340417962313394
-0.491557326486765 -0.157741568297442
-0.499717036652563 0.271633993515823
0.386926084430813 0.537727020526132
0.615942109308491 -0.442932815217939
0.239498495597803 -0.155350012802258
2.07781112128293 -0.443452235503919
0.471414351197135 0.204248742750184
0.0376292833401703 -0.606860323586944
1.7677005731458 -0.508972100308172
-0.217790250912031 -0.242578513961791
0.623508988886027 0.136929824284968
1.04486233592831 -0.582546330434586
-1.05785514278471 -0.154458827731112
-0.552244881265759 -0.423415594679831
0.441917909618615 -0.220086475123305
-2.35059706314941 -1.74288402470121
0.216836319865042 0.123861716842115
-1.5619157723292 -0.917124782076852
1.42175956510752 -0.585868487254582
-1.96474704557208 -1.61533774315156
-0.720878256878165 -0.162636654643646
0.470815983708065 0.337289206997898
-0.0941426333654903 -0.275342715466011
-1.12873839036579 0.048644618788231
-0.0581094606772269 -0.0961730886388496
1.66276396520315 -0.472026163203105
0.601889665095359 0.21524910485996
0.575977161703034 -0.0645298811089638
-0.321617197910667 -0.257690739921474
1.33898728707209 -0.592873290918926
-0.123010574156177 0.409321771171304
-0.871626198455162 -0.029914449565287
0.298411647771305 0.0210944914028962
2.33923850356111 0.157386616794169
-0.707941997442961 0.131049916686806
-0.192633781392015 -0.0521178377564313
-2.33973783687943 -1.78417669247985
1.69404025695072 -0.750464934223913
1.15852407194247 -0.458513365398764
-0.159630744586501 0.0562419744013653
-1.15840338088231 -0.593073711018389
1.01456683006566 -0.0928253916774323
-0.187943849865446 -0.0405929275491191
-0.875821891294355 -0.532340430871766
-1.89475365196833 -1.05619779964218
0.976967035846398 -0.751955826731432
-1.28359352973137 -0.323833304274496
-2.05810691952742 -1.3847448145899
-1.43330818365983 -0.291858217792704
-2.79301424362305 -2.33761473511824
-1.10273574763513 -0.627979792601527
-1.01621020785949 -0.428346703621345
-1.51880173439887 -0.439609653899739
-0.445084330122618 -0.148807849778549
-0.881337026070746 0.205590643558163
1.14763815571334 -0.324384522396834
0.11314010587431 0.264606375342474
-1.62877571849012 -0.579377751674953
0.367841619179695 0.0602669662216428
0.152125083268643 -0.0845412256172198
-1.51677532420183 -0.54119220579504
-0.0284956148890853 0.192218384757984
1.2946844402284 -0.791893416355623
1.62357772304054 -0.808734558586052
-0.963003657349201 -0.240959302598974
-2.72135817301242 -1.64155833613926
1.0514997387469 0.0847358515030239
-0.0926275169608496 -0.399898397523306
-0.860445284139792 0.259577185050261
-0.115290230762493 0.049292331190985
0.777038910114384 -0.520902326403518
-0.434791268022267 -0.529206969552167
-0.0808143298971413 0.0562479218822554
-1.48269738645502 -0.535737633283846
0.875181643327859 0.0148186387840752
-0.506003300407822 0.0677073590365601
-0.79657037470413 -0.238981579069948
-0.566813866741406 -0.161259914805121
0.234631916312104 -0.148200766854915
-1.00919629593235 0.368936525763602
0.265691835327352 -0.330554585558683
0.322370609376141 0.213883507168672
-0.712965597919965 -0.18251315543173
1.47507925622567 -0.697309487163776
2.98090445174628 0.913010458549248
0.70597122628007 -0.457453927058188
-0.250245454637059 -0.0190975109689192
2.47035864294516 0.640353068749015
-0.651670880359418 0.0110020349770221
-0.000153594720031656 -0.239121008458511
1.52065115633076 -0.738009751405571
-1.59956014298966 -0.204231309595013
-2.16562757879381 -0.915116473004779
1.33604154530771 -0.422273431818497
0.596275594111268 0.0440144614368305
-0.401004604025659 -0.127874449106482
1.58815243694982 -0.739875800375525
-0.474042380843757 -0.189170054390044
-0.245197246567382 0.324565636388622
-1.0658156596172 -0.632948371232021
0.645818750149757 -0.276180057001358
0.476000826265548 0.236472978113664
1.29300937121653 -0.616973683925801
-0.212407704865015 0.0815559679288028
0.268458511828079 -0.174621674512521
0.462091958932387 0.0164289253632389
-0.70324147865502 0.0942946770622055
1.72719822708975 -0.778430380804401
0.17876701805392 -0.105569330458053
0.126053597970021 0.281867319763311
2.34356377852867 -0.205805929160338
-0.315727778587676 0.127475644678752
-3.64025905128978 -1.24876877085659
-0.413020867302237 0.173923540039311
-1.40889358877688 -0.408089695283995
-1.58435588267936 -0.490882328556947
0.157797972184506 0.0393564531144899
-0.938027232548183 0.02870854743075
-1.1365436745341 -0.217285586621414
0.265282656607224 0.217042216163697
-1.30466986269881 -0.230280268873864
-1.22269843898372 -0.41879471484058
0.261358210880885 0.151840638281845
-1.17227897634446 -0.564175585678626
0.853369943239319 0.323435553952991
0.0610231452215337 -0.131264555398954
-0.14522101291062 0.00570195015527158
0.451486702821261 -0.0702885634114032
0.082393092087772 -0.367908759302237
-0.132867337291032 -0.140192637000203
-0.111303695143659 0.291024371541264
0.473464074600068 -0.0364728771658841
0.00366736137020848 -0.0319849099090401
-0.275668350887548 -0.367313542843158
1.02757852358856 -0.344214141075044
-1.45174846320416 -0.529213721423211
0.0720435274680481 0.0190214339744109
-0.986215341343324 0.131754121169549
-0.474389687007248 -0.556113669637939
-0.582747096278779 0.162922053776295
1.04231610929041 -0.590880356351446
-0.283399870869421 0.22414397031016
0.129301303013023 0.772438918156493
-0.991037647791904 -0.187943691639661
1.31612423917044 -0.577526463246154
2.82490435667383 0.883976202818986
-0.881011530094103 -0.407036481138669
1.82920183163763 -0.118038457382296
0.805320157990608 -0.212017860217454
0.237996611868982 0.107639348628266
-0.300872993766606 0.238684842521967
2.19187791390297 -0.752495996670387
-0.443510212130346 0.13912679372991
0.073570310606881 -0.0952212141090749
-1.57737613523862 -0.489130747422262
2.04764926834853 -0.513639693831673
-0.959103667864374 -0.193215735130005
-0.94235295866832 -0.0514453838497952
-1.52706580138397 0.177768630454586
3.03277104421567 0.74201470333443
-0.496627558403353 0.0923974753455386
-0.487905822123447 -0.575158412145531
-2.64452095846984 -1.96218946048431
1.30041063427114 -0.390190460116298
-2.95113640097497 -1.87431248888701
-1.02307658998723 0.322913987283518
-0.203236909755742 0.230423163077654
0.695493032964893 -0.066463365194467
1.07803012374991 -0.659244315863289
0.25221381934231 0.00920286918932987
0.9047980983164 -0.141734266466436
-0.0351121454523763 -0.0495836734048481
0.305229556466114 0.109091637475147
-0.432038856625533 0.0987042408459435
-0.528153287771983 0.0262061776533781
-0.845616472853697 -0.481301795967024
-0.134896285830799 0.226420895231408
-1.3220729813058 -0.0248811269977492
-1.15183322002583 0.0833442506484203
1.49053468427206 -0.540749024137319
3.0201586284221 0.917556902821785
-1.29355768760532 -0.289059116511786
-0.20906681901975 0.144373304558611
0.887431600517317 -0.572091154414237
0.507850623431023 0.136463607222258
0.918471653069309 -0.381925909002262
0.213704026707719 0.120322447499811
0.780200858951683 0.262410431556567
-0.190110270553136 -0.200107268613361
-1.09934307441374 -0.341116855651776
0.788578224186525 -0.228475599822604
-0.671348275080006 0.216957513568769
-1.69451122636734 -0.59062053071027
-0.590720578772422 -0.544737894849477
-1.04396653259159 -0.22248959566404
-0.353149120858466 -0.0232942685489059
-0.186251549878272 0.0106340022162483
0.478069587336818 -0.116377774560228
-0.483528352912617 0.0711651609077342
1.62002454541394 -0.621811379945933
-0.334762111269748 -0.128793967198105
1.34917426822943 -0.313353241690861
0.755953359476109 -0.583221083750499
-1.55719450519243 -0.651992819935031
0.3085172598814 -0.194676522278054
-1.57071686593965 -0.482059906005082
0.823570412518001 -0.256189947271753
0.0455737751804103 -0.150701154017772
0.0752924199620312 -0.586257479778925
-1.35462155342842 -0.0137691304618834
-1.09051831985445 -0.165961757635673
0.396450882876261 0.210138654508389
0.627992379334775 -0.0902006118912869
-2.18108389725065 -1.41324950331914
-2.16748334966388 -1.33253773270619
2.72588430379391 0.181682869866321
-0.0413699354161173 0.219943746527797
0.202058682072492 -0.344652279066314
-1.73946395445802 -0.77227509712526
0.105454835357373 -0.0533633132975301
0.258358995394094 0.264607187623203
-0.0910876643097671 0.165422204744887
0.181475315828694 0.031940434934115
-0.358761924644729 -0.0544723552663741
-0.442664885844463 -0.00752012090897997
-0.59720941519414 -0.155787123609341
-1.48056078738043 -0.00950817877431709
1.21880698497079 -0.895544835840928
0.831018299742653 -0.545303602555769
-0.939496991299245 0.262012993583309
0.550674530080854 -0.360381042094909
1.31605119169806 -0.867391628387746
0.453924622277893 -0.107492950435437
-0.527592349809381 -0.292180401612914
0.0743252262889494 -0.0362049807068052
0.921133793638854 -0.308854150054155
-0.265993305049828 -0.298882577935291
-1.58091410468171 -0.534366990219459
-0.0521819154607479 -0.0607848906377311
-0.392927033906028 0.327485336325039
-1.06939472605235 -0.388185537418097
2.68067253177629 0.471151786996372
0.275113296503889 0.149504538934097
0.28128906580351 -0.463570789674581
0.0451828681682443 -0.218132180492938
1.362592086995 -0.917917481149058
-0.964852915064983 0.314853142737077
-0.0923165239548378 0.296428091432134
-1.41545493192236 -0.546709374107824
0.101537505981208 -0.229697466223146
0.668551034177753 -0.330687045326814
0.0343592814495631 -0.24326677371388
-0.792453276935319 -0.547098568188977
0.290425566557998 0.136595694840617
-0.0322189597839801 0.394055828881557
0.181680198815306 0.0802927880902495
-0.550528633735352 0.312360000866029
-0.476396195441299 0.163836516815462
0.63532258741002 -0.18954431547666
0.598802008065219 0.217950793903791
-0.360397468762671 0.460713392060454
-0.525363628503742 0.748193398903645
-2.80358169445565 -1.92670405362096
1.53884689783377 -0.716489721495605
0.885049530872686 0.00334122533202796
1.01936607856133 -0.605659778740765
-0.309267217215536 -0.267363115034583
-3.55499336411912 -1.48930170085719
0.429007178028437 -0.173086709706101
0.383076931730044 0.479886864221
0.553072699897636 -0.408693963841781
0.314464013238688 -0.0908058533521535
-2.63022088889751 -1.96235596871155
1.18323434377807 -0.544409694660656
-0.180169164544954 0.136562530138116
-3.12624075261326 -1.73521003866181
0.118103258944932 -0.0313697633884979
-0.0719478784735024 0.24344770268361
0.938168711377281 -0.266727771470661
0.465692755835254 -0.261574312589152
2.2494531797231 -0.248650988388906
0.670931692830729 -0.130761742202649
0.424825643522954 -0.0821773978266325
-1.11117931939172 -0.238947095404107
-1.34067751222896 -0.201496279610578
2.69494238319029 0.461693762363564
-1.85103874505132 -0.904724151231017
-0.894270154062333 -0.14342566354309
-1.52145547142429 -0.327500764674795
2.62364908290277 0.307370076415452
-0.157954482586237 0.0870043787649846
-0.509963373178675 0.127441628435849
-0.642571323523966 0.0988916817529621
0.109765840454478 0.181887762377005
1.15791295126566 -0.390981809601178
-0.604113243452934 0.363576635021937
-0.433652699998689 -0.0952573185251521
1.44327468373842 -0.468938216564563
-0.0611772093136924 0.204109320810585
1.03578161861515 -0.623447112508424
1.84706548621183 -0.888373139706304
0.960220981400744 -0.806697250748816
0.659753021530797 -0.356679615384106
0.102059924415507 -0.0544686462474276
-0.0669757557099604 0.198264391984538
-0.899623797861533 -0.402636151437673
0.978994851930892 -0.0475455551457469
-0.979166198403034 0.174950001344442
1.10779615323618 -0.710177364807496
0.502318618901731 -0.144497567299736
-0.316724613274088 -0.432298908620852
-1.50203082886912 -0.273380625666785
0.895716022825135 -0.401069933199735
-0.23553217394805 -0.182619019578595
-0.537764697945784 0.16015069341814
-0.646297539216483 -0.191897464281154
-2.11063855345599 -1.26529133658605
-1.29169606229566 -0.26393588941933
-0.0946927194764245 0.0180290925565259
1.04800118894468 -0.955118536718794
-1.05688693688676 -0.0939386215936474
1.53969035853422 -0.794781804681938
-0.332796547521687 0.00871643430471598
-1.35763680239748 -0.172925504084065
0.209294158166519 0.436082831347806
-0.813362073054698 0.0594482027879981
0.543116110328105 -0.0464486812336919
1.04484957279461 -0.45498363806053
1.02320736107333 -0.0777135411930819
-0.446019581055634 -0.170901099438145
0.507883937800311 -0.0866048482084724
0.902433639844759 0.0856290000972945
2.43160517248968 -0.14197724390419
-0.15924391012518 -0.139502427560754
1.19010863101225 -0.498331675050722
-0.443834624959097 -0.069104746858095
-0.0315516552417098 0.357445982206419
-1.22217142672745 -0.377337609343324
-1.94475406078749 -1.29671681024442
0.87572009353552 -0.614473475392366
-1.54886466651215 -1.03718829742781
1.0672526185799 -0.510716737481828
-1.85802751308141 -0.776597102492342
2.45075889924632 -0.00709392492840379
-0.0154150537259678 0.152548337919598
-0.181692361791321 0.23813761933429
-0.501371088917312 0.29061165427606
-0.870521240065919 -0.296342961752691
-2.14755860720691 -0.967085230186266
-0.551898855585632 -0.0462621692891558
0.632928892312782 0.0458749105724406
-0.831733280791254 0.109404148198678
1.65819455680586 -0.435867656248778
-0.0455876805416167 -0.264918513332274
1.44454513933516 -0.914943058630389
-1.61255049087018 -0.717324747960776
0.517795743727903 0.135255288843561
-1.56966792899417 -0.854170887130324
-1.09836502349221 -0.347422284327927
1.38275461070202 -0.854344799282962
-0.269465175739705 -0.199469582102421
0.115331195533767 0.197239747202947
-1.55818325341426 -0.738991721029949
1.6504356124348 -0.826094147188669
1.78396788910558 -1.02977135779213
-0.500474453974298 0.0368313011790108
-1.18412491850813 -0.0994092915207966
1.16720254082221 -0.553022727332549
-0.27552702853072 -0.100881636034575
0.394210390707455 0.436051296453085
1.95950095718456 -0.767077383435009
0.849394970062345 -0.243589235504592
0.382112216876772 -0.279814761244308
0.827338765733703 -0.195735267844197
-0.596291887380817 0.0180326397701679
-0.315053821294216 0.00598494898415516
-0.752545908004361 0.0810267716931298
-1.87821758195728 -0.889360359106046
-1.84559169751919 -1.07071075188764
0.0736012821018261 -0.0603708504171023
1.69283913337753 -0.959477639805765
0.342331422567433 0.0684840004673392
1.33351270111085 -0.703406387582308
1.00167567891489 -0.519803804182888
1.51453978358143 -0.885694701051127
-1.36665516545034 -0.248860314353421
0.442646190028057 0.214142034297165
0.955702509994827 -0.402015128784182
0.0486111448786173 0.305447838478615
1.21073320230933 -0.595689493592261
-1.19354928734122 0.0102970851943368
0.26278395055831 -0.00489514482524937
-0.388281696497976 -0.191764618687477
-0.83939011062698 -0.0406918092621137
-1.64099047757976 -0.480684151992605
0.68397437398768 -0.163930213660297
1.30743573182612 -0.886648327307375
-1.68411773921711 -0.906274845865266
-1.32315659880249 -0.182323808868498
-1.04697487881729 -0.185451988377786
-0.686487503844729 -0.0933690954015217
0.288485864138244 0.0229341339475751
0.377170331030691 0.366529972426496
0.397897079904595 -0.266512517745906
-1.96447542293153 -0.941063406260774
-0.999146900680302 -0.316077685256983
-0.125785058543266 0.355176610369683
-0.537207082453412 -0.209312050467798
0.531491908353389 -0.0955996427603712
-0.588085865675672 0.0935168565837468
-0.746248269901704 -0.0730881296062154
-0.883887046827944 -0.184940339654196
2.10830499381678 -0.215057408790996
-0.547435244285548 0.125598614774065
-0.599593163727152 -0.119180987461903
2.42744041230087 -0.425623509461224
-0.885643263497727 -0.0207064934477712
-0.198352552158136 0.162534515432796
0.560425386715498 -0.285782088018448
0.00292937390910663 -0.47024968864066
-0.862484140124718 0.156407241318417
0.137985174177708 0.0574107018010915
-0.264536510807025 -0.120431395239954
2.45045947256642 0.0621167687816743
0.461999635999855 0.13355230928262
1.15752653375488 -0.178715043842544
-1.84188668757017 -1.03343076481805
-1.32128913375343 -0.168836608376151
0.8854091951939 -0.369649590264078
-0.959323403671289 -0.273628350316883
0.047943233902205 0.026294346360107
0.409996939557356 -0.155531023809082
0.861408687120135 -0.133955708045226
-1.257372649974 -0.180083858291796
-0.703050291076294 -0.0952158352468423
0.11529791982656 -0.118885889772415
1.78715101034825 -0.43267535094301
1.43858166967253 -0.911065999164407
-1.29367466664537 -0.503331020849024
-0.321053831372117 -0.0167169642287942
-2.01468767056776 -0.993557694437584
1.07415092082683 -0.550281326162615
-0.104132254296543 0.178708561549928
0.479517466289565 0.0714629913885927
-0.873040078287394 -0.610865189643694
-0.159115029838813 0.237583337430289
-0.0174104337496943 -0.0121297930874691
-0.935730479558903 -0.0611322670626483
-0.279934835113644 -0.0883415423910419
-0.485311723432155 -0.337090898096206
3.12569446598011 0.839665574484758
0.410447017946658 -0.953599733390064
0.524323275544517 0.0550263630757169
-2.20496685677954 -1.59209204291175
0.978340381315998 -0.293135853309142
-0.533730866626957 0.113883534296682
2.04341933009061 -0.202871055101447
1.2791520119825 -0.829149433949067
-0.329140827935104 -0.0273068666253346
0.658392519257247 0.142302545773985
-0.161100848629772 0.166604746958304
-0.317415532952904 0.407391319403374
0.322248187293018 -0.317749086203289
0.407795856929758 0.268013643904021
0.392533091461518 0.143106912986936
-1.63343862689259 0.196159574986009
1.08569910329525 -0.579185243981269
1.23094755511841 -0.543441753378452
1.32605717060144 -1.05529214074258
1.67708724249182 -0.838388459134935
3.00691808179747 0.932893303923757
-0.679517105106198 -0.425708320357804
1.09595035871178 -0.315786142148096
1.15262098180788 -0.361515643606067
-0.899464984753062 -0.372236523162492
-0.698186397820931 0.0961361349023903
0.90179335691748 -0.659074584044234
0.346000992126012 0.21269871706164
0.882409825308674 -0.274803769451102
0.521430989172569 0.0128556351936491
0.336505947892464 0.0246130354666059
-1.95962885537426 -1.13519463938014
1.20898913821842 -0.627191110456767
1.26211295409698 -0.484604221430371
-1.35399686273517 -0.118489540818014
1.63765822395387 -0.884280629470592
0.0672251512134386 -0.751913205956355
1.27076028094504 -0.103395112229017
-0.154417071796675 0.104657977559979
-0.326518034313212 0.0745521081183876
0.960133995668331 -0.185326763185145
0.0229273385067776 -0.0641232735591358
-1.63649168439858 -1.09797374552425
-0.964728845240823 0.220292597454844
-1.23200665290696 -0.0714605301687909
-2.30277120630921 -1.3636989341827
2.93056968158859 0.691625477593379
0.357693156460945 -0.333756737975794
0.380624252931605 -0.403395993576455
0.534473103851666 0.428253545608601
-0.528111578200151 -0.0720675826381085
0.100397178232453 -0.519616584272905
-0.701263320642144 -0.0842180640749854
0.606368053120876 -0.106677362380932
1.15334771010746 -0.490903940455047
0.0670163648879919 0.208309714851117
0.359611386135875 -0.00839217077233408
1.34439494815263 -0.778442324321292
1.29579085345709 -0.678882346327922
0.855544053677639 -0.304084240116457
-3.89870914825101 -0.971513956026748
1.58514449173362 -0.603557866069581
-1.22087433338313 -0.398576567802704
0.471711389721302 0.140297705004029
1.32055905438292 -0.414575522285657
0.230871455192156 0.0186757674396251
-0.645521536055339 -0.493844609013204
-0.957243719045674 0.0145742289762636
0.673285137833351 -0.119031773567074
0.869371613446112 0.00265351022067289
0.372224290307305 -0.00943274537696106
0.298235205986915 -0.136527134711025
0.707205699710791 -0.0554320020637717
1.33373703872167 -0.302811442099604
3.4422864213114 1.0744123101509
1.66382260832747 -0.843844880665383
-0.458200323541624 0.128582899648683
-0.185465974798533 -0.188553678411435
0.374056061602095 0.291289848235263
-1.4701160590401 -0.634378296057765
0.682406001502912 0.0746380535406986
-0.897074798074333 -0.0874231190703177
0.806423164787708 -0.774817032774454
0.694530518386798 0.201759893170878
-3.41098810528026 -1.46106574964454
-2.34991155435263 -1.50177565676769
-0.24854640825136 -0.134395996991308
-0.598228977758784 -0.316731411886898
0.391713697406222 0.00462162552638572
0.943061287032748 -0.451538545733
-0.208609758866071 0.392566787264026
1.82598098230774 -0.784097192810176
0.972284110471684 -0.664195188006321
-0.240972647862422 -0.0877780359655223
-0.0336594932976148 0.00613419194088231
0.264549495757082 0.219592477162333
-1.19489402139845 -0.341145384256996
-1.25164148084833 -0.150558337551937
-0.0851991594062202 0.357094169941341
0.603627407358872 -0.128019415597164
1.62194600067265 -1.38617241561705
-2.67842481280859 -1.88582806751906
-0.770515752166862 -0.492024295544667
0.17168094413572 -0.0544136946928816
-3.74091748236192 -1.05054989208462
0.559904061480338 0.241757066143165
-0.0221267093924272 -0.235387042296182
-0.402157078777186 -0.302139537943435
-0.276169516207857 -0.093874824131739
0.828188138701466 0.203437219979758
0.468520727424413 -0.295320877844165
-0.407341440423416 0.075306898329999
-3.32762232028169 -2.01066577306062
-0.807182141145572 -0.446630823786759
-0.0288470491846458 0.199017828333356
-0.356764881487231 0.157822028292248
-0.10324379271358 -0.250931304056881
-0.125968572804492 -0.394370574740848
1.07714415066972 -0.420686550873082
-1.18248260606616 -0.258419702626863
-1.11389892189385 0.0171126486762873
0.55055656811976 -0.295289270928396
-3.24702985281551 -2.25575599940269
-0.251757410167064 -0.185452491655237
-1.57817262575485 -1.02019319092645
1.59880242535562 -0.573391038752499
0.715094357884372 -0.0398623545161328
-0.310806783132151 -0.267230630973349
0.862236935438042 -0.321726984643914
-1.04716919356871 -0.124539744055557
-1.41162279080661 -0.329169611138192
-1.18406330383748 -0.450734206266179
-1.57102691173914 -0.848882863813375
-2.35673849237169 -1.73191593555153
0.155807342698989 -0.176438846442386
-0.339256248964779 0.0313388251062035
-3.06757776637626 -1.59987869469562
-1.09095443238526 -0.312420985121557
0.55369701537848 -0.0188815095814632
1.36630896324933 -0.433646254739195
-0.799321011464784 -0.196816677076234
-1.65510296445278 -0.699014997489231
-0.155839457330179 -0.449830875655974
0.721086857891643 -0.419210019207442
-2.08102919345932 -1.13158116244151
-0.885891754514847 -0.0528913619861187
0.585135246420167 0.0864321911905821
0.780366216204351 -0.521218004558895
-1.12855187128357 -0.108222795675467
-2.10937538872468 -1.13110182266778
1.65842174513188 -0.327142578034497
0.279212752626935 -0.297457064330378
1.47989872109548 -0.641232436819751
-0.337051390661298 -0.0249955867920133
-1.55475324389725 -0.300649510834947
0.0105948325963145 -0.0789265343545394
-0.162208314752674 -0.0229103635047616
1.37234235491763 -0.42834208996739
-2.64884782035521 -1.6258395120886
0.81305363062369 -0.0648358215576225
1.67400002933488 -0.696794023713022
-0.603303296273173 -0.14701641279385
-0.2167854159157 -0.0537640683383267
-0.305405404454835 -0.322334832253831
0.764498976888446 -0.000573888502017089
-0.665995653142037 -0.425816673372867
2.0125157196606 -0.305549884312652
0.68899859113816 -0.0718872372276712
0.707935280053235 -0.241784087389513
0.0529542948320369 -0.247231310861396
-1.15772565931727 -0.183276320561144
-1.88921717802761 -0.509666736419136
0.932408304641181 -0.214942788875333
0.180453827890567 -0.0393817632936018
0.908674935814239 -0.166570673543759
-0.276619883752515 0.05828200477025
-2.42721540522844 -1.42270012831647
2.87390148572516 0.304222816886461
-1.20787039616415 -0.085222868478258
0.716422888928142 0.331404429060843
0.140296308955908 -0.391540440455373
0.499355329569269 0.244095500759508
0.857891556481434 -0.423252538469929
0.309805126054758 -0.081801931585319
0.0498295529734082 0.0648614701559608
-2.80209304244367 -1.91173257939365
0.414491895468147 0.114931433899645
-2.12945426376883 -1.28065576318491
-0.295821419782799 -0.129443351034085
0.376808458447654 -0.0685186893976667
0.120513211875965 0.05142478128192
1.56130873283011 -1.10169009451794
-1.82963110687155 -0.883355431658528
-1.67128158877885 -0.610014028907299
0.79002850364112 -0.443428471351546
-2.20652304661388 -0.831508487125214
1.05083816154315 -0.467429922973901
0.225524497581825 0.0667262644350136
0.953928525742923 -0.592688704137477
-1.74844847705293 -0.703743057068422
0.289725034926054 -0.00461775787322331
-0.287014930127029 -0.46067060483947
1.45932538181012 -0.943035515365628
-2.76861072098827 -2.11539010924401
0.149484717303267 -0.44012137547129
-0.500263528552458 -0.395140760421383
-0.0930583850903135 -0.0720285703269041
-1.10200610577526 0.143465703168256
-0.634852028365336 0.245262541796379
-2.88087544929944 -1.78745610747105
0.416573403734862 -0.420870003621345
0.904773628893809 -0.0434975594197573
-1.51303744664283 -0.694887323690913
-1.14055525741319 -0.291863978493169
0.0714556971966605 -0.230730601487074
0.00870675705169536 0.145707289693149
-2.02620238087445 -0.733048785523825
-2.23038426181245 -1.4833810990936
-0.017088650898992 -0.251524152963041
-0.421283223603702 0.248189983311448
-0.903261446169998 -0.244967848378504
-0.959927471220811 -0.212803904043877
1.63974011519434 -1.18084578009009
0.18934848987648 0.042210010712381
1.13775904250008 -0.468171161830148
-0.130792872266858 -0.136450510037954
1.33489270476087 -0.739940949519921
-1.02734757028122 -0.28666587931992
1.33617742544354 -0.48461111747477
-0.268605149485625 0.196387586976034
0.953397951434743 -0.213902006855239
2.53611538479621 0.118963887902169
0.973634725508379 -0.0943581748035937
2.08894868609825 -0.662521933154718
1.42989676717482 -0.769248485111953
0.142357104351923 0.361601675264485
-0.656642127224551 -0.253069453349146
0.182238278482098 0.177996322490993
-0.232728345850929 0.00692591133518696
-0.898467469265536 0.0416059124290676
0.555717246670076 -0.123654164924997
0.813168657166225 -0.170936212081964
-0.901313955216649 0.0209096452363531
0.348049987815547 0.0681748517562232
-1.32056763989991 -0.171664588759572
1.5077140699323 -0.509414174338893
-0.504676243830458 -0.0709793714438166
-0.212208496370612 0.117820242095429
-0.0233423621542925 -0.25195302360429
-1.86174839660135 -1.32453357166172
2.52971244805532 0.751561149246118
-1.98282059205219 -0.929343053237836
0.352534801694872 0.0325894098630824
0.322600347268617 0.0621526821361309
-0.37057541376316 0.233652980465803
0.314806072442165 0.133667356961647
0.130988872607856 0.0964184635932916
0.146790932562969 -0.308482677091227
-0.637350387565116 -0.21339393536344
0.649238681333636 -0.597384967659366
-0.66034140251576 0.15641652859998
-1.11114557348402 -0.0114792151823024
-0.872364047712115 -0.116461220194289
1.47744436473281 -0.516746563683185
0.690263455168795 -0.050843418990787
-0.644338098672636 -0.0894863535950513
1.28159190968913 -0.928584338581028
-0.763436995593353 -0.258617504653616
-0.766972901766758 -0.281165210431361
-1.02893440714823 0.0980160946517726
1.62046469715629 -1.04112687067774
0.497877036045919 -0.0439153605839618
1.04707737121885 -0.689858601270301
-1.23133947864599 -0.30801978046792
0.509985061071997 0.0511129446192745
-0.581702963266774 -0.222146370709557
0.0594829037764595 0.165657526448954
0.430533874553338 0.0723444065436745
2.34405571181838 -0.26275547856784
-0.718883001758113 -0.248219796469092
1.42357293729232 -0.872353674184611
-1.43115602969605 -0.756533568613115
0.908790947353419 -0.0814357584750423
0.269288295933896 -0.0719467981164152
-0.409787922607706 -0.0477666951419365
0.462641400283686 -0.0808232356389003
0.414127542893591 0.134883673778398
-0.413864247719873 0.153668119196613
1.40228813092847 -0.273263706287517
-0.297008736849018 -0.0421210399272267
-0.488593853972142 -0.310391810902016
-1.89882352347807 -0.798034996610406
-1.27547434144415 -0.370277734684637
0.493909464570219 0.3694212109297
0.723945843515405 -0.392366826146934
-2.20229954198907 -1.47323139107736
0.866297479093288 -0.277743474121237
0.926194880401308 -0.257513496048581
0.528772132593571 0.701227906498915
1.39331521104067 -0.716356436641619
0.936492099869456 -0.567169667448304
-0.596682217611534 -0.338825933927692
1.31204134422615 -0.260094619231538
2.02991199342029 -0.597339224315859
0.742925567088282 0.00396741042812035
1.61669725171271 -0.688350860215929
0.198901552259206 0.115100773408346
-2.34321277050838 -1.48202351494475
-1.92528568668054 -1.26288911894349
1.70742187716476 -0.579183277788514
0.890054305386799 -0.26582551153255
0.446382745535906 -0.547276647523999
-0.377096941327168 0.245610961278943
-1.88951783195906 -1.22806785341694
-0.120175030330728 -0.43711728533132
0.640225121356946 -0.336806825165944
0.802944417858731 -0.0573862476692451
-1.44464483063299 0.031952560181669
-0.143857086380114 -0.179197130589418
-0.328265336779032 0.154123315761066
0.413512140778388 -0.0633025972233944
-0.0945657563089018 -0.199595662578686
0.0224897171023925 -0.244303817760518
-2.38962468504228 -1.7382438596505
1.17248191671295 -0.304600332399349
-0.963235334405885 0.155224672819474
-1.67372190571869 -0.810385692247512
-0.420788176979414 -0.056845573365976
0.125292290196669 -0.284851524031982
1.60971152242115 -1.09489334894607
-2.32741339346738 -1.77055063259096
1.05436675400748 -0.453618789526508
2.32683811251366 -0.107970473727009
1.53452445023394 -0.608718263150315
0.836786389250985 -0.152233194482744
1.81942463561511 -0.432775658802735
0.243537464014631 0.290299691712039
0.502686564672863 -0.207355618389475
-0.987544845826178 -0.144677453908508
1.25314867973095 -0.779964218875011
0.905848237323381 -0.480057822516796
0.348796837109902 0.073719208198255
1.28024109227557 -0.170011145394305
1.44286304074645 -0.335305142442523
1.75357613061992 -0.911289595730002
1.51574401633113 -0.651894428246365
0.435094433906019 -0.114485803830378
-1.33647934760241 -0.257460244169169
-0.602299146559353 -0.31637477471805
0.420408432989706 -0.015470142010756
-2.99487136314571 -1.92217763302346
-1.40779469336388 -0.400020046794117
0.8839205873725 -0.559268306687322
0.0876947051726452 0.0799778888344412
