1.48239340305411 3.0887678566946
0.515047047792716 1.41346144481108
2.64694274488912 0.72413870040104
-0.770053588809847 1.19951315369736
-1.39519931724083 0.756522566055421
1.86608273157351 2.53835835372222
-1.36173583366423 0.849037271670541
-0.907549502835058 0.63415455905317
-1.64504957870906 1.25535125086231
-1.81392102920921 1.02291569596247
0.0139399277289249 1.42976578720881
-1.38877645944085 0.683538593604731
-1.58196525870503 0.381567350251346
1.09491464786758 2.30866796998163
2.62083621811591 0.618547823659722
-0.256819760895333 1.65919386827573
-0.668987331659153 1.28114278977816
1.15307627591891 2.04293589372907
3.38445576237347 -0.349543792711327
-3.39894141341501 1.74118027469903
-0.411443953645964 1.55341014134388
-1.17361461673737 0.922932377165276
0.0749918404187245 1.36308726013292
-1.24496350064382 0.474838335861611
2.74552547261223 0.414406137491519
-0.987760476672561 0.626714729557645
1.7713402441557 2.45975098316423
1.67216531959153 2.71098220441643
-0.326830888626484 1.2394163963165
-1.51998012703422 0.804028774799831
0.121883923351937 1.36459211035418
-1.21587895673365 0.803920872156332
-0.595028701776453 1.38845535657232
-0.484791827613674 1.4928617032851
3.13409272688928 0.488143300407404
-0.381205805679002 1.25330282525422
-0.276869706682827 1.5162236159087
1.57917044128982 2.43654486494026
0.115595033109625 1.59170157502613
0.756656550387545 1.96625271776232
0.674071060885469 2.07712034216765
-0.0664086918900187 1.4193562466114
-2.29849796455247 1.46667871396762
-0.382893241976362 1.19216642535013
1.75773974974531 2.36355650029318
-1.1459934883024 0.96018266746585
2.31200371756028 1.35088478571161
-1.00290425780275 0.5064846690709
0.928248087507948 2.19411747566765
0.710879734924081 1.64705208268181
-0.372202276378154 1.43590899284235
-0.405703792965127 1.24533429196832
0.222192424334255 1.70594037780097
-0.622501206394658 1.1921671296084
-2.31314715094467 1.29309215629751
-1.46202661828783 0.440959049189866
-0.691935280971605 0.609155346295394
-0.0146823329868175 1.2777731653643
0.276425525343673 1.5914888711316
2.01620856229328 2.28497543364003
-1.11946861264721 0.716087671014464
-1.05481132163275 1.07052008688377
1.75190240566549 2.49899140224505
-0.531966530264711 0.956605270994555
0.542116207182486 1.52830069652016
0.719241948054917 1.76600672463329
2.26531948302763 2.00754349284747
0.205673835097701 1.73431715121388
0.40953923728088 1.66370330504126
-1.21353385477418 0.716980628403218
-0.995616883384366 0.844103341673138
0.582522525195372 1.79827822690772
-1.49975146862166 0.636361625381312
0.913919037838896 2.20609134770561
1.71342399298878 2.59816808128674
0.427331699732944 1.79920998013954
-0.584116566846548 1.06018199410689
0.448289777636049 1.47963111856307
-0.725239840207355 1.33769748276752
-0.493178140543315 1.59290537553374
-1.47638636815254 0.983066706271754
-1.83033006391171 0.704699224888673
0.0417793089820733 1.38036184739494
-0.700845758639538 1.17483876023955
1.0395931102016 2.1569913024612
0.489219293733752 1.75203788202176
-1.80717735467191 0.874537159652186
0.0139125636006504 1.75925844608897
-0.00195403555148114 1.38893382000243
-1.73348112496522 1.0122220672212
2.39360498341927 1.48772220082382
-0.334790048443266 1.24397570680417
1.03563329427602 1.93434853981686
-0.241962729780673 1.17867987784846
-0.485403737849128 1.5637935098955
-1.16215936634903 0.657189030260285
0.368612415590355 1.57857201229603
0.653964860558331 1.56843095155131
-0.906828605123798 1.13858445899546
-1.46692210196524 0.739534445482219
-2.89043260858547 1.35893698256376
0.453155946982535 1.77778179916168
1.96805798958966 2.14152519540111
0.361915569981897 1.4822930208645
2.15962607473956 1.64375998645797
-1.75240447576896 1.42531817518135
-0.787867460815282 1.41110363077373
-0.808104261320901 1.04633564338491
-0.349055805651206 0.954208978271645
-0.516615778118324 1.62729249347971
-1.42304551115937 0.888440732116466
0.548458183741193 1.37923779219517
0.337677865745044 1.13686365475498
1.10919306389271 2.41831224388588
-2.35874926424244 0.91830552509745
0.696461443130798 2.02740654643559
-1.99944632927859 0.944927957193099
0.804711849549716 1.61490165068761
-0.694178154697136 1.23456253331738
-0.104691605356846 1.50971484256089
1.35220108989125 2.46580906784593
-1.91104262645078 0.834325421793941
1.02916836709948 2.25545155528847
0.432126835071001 1.63982252076
1.301417245801 2.9239067556486
-1.29605341250659 0.754934762201474
-2.24849257226474 1.31122740466706
1.86149873679521 2.83696416650208
0.359362506078265 1.64658930258245
-0.754987930919573 1.31214970186206
0.711340394689261 1.7455646481725
-0.857530988666473 1.43204669811984
-0.178586784575941 0.971387887574995
-1.08020837245427 0.784657416836189
0.260607871328681 1.37086443958569
0.956410701481618 2.17012390151809
-1.20839921792874 0.958892772447038
-0.104603665472883 1.4885873756068
2.44759882033112 1.25753280710994
1.5153853276246 2.99405492432431
-0.0530990522546045 1.02980546482097
-2.09681200331616 1.06492903411231
1.66309394846809 2.30704297882533
-0.109847269030437 1.21533925020224
1.52503132232842 2.66901560267217
-0.61908940398602 1.16686076487982
-0.117443564106617 1.25464154201964
-1.78044228336696 1.12564002408508
-0.0594009891159876 1.58586973886659
-1.62264274657109 1.11924926750156
0.474666530634131 1.48947851852843
0.390276388831894 1.52731988279556
0.331038034632282 1.50156656065606
0.334283350025412 1.83614352665419
-0.952225920176513 1.17238312506072
1.07323125492423 2.53300365234045
-0.382040202991134 1.52599804104407
0.632870363168691 1.50569587564181
-2.10444857290057 1.24465778587589
-0.123249855541172 1.58578472949523
1.0492887878621 2.22329130286474
-0.22816102715072 1.10596100079472
1.20373732675162 2.82781460659033
-0.799701093937522 1.37730247774653
0.642296559123703 1.61947494315469
1.18556754347346 2.35319162052358
-0.795169541406688 1.37061701271771
2.81278024477257 0.227090982310219
0.00386146472985069 1.45623127067629
1.35128685096163 2.83761557427559
-1.04111310219511 0.774087659714727
-0.78565985689095 1.15711322263663
1.30251873362979 2.2745963357876
-1.93222958684858 0.73498916315983
0.036718839758844 1.14721834996111
-2.27958003404081 1.18849742324098
0.461218928464068 1.72285322965457
-1.48333667572388 1.15142696876632
0.456650958670789 1.68826849912122
0.254253424028007 1.30532518508018
-0.0939630843009984 1.70783121168958
-0.479877012715786 1.52859293720198
-0.534236024417369 1.19602486699226
1.17902150455247 2.63905259030762
0.510236553205001 1.06236362026785
2.25407280318811 2.2600476315861
-0.340315647225194 1.40700513453816
-2.40047435718973 1.11655441958253
-1.84571262721708 0.520165969699634
-2.69563841163082 1.95355436967907
-1.97688684568642 0.447578592744873
1.19211510645253 2.33036735266253
-1.36879625302657 0.688302486006555
-0.705993742210117 0.776615577043443
-1.23880874385064 0.913514358877563
1.81467815808384 2.47998450253073
0.544180371173422 1.77085193687715
0.200584964747264 1.4695779022776
-0.448297087605475 1.04864584142152
-1.42781098955836 1.00685474313276
-0.938889916613683 1.01539960939157
1.26674275963131 2.70233136115604
3.2989055234267 0.0987135294665584
-0.00931001335333937 1.12488277694455
0.0259539060901254 0.792330623075468
-0.337051273895486 1.12972190433475
0.769895616289323 2.10951726261881
1.15877599848445 2.21098645296794
-0.918969150598126 1.05510672287564
-0.568453741313515 1.06341955934422
-1.7529195807947 0.613515100941374
-0.485398230875822 1.11282214801362
0.134097019839372 1.61243180800549
0.496384004316976 1.81306435497717
1.56629699560346 2.7074881482732
0.96685913090039 2.18184365447192
-1.32338839473232 0.939830335345003
-0.823642604478059 0.347109055686109
-2.18095782083735 0.67580265722904
-0.896311363729876 1.14817829892836
-0.37010471087357 1.46442680770434
2.81120782224347 0.789307649119596
-0.706311580407702 1.07067112431849
-1.29608037116861 0.199440049045188
-0.360339488706408 1.92689691549909
-0.956216403692235 0.72051324876171
1.4607027182178 3.2603073080805
1.15320880986658 2.54471992398438
-0.0335105712154602 1.34046179297945
-0.42557902626703 1.23771967656474
0.0309302516759464 1.31857577204101
1.69648630797523 2.86095110334432
1.14877320111465 2.92668160352666
-0.837694121966123 1.23136404478508
-0.710375187942729 0.868256967915638
-0.041885244286367 1.14726431399802
-0.819499023592956 1.23280174441993
0.374956275772763 1.45319857806261
-0.594822416565105 1.44164929483175
2.31212017471293 1.37853797566185
-2.17523917768343 1.47814257209989
-0.379637761934907 1.33571993137452
-2.40602038169657 1.40104841975649
-0.182418040855475 1.41694166916921
0.126461603337264 1.27701553904145
0.473162055480079 1.29218151853667
0.544272535990452 1.65622952354676
1.64179869766505 2.89500904604085
0.746482477621378 2.16400131797641
0.885993031514297 1.68776726757728
-0.199382068465036 1.49084019781979
-2.23227582262637 1.17336479742729
-1.52759538506382 0.78126860567681
0.515964384471075 1.79980234522798
-1.68321451061787 1.1205914833522
2.44253581021251 1.03702256970336
0.999822627668145 1.86216405928337
-1.48317804150634 0.617843816304235
0.974412701762298 2.10639440811788
-0.309862598761275 1.27531927418635
0.124329542323713 1.24592576332317
0.289256627684139 1.70387432286235
0.710542496146412 1.7830306175597
0.365594963275905 1.91353514960918
-1.94327266627143 0.873970436940164
0.40741599237696 1.63257219937996
-1.57277211235666 0.766107709893127
-0.769532392717929 1.25604100434872
-0.317436775737604 1.48872708666705
-1.80795661238836 0.422752726955879
-1.48226735850274 0.208788357328142
-0.140257630153971 1.80580276129
0.926734523838669 1.75004743404348
-1.21189786513082 0.357232458868787
0.0242486213656442 1.76132840329978
-0.165076219766933 1.16199868217792
-0.79852093201098 1.2978827819515
-0.660638787420873 1.40926590722271
-0.477475064155057 1.29365276752546
2.67312244127526 0.898257114350541
1.52839679068252 2.71408732375031
0.984793609662547 2.29245189520511
-0.174674144214537 1.57193430959804
-0.419961638073245 1.48732504591159
0.211804289644908 1.55620332170742
0.915305067453771 2.43375004232757
0.266576532777889 1.57614214050177
-0.186457761276339 1.46285438324938
1.26203502598697 2.79327560162704
0.511630513095635 1.96782163755053
-1.08557757560371 1.40706498390441
-2.549947063036 1.64407845306888
-0.489226929192926 1.41355781653931
0.745923477542779 1.99799012773678
-0.305032321709108 1.68908100507395
-2.42658338418516 1.53822347727446
-0.38745960832688 0.926154213924574
-0.348089259529306 1.30769123848146
-1.65447252017594 0.678998392231501
0.797988349319698 1.79014861072241
-0.176430446683122 1.38314911515649
-1.57127466019673 0.41628789763232
2.93388003548691 0.252573025688074
0.844281560097639 2.15544527273633
0.392979371359177 1.61557199100074
0.37787398002065 1.72523760077753
-0.0935377946992497 1.17775903369619
0.324385105217202 1.50863242269607
-2.57061944161065 1.17120750708392
0.566453402191025 1.81021792617135
-0.41636374245696 1.42862078037905
-3.16503770697168 1.8423455605245
0.791501566101833 1.8081061977395
-2.14058261068805 1.48691478654245
-2.06858486507569 0.724035142510585
0.73756686878329 1.85808520529384
0.114211613789555 1.64394634832881
0.0913927922067661 1.37135421974702
0.554666489972586 1.25754510808381
-0.638253209916013 1.25402606463845
-0.283146728443978 1.52203890613714
0.697341907280374 1.46343966245865
0.167919009098286 1.65077899936494
2.15126321884963 1.75533757970159
2.20397007788051 1.67067984152944
0.673634954860178 1.97740044329844
-0.853009756214055 0.886394705170379
-0.18739794569088 1.2290501707344
0.593343464495798 1.41158488559323
0.0375629381955122 1.43699223629244
0.998063294517244 2.14043415725326
-2.03893264118845 1.1213325955368
0.263993722500658 1.45271756449666
1.4611751458953 2.34859555366586
-2.34409975711666 1.36499447822307
-1.64020775720963 0.959499680044557
1.53646823638758 2.86958071152283
1.20008246464976 2.29563484805561
-0.0569684940912674 1.87202825336693
-1.03959345233487 0.982085636709893
2.72731376326447 0.515477256738011
1.30299071166475 2.49232022349975
-1.7638769982582 0.771532266443466
-1.59546332229148 0.820345154013876
-0.789213932399219 1.10762147439656
0.482593845291196 1.36552789600914
-1.48730501178818 0.744722135521965
0.396381142495955 1.71135318647961
-0.123014845573097 1.64659147478885
-2.10318680024502 0.916997450119279
-3.76348064648366 1.19987473624223
0.64079790198488 1.7153109188575
-0.294121412376861 1.22027028988032
2.30404185008452 1.05396979547692
0.557439833960565 1.63467878196345
-0.838747250133835 1.40678581927053
0.730900574782032 1.75134041163902
-0.611846577517843 0.996484864969595
-1.27663317575421 0.859435507589604
0.665001222386258 1.49376427621171
-1.35607792132114 0.717667493348602
-1.29943338589627 0.974062565510223
2.32401872404498 2.16732946788359
0.641071320816574 1.39806907617004
1.43422609792419 2.57245763645329
0.556088009575703 1.57096423403984
2.00051602371282 2.05454277189895
0.453498006046454 1.69554663103303
0.000374286052670293 1.51660853536631
1.0891481841995 2.48589922046704
-1.58230958596297 0.104766182331973
-1.24143688686154 0.872083475033586
0.160757261210954 1.53491830295436
-0.414268508130712 1.16419454199628
-1.11566887763652 1.13973651698313
-0.740378708910673 1.47735855202947
1.17751022773362 2.6117871317853
-1.2759815376406 0.837728203760774
1.13889677283762 2.31181822530345
-0.000507967234583736 1.16064755850582
-0.650096153269262 1.64259553792646
-0.205886787930296 1.45769544860345
1.74816173516804 2.31961061985511
2.0094048754397 2.16522200903687
1.04072297375924 1.88258175631463
-0.510052060638607 1.41417658717746
-1.89471811018485 1.05614873860152
-0.297896689183823 1.48285217419164
-0.736518462297596 1.36149883741954
0.666722936256443 1.41227308062713
0.679405706121189 1.73653115523704
0.0584092717108182 1.42231038088164
0.863597334155053 1.92190072045223
-1.20921672188326 0.615541741772418
0.546402534463931 1.75254185835087
-0.66120547319771 1.01427714341413
-0.0348935825602681 1.289830280184
-2.92369820585976 1.48126609819182
-1.88309538652907 0.406317765297431
0.94335510602564 2.10606352826704
-1.27894190778423 0.919702597281445
-0.148188142074774 1.25206788459901
0.188940567116605 1.20152656625217
3.1153173605125 0.241911798630792
2.06191317562645 1.96151774569045
0.722171543924268 1.57269835475707
1.02477427402494 1.78629363401421
-0.121101308817316 1.40415794411742
0.849061316250317 2.19881509962943
-1.41100169269891 0.78228304930592
-0.594141935984012 1.28814881815475
0.744740802112183 2.02140042657288
-0.378402335701086 1.4183622473884
-1.71451782147372 0.778120315033384
1.84185246160134 2.36458026002519
-0.112558269935171 1.52655793757098
1.238373557366 2.70403414762213
-0.470893621507043 1.46036052068655
-0.336566565600001 0.905223894658902
-0.960411818217345 0.873328271446544
0.574694081393948 1.68970035705695
1.91150007207642 2.37491169641812
0.667945376811456 1.71645355749129
0.306399710140097 1.12052329168943
-0.0202833389287075 1.85341360075432
-1.03490265718876 0.728700577996233
-0.943572064122736 0.834085615197965
-1.63780846345542 0.828570400500314
0.377673956513936 1.91756912691431
0.0649651514431429 1.39977663947146
-0.491735276500987 0.94121512748963
-1.0284612349752 0.613656087047316
-1.26479313225806 0.466384541673955
-1.27929148483651 0.772602339796539
0.106129878366062 1.49362261790015
-1.19112295343777 0.831659122149043
-1.9310942904167 0.785423731594119
-0.412861710697853 1.03451363712908
-0.090322806060475 1.18738907644458
-0.953511485031268 0.984467148214431
0.49905004005811 1.51709954866106
-0.730667760955257 1.03612377000398
-0.224991987506913 1.4384338428406
2.88119997762488 -0.0563817658705477
-0.279163914002238 1.52845477409854
-0.0227932631001214 1.20375076349076
1.13483531958807 2.63884514612682
-0.235643995451155 1.24994044848856
0.752817574313585 1.92700423920855
1.92753187184713 2.04535634176335
1.336552747569 2.59383494210184
0.488629508834972 1.72878035078868
0.883548702352835 2.38350081874995
0.0789538836777498 1.37029646328757
-1.73067279366595 0.690036705882814
1.22425587495994 2.10181261956544
0.031592862332785 1.92798863186528
-1.03778963736959 0.904712666736031
0.326431809130032 1.42500697399961
-0.154716373170786 1.1281085612794
0.163208782031401 1.63409060440244
0.0856356434558167 1.26724407110872
1.7454495431504 2.22274789432432
-0.467877836502376 1.10854294919783
0.547466677127581 1.40424774883858
0.159443409865553 1.08161939822466
0.230838038903952 1.51984315569993
0.382924344814704 1.46972616090171
-1.39253900372371 0.544722180432307
0.884225887870309 2.34264504153723
0.355725004359025 1.31678383523938
0.852903674449598 2.4840575519082
-1.3741050613923 0.738411073030386
0.328377047485211 1.14716079860145
-1.30859500031115 0.767186216789069
-1.25543855765473 1.08742508226905
1.29789819208125 2.84049433289379
-0.474683660037058 1.57521895165238
3.05796087296079 0.0971146948953889
2.75764550065725 0.331887406209628
0.739812487416833 1.83849575959918
-2.47238417560484 1.90138827343897
-0.554800847760851 1.23451566842304
0.000924411138636139 1.32416006398682
0.651744115184006 1.53453235540352
-1.31031621838033 0.330151666339929
-0.249479805719022 1.23255163397338
-0.917341429997511 1.0828524415787
1.12900982844231 2.67605689043936
-2.16663956340513 1.07840646935696
0.382170168660197 1.44166682792215
-1.3757069996222 0.612679614097733
-1.5846760293032 1.04586381366117
-1.48082467364782 0.70964272916965
-0.715659231536845 0.876500981363811
0.540070679412129 1.54928911088542
-1.72964502250219 0.824980933939124
-0.96285387413363 0.937545806461845
-0.364909088343254 1.45829189568954
-2.8259861186159 1.76659085027749
1.32480466315121 2.15385467909544
-0.279788875716504 1.71568104522747
-1.03121308439578 0.330850298172573
0.445213723995296 1.44111347268349
-0.0794771570546793 1.12955000050661
2.40223879971511 1.55743076549606
1.86186895109677 2.90376788177926
0.412590776642708 1.49089087106514
1.78690063944299 2.8625522497062
-0.762015340685038 1.22064930488469
1.70641973606055 2.80310011949233
-2.26865077478428 1.47159206254278
-0.799351706158039 1.19672071837358
-0.0615462393740222 1.5363575582608
-1.00683764026088 0.779054091356042
1.38159897895252 2.03726449778451
-0.186987328196085 1.80242143844845
-0.724734127361136 1.3013592920365
-0.296537365299308 0.995221692569425
0.81440406625055 1.75588924465778
-1.37310798737979 0.634883675176416
-0.620187454747615 1.17898185100273
-0.430827928440033 1.32443960173138
0.632695538226767 1.84343076725284
1.20149746852645 2.29468523323925
-1.49588192666073 0.635996357523106
-0.33104200081408 1.39467270455118
-1.29643473321741 0.522042718589929
0.250684196398351 1.73479300410971
1.3994518982215 2.60570531989976
-0.412723351018026 1.3169088802206
1.60458477119795 3.36611518749039
-1.64251047001317 0.751613304650262
0.218106404588592 0.891659581762741
-0.946755393346693 0.560424069073661
0.709875055894269 1.53156504058797
-3.50376941540977 2.19509213004742
0.778371961828353 2.17264001573845
-0.248868728558232 1.73509379590557
2.53481851014256 1.13803993513408
-0.435256806095509 1.21655055135035
1.63962143437512 2.41158012934715
-0.765534165816429 1.74587539654171
-0.570311380135987 1.22503195326361
1.39075514526533 2.85674960350385
3.49009176875616 -0.292851060025889
0.84012066444925 2.02544865486657
-0.70704525997577 1.00621550675244
2.53567824342215 0.96503413864486
0.872912399104709 1.92896092780883
-0.195960214431746 1.85806375199927
-0.0196955304112791 1.47701146387943
0.926466589048496 2.13008671050175
0.209317254322969 1.13550141386347
-1.89392959783762 0.599840288746168
2.45534022133253 1.36161116122916
0.376897929358893 1.45203367506376
0.906588994439519 1.66958248584991
-1.54386815617773 0.614494746244847
0.560311532706845 1.54771649293043
-0.00297339673369877 1.66577305135615
2.06804544887278 2.1453060018719
-0.343571991540333 1.53721281932129
2.90860730505641 0.171180999755471
-0.932202403870861 0.520461889465501
-0.317466036345121 1.63491706783517
0.829630120400999 1.96997903952754
2.79300671161721 0.330016556667213
-3.05492669758013 1.42878835022517
-1.22969852051739 1.20796360880248
-0.546283581621371 1.40489146546935
-0.883092104647347 1.14829969898797
3.55960659371746 -0.542217584241611
0.776398088623266 2.4335702277263
1.15395710744205 2.49350549890082
-1.02858495599906 1.03844739898825
-1.56652268469292 0.773387331082706
-0.44150790691486 1.31565034158535
0.00860111134022301 1.55345484045314
-0.395820435407664 1.52872019917532
-1.25658058985742 0.865252446458843
0.427473338903187 1.91078530100823
-0.354983391349353 1.17669567829394
2.09362922440366 1.97300204044679
-0.0747409301347445 0.957369547253764
1.28437905054625 2.61663280080163
0.996788787441156 2.18066454686154
1.59099502394372 2.7994166241363
-0.0205785770988338 1.36787292135774
-0.180102296847739 1.78187749675827
-0.445287675295071 1.46909848070679
-1.20866954254526 0.682497558885939
2.5765444850296 1.06433779747181
-2.37274146178823 1.62018156614601
1.04586209998282 2.17709045766004
1.74026483815604 2.35604218790918
0.73125276925818 1.82291789071908
1.73745458616102 2.50331562896807
1.43614226330942 2.69994694950013
0.577737123698219 1.72847616297381
0.987835947959806 2.18462017457381
1.87400481616539 2.19341619015817
1.23434202969478 2.24326857272122
0.280716551922576 1.38287047398916
0.190415266422733 1.30023288423563
-1.98372392876455 0.975627863400684
0.611501152730762 1.33342062771532
-1.25074768617726 1.2589528855416
0.22927868869693 1.34559795423346
0.0565352581403594 1.19203403891751
0.160991665703315 1.58377239421131
-0.565432104011392 1.01909821989607
-0.0645318405934117 1.36020748302877
1.22942397101223 2.68076841092765
0.781885105542595 1.527487217106
-1.17395326816495 0.870860604820501
-0.126799314218356 1.2945288035545
0.856682905968265 2.0882522246813
1.01081844049887 2.53693368790178
0.679742320042985 1.74192487374208
-0.524605551706054 1.41670750930344
-0.052240738866978 1.65106959596293
-1.13510075532591 1.01669546577984
-0.178806360554604 1.54400301541888
-0.167769388261432 1.63293603216754
-0.746722872683067 1.09580062454556
0.240938971342369 1.26108384087135
-2.03957195435555 0.341641065834077
-1.42566467351616 0.51693176696811
-0.123179918653903 1.2792822909308
-0.0417090876090775 1.17948103660871
1.51343104970156 2.58259523377991
-0.129879417408031 1.3983391772022
-2.0722041285846 1.22663141985674
0.558023124888265 1.94140957389695
1.32484765489879 2.61959764661257
1.91274805454742 2.37056794497432
-0.941977033451248 1.02965873312208
-0.544175262965271 1.40257081074746
-0.996018225261979 0.897899700160798
-0.227593309540093 1.34663573016507
0.420912545092088 1.24185750620075
2.19036845519906 1.63610150012898
1.35332626410965 2.83906147712857
-1.94557583801741 0.662720118795503
2.18236971136561 1.87394751804457
0.699580211802267 2.04236395169534
-0.684601734831521 1.58616318955416
0.847832275021109 2.05238512526043
-0.954140350663154 1.19431518324003
2.90333800194519 0.384363320782833
-0.554589029738309 1.04746780637109
0.264735473838639 1.33209662239375
0.789360359558038 1.56415260691648
-1.69824213720744 0.766116769639352
0.462880905619495 1.62411446620174
0.868829170701878 2.22896618111323
-0.885940423264532 0.75650829175984
0.269870719664206 1.17757360225228
0.380987183432214 1.46443144361315
0.679388489820735 1.70037608921425
0.278298678434645 1.80895450929667
-1.38409776877278 0.951952700501252
-0.695965867598327 1.21635543710988
0.438000745516304 0.973179838733238
1.18742441778 2.28902171081506
-1.9454813163714 0.46067154204794
0.299663922053941 1.53743851406035
2.15863716789425 1.95211507910267
0.419000960784395 1.33275743367471
-0.94116446920537 0.914994798094065
0.498885623351308 1.68290913595587
-0.0579747949852651 1.53009355070921
-1.23043400523392 0.471265518596157
1.46464871777637 2.63827045690027
0.51272301057729 2.0430633364291
1.3755344340119 2.76699284633786
-2.08540974667059 1.33373860328626
3.85705414608161 -0.601380497863251
0.056467119703808 1.08948310969112
-1.14756092891953 0.860953039904023
0.0703150068512955 1.5670559934892
0.946459765446067 2.15880698728377
0.00120096600359163 0.930544339978249
-1.28601220936048 0.628681647569306
-0.197943021098081 1.3077761945873
0.714863895696502 1.81078507118056
1.36352962113069 3.23987627692618
3.06263625328329 0.0863567888082573
0.944062535688287 2.230789458642
0.985015295501974 2.27331121821627
1.12654067987347 2.18270044417241
0.182835144104334 1.7200571319195
0.266433450708629 1.57750591202538
0.913022079896471 1.94427175425754
0.685185905414641 1.63282946640471
0.344713525779881 1.54841232200502
-2.19643680706966 1.37346763306999
1.25311502308216 2.72320717097569
1.13301555105213 2.14909086729873
-1.91983147184187 0.813772158212797
-1.17655139502056 0.541504354964553
-0.050794900764268 1.37362695993748
0.440849703795625 1.62972186251258
-0.314093540971854 1.70451970823304
0.839783231919409 1.84404093744865
2.35167178583348 1.69542477285859
-2.20506285469327 0.787495505109089
1.02193167669787 2.09480563331918
1.57028641298511 2.52690580765182
1.51405490526079 2.5238181020751
0.884423705998763 2.16859911647062
1.59109690749789 2.53289803897853
0.985575160143242 2.6442638277932
1.6481877574064 2.68244882059677
-0.940352326423647 1.00201455331717
-1.31053414137226 0.691030138358077
0.784801599763975 2.34085884725261
0.691640202983396 1.88794875934807
-1.12233615936866 0.334270441647705
-1.23322898767471 0.421532891080897
1.40289232606946 2.60174457090717
0.266897576959628 1.71022098410471
-0.201070716902127 1.77762785935816
-0.0326252785572641 1.90261443144619
-0.732749574655549 1.47955840096851
-0.821046316838532 1.35477617814014
-2.83598976345637 1.59165250443985
0.239160651088137 1.63441803552536
-1.9586068834903 0.398116037848557
0.756855829592387 2.01804417226661
-1.5461006979217 0.632521611924998
0.982251096574369 2.18153672400263
1.01583866683828 2.16080591348625
-0.158428918558382 1.16696071516943
0.509254429425748 1.75463991455721
1.59241353437319 2.66502523286808
-0.461156296982757 1.1836793741904
-0.895443077247966 1.39191061155493
0.17997326031966 1.78013737414144
-0.775094216927391 1.4118547713518
-1.04820704593778 0.892598377031081
1.00028084167515 2.00210826402078
0.916581388921104 1.99253253940594
-1.61793935982816 0.837990653070003
0.49606191837537 1.14416633159099
1.0041256479146 1.85317548068504
-0.461945157740284 1.28645288621146
-1.62053787296552 0.461670849506202
0.226488819595884 1.51950896140833
0.459465732101258 1.57060982246208
-1.93102037096547 0.830026134475777
2.53773749964943 1.08719723261578
-0.575256030936292 1.35246706987795
0.0814039803025779 1.63104798599207
0.149992209159634 1.38105685154563
-1.88483580707889 0.949546948379882
-0.355377854923733 1.78191230717631
-0.325718184527031 1.51619814647781
2.4727610819141 1.29562652711891
0.725835720692147 1.84638990670891
2.07630080226675 2.2702948306793
-1.35817286787932 0.606199061104712
-0.994551359204246 0.755764915891727
0.487298107366159 1.54852947197252
-3.98051765085709 1.71994804965157
-1.79663945972218 1.04273069475802
0.0424730409748288 1.74384905857844
-0.507816476828402 1.330831990665
0.718759511337848 1.87887763447264
1.35413474177306 2.5976003263112
-0.236648924182421 1.46323758043997
-0.0941433616101467 1.7078598482921
1.73294806737449 2.4217765940168
0.630127679765218 1.76706947971548
-0.242771367129533 1.31455378391989
-0.167258873999179 1.40820910029577
0.970221060618424 1.92546946424062
-0.313335912662785 1.59973979610443
-1.31895854829134 1.2608512824841
-0.346734895007784 1.48812552484496
1.09037315359229 2.25284173968126
-0.343454026503712 0.881481992665784
-0.678306203087382 1.22845436729843
0.291763602045448 1.9264273084672
-3.30619815271958 1.90482128912316
-1.13378659053191 0.916481789139098
-0.631187097909274 1.22306195330116
0.570933434576431 1.78547250925648
0.0103253542647311 1.32380085232981
-0.856349074827269 0.724574241682406
-0.577883314772194 1.60103611621425
1.24679588240806 2.58336071166092
1.52542626631023 2.57934761350464
-0.529246040705275 1.48865929669742
-1.30465567843155 0.72144159869291
3.2036909204519 -0.230189414166445
-2.64889635892255 1.86885670677166
-0.993784353826074 1.13154551021044
0.752467076984162 1.94554909071065
0.507914960401119 1.47234417177528
1.99732766335468 2.08057904848437
0.11071878708604 1.6324167517721
-1.31892439919782 0.914422854926185
-0.537770034331261 1.03101169322273
0.332302427176539 1.5572534386942
-0.124124261100332 1.41583156800809
0.0482959484150986 1.43230141339261
-0.162126117896915 1.51959449311053
0.430836616553985 1.19796649930241
0.874600120001644 1.82048532203096
-2.38414292254881 1.08372933097436
-1.32609084873659 0.589362300262463
-1.27785734899997 0.827811575904698
0.299979251216536 1.58387401867997
-0.494555284520455 1.05847926657032
0.204957364061876 1.18137322474964
1.80124072315894 2.50511457982406
-1.29593822311318 1.23625582979595
1.02459250703867 2.48625038981336
0.221341898910063 1.49555453722331
-0.795798021888024 1.38812019271723
1.38511665334635 2.52175288306955
-1.71639783427572 0.404911776123107
0.425505802183982 1.63086601419528
-0.394475298416469 1.64263586402951
1.97900368794243 2.33507131657562
1.41404760049294 2.76525296357697
-1.87392076764789 1.03051713959429
-0.327222140628673 1.48318232868786
0.402412923231586 1.70687116795092
0.0865594887547635 1.32096059488842
0.750090965819123 2.2012821686452
-0.568274671879992 1.38490540582018
-2.16333435483983 1.45070534803114
1.91737511967681 2.41481911856525
0.186609235010914 0.829958388817555
-0.866076479816144 1.23647276522383
-0.20970319668129 1.48889034499356
0.804739071847438 2.24596583749494
-0.805979038142337 1.67298488792183
2.07558699713716 1.97650812501404
-0.0118894757194593 1.6664370745704
0.616318729399575 1.59315741839765
0.173048926667814 0.932102581279323
-1.66822724550244 0.575923515215728
1.4152932596794 2.83831663953741
0.206448524935202 1.43969878279991
1.64025270381288 2.49427179368432
-1.22037537428086 0.404249280923309
1.42220549808488 2.55014524290588
-1.48760460076037 0.65030750024792
-0.371442701103651 1.47076760646247
0.673876117356551 1.55506966061747
1.13041961808983 2.28235374633193
-0.73926727342768 1.2471861119094
0.425440267643028 1.15490418158943
-1.92397762485377 1.10324482728921
2.21820328921176 1.92258146814812
-0.0422405333976877 1.6483742106306
1.5285516778024 2.79804286269632
0.470434237021368 1.37450524387433
2.42344852047051 1.32390778342893
0.399922124305838 1.2292994311313
-0.367688604872002 1.38816419059059
-0.164584190478007 0.793943008552306
-0.913550113268272 0.840823403750657
0.307262766844835 1.53072314293268
-0.122598025074747 1.08974504124208
0.0022972327652133 1.2247560896893
-3.06965835801598 1.88768352468396
1.40980420404239 2.59243627928135
-1.22007605444992 0.830750094212067
-0.153502893131802 1.46174512367397
-0.857924813069665 0.984748280719645
-0.40725976920075 0.966793827454871
-0.56366287656673 1.19894286270081
0.225674791690791 1.53146327730442
0.376219019638005 1.96071016999203
-0.851949314566987 1.27210414488249
-0.0515811375040904 1.33369397989595
-0.697488812533022 1.03641689356636
0.347673783949323 1.19753124825813
1.00927190640662 2.79657015063964
0.977397086646443 1.92961450134079
0.619469827829122 1.46416566536135
2.00897534249923 2.22380816531158
-0.544603114433304 1.03184591438328
-0.642780829244259 1.10329598871779
-1.65355756291379 0.931223900723726
0.806605724890767 1.91283344630443
0.132229805762593 1.28545667127304
2.59488087804246 0.576412586067529
0.25866804024088 1.68837517219559
2.28966665297007 1.42509225070741
1.46715195517725 2.774171519601
-1.54498607995159 0.496384372679447
-1.11456170103039 0.335323470146656
-1.60262379387257 0.558406103097736
-0.170840298465809 1.6887831782964
-0.984772213231714 0.874268656658992
-0.213234791113205 1.2939544548298
-1.56318964932467 0.920173991461924
1.5129989081048 2.39097986324437
-0.726005026681353 0.823158796922131
-0.121750125626988 1.48577132629158
0.13562195540475 1.1698255112118
-0.974677707639177 1.24356055358181
-0.257342269499786 0.951800937225863
-1.3747150332937 0.720896756912466
1.68107454218978 2.43243018211098
-0.369833833970598 1.3304987348054
-2.51987051273495 1.13611823072158
0.708379743069618 1.47379885651273
-0.829831707870129 1.80804896368774
0.155092527027122 1.20342910090608
-1.39049289668201 1.21189938481922
-0.381900926126099 1.19813253605482
-0.794712610182596 0.835539119038533
-1.34657009807266 0.798858673689082
-0.376474547887155 1.18638791780915
2.04202077882066 2.32371329744235
-0.521837375230655 1.13494844054853
-1.38608153117675 0.772472967878121
-0.734285737171293 1.52512567115987
1.04544903731647 2.59471604996234
-0.903163988611178 1.20524225536879
0.863115993448272 2.0792837083996
0.975555974272037 2.49050660213993
-0.294279727748975 1.35729534296453
0.74482903084952 2.12916793655358
1.11639560336357 2.2619346797327
-1.05187797334876 1.04603208857773
-0.492247959242213 1.08349855854792
0.0476784329213235 0.951025891840734
0.140437248540904 1.66596959609386
-0.763634652053052 1.12004893660083
-1.16467808408189 1.00855729660802
0.138346777997344 1.40199634437272
1.13821710630509 2.49473031082638
1.33150823333787 2.56731623386894
-1.04006217942363 1.18342300059405
0.609616431072214 2.0042628095031
1.37118439470535 2.55703921269778
1.64348852711526 2.89243929071942
-1.84829828779474 0.882482829763141
0.785235117310745 2.14799241893339
0.144706752897395 1.87916865846343
-0.311500288425477 1.72332315060947
-0.809046648350385 1.216713294436
-0.0141079895081178 1.09343663291264
2.03317231702504 2.13518939561158
-0.506795301474889 1.59980969456816
-0.676600489833717 1.20927476935891
-0.580101932489904 1.51678786520275
0.113100241641497 1.46624363550041
0.207817186657796 1.69173737950767
1.46477191200383 2.84983437512737
-1.37933693009474 0.683511941134359
0.221639023103481 2.20696881752979
-0.895158030620864 0.894603208823732
-2.23919341754592 1.19004849201751
-2.01441455688388 1.03522229710274
-0.259098134759585 1.8858233716964
-0.613504506310083 1.59694752523618
-0.722011504647686 1.28918380174533
-1.61108168862701 0.0971089073574249
-1.62151838499193 0.698614129241506
1.30246475325196 2.63951503348606
0.1557044681873 1.233856259837
1.11600894149647 2.73418470914267
-1.15711247041258 0.20571152100402
-0.281592077948846 1.75851762851552
-0.308022025774047 1.92664560546784
-0.31290074568337 1.44670094911857
0.890391935468374 2.03060612317393
1.46766650371141 2.50914206746228
-0.754307217891667 1.07039674913528
1.95978099279961 1.75459615713807
-1.02338563255649 1.00206893786795
2.98474148184712 0.0297532144201003
-1.09283713365261 0.971571218161056
0.417787260580855 1.55532620926
-0.533118918189781 1.29211690519572
0.966449761901106 2.6446073981208
0.693103207279875 1.61212577487298
-0.461675792975284 1.53548807860976
0.589353476437942 1.59920942447635
-2.6406719569373 1.67262928310188
-1.89511049195533 1.00746535283455
-0.128389583792094 1.81731658251326
0.657674651345043 1.61245348096209
0.834052309033358 1.94272647940328
-0.129182567123523 1.24383158442303
1.65874623674749 2.76052162801924
0.897154023539142 2.13251787433333
-1.28192810982669 0.565724067590898
-2.33112995599037 1.15246890549649
-1.62244565826126 0.906694759713865
-0.218855748016208 1.61083812427198
-2.28937425366855 1.10829289245242
1.76193595476957 2.71379859189495
0.669978768647501 1.84077122928019
1.20179911683642 2.39226438670359
0.220066184610624 1.00351051059703
0.925974204272943 2.28139414485857
-3.62069055475955 1.97097370235466
0.688664379232624 1.97445640832397
-0.355276396835775 1.13826703647686
1.29552533452059 2.69450120373156
-2.90414180602638 1.25442467810373
2.08876875906637 1.60766306443068
1.1895428347808 2.71985607718283
-0.413802715381231 1.0671343734828
-2.03455278843056 1.38662744872853
0.495335545463613 1.20148808197489
0.621345752307063 1.70875155370971
0.933759794572084 1.79657148822169
0.783034653410514 1.99292116337351
-1.12214954803521 0.925041503123902
0.938112468070431 2.3905799562928
-1.43078142072467 0.612033082854405
-0.128485408141918 1.35764781326576
0.534686410501557 2.00476667706772
