-0.919819374720194 0.693220272050321
1.95533100852956 -0.388011006937114
-0.910148909661682 0.823802438637292
0.55903237909995 1.17539261343435
-1.39462142226055 1.32922263994856
-0.508772732944779 0.210530005692287
0.0625927818851727 0.75457879792262
-0.587378607469007 1.15664193106098
0.868617333109852 1.43072943656861
-0.297922286804248 0.627983577311008
0.889123716819549 1.01813099515456
1.26077851625464 0.513614198652763
2.08775696026214 -0.448890413867163
-2.81044424063702 2.28855759069553
-1.91343389298541 1.66772123636556
0.069266783154512 0.594690421692025
-0.314204096258915 0.98643532649693
0.309020600342144 0.77940055452723
-1.15434981563313 0.815723912638963
0.4919945817012 0.517885367819792
-2.35752461679087 1.53611375623199
0.612108732474395 1.45199278878668
1.74632368190456 -0.0716263640890911
0.306849366896123 0.841506673040435
1.60218193165479 0.628630413012854
-0.964413040595454 0.937194268875708
-0.0423893409938378 0.733523217626139
-0.951311705929503 0.914891444089727
-0.280029362452573 0.606559756383904
-0.118288695689437 0.333634033460718
-1.27248889743562 0.822227753348055
1.74066664061036 -0.337080818922226
-0.951623817192888 0.920627058301003
0.402339431460936 1.28561047774393
0.827096864730859 1.25387586373514
0.741129596465171 1.07894037881004
0.142755515947605 0.941073725078855
1.18823665487461 0.83839442841064
-1.40534751551417 1.35445924060267
2.02846785679499 -0.324174859839168
0.578585809723757 0.755119825793471
-3.47661963412802 2.20794398324717
0.641122996556369 0.884428454334678
0.66592991172116 1.19965785534187
-1.48748930054491 0.721937653637452
-2.89382761897564 2.21227286055067
-0.117242072237521 0.2471009692228
-1.9008214546534 0.986227960558044
-1.6614704679163 0.954090906095822
0.333758200153911 0.664451849966029
-0.858150110341096 0.890122266118253
0.4851709320614 0.990453178242635
-0.915790136970283 0.710216880010136
-0.00275468350548148 0.941815771835202
-0.165408980285976 0.399882400763084
0.319154318985322 1.00750151313664
0.493764256033571 1.4148423842429
-3.13889656352275 2.36480942305392
0.886819381475461 1.06764499117684
0.439795164741443 1.16856056446088
-0.507922532534625 0.659288371543396
0.407506681960044 1.25814785514339
-0.178271065713931 0.484215665733666
-1.88575802036593 1.10806341831028
-2.55312261685788 2.12179860160143
1.90737047600506 -0.136843401244415
-0.344588127933983 0.401536704195873
2.24296589401311 -0.793285346498038
-0.804976611136476 0.268059518222178
-0.926841050537226 0.489719100621049
0.104139501676431 1.17072878337039
2.21274049487977 -0.394257342328847
0.453265769200485 0.398373495514614
0.198676170227425 0.710163020444453
1.43412324344267 0.791769995871342
0.280829478892799 0.884755596010357
0.0909631037680174 0.63104018269327
0.592708047447467 1.49442685821937
-0.416046164446607 0.198797553892363
1.26376371937536 0.393637742997361
-1.91886597593022 1.17667022134271
-0.802875906793194 0.827123168302209
-0.377217218190372 0.444395950867679
-0.438280349140557 0.622613372281956
0.926767208172878 1.18579615885141
1.19208152450285 0.926914980086426
-0.623489748101603 0.728488477358021
0.541397952500434 0.72107449619483
2.12523134990096 -0.112365183315915
-0.793691893001236 0.58785388622936
2.42675530542636 -0.327346443672861
2.24389611842492 -0.798743276330221
-1.42837410506882 0.997854524080496
1.24289403188387 1.13350453435
0.330164757222415 1.11937242759571
-2.97172558520784 2.67312243442201
-0.159411668313207 0.524978163802287
-1.18714683732406 0.927927690230898
0.479392447578212 1.46029765420605
0.00641611827714369 0.884525569733944
-1.98981349446369 1.31416929457493
-1.33232653888669 0.806666190513381
-0.259863965312937 0.463681284350052
-0.74660833487844 0.750394991885463
-1.51464420188014 0.999345695424226
-1.95591079772947 0.647011075432132
1.55772091367616 -0.0186088329704385
0.137561148434481 0.815273887346824
0.12236358346916 1.14534948241564
1.06271047628589 1.18967139191676
0.888051246386792 0.947425947719368
1.32682303463557 1.20245692088804
1.71207299556985 0.0906967779768438
1.21932871737642 0.849840600674228
-1.50022193624614 1.26306262983831
-1.40673529510462 1.04422129079723
1.40772542459132 0.72975411571387
-1.47937080540577 0.44446908038759
1.84625540096351 -0.444378030728321
0.111815206703373 0.776454081016343
-0.460801277989517 0.585612472669174
-3.1286136840015 2.39783075421436
-0.0847429912131784 0.379818604948006
1.86228433453678 -0.444141287088393
1.28998303230672 0.686777136429317
1.04482545840912 0.699453430333641
0.221917405022564 0.972221875190306
-0.394335140211403 0.74185457742217
-2.11061168644822 1.41611157340642
-2.208949536146 1.70258435498559
-0.957960923382362 0.652311914577406
-2.06972447936716 1.41781095817025
0.0765084760656967 0.618512477667657
1.004145402514 1.1124008550578
-0.943871551292119 0.375481780539661
1.07781879020913 0.778256324884506
-1.13787586621243 0.896288737048251
1.74133762843568 0.0925561323196339
1.45321260620888 0.624145187973146
-1.02541541996289 0.570183614887449
1.12025699484463 0.996955996898161
1.13615910107453 0.920415557346441
-0.891756955444771 0.938434978967694
0.727088704685511 1.10413980121118
0.390696426466005 0.89485547182907
0.616066996344201 1.3138987594313
0.795053895198711 0.755440403617133
-0.853558803333228 0.894790137491348
0.773602592728721 1.24134417212078
0.145512602978181 0.714481271826971
1.59533218088988 0.428722650660427
0.594775890554556 1.12802444368457
-0.0342106579319273 0.598234744716666
2.77941244982678 -0.263867887933722
-1.25404358985318 0.980292280306
1.9306788477526 -0.290935391785202
1.36310620764266 0.42362388684726
-0.534470031751244 0.749811122391137
1.18728787147164 1.01771536424366
-1.08629952594117 0.508954988538972
-2.79343334462187 2.53793665804983
-0.719531247426558 0.676420791403031
0.363643914342204 0.587599503064349
-1.47239478918218 0.990831929383225
2.20535452296507 -0.481564747999327
0.613613607553388 0.577392762175103
-0.492755162919058 0.711442172920931
0.531999592543027 1.10549506812794
-1.03188978872914 0.848211953957127
0.23818978953286 0.732260083276167
-1.02496813548401 0.682393545508115
0.592142368507103 0.821549881544659
-1.64927944627307 0.790627786653747
0.449997629331413 1.15776088510021
0.502594653110118 1.00711458637815
-2.02548652141094 1.23989037707304
0.512493655592058 1.11910687498813
0.230383337263969 0.454189421462684
-1.23247346804076 0.554823907527411
0.515191193381075 1.08834563811134
0.563140417487599 1.11638693811319
1.23122966599101 0.687829098989
-0.728823704189827 0.720054580308864
-1.19948275240752 0.973484510001327
-1.34543652541971 1.13113759314477
-1.60709118655498 0.747027443745327
-0.475352355605873 0.789676997305226
-1.90800884067132 0.921366746382715
1.24644081076541 0.646092130201474
-0.342448713340803 0.56583348190507
0.896022029666383 0.570921568666883
-0.681674797970765 0.70437649198428
-0.575054591186429 0.710898831158844
-0.841073656528259 0.689600024975952
-1.05162444676035 1.05781607518444
-1.38657989665867 0.569089719503134
0.690567809914117 1.09765781812676
-1.21353758425247 0.712777800497213
-0.766308105832061 1.06003085366641
0.0772248222372075 1.05533200541504
-0.20161933669168 1.12296416709989
0.592874500483096 1.22443874294252
-1.17775797175558 0.778904369966178
0.43021302102659 1.25009353593733
0.461917199075327 0.622433507770203
0.736500369765231 1.27204209208433
-0.478907499880421 0.33968966187034
-0.194447814578759 0.435143756586148
2.16473281253796 -1.02028827509109
-1.54464083097666 0.907263606242035
2.20969273478023 -0.556120887351248
1.10026240228666 0.927173519806163
-0.313724677173753 0.440922257255679
-1.43050413253851 0.263223897923859
1.16744282197654 0.614587157717761
1.29446024384453 0.788114243443722
0.0601122832377455 0.261466800093804
0.147204075484285 0.778634240975577
0.463266763291167 1.1241596130584
-1.79154224015473 1.22117979004429
1.94477195694067 -0.21736436075822
-1.16791938139691 0.628217980027241
0.126108123257077 0.997208892205716
-1.35759984716161 1.03041244335964
-1.14041367845484 0.752862982606266
0.176918974446046 0.94053858510541
-1.64757341795972 1.16713574521701
-2.84655770974986 2.51628101400868
1.49331126334932 0.542561675639694
0.388980759009118 1.33242878472257
0.627321684656821 1.24496162645229
0.268807350571765 1.5334992685929
0.953448583938223 0.676335756119424
-1.03364382523393 0.928900369862509
-1.40882038950482 1.20684205411117
-0.849155588674247 0.694658683537552
0.362193318984153 0.971939967694826
-0.264180963913975 0.571104972958247
-0.75403061518634 0.937451789745094
-1.03674317752487 1.39635449658192
0.914981104527532 0.663317824905676
-1.54596176830065 1.07880530081756
-0.041349500797381 0.516741366269451
1.82239193556007 0.127791870875882
1.29849387877434 0.884039165693315
0.862736384863984 1.15909066695676
0.273603888255295 1.28902997477599
-1.15446222582331 0.644764445590494
-0.42728058844941 0.933322183718388
0.968321030191982 1.03126338914377
-1.52925226404588 0.861037770182762
-1.72838557817348 0.955635186127806
-1.90693512575554 1.05051104291035
0.481120841568761 1.05890271716815
-0.767517538690001 0.817563093714624
-0.347648279869373 0.337418729853472
0.746081202796915 0.9884308088274
0.350484123596597 0.992225474035828
1.25518277128858 0.387695524887768
1.82437245374483 -0.124208937125922
-0.96588801007185 0.420880538444984
0.0890370786554201 1.06935115965116
0.498548490161048 1.00678419018355
-1.52506037600204 0.810946080897741
0.0258594792628808 0.605425783480611
-2.28274416260359 1.34030214682085
1.14284869530033 1.11911289331247
1.29029976897008 0.941375913704448
-0.228939178759549 0.740725434701507
1.95340328241071 -0.620909395394847
1.10684464455306 1.15420466641367
0.683521869711198 1.20580585966707
0.47791062351063 1.12816937728305
-0.557768106917007 0.672816901516507
-1.44768723539886 1.25862811400281
0.0685211796595204 0.733125949143381
-0.433975246043755 0.835577700643006
-0.599585334720041 0.657310003848456
-0.110355774853882 0.978383510147703
0.632610295967541 0.970184890038659
1.37337448733604 0.456490377063966
-0.755843610734534 0.754043570966684
-0.840570052185299 0.640602660410675
1.10799151749633 0.761118690352259
-1.14661651026597 1.02144598593589
-0.625775225356848 0.972203509186195
1.26364501742169 0.785885576406286
0.0241508062815403 1.03641093621471
-0.166149907759288 0.760784271198418
0.842816995883226 1.17426365770078
0.446884235017187 0.354571065998224
-0.0814582432983506 0.789620569269138
1.37547582387099 0.286661434843066
0.411798804565533 1.14250346332328
0.648679940704347 0.68128913845859
1.76548028193727 -0.112766373925136
0.801620460266676 1.28709496894142
-0.796139711231821 1.03377889144423
1.05830942774486 1.16667418610111
-0.266840366773908 0.419192051316005
0.451752040164189 0.897575899956526
-1.21460206778762 0.845686966208383
0.873175800192583 1.06031762718602
1.89564835294655 0.198430123122386
-0.258408887064872 -0.0474288274475888
0.883465817106841 1.12079176705648
-1.80366173392834 0.889137224315642
0.600480412042555 0.92780795692871
-1.24076138558297 0.679181711436101
-0.937372120513998 1.0693016517519
-1.17938836494065 0.907462837497428
-2.35884856507552 1.39812585938701
0.663376626665521 1.03173307553032
1.30850739613159 0.582244201495946
-0.406617804866942 0.806588129195342
0.0957419789387957 1.02474311500533
0.867185420105335 1.04123598752142
-1.68301508581961 0.987998094829809
1.52149281446322 0.37045100206919
-0.818052413593159 1.00086155575605
0.986437433607061 1.04807581835257
-0.377937207592464 0.732442499523515
0.478129895022284 1.12190484004792
0.0278679696066389 0.807087423719027
-0.123759278154081 0.804261607804461
-0.70449905302306 0.447926495974144
-1.09120891977474 1.37482501843524
-0.35443758418986 0.662367737609223
-1.35396280601825 0.692999380730027
1.98276113352443 -0.380919409842968
0.831459504005939 0.999607710029065
0.0540651532047665 0.748095852394095
-0.807537266232239 0.08262307134874
1.9047515976715 0.0369545602598024
-1.78366522307577 0.941587464886785
-1.05917539828454 0.524957025314248
-0.363056983149219 0.389608311580733
0.743386792078213 1.61063119957033
1.42332388197106 0.545848994767774
-1.6352250466472 0.794970345704817
-1.01594326673766 1.12041731745702
-0.418668184472114 1.1450417429119
-1.75899683031938 0.94816494838325
-0.490091637980072 0.930472394118213
-0.535019231093235 0.36121686515118
-2.64477374666844 2.07103345063391
-2.09660060301364 1.65098887716675
2.21542025290438 0.00584788280439658
0.462391765181979 0.81426030234042
0.650411887584385 1.07510727895695
0.278341791786089 1.07939084450788
-0.470176896945606 1.01539540751094
-0.0590825095069598 0.873317729997141
0.786348690176837 1.20871209526371
0.719625369260616 1.28997794670731
-0.85723452734072 0.736172719599767
0.56204604531647 1.21083472178596
-1.59547377541035 1.12054983528793
0.685550538493526 1.01885195366201
-3.04687355068412 2.25343220925451
0.103445415196525 0.434724858193619
-0.939214796528105 0.680937638318665
0.487492583075666 1.01513985898469
-0.922391019459821 0.416046480065443
0.407115539951609 0.788198042087775
-0.935985451791328 0.870875667445759
-0.500404035110773 0.235837736330458
-0.840485972267434 0.997924153778915
-0.183962584285852 1.24623331094775
0.680055907623049 0.818140151068189
-0.548310282298494 0.742585249294168
1.97439359623837 -0.0768362306969417
-0.587862222527811 0.531443187529803
-2.31596805971386 1.58571987355917
2.50812087264096 -0.494811686274107
0.677976222279954 1.17146163406007
-0.0358376995881871 1.01453749265107
-1.58343672699763 0.81409726329843
0.0862914044848043 0.352474439295118
0.37608695169876 0.85626433526196
0.386285386347738 0.86397381805083
0.407236101696973 0.695461100245037
-1.92381313359779 1.09042765644154
0.784532944081777 1.36204820496845
0.550645108448379 0.876767416027913
-1.34008110262457 0.759349002502559
0.750676431629668 1.35273114803161
-2.51522648215406 1.76198933590751
-1.23247113564674 0.268550013842121
0.882660776791325 0.86295856000444
-1.16801582469027 0.523511099653836
-1.47912924542643 1.34852219320372
-0.334237701476414 1.23431127556497
-0.638785179300302 0.777029084480265
1.628238818704 0.49883618865566
-0.113585205162382 0.553487442662291
0.709957025832664 1.07782848302092
0.470118985072966 1.10565877040244
-0.652752940452713 0.224024120201507
2.21118073630104 -0.729606128118856
0.435523067534417 0.865557272287359
0.695412727187634 1.32887798233982
1.58490769530842 -0.0396061637668513
-1.33784990416605 0.77645944613067
-1.6681585914917 0.591122741687746
0.896527115195803 1.13275338628193
-1.13323177442533 0.888291229301196
-0.614774584253318 0.675575903151051
-1.13733057694966 0.895715350297383
-0.896302151041316 0.87204681880659
-2.31562720573065 1.71308045793748
0.363800699837128 0.553364854409363
1.25063739124375 0.673740148533588
0.556907276081176 0.828299679398756
-1.85044489803374 1.16976943196297
0.889620512372696 0.830137068540836
-0.815993592564772 0.633244754320855
-1.0270262405421 0.977729294416397
2.11556644014552 -0.216500528213483
1.07212105882287 0.682562257154648
-0.408525910383533 0.525781782678677
0.0111270445866514 0.661004444919286
0.754536426465589 0.952669863725122
-0.24689630849093 0.926815314746235
2.67920130464712 -0.164183987608131
-0.885501718206933 0.869662713052688
1.56461318127336 0.237402597025899
-1.41609699899133 0.75668337714475
0.04239037445346 0.71271619029354
0.291612525191022 0.748627756757677
-0.726245421140145 0.916786251515108
1.79957258285879 0.179165166903959
0.197644822011697 0.602250259221988
-1.99046500314918 1.60159156465473
-0.94556563536262 0.701254450926602
1.06035217553826 0.884921212239192
-1.20290375021606 0.98457718120932
0.681257428184835 0.89777358281409
0.776723728622112 1.13719666511199
-0.408375142475822 0.502278083622911
-1.02021040208648 1.03505930183118
0.183439043083442 0.888300170247138
0.88251574913649 0.727837900069617
-1.56634431382352 0.937794547316693
-0.00128751855863561 0.838198657008844
1.22327921265913 1.57301954977628
1.5135463071083 0.242219002142921
1.74334384775653 -0.178879649821473
-0.461773951046613 0.498324813542934
0.277861361866257 0.60971660770038
-0.675575818033469 0.820860848711446
-1.00124125469785 0.791508380882903
-0.437992348049626 0.575114209805933
-0.94223236408971 0.744082927696593
0.326171752721572 0.955414258335691
-0.452400173337575 0.763258189555939
-0.179521764311509 0.414492235331481
-0.423487107103816 0.719123435849218
-0.500929182214875 0.894367462519824
2.31093804870878 -0.0903808752638779
-0.693237363580276 0.485417158080556
-0.201411855759252 0.292348749754318
-0.90945507204378 0.930844112306345
1.01187361162041 0.911881240898836
0.375717231429557 1.05164404763204
0.399854497877542 0.939109593572902
0.368030925865369 0.864633143641893
0.978938784863977 0.81970416675003
-0.931722492771681 0.770932188526476
0.052926209852676 0.763322409757771
-0.268575881185909 1.20192777361087
0.838295932799195 1.25282739470928
-0.28504537128637 0.829294430231762
1.0546918013265 1.10100449915433
-1.4219986797258 0.925010060436698
0.128373131271991 0.422792227828634
2.1554194319338 -0.695946705733061
-0.229379805264924 0.716722467343802
0.214786895654516 0.408784481800162
-0.76734963074013 1.03799837067595
0.646902885484528 1.62265195782019
0.484957910169085 0.646660818682674
-0.104846833874306 0.548189331825943
0.445521603869644 0.93096679560351
1.08614710055429 1.39064547630186
0.633035172719316 1.03205271451047
2.07201171949293 -0.130631560909763
-0.594657391744326 1.01415027514763
-1.6564565169138 1.3706796475167
0.849601312781454 1.12267520027769
-0.453799491160937 0.314209444568457
-1.58351314680561 0.87429401858909
0.358300345376718 0.931989690777616
-1.13106656234682 0.743626494892639
0.978076566881312 0.930312599172027
0.496469969515661 0.845555960457407
1.4729008585974 0.431386606087209
-0.545055968619082 0.346879227700502
-1.5348348749499 0.913668281014201
2.36896370521385 -0.243596672374751
0.413224642543377 0.955173558061911
-0.642586980761379 0.685760915842845
0.235096522465175 0.760249077544838
-0.230185535124398 1.14749370706319
-0.778181183203804 0.875425272341815
0.793396800663953 1.02276597012403
1.60964306111946 0.00736639843176207
0.275665892315136 0.634419580388511
-2.06106381467594 1.51414145381451
0.0785860614222453 0.892576037745278
-0.81425393239009 0.399729537649187
0.279673868680535 0.85096999445839
0.851961755730817 1.24262330382114
0.215919694417538 1.03787639216594
1.2193086089769 0.643823719862008
0.154253255277385 0.63918202025463
-1.16498525609998 0.874322179093619
-0.0917148435698516 0.60818933988628
-0.0743046666517741 0.627626134814555
-2.62267999033931 2.06559743457861
0.355477908752934 0.721854265474214
-2.40745481424987 1.29018276310565
-0.0373656749364669 -0.196273548756477
-0.65479385403353 0.486278969812773
1.1556507950507 0.839297515955253
-1.35524027592169 1.23244795093443
0.980747448189408 0.935054842424693
0.9098628681185 0.842402600437365
-0.361337655622026 0.420695474125371
0.160857839790276 0.627858800472813
0.276531353095303 1.0117458426485
0.433732107859538 1.15275183941031
-1.0706204263504 0.870551001390619
1.27730195991969 0.538039370365438
-1.41803989576804 1.060799189632
2.63879193035314 -0.351950872815916
1.73060570010355 0.2714634491223
-0.37090589407279 0.519628525114831
-0.373310217946022 0.764607602955073
0.0741181418005247 0.0369306465023986
-1.51244556809325 0.676940501728064
1.36969562710463 0.677906150358603
0.614661080645883 1.23446373851786
-0.443662924850073 0.841666244123785
0.324414847926947 0.604168721078906
-0.454603345753429 0.231386263610214
-2.17045610694275 1.79356134494302
-1.55044859555527 1.28679971767024
1.98811959713037 -0.111256264636443
0.0717318859386674 0.432498608729872
0.546545559720203 1.15367844270254
-0.128046476140616 0.636747613335691
-1.08444520214826 0.924753690017779
2.01888013093873 -0.519760079344289
1.60284587591907 0.529501498333914
-0.0157565654011234 0.545645773628801
0.844077180128325 0.737323133297347
-2.11615984186512 1.6300617736544
-0.218317178302508 0.847352806221732
-0.171341830141749 0.940095859995584
1.36094345428919 0.676041166133575
0.886108139549817 1.64764766980058
-0.735068445322353 0.817956217064437
-0.923575246955229 1.0527787087847
0.93909607580566 0.954184573409211
-0.109680600288322 0.495349857009971
-0.663367413531357 0.922757687305186
-1.31982426762756 0.480920351256034
-0.675434366108438 0.580997708901714
0.407540082091384 0.992639779423096
-0.0176103256749742 0.686244538512996
1.47963420152731 0.055687036635833
-1.01495210679551 0.845659659779105
-0.194164163183136 0.395199282719168
1.35588814043268 0.429829564903316
0.926862946094771 1.39572532184411
1.56211025492146 0.628829465429885
-1.34055376552309 1.03772269195157
-0.361287750416709 0.554681805276035
-1.04727905581621 0.415447889420692
-0.686073769577673 0.840719380787683
-0.0984377979218533 0.369921414832836
0.138244143193494 0.710691545543526
0.317761460398705 0.601936931776901
0.503897549857833 0.780051966316076
1.50202030697955 -0.191988582840002
-1.16630913702396 1.00044619855251
0.166339413290103 0.817986570318095
-0.631715938046216 0.460202692451669
1.29618044668995 0.548455323898415
-0.312442688157973 1.014586480595
0.613598244471265 0.999006850409219
-0.919117118357552 0.261631959672953
0.0704291274886683 0.74836161423978
0.139115491723817 1.04203201463135
-1.57059990901588 0.811513018344491
-0.959550599033647 0.859254614870471
0.743603912985845 1.10473968053979
-1.00146882964755 0.728964161528561
-0.679332597537384 0.663097437436581
0.385467167004443 1.09319016891734
-1.42233167359692 1.1006853641454
1.38644947213845 0.919578062317489
0.639161612249968 1.0919145533979
1.25408261152542 0.594961354333975
1.88118506424072 -0.486573030091058
1.12927013905399 1.05254304268217
-0.207637221680944 0.957576954499773
-2.53221974065504 2.15229554047039
2.72127420162475 -0.490054830633184
0.0512921316069726 0.615021861478137
-0.238529206158426 0.612722676686479
0.827975830404297 1.07515559418821
1.92441356552461 -0.230965997958632
-1.43408592972981 0.886015851866581
-0.593320455808563 0.614192741915405
-0.0509736383489494 0.474521196782129
0.623959700387947 1.04173802628561
-1.84954162673378 1.1662305006946
3.20425518925986 0.0440922518422969
-0.250439054682161 0.851862903611358
0.146147418790762 0.861148019036623
-0.295493739464879 0.753843960656082
-0.0117568379731825 0.690618553663359
1.03162270853172 1.05065074217924
0.594327494905602 1.1413388750512
-0.580580900201553 0.489879966868531
1.03187989642613 0.82781008404387
1.917297853335 0.0543359148206274
-1.30511129987928 0.403534983768639
0.402577675531069 1.1359549710099
-0.703218418000459 0.70585517877894
0.11274701646363 0.982864998090012
-1.19414919928803 1.08127450808126
-1.63716123435502 0.801137092113873
1.02691113289351 0.253260313851888
1.06451584306848 1.07423579292119
0.347062653152817 1.04487616118635
0.188142983665841 0.861812266382368
-1.38210433408389 1.02993772916815
1.5870350787949 0.229684430287887
0.134791693936297 0.914779135203505
1.60435125796205 0.126325305329061
1.86339344914058 -0.601541779581324
-0.153217503919687 0.587573400209759
-0.811621080850289 0.803256801506011
-0.011791329092939 0.948258285919812
-0.534488439663862 0.331534780963611
0.621593143306624 0.634841656261325
1.09041537272048 0.779146289538073
-1.59019793941506 1.14106821836548
-0.849533040030067 0.645024533933242
1.24170705665014 0.465715268431281
0.324677576261746 0.516551247554126
-2.25969142026465 1.73651839491904
2.67628296959877 -0.625238826389347
-0.770806729954726 0.546885368150263
-1.16384730113566 1.12559193482569
0.983113328942121 1.26821830476524
3.01953126078394 -0.22759401388171
-0.316132194967455 0.723319519582981
-1.45527789240424 0.674862702327467
0.913103096852552 1.39888011110001
1.45515439666769 0.613706359720167
-1.55856546477044 0.977038832137277
2.03889939145997 -0.616946495859858
0.233157641936744 1.02477116929361
0.196562915787597 0.651409133512281
0.062046497849126 1.25176680019847
-1.23996847639966 0.749559481223889
2.70781132040242 -0.466193204560757
-0.846887212935634 0.872556845618714
1.29502849500616 0.888403208492296
-0.103843096049735 0.280182941782999
1.58223275101002 0.508156698350287
1.29822664939762 0.54261595426087
0.249813112906351 0.809939679469271
-2.01746433269664 1.06115802726256
1.70712195440653 0.330829076469595
-0.749429455011655 0.797574252964816
0.714077846490561 0.774307294171823
0.351844652554007 1.23479800248586
-0.789716302310962 0.586130138159116
-1.61801245742138 1.28443617334783
1.44926371057216 0.499157611251087
1.12687972182664 0.750916488359101
-3.18807536226817 2.14090633614599
-0.968696181439074 0.715848288668096
-1.17324706882457 0.795082131042338
-0.110328559426402 0.661371029574638
-0.921735109505277 0.608091098854805
0.897337438427465 0.958363442384504
1.46021257520725 0.482824573064077
-2.00738701214322 1.41325981948705
-0.498419031663627 0.346455844259836
1.2347142703791 0.946270756752234
2.43113410321862 -0.530494366201371
0.552121978755367 1.15626658405896
-1.10766583200319 0.884446260378303
0.211028528990946 0.860058191375503
-0.576669534870975 0.655723248996821
1.06959604023223 0.627962720912908
0.624711656307583 1.07131581395608
0.763391777817227 1.24977120969322
-0.737533195404821 0.780653406618681
1.02824721188869 1.01467186979919
-0.33768727068363 0.908750467566966
1.18090179382428 0.864838696243335
-0.207462990714115 0.630585353350828
0.762848806007212 0.889548030988721
1.20738377077796 0.657631452219506
-0.447143729491616 0.395618124828949
-1.4692895109066 0.951595950831407
-0.163799038252497 0.778473180929598
-1.74599386212238 1.00611711322412
-0.378571244410577 0.729205379310043
-0.892768507509155 0.743042600325042
0.985376754899561 1.29888904514469
-0.73974683726474 0.725431082281121
1.81044449817147 -0.016331091698182
-2.33594363530726 1.44560585816963
1.05662066145393 0.910776902495699
1.09257679624393 0.623822730924139
-0.824874671196068 0.79503315289917
0.133438599567814 0.540585970858537
1.01468188185712 0.925805203554297
0.246713310296232 0.798026208009712
2.29256908409921 -0.319867506703236
-0.748428485566086 0.765152077864868
1.64659499190278 0.29786832455239
0.674798849385358 1.13809259296765
0.412459179870306 0.960499506560394
0.748842798139207 0.947470863964059
-0.47607367199794 0.549597365113857
-1.25172013311418 0.931178694869096
-1.6284741208927 0.82952526826645
-0.983191205448773 0.822679705496006
1.41577935254854 0.627219581106193
-2.0348441100743 1.24513710988982
-0.951292636461383 0.865917093180066
1.62171090714024 0.313709659186257
1.62922588771387 0.112176192519959
-0.579963430577377 0.751676961862706
1.34383103971829 0.845977177935326
1.50066791211146 0.61286268210248
2.55343342265561 -0.481623570105927
-1.58710213288045 1.29195857906133
-1.40858334664371 0.747809800446951
1.54519954407775 0.341106557798388
-0.420677901416965 0.52198337816797
-1.53439657799884 1.13835511134006
3.09310229651115 -0.451618103017564
-0.846903586657432 1.03733139874988
-0.311912234543595 0.730000633046328
1.97092263631364 -0.680885794233914
0.477946477586093 1.00517178655169
0.00619861553047392 0.484697955525781
0.951450470854817 0.783591145919478
1.63461221486417 0.0947166443043089
-0.57810468546473 0.795532352364102
-0.650474793359752 0.564792070122111
-0.0540826481217204 1.06496668055775
0.0421317908335812 0.635765405256507
0.841107628535011 0.638168805905489
-0.526257649956012 0.62339918467252
-1.55286000495578 0.599736135742631
-0.901556718643141 0.792521178238727
-0.614866428140372 0.956151883115654
-0.835104720159136 0.856805603874157
1.08984556615962 0.696102784044291
1.19694010546872 0.815191521967012
-2.11851224775764 1.070372130438
-1.37009954710191 0.986439112892313
0.131955816138212 0.910086164410495
1.6409174964627 0.205506176832784
0.649826781094611 1.03609891001546
1.84428985977331 -0.317777261306434
-0.693053800977075 0.341723329786804
1.11296821790944 0.717536951496506
-1.74432109652243 0.826058821025637
1.32636585195449 0.435277196925905
-0.801897270076404 0.588166751209457
0.931802485769827 0.427700500079587
0.779451825036384 0.898492755743814
0.36901652176676 0.952668232894921
1.69240618287583 0.0852883019501925
0.340129955221503 0.802477064208132
0.503821517106459 1.19046349931801
-1.89155545096064 1.17140396918608
-0.694475877576281 0.498133590849734
-1.19317332439204 0.797484383596959
-0.943978054436197 1.13661738310804
2.20189279128163 0.046930451941732
-0.0148535968587906 0.712545510433378
0.674828812786888 1.14365150452324
1.18632715011244 0.668214073157953
1.29837654357106 0.955886906779683
0.435626347558777 0.683028809364284
0.168431263621455 0.64711056846731
-1.2336443561743 0.713153592709326
-0.720985235624764 0.442216052847526
-0.435783750127622 0.592977607947877
-0.147719666089216 0.585087997781029
0.24627281511537 0.603003940094947
0.752961824906611 0.958793802762246
-0.745382103673308 0.459140394270325
-0.643531410315131 0.650520651009295
-0.0552958778026115 0.681231363336199
-0.473257216457574 0.487133483224343
0.594630735012155 0.844806258193689
1.08052990401358 1.68426149211429
-0.56514833490984 0.593753790389051
-1.18615259311644 0.830262646663911
2.13086260270066 -0.399112750705998
2.62137665146427 -0.406295796448398
-1.93589400309301 1.13626408288118
-0.0146455513075653 0.926465852168057
1.34799136577766 0.606881104012674
1.66338577524846 0.348323345259242
1.23755392568153 1.03729520432905
-1.4058727351778 1.25282065304326
-0.93085487515769 0.824111177412324
-1.83689590473623 1.09722271804154
0.274268580212978 0.697055478040008
0.264774695830738 1.11861641971411
-0.502597677180119 0.478318418010696
-1.64071069671287 1.4110102177473
1.80056175833021 0.0571373761931031
-1.16588299430819 1.00368838132107
-0.614475755647756 0.650961658766336
-0.621450927121905 0.509264538318505
0.209601957097725 0.549460339358711
-1.58998253017995 0.681452438114999
0.0927735794354149 0.738793924720586
0.971105943185499 1.06346195274608
-0.484444088501865 1.02723951082957
-0.433984959061133 0.533173775275076
0.600248752660114 1.45669080579325
-2.09888078391793 1.50196840052821
1.60315836069175 0.0691019935406273
-0.154575797588493 0.499289872573363
0.546222499427651 1.2122400155974
-0.120063645676858 0.41382605204902
0.430033893646129 0.823367105434975
-2.3337793308983 1.32315766936932
-1.02831812435249 0.991829526144293
0.30406819448919 0.708202956851696
1.8760335278669 -0.48333376536678
-0.0371658605289154 0.634790894042038
-0.153654126049779 0.494355569459938
-0.125846540915857 0.500339611159664
0.117536910641559 0.638106728932882
-0.995287583568731 0.891340190183174
0.281814761718405 0.831768443254765
-1.07191257821018 0.907734504796438
0.972990457838614 0.881975714039341
0.490367338775915 0.840868744110053
-2.33812215471936 1.42989378979651
-0.429034727776985 0.219493882845388
0.167257362667641 0.835655869604473
-0.275878042870094 0.979670246104495
-0.407629483010942 0.418823251333551
-0.343309547907119 0.997936993983395
3.50517042429992 -0.338541365290185
0.812275350152162 0.933099593842638
0.1720725894014 1.26946775878856
-0.55857046305498 0.424511459881696
-1.45224083222306 1.37098341742148
0.172150657535348 0.67048188543004
0.960472772834126 1.12938338935063
-0.428695062986243 0.621387067146949
0.498817957762994 0.818973905179688
0.19209457573103 0.762477054891507
0.0867788145144575 0.650156819818431
-0.935920858831709 0.56280747441592
-0.281643414000621 0.399594255127662
0.290778145246141 0.754537125957386
1.4956101378932 0.246166040394784
1.5531392875262 -0.160915754523378
1.72598098806899 -0.11457988712094
-1.1706352872064 0.809762906968777
-3.00383153914895 2.30298540684643
-1.77309715065645 0.936737835960094
-1.05332084914466 0.854568902835664
1.28542434225587 0.693207779186358
1.4552105553081 0.274452359987711
-1.23646017967279 1.04338159292349
-2.54974393561585 1.21880583514464
0.615533415299036 1.22690110612377
-1.78033011425378 1.25172742428798
0.665981411061936 0.460603632103651
-0.373900730697779 0.620581825725574
0.4444481761119 1.09126641392014
0.47155561444058 1.28274678457715
-0.25225279209165 0.663944551795791
1.64314600489226 0.591856897220858
-0.679780703946699 0.215239192926475
1.98519626438893 -0.353607541394707
-0.342054708226772 0.471081436186139
3.25953592371517 0.348574082506874
1.44119989969194 0.591789795323316
0.897241031548175 1.14766847038803
3.09149400583184 -0.121065606060059
0.756637509186247 1.03548726997201
1.82763550991149 0.130687096119368
0.128707098770522 0.297102606966996
-1.21647220385043 0.745693514664821
2.45623597571898 -0.53979840039198
0.986844881274756 0.863806079742923
-0.892454786703872 0.704701481789963
-2.33110014009924 1.70346474893275
-0.113589187458024 0.827545514737967
-0.490274774678785 0.658393878428669
0.366125413293608 1.2354886510018
-1.12714923174541 0.626554265936431
-2.81906952531708 2.09652924271499
1.03222547302633 1.20619997304868
-0.278071138985189 0.419476223636087
-0.300503832761009 0.938749784854108
-1.19693161976245 1.06137069794432
-0.389747590684873 0.64147540139111
0.372401237767492 0.908975966403713
-0.146417427786302 0.938376933512103
0.812488633621329 0.751189455847343
-1.97369616919476 1.07520781664145
0.97095381363261 1.22695022280605
-1.30965595870209 0.951969002029837
0.0717315609633079 0.473030092710352
-0.0177120658996969 0.657410655195098
0.36482588657028 0.92732995685265
1.18665122635293 0.778480353573559
-1.54430306585974 1.48632393799327
-1.91672441537855 1.02326931526053
0.434544425904918 0.790154573632498
2.78332029731645 -0.85773006415677
1.25845763328948 0.811272923850099
-2.56642747451796 1.94969408243754
0.0356886299236201 1.15879458458801
0.519085070430991 1.11286304293952
-0.881856865331482 0.632771870701202
2.72038607977468 -0.449335165134195
-1.7302109677968 1.00717197009349
1.74852411692649 -0.43597167613386
1.06978533437331 1.19893727155635
-1.88280678163824 0.877433853811508
0.516842657962485 1.05767900198767
0.0174706829146103 0.823378641585357
-0.443935182593674 0.637493875635858
0.426264220233278 0.72358460763357
-0.0461722227973365 0.577580297156608
2.1467824568926 -0.419851979133395
-1.47745388401196 1.16598512113635
-0.562424803874263 0.723237616020162
-1.20248476569326 0.432302952784437
-0.957796382451041 1.05276158882316
0.645096271781902 1.16711150348504
0.475532996877872 1.06506474950256
-0.213827979188077 0.579518927785648
-0.791072134455009 0.396519904761405
-0.344579633766506 0.769793207262612
0.477071084867898 0.913018358112841
1.72266551742855 -0.0300893636191887
-4.00705283567751 1.1245340073733
-1.47821650178103 1.168539241433
0.0829800365244281 1.16068911030307
2.6183675590808 -0.433617742004827
-0.432200960411036 0.676248520560175
0.283795211437466 1.33099875925108
0.6858512251106 0.877274395017467
1.19565405127341 0.887500607367756
-0.972156196802194 1.18418436615057
0.294328682907582 0.759865964739162
0.69512793776851 1.35045421182204
0.271554187922836 0.73339609263298
2.87578834954486 -0.0108671528073365
-0.176858522920496 1.23508050911372
-0.795859862878918 0.964869715627202
-1.09154020858039 0.981567286825983
-0.535322200570415 0.929997212973043
0.490380061804682 0.66070497927451
-0.501946633777522 0.883077863204236
-1.20657419026346 1.26734248350224
-0.532451193757698 0.356936651134217
-1.60416500129124 1.09173535693979
-0.541180608985582 0.737114352586212
-2.2570356192374 1.6627309404663
0.0122875400142176 0.7876257604919
0.10494591975213 1.07218588021637
-0.868737927256016 0.591165802742408
-2.13262059089415 1.72373323323348
-0.517213347444753 0.9367884326039
-1.18063367599357 0.688437377708087
0.614018556199671 1.08962843456484
-1.12090964824116 0.867819159512394
0.131447704228831 0.795138803777999
0.538484469824816 1.03600341533219
-0.0407815606856596 0.629956946222562
0.916574445707364 0.953240256876559
1.06616367386672 0.504073109446455
-2.24827020826834 1.59286952217788
0.598998029948567 1.33013157290568
-0.734231537860333 0.820592991124379
-0.217091760211565 0.658278590466185
-0.222601697751488 0.36185378112955
0.974529186094295 1.50233881365124
-1.73650054989866 1.32028686480795
1.09275851763206 0.730947680406626
-1.57615532768668 0.920689393600466
-0.563987069807394 0.880992559376512
-0.490820554164825 0.711513048695173
-0.392275243442067 0.914096244232241
1.19731162057801 0.936121902966696
0.600066248643556 1.41973224611673
-0.2658206648109 0.873433698603816
1.57875289379721 0.907829940069453
0.0540859710503253 0.78179795046367
-0.075856906483751 0.44772373069239
-0.792927797236661 0.651342843072078
0.73397986585639 1.37523617658319
0.609108285382946 1.07532651655218
2.09927387236235 0.0847070369869075
0.26529715367505 0.982843886097117
-0.883762243797225 0.688087701377096
-0.997490280721911 0.563168861585392
