-2.55005762808219 2.05065130806205
-1.63791194550235 1.47128107077853
0.912361071692472 -0.318258980810595
1.3911380357527 -0.745286128231131
0.495797483990892 0.132801024334838
-0.927892761145588 0.759196787969284
-0.24035366433689 0.796551381018852
-0.48788870233143 1.32081398198654
-1.14364627967973 1.25604833881213
-1.64028822216815 0.943946567685515
0.859078125201187 -0.961662398550679
-0.790256121748184 0.859343332098844
-0.956725086965757 0.896259170027181
-0.341155747879083 0.435998710493974
0.620297447560785 -0.414381398092858
-2.31232970547189 1.71145545570613
1.70131595105638 -0.888282628080295
-0.174584371908865 0.452268894524826
1.01777268196713 -0.443057151218629
2.67575858110997 -1.33598234814791
2.20672584989241 -1.46851301327163
-2.49073855387712 1.83476681649722
-2.77613557361532 1.63700858728653
1.44432123973113 -1.11945816660229
-0.679392103394237 0.637805177032956
0.981259561624189 -0.989663185650773
-0.293504957244785 0.867187764019761
-1.70571611419529 1.33770246992688
-0.746328931050103 1.27071091147748
-0.920837175425006 0.830172369636032
-0.99515755450503 1.38533239896532
0.015029501152623 0.917666645391856
0.711248036778172 0.212464752523973
-0.370658170640217 0.796748816449016
-0.10558092203468 1.02140537351375
1.94464851870703 -1.52570408865428
1.23982142891238 -1.09536889249303
-0.0459186007368022 0.650485798834197
-0.461153170374788 0.655784047998146
-1.44540755021328 1.27431081492064
-0.594970718758007 1.10970915404139
2.83892679558902 -1.50669671373498
0.810202777956769 -0.648676463282368
-1.16905192520661 0.875089534751012
-0.534929398182098 0.628000587663514
-0.938889160540973 0.829738168981683
1.05594097581436 -0.651953560000308
-0.295144438613115 0.832203957326228
-1.7576643934696 1.46959002136968
0.159308848567701 0.518161996922187
-1.05308838054325 0.950979305823911
-1.26502718009437 1.43546602610751
-2.09026657070084 1.9103870949458
2.37630264819495 -1.66754784366453
0.616456067901266 0.0400122227824613
1.67719713399285 -1.2971846830245
-1.61411824832992 1.46055274462999
1.02021299872049 -0.932094987106379
-0.744300463174371 0.832406289490928
-0.246109932908317 0.615332853536803
-1.27487140010886 1.10437266707585
0.583506835090036 -0.166320343715251
0.471930497957829 -0.210644305497524
2.54250543632974 -1.86112698756978
-1.25721133937267 0.537004310170062
0.709057491279673 -0.182736313020337
-1.6873241317811 1.64969315090847
0.925127238263005 -0.102012462773163
1.27601045944649 -0.854455299191984
-0.983392309205682 0.829379531539064
0.927100488042526 -0.762197986073812
-0.879881106185518 1.18418560157097
-1.30105528981313 0.862501403361457
0.166086463171404 0.825463519234226
0.13052541178204 0.114672295692581
-0.264200335173412 0.37472956513617
-0.353634842069778 0.616675729948129
0.563608314018698 0.131767222158952
0.042628141932449 0.535818580880219
0.908078903122258 -0.5060492490344
-0.840334881954505 0.967357733668739
-0.541993151121006 0.818070794598079
-1.66761457610153 1.29321230501653
0.654788622021008 0.112647216214836
-0.438185597026151 1.08464132964194
2.06520270916188 -1.12535556802972
-0.144167925622964 0.935407927824966
-0.77211387968052 0.947198159409402
-0.850812257200762 1.05041371807918
-0.326353522373726 0.723465086892195
-1.61794600270993 1.28113515982752
1.39529162200595 -0.715707233383083
-0.399789887294838 0.647851372345644
-1.62706741812831 1.31766819607284
2.41630415537583 -1.61549915083561
1.43823062087932 -1.08029376911503
1.75547099154555 -1.36848393243723
1.1922596043014 -0.725770621310061
-0.154730519948047 0.500861538419732
-2.64463219990545 1.80018769911511
-0.176650386891418 0.632210172156886
-0.268919650212286 0.481141925919598
1.71210881753271 -1.37671898137044
0.837821732153548 -0.799017826901075
-0.556176895347195 1.19588483925747
-0.845365514626376 1.01671254613555
1.39330550747026 -1.13894013749845
1.58343555860098 -1.02479360609198
1.17905050359745 -0.924268058114043
3.38811122438898 -1.51616083613239
1.21048227908541 -0.832289212111272
-2.31736072126242 2.25526309463506
-3.0792870795137 0.753095893812108
0.962074895877095 -0.695370761279246
-0.128246393522092 0.72708916837992
-1.23794010951746 1.00470435198761
1.1353837197141 -0.547139003315343
0.553992102088885 0.102321633993841
1.32402411481874 -1.46163930462904
1.67377430938069 -1.29540672008859
0.793253121694655 -0.367434319946182
-0.737962739764157 0.743066952889104
0.500124144995011 0.185992754129185
1.25444587111263 -0.68630166980127
-3.35023974794039 -0.553685378708106
-1.44516426429542 1.25352609369888
1.59422601291077 -0.862892996009761
1.2740008051984 -0.995458343493263
1.000162086817 -0.603925276999398
1.07653543204658 -0.62195448638937
0.689097326837379 -0.267070862077593
0.529592167925287 -0.10521719235226
-0.724380608979844 1.26554032645928
-1.08736118968061 0.891447863278813
0.488056687670077 -0.407667985617646
1.87773591496911 -1.82857464869833
-0.831741463497802 1.45785747652531
1.58953385164552 -1.56732823821285
-1.11517498632084 1.143022157108
0.118682394432431 0.333595691807911
-1.56680208104552 1.07632145613458
1.97339597270723 -1.53342764044856
0.848393966677573 -0.573483228112269
-0.66305379333252 0.943858003444283
1.12898469775628 -0.900288951429861
-0.919711471563423 1.094888142582
1.29433777351021 -1.44338430203357
-0.946010686436956 0.808276529514026
1.25264541411797 -1.54003997673515
0.192338051322924 -0.19918107027473
1.15723411390033 -1.18715929128981
0.661235823050773 -0.473775647561545
-1.0806278108672 0.756890469519719
-2.20090855156146 1.72113409806676
2.23253876985603 -1.71255012065489
1.10679028620411 -0.728802902801286
-0.0689824845220723 0.732896414957845
1.51765184285932 -1.33918617194378
-1.77744317511338 1.50647322743976
-0.069726746404087 0.53169542127396
-0.688951174655956 1.01469644967189
0.0688379375585206 0.720823292149068
-0.35649640551738 0.576651302706717
0.015200192097029 0.263141321919357
-0.770019105236969 0.904958907045582
0.138195795914698 0.414310241927658
-0.31068120882943 1.04877500265805
0.74856261803345 -0.299099874165876
-0.0658000379686913 0.860524466435719
0.061008814590995 0.38049340239002
0.236687931691588 0.266090443903139
-0.0358864189490981 0.120806151799553
-0.868705426802818 0.74885522437794
1.22770963175489 -0.534687927628635
0.524099346587075 0.0310638182678419
-0.670399640209989 0.942575203622799
-1.95708288363464 1.65238638740549
1.27603273072386 -1.04424365083032
-0.923189449389493 1.47241235959205
-0.325957098895262 0.464208041193486
0.207675678996267 0.429559846080378
-0.102502394519268 0.552775911303348
-0.139753641164823 0.649403906976458
2.84285256642405 -1.14071187195419
-0.857227894985991 0.891990707731538
1.87343100631128 -1.13257819105819
-1.04372030868619 0.686748980184736
1.32045671804531 -0.880558557331377
1.75001068592593 -1.1395222514323
-0.132742213334995 0.941863106921618
-0.90336985050786 0.651318794386547
-3.81077009751605 -1.51871684088111
-0.227163287283971 1.08766246454737
2.24120987402215 -1.86116074548022
0.248682540494505 0.191894047345088
1.90133725785429 -1.35629373819989
-2.24211080885832 1.55501441525253
-0.317481807592108 0.754624465531417
-0.348717935110662 0.484388151483566
-0.459684579409946 0.681946307003368
-0.458083345108273 0.962467653440789
0.174873403276802 0.325557819610181
-0.0817583272224453 0.449331034747416
-0.375855946195948 0.550149569801555
-1.12404744027145 0.949694353185863
0.471744404610758 0.500490957248144
0.126343593814332 0.936693395918233
-0.728310506281316 1.20299941314173
-0.894679202712207 0.798759823875247
-1.12906598122356 0.98955252489716
-0.0446383083799279 0.752207262214439
-1.19885879641193 0.844685225440413
0.977915094538108 -0.554513056882115
0.0522478259528028 0.592331136388223
-2.42444257359718 2.40880761558099
1.38687844607385 -1.02448025767219
-2.5565057619523 1.49807824355944
1.38156647509641 -1.21876102699978
0.203595086652856 0.557791522295273
0.25107079035812 0.0325440498571975
0.255747835846394 0.0148709260213652
-1.87802909296645 1.76832400289767
-0.547074230673302 1.02409736115188
-1.86884649998417 1.42482988656062
-0.175261620274214 0.674589158892754
-0.0894975116512878 0.669317583398044
-0.0903150607146329 0.703737255112557
1.44178059864407 -1.12573957634092
-1.6055221027271 1.30329755501446
0.421945866777073 -0.201739347118976
-0.17847702423451 0.569535741709054
0.854609439472004 -0.840926585232562
1.31137057075502 -0.850312373924151
-1.26846515792977 0.633175768949278
-0.0924661411686136 0.936044181559636
1.04042366735675 -1.04504678157071
-1.54942968663433 1.23216621711671
0.00723805687767 0.867808346261144
-1.19070369212376 0.880145673320358
-0.168825927359656 1.01096724569489
1.52517337759993 -1.42802765992083
-0.948453676914663 0.80651644812829
-0.174961863878951 0.548561192781879
-1.8393378029452 1.47548405955446
0.957480646758117 -0.35319304928569
-0.906945372643245 0.861036820420592
-0.334131230274326 0.843828621068734
-0.170877684112633 0.568932560118096
0.327091580490305 0.226546852169336
1.17449726217296 -0.586203336157184
0.751047127899645 -0.241071219405864
1.5259717564134 -0.723700861234493
-0.316233811229977 0.544196228590422
1.8773577815794 -0.913920514926371
0.872141260488544 -0.648497781223661
-2.07895103848985 1.71090815153916
-0.530445288003002 0.887408630165516
0.717605499788281 -0.362240562257483
1.21216953067029 -0.399996798137288
-1.44082712347587 1.2315750254589
-0.217227698525284 1.4183867293593
0.194525881029474 0.0723572614775046
0.357204762352132 0.29891768259482
1.17273073563662 -0.419718554617422
-0.69610848231632 0.975983801649785
-2.05846723211107 1.90152093816255
-0.196197356570691 0.406607240710345
-0.793998119618168 1.05066429242774
-0.537388672537076 0.484343651952938
-1.958509741496 1.75922696703246
-2.06751816863103 1.40338473574975
0.0348405309150589 0.523996196179344
-0.725972711580077 0.590929867618575
1.03299018167179 -0.592790761216528
1.91819148237385 -1.46574128724671
1.18506193967429 -1.02369399781502
-1.18578715124446 1.18511180914366
0.855491691812632 -0.81195916364491
-1.79254016457888 1.41386495605663
-0.713064833676544 0.992884943380685
0.26058588355351 0.629127556054327
-0.668297699084988 0.621270344937941
1.2147439305433 -1.18226626090326
1.15252791318779 -0.709700287613162
2.25247448652341 -1.65053214943541
-0.0860631131286158 0.821369923574531
1.55664945587845 -1.22990572308371
1.27118637232209 -1.24107169586795
0.0866241574952309 0.283630847945938
2.29811216062508 -1.58383567725379
-0.0413800408155026 0.497787611385207
-0.188998733682563 0.587846031254277
0.0214081778304947 0.543207593236748
0.445512805523707 -0.015433589515194
0.237518021774564 0.495930546454263
-2.44518384608142 2.10611463560367
-1.07698157183401 1.46780812601939
0.569083792999004 0.0824653019953659
-0.312118056364931 0.66787028137469
-0.0886148539521397 0.417598332889928
2.4326208724307 -1.57021877048001
-2.68512097531657 1.84265330993452
-0.776886139891852 1.06211394766206
-0.693718171816884 0.678103053860494
-0.140029534102071 0.637579730264498
0.494967926705664 -0.342999472524032
1.43218785826597 -1.26050068734713
-0.527002101590462 0.508112791099182
-1.89645594748688 1.37723707702085
0.294730880774684 0.273684628292841
-0.0882087021278567 1.06203020850363
-0.752659355385997 0.727178154127896
-0.80574069631474 0.698403656894761
3.08641760420491 -0.931584586936697
-1.23446229036162 1.08968217028191
0.422095755361829 0.237948663345152
0.740267954655318 -0.3523098046144
2.2200686964246 -1.63049973115528
0.112723512979444 0.532149722735973
0.503878081761292 0.124598456813321
0.914627842312789 -0.837780977943765
-0.0910246519166463 0.78309183903346
-1.61863860123792 1.06985586609598
-0.847804048299569 0.690389304572252
-0.414934264244837 1.45195703895568
-1.95947104923864 1.89394545838628
1.49461801858623 -1.12447346953275
0.39372639070238 0.58381020687216
-0.910273293804014 0.876925937338194
1.758615335776 -1.41525350919767
0.125751623227744 0.642500991956338
0.582658914905075 -0.606164434657502
-1.35223172517468 1.33786026452387
1.45643563064246 -1.44447378758636
0.0497577068653432 0.682470691858352
1.29856690896149 -0.805340237293114
0.854513594175026 -0.779215851777511
-0.0274038471885631 0.868964755090681
1.27431672703615 -1.24063902431426
-0.227468038200509 0.436429632726885
1.06287472179386 -0.557065824029166
-0.273545786107691 0.629963878080246
-1.38748367506388 1.29689085997952
0.0919363324824267 0.10335085249089
-0.347792735982054 0.936551134867303
1.53846882855322 -1.34368152734497
0.668779381818188 -0.517815574768745
-0.289787896456765 0.883362146670899
0.251753752556723 0.118399010232938
-0.760560804630596 1.08737167848544
0.682334665287878 -0.117986058099828
0.602461506793063 -0.280622419815237
-0.405328143115187 0.626952760201009
-0.295937631585323 0.981440804004135
-2.5192197942439 1.76709938682297
0.657582074923884 0.0767700885123042
1.2293320579955 -0.54849294350932
2.28441324951694 -1.36362462879525
0.64191493204207 0.340639157036833
-1.46680601409668 1.12173513716637
1.70080408411902 -1.39868123002454
-0.958361684450221 0.833864403140028
-1.97943494453733 2.00340781854331
1.02312740325718 -0.789340831081908
0.19502314165611 0.626751858536775
-2.79539232373555 1.59844640887648
1.87551364183652 -1.73316750537132
1.37008919184537 -0.730626729752491
0.776426567886824 -0.276046658835656
1.55951897363227 -1.02379830108995
0.181664511337968 0.523771775920949
0.385730010124598 0.0793420999155199
-0.501002190927887 0.953089428587142
0.0232996110251503 0.409733051368225
-1.19489384455426 1.45001833190526
1.75209105015821 -1.66204665743524
-2.33869103705977 1.62277972721397
0.987703891719616 -1.40520797424544
1.35383140128166 -0.966937844444759
2.46438418165635 -1.36567502338298
-1.72858978119759 1.55939709425145
-0.694583468105342 1.14889734509084
-1.37565389771677 1.27641102630838
1.07641894034153 -0.791048972945251
0.333301174355348 -0.395704234119324
-0.173954964084884 1.21746939798201
-1.87752836816508 1.45149228650286
-0.000445498978952675 0.748600036017242
-2.12958037674942 1.79319446957677
-1.57229619537649 0.948100666337987
-0.485151042156033 1.22042367494358
0.599030127825953 0.126268776470743
-0.683518832593031 0.921775848817638
1.99116218245291 -1.2207487026974
-1.1888893616517 1.19830237145423
-0.244913464929485 0.72331606439945
-1.73702316027762 1.23239945962982
-1.23151272243458 0.725613210345833
-1.11041149503395 0.606525018834457
-1.57968228494706 1.62473003552724
1.04840400924196 -0.889478420839456
1.24118286249122 -1.25261067210741
-0.53241068191666 0.910337305737086
-0.0944140430887698 1.01614181429411
-0.949624728050627 0.628501395685401
-1.19502893945305 0.856118661808613
-0.0764385872001653 0.807670308592848
0.690845637463173 -0.218052995433526
-1.12216356289853 0.959710396654653
-0.652415421474324 0.723648414038713
-1.50633795883124 1.34086464393938
0.894027081449308 -0.483526423977086
0.349591042097681 -0.0868870440831041
0.526681828386878 0.150830368272875
0.879319880225083 -0.855672995500218
-0.505654204199939 0.455715804714162
-0.228799768934782 0.789476132228772
1.18225515014615 -0.926805396698535
0.259175457664945 0.255389291380421
3.63044633718808 -1.21584154441208
1.22887472812084 -0.992495036519785
0.456899160569715 0.0175058198229305
1.19486421705814 -0.817906595222333
-0.445868830848158 1.18182232885279
-1.31235007786366 0.792068385786219
-1.72423900088912 1.46886145781538
1.32652515984043 -0.803789181204582
0.669517682918623 -0.0155783189077306
-0.846107733115006 0.55349436535968
0.980756842386987 -0.696754277441955
-1.30315721937288 1.22543748165255
-0.428157655581286 0.799888631427953
1.12371052792431 -0.81838145468195
0.891338751384038 -0.459132817427797
-2.30380133587767 1.54962535639171
0.873060754343521 -0.676868098229062
-1.32998545977101 1.39194219019881
-0.489039729708796 0.73366345374898
1.11066971352987 -1.00868398838579
0.0133888764980841 0.532574612705908
0.246292163962355 0.249564593316386
0.83077402968751 -0.530834295281802
0.078068133625767 0.426791367015284
-1.66475017765515 1.26236004927848
0.225207605692729 0.439176519725783
-0.405924869274373 0.488811548951508
-2.05118159431205 1.62835691544958
1.48673223083408 -1.14531237685365
-0.232370535078453 0.494772653055569
-0.116843418989663 0.591250790604652
-0.907598202993774 1.37837047493767
0.452904572438766 0.257054742398583
0.0500377109046297 0.539995905786325
-0.856409339716878 0.282270220773881
2.04241041269724 -1.38547723995458
0.996793115176787 -0.743534711530857
0.925053830785285 -0.216238485498906
-0.659909228702602 0.589850038222838
0.0959037969087263 0.519884002463791
-0.449871553029188 0.826635640205004
0.875123443920638 -0.444147255653839
0.347337955724974 -0.00203675027670891
-1.20615477018875 1.05362463293938
-0.929552221554236 1.00974982672668
-1.58178414562559 1.44596798370337
-0.612913511224593 0.641348357711462
2.50757949307523 -1.43767858067406
-1.46504049152888 1.42281978125247
-0.821214165823492 0.710754441539568
0.958770999261906 -0.846532622668676
-1.41245927866576 1.29960616919578
-0.731911947010521 0.700038007365245
-0.328942801288687 0.954012478835051
1.07161944595712 -0.752846354090269
2.2339469251715 -1.66744585173366
0.736928860165472 -0.352011429528178
-0.92762574268936 0.793516305722897
0.892896166917176 -0.738554302846612
0.180611452162757 0.847861097257138
-0.796217541021611 0.835868128778272
-0.667355608924669 1.1480206914667
-2.37373049191518 1.94908518667118
-0.949348111955498 0.556062747053674
-0.866341007404169 0.723325631689231
0.168748741802918 0.363158183155287
0.457932981852366 0.392637714945905
1.92200901234782 -1.6689518589226
0.047156163491335 0.741048504648131
-0.904177639360396 0.626194370499541
-0.0196495676159145 0.36146684014227
-0.240642224727662 1.15786007771636
0.527339294537615 -0.0119636807132023
0.97570387676031 -0.851069331119055
-0.891231317651441 1.17453051157014
0.175390662680287 0.136259756264007
0.0281131881530517 0.901173185734831
-0.532959723775302 0.833085085687282
-0.853756443209832 1.06002206485467
0.749976979425129 -0.34151658583336
0.339980501732126 0.0612335895913303
-0.0977566456250458 1.07505788915631
-0.484627535980196 0.613775107899343
0.92520152917342 -0.300921373528962
1.15739392421609 -1.19561290840006
0.128375954113909 0.554083735859365
0.928581685010709 -0.182288027726629
0.0407637245829597 0.513098200993405
-1.3226768991048 0.831335904696626
-0.461581674022713 0.858282152590252
1.44246521646053 -1.21282239566415
2.75444544839353 -1.17236154598894
-0.78412690962503 0.321150962099259
0.000919869919109978 0.524671276253013
0.00543669537900288 0.617899815902452
-0.103454123000054 0.856121912089012
-1.20098601316498 0.740766479746677
0.221333374081307 0.471763091446444
-1.79942107145531 1.44829151008604
-1.45735736686701 1.25228565505019
-0.271081852991057 0.80154968415103
-1.28542895988989 0.927680375967547
0.245232256716166 0.0539593062441299
0.555490649386338 0.0360308856620211
-0.809142363341709 0.962044293317211
0.621956722879116 -0.087874395893486
0.562147818858711 -0.0319515842223992
-0.483118766911564 0.657392005551149
1.30653606800572 -1.09193042007586
0.10316705047929 0.67027719547953
0.868918957066967 -0.267364524399653
-0.165469627103415 0.593221945027948
-0.383904144228724 0.692131686055132
0.618751345136901 -0.0364646872465266
-0.514920237010706 0.71510881675403
-2.3691433368176 2.27310098026167
2.251518479768 -1.92746646542919
0.16205828370999 0.529357924695117
-0.446208503526089 1.17443355476093
-2.29095789870566 1.7319358969112
-1.26435091507729 0.791055193593953
0.422278587640572 0.355704967479278
0.144728513513096 0.685486021384278
-0.557732654848285 0.836569154281004
0.0240062019853335 0.673827192190517
0.859633701394755 0.0103577522494325
0.128365108024532 0.610043479469778
0.0278529014090324 0.313365778139574
0.192969925901909 0.339381473748773
-0.443707632583186 0.59058125302931
0.298466253754883 0.725984803646022
-1.15034613825229 0.776963691685441
-0.412302676048465 1.14710488846291
-2.37057379252524 1.42275851586634
0.501880991231787 -0.402254630232586
-1.14287031050362 1.23942791362344
0.112253171859972 0.801799262044455
0.031693720765532 0.567377139504411
-0.510546490581266 0.700432131415074
0.122490185962064 0.957688350989497
1.32111293572745 -0.71351983162939
-0.105343064651375 0.565818219770719
-1.7512485310291 1.99684498189774
1.13080748513714 -0.700137054696788
0.36198167314111 0.43791675671224
0.902330465941843 -0.775668086639227
0.475522350936058 -0.0931787409718812
0.175524917632166 0.413518195139344
-0.221381264031694 0.650103830091791
-1.39317284282405 1.02279310558446
0.1990662515626 0.424407039787321
-1.1687718103479 1.17251408837808
0.19444077158034 0.60750175701211
-0.506099138606057 0.90904410492319
-0.99682438908768 0.720183238934946
0.834896709887044 -0.524021718108955
1.65336419299928 -1.39031374321419
-0.189064794582561 0.577776295043605
-0.45089270563752 0.875061192428471
-0.865259347034001 0.826866239563783
2.12426149955687 -1.20099436771832
0.2031487182638 0.931292268215074
-0.175673417651674 0.768293638947134
1.94284758813009 -1.26777581899999
-0.776905602351453 1.40574325478124
2.75748595822453 -1.33235782192361
-0.128822279318741 0.872001124188096
-0.851645754502182 0.926624756384183
-1.7928571105845 1.17595581698034
-0.972854685492608 1.04567892605761
-0.648006954375628 0.456478212385681
2.11046810330101 -1.46195575566747
1.02760823730149 -0.775143740213355
1.07960140957313 -0.867172744746625
2.69388701316904 -1.71265976321619
-0.993691034480505 0.970085036712108
1.56496684611089 -1.14700457908924
1.52618387020479 -1.3510825987363
2.24045322511307 -1.2762952147338
-1.06874816069025 0.86687086504463
1.34656584362156 -0.838930676317677
-1.59537306448601 1.48393370239553
-1.05793096271176 1.22857690399616
-0.199768875469457 1.12140922548415
0.598278479184778 -0.104737935994715
-2.47539141190561 1.24238241594435
1.30780216810371 -1.24185602410001
-0.588356036179816 0.598227889310899
-1.3830363248338 0.68071103838649
-1.97558564381968 1.21812794137974
-0.985695129634714 1.00279507822445
-0.839033147935792 1.06454201715548
-1.92922881242604 1.23022333777275
-1.14038138662858 0.626094200171028
1.70589498754567 -1.51091917142386
-0.100253606637124 0.587290651045693
0.674650893413919 -0.571639647210539
-0.750925713481161 1.05973954440885
-1.00530169086383 0.97214515634419
0.918015315840722 -0.587308452733422
-0.100758368008723 0.783223763640047
-1.54925481242864 1.33978401354528
1.02795107324481 -0.373156093600796
3.11506481118122 -1.21092791460066
1.49888341859772 -1.33233049526191
1.1367488682681 -0.688078589702282
0.583310046822106 0.229560819094097
0.727048173749721 -0.254190683421003
0.975874819687581 -0.0407588950968015
0.463652564181756 0.0991646635015944
-0.399684092310721 0.64546757428579
0.928368112977855 -0.315129959367136
1.7960479128363 -1.64937054677089
0.196489812528273 0.278961251789303
0.723614993001337 -0.748225551341361
-1.39463861752312 1.0466359135773
-1.91674127347464 1.55832407300495
0.994377797006348 -0.641142371731362
0.619054596637721 -0.295867281472997
0.608488703070886 -0.193954127503576
-0.158369153305837 0.936763775726335
0.50506670510427 -0.080358890575976
0.490745687441979 -0.0732876792354409
-0.174791250030084 0.815302708487397
-2.09611772410479 1.47887071226915
-2.27504693686954 1.84684121351564
0.588466853675824 -0.458122293010821
-2.0828571450551 1.61690759293391
-0.469439843326131 1.10718383942808
-3.13627903086951 0.841736736767653
-1.15336856348588 1.17159767528794
0.63644969803256 -0.0861537446681156
0.636071673540911 -0.205812690062199
-0.361903397874699 0.231623975515407
0.310756449250174 0.257893315721202
-0.834018208553538 1.08326476113286
0.0407828800654238 0.939306352690724
-0.387157720048353 1.08810062548362
-0.361872357754098 0.757352611378719
-0.90379942113708 0.875636087187921
0.567944279515877 0.0865037045710373
0.492135217075218 -0.374835349567417
-2.98267535524088 1.13326051530602
-0.413375039445434 0.821397565239317
-0.452396925710788 0.704342462889789
1.1473705208747 -0.68579052206495
-0.976822358029241 1.08038132278801
-0.63773902454217 0.825609623873882
-0.96623635348646 0.932180824998153
-0.270291115356143 0.74799471262551
1.09802510684421 -0.999017417952831
1.18287906497267 -0.889036026538057
1.77417479469814 -1.50277537296301
0.27966236447841 0.401222770757414
1.85130789640329 -1.75995204261706
-0.566661235360287 0.80132622145658
0.850559044503945 -0.725977247531452
0.909919273810637 -0.176632956707345
2.33879056548669 -1.06412729301137
1.75634491349853 -1.07845064812664
1.03984014820477 -0.612199843394304
-1.81463561818908 1.07715372729983
-1.02291537085722 1.25451974826926
-0.0934149704120633 0.93757070456037
-0.434701839648744 1.33802108205808
-1.36712193560233 1.28812840071707
-1.38158091824086 1.15651131961442
-1.14632099490011 1.43459541469071
-0.113261846496518 0.628769425574998
0.0249112408648543 0.622072686521194
-1.06367698392084 0.927269701413213
-1.29623096077107 0.947021879655704
0.211214391965603 0.731941156449761
0.484086215418255 0.102581958418763
0.332607792875796 0.319885882129212
-0.250844495551737 0.664364309183992
0.56132374201695 0.00723759923345754
0.754581558755646 -0.467887328471646
-0.457875080490831 0.893646365953592
-0.461836698066596 1.12861174308654
-0.131882978012814 0.660606139537006
1.22865345804117 -0.812834992659259
-0.337282043318741 0.818246255144686
1.31455680252705 -1.03042439834088
1.66727713337788 -1.31985652602027
-0.811180939323735 0.438365412852807
0.519598748598736 0.182649700334083
-0.942442103174605 1.17521751850889
-0.481239905976843 1.03529285478577
1.03992876654761 -0.972130628650352
-1.64463099886963 1.49505658991549
-0.0198351862863462 0.818902386692772
-0.909976157185152 1.02481348613691
0.305935989783702 0.362005039714068
1.6122783782827 -1.1536920614433
-2.34657114826626 1.91531378892581
1.51421398227309 -1.54134485874185
0.683969210478237 -0.277817104344609
0.130858684504566 1.06200172746842
1.29892948431262 -0.905049937538889
-0.750817491882401 0.854089932298344
0.558071657794233 -0.11823801124458
-0.336749818581577 0.762740298453368
-0.260202029775123 0.893729470100054
-0.20170257149782 0.800594137380464
3.56828321111921 -1.71401361665046
1.83540119691045 -1.59872740886572
-1.60334574105623 1.25070995473017
1.78459604771833 -1.06879466545994
1.59217950340853 -1.78968877374933
-0.0152837171727962 0.900768446645688
-0.434141438217297 0.510656531696166
0.100668029480013 0.812710134154833
-0.101149684302217 0.586685407215706
1.61845907267742 -1.22549285922649
0.604104150595339 0.0408808659161933
0.421893217880871 0.313637574650162
1.48647439885252 -1.09844938383989
-0.602340343234234 0.82997976455338
-1.3582649255084 1.03533584269235
1.37609006918451 -1.31917995064576
0.378256282530837 -0.0158257369553187
0.947159023683779 -0.654954219701462
-0.429939274731859 0.922837085752974
0.829321578042648 -0.378485961965508
-1.11082760921697 0.929142792515653
1.76332789951364 -1.94821496611096
-0.370705566519388 1.02948778478357
0.178650443384642 0.960417218334658
2.01421830560901 -1.43046250420996
-0.796279076906792 0.834301804393648
1.44955465589235 -0.927817499826162
-2.73756615358859 1.4239346948229
-0.611075700873234 0.666308831149306
0.174017501630828 0.506513481690789
-0.748849969028091 0.9446521773484
0.395358795815219 0.0775688258556564
2.60636422646199 -1.85030781530429
-0.631682537822728 1.06520715986074
1.96684837936475 -1.42548643292226
-0.379113226122051 0.802887984128089
2.03865612145799 -1.88260827050014
-0.867004028183092 1.19426917594569
2.15716604772932 -1.23594533867507
1.91568511564853 -1.86553867668831
1.0962010320089 -0.646950618866655
-2.29523202844684 1.40535175932875
1.05605959323683 -0.714616796274286
0.685359218718538 -0.335378868321582
1.07320075144359 0.102363253390939
-0.256858132488795 0.539948458647785
0.453905415262769 0.0417950158172017
-2.51658121603135 1.88707008990079
0.24012495350581 0.218666158301944
0.494119056148554 0.543265482062322
-1.43813380482589 1.61567514425235
2.61638840367838 -1.48935804242596
-0.232844294581919 0.31911278315091
2.19794144427064 -1.55762441927992
0.637044730288756 -0.376486358773189
2.75473764718656 -1.28008275103636
1.97559599618906 -1.75634371060497
-0.449805185347103 0.595261931486914
-0.944248047602886 1.48954342810961
0.123764830415514 0.741203373183216
2.34492179238013 -1.41958057393568
-1.44914955112102 1.71386015557245
0.281324864675173 -0.131389096055518
-0.305282549978479 0.637126362194692
1.45017215274393 -1.34990861215789
0.938315913411903 -0.954166957580012
0.896460365520623 -0.174073627756137
-0.0506851613165007 0.513754417877286
2.92137733647719 -1.88699311101029
2.04629299826208 -1.72494280245984
-1.97179749033633 1.70046733324541
-0.112306349913548 0.51487673274811
-1.44090296390581 1.29741663917058
0.488888551613865 0.0941622454670558
-0.862770568489348 0.837953779103634
-1.08872320980212 0.843756547201151
-0.976544176319795 0.568530329796641
2.12356657114335 -1.47192878166712
0.21619272604525 0.569452544879169
-0.809761596820445 1.21439682266959
2.04797384688098 -1.60617860589268
-0.971932361988795 0.621300690383302
1.16171468296558 -0.815225279032257
-0.427585384775511 0.739373868992811
0.284896420387199 0.0191482163329276
-0.78511896400933 0.658737745628938
0.90815702744436 -0.575697079488375
0.846774589914933 -0.936758047769688
0.968126906401515 -0.329184050713772
-0.428828115216126 0.671564160165343
1.80945862656736 -1.60806604100796
0.622388472957604 -0.133190445843727
0.671497632087433 0.00617502385466223
0.13089009727724 0.332775862047541
-0.0598394943361579 0.360227233293812
-0.469660081996827 0.963820319141225
0.347993630309294 0.0587361092690024
-0.178767947861166 0.924549960620823
0.487571753616507 0.403376231949883
2.91603297766386 -0.932068271233035
1.63394712944682 -0.902561502459158
0.253915152093032 0.363764487018857
0.15528563293913 0.479143262530408
-0.469822020392621 0.554585624477715
-1.92207535186515 1.53408303191521
0.453750473955504 -0.171224802385663
0.400944523055773 0.0503218762960396
-0.741217895946339 0.870235310120007
-0.287549899831203 0.700409704105628
-0.870802548076669 0.988688073615127
-0.241379680650007 0.145398708462033
-2.10053154264161 1.60964045922258
1.10534987233056 -1.00252995755738
-0.314528701029645 0.705305904607619
0.74898056942744 -0.27427899451828
2.96126496414293 -1.16562443275425
-1.81392021006393 1.48016336197472
-0.756976395022273 0.493719120700967
0.758725777935375 -0.224043180869975
-0.255461132269784 1.05454933284262
-0.696913340054661 1.2133435653798
0.652744502080759 -0.311340924249358
0.140114299565618 -0.0190236555132076
1.02349650179903 -0.599168930533276
-0.943405687559262 0.518274363732014
1.13478906308863 -0.993429119270128
-0.703294909056864 1.49996937691402
-0.521704728529529 1.00012644394691
1.05383621195664 -0.561606387749756
-0.265118119089659 0.652280111554096
-1.17357215767348 0.779374073758212
0.36742780332405 -0.00773591691400508
-0.66795603146905 0.830200748216208
-1.49389964963213 1.5628181349336
-2.70576676691942 1.16165116002159
-0.648904698096202 0.841283382740421
0.735593671835771 -0.60561839954813
-1.19427721785687 0.911897012467848
0.431840423326804 -0.0306489416013072
-1.34648412531937 1.01638425223517
0.539267585277254 -0.191452445299779
0.866254648515674 -0.440512493999583
1.51737767002411 -1.2346108762906
-1.91914673714146 1.6612770701207
-0.0394531314672984 0.700142956019388
0.174307481341683 0.756012491967165
-1.70312887541753 1.37859437009266
-1.04460781186031 0.84253292543758
0.723539797532231 -0.419635666624995
0.587146465739913 0.187779508155231
1.71261252125327 -1.46474891928059
0.432031207032488 -0.294001501871591
-1.9252416390162 1.56438910651542
-0.0647585702435274 0.137268452833816
-1.20891756731043 0.981223219068892
-0.492240026095345 0.490039714129369
-2.45374535561804 1.96133822145587
0.947521456941702 -0.752749094278988
-0.124341360561583 0.852276207513714
1.00378765166111 -0.686130734591757
-0.462288907420499 0.935350507836966
-0.823104822635394 0.843118494427978
0.220728174442228 0.102642252965552
0.190216938199882 0.665627283718656
0.617711252685808 0.00408296334415137
-0.252878910380276 0.865171001067115
0.900693708318423 -0.606677084590654
1.97031654985256 -1.21175020570054
1.74838656534669 -1.30701922662381
0.823874410511718 -0.482634804248996
0.230463165080578 0.906509514837326
0.594881875076545 -0.581112635520733
-0.876780565771328 0.627825221428869
-1.61075769758954 1.15113946464626
-0.655446858298986 1.0864983319389
-1.31077127746205 1.2757518464284
1.37818984303055 -0.658712852385959
-0.278171362621658 1.04533719245635
-0.0643133570410468 0.107562414131417
-1.03836188274115 0.975029127073127
0.104415654346762 0.843043418197538
0.879847399079318 -0.115001861424073
-1.76239548443752 1.49989696192508
-1.40478379051254 1.29108125539729
-0.150975608637814 0.781834164841569
-1.61562801627465 1.4846291868491
-1.29406606070652 0.916777789986936
-2.71024294697381 1.57071415012002
0.85289228381739 -0.386780517474794
-2.34330982233783 1.75896612328199
-0.581326891884532 1.01798853819451
1.62176364874211 -1.51686382908584
0.891893429241905 -0.428896214488213
1.84170187501973 -1.12083969173135
0.606912764876717 -0.328260060246665
-0.877060679881111 0.757892837840426
-0.306630744591869 0.585654265955824
-1.41872508708171 0.905576690105442
0.0440793242496797 0.772618315906287
0.0341981688679913 0.801680328190288
-1.3876695474274 1.13856951044468
-0.380514724534629 1.24416841268349
0.0561891565456692 0.617989536989501
-3.18260148497231 0.322274126466057
0.961957746192255 -0.852529599369153
1.41391102124627 -1.31523455111825
-0.289494781411678 1.37371555532523
1.24547937978259 -0.539741038634789
-1.44031011103961 1.18620543675193
-0.147214751239949 0.725856541955091
-0.0951013957953476 0.568391689720318
-1.91132992299212 2.01556593963873
1.03753281622947 -0.884846114442325
-0.735074737881388 0.794534041993941
-0.0278202917020559 0.651834371558134
0.161480069647902 0.98609120874358
1.67670471705696 -1.74934249415975
-0.625131119199071 0.916072655348218
1.36816721742382 -1.07249489517473
-0.987325535773349 0.827730692850771
-0.541978393801302 0.932964885274933
0.253700588759033 0.0409316404674538
-1.71836581320123 1.06761670165098
1.03905471102265 -0.380555935668718
0.587880340784202 -0.324511218499397
-0.465963017968968 1.13546979789221
-0.270250453131332 0.588960261532574
-0.984024896245507 0.964181659236655
1.02744543704114 -0.974136462972307
-2.07810687750055 1.48785484165812
-0.614564737544312 0.766033627540656
0.234319041875962 0.137498275252175
2.11394817886928 -1.6083768077809
-2.00305123608264 1.53515841154396
0.015217706764918 0.630665644667991
-0.228951515079169 0.795881721209826
-3.82256051620528 -1.47808733983591
2.21854942331815 -1.13814725547382
-0.465834953450231 0.616400129402116
-0.537687015934774 1.24026310094729
1.9024183963106 -1.73067541788418
0.207132601773553 0.274832217944726
-2.60676866221618 1.43151271072219
-2.36857140882482 1.72562198576658
1.28518664613125 -0.944725478704825
-3.41269327985843 -0.774014529628956
-0.332229107600247 0.768403519273411
-0.187742960073686 0.950325519705332
0.463205539078397 -0.216783888145921
0.350344661298912 0.497790869575318
0.314451459192406 -0.0612944083790435
1.13630693746041 -0.943636029102829
-1.2505557670407 1.14202351360537
0.784595312037687 0.118288956491534
0.00306352311220264 0.633096667366232
-0.0376374436935275 0.808658091901159
-0.382630458180256 0.557027796278717
0.289915100212098 0.644197341504672
-0.375294074314771 0.872824671789102
-0.625373186563631 0.73939820113359
-1.54281974564005 0.653092197201618
0.327217924639325 0.0431530174576351
-1.38949042436669 0.929651431240495
-1.6310730342224 1.40008877270227
-1.69317643651749 1.27417118400297
-0.0871352358779947 0.858051351335972
-0.310864281107522 0.612077469022329
-1.07741191841918 0.782938397748011
-1.09666468076802 0.847031717911839
-1.93933931224849 1.52060921501769
-0.840419635566811 1.24753408467355
-0.0303091520663908 0.414136464320203
0.753186167341426 0.00262285191601902
-0.295416069925439 0.861011835939731
0.167712265412873 0.184190365246582
-1.42109038352528 1.01137663720522
0.150212615284936 0.535230451283962
2.26859095211366 -1.88616364357002
-1.48813174032305 0.985646339436251
-0.382757751702178 0.200050128916461
-2.56547008108028 2.05253714616701
-2.19896928393152 1.91265016495014
-2.13148128708654 1.36105977429107
-1.77404726314136 1.42422211773131
-0.70198642234338 0.602518129819748
0.736486905975377 -0.245214332208814
-0.437441608549355 0.678092466530851
0.358483606005752 0.00345918875452988
1.44777975942456 -0.897586483239696
-1.18847480150587 1.10723002410498
0.67180826749483 -0.415799538981193
0.456254320466998 0.11460256090141
2.07024243319495 -1.56915352392054
0.723137661328203 0.0958726191101563
1.01764293457776 -0.812278565705422
0.520164621381995 0.0207114795977761
-1.83811437349283 1.36880606896532
0.331216216496977 0.385803985251004
1.08559782456816 -0.657875975002959
0.683757519119852 -0.122472920296739
