1.11452980481463 1.58912605932395
0.175431843158445 -0.432638013021977
2.10835942109628 2.28027050166939
1.10225534264614 1.26755519658615
-0.403976462376027 -0.891302280557627
1.6715095179875 2.24512060712772
-1.12611568617716 -0.680698392800354
-1.21115110283034 -0.629996363336857
0.0867677789777446 -0.176992103572906
-1.56817240524519 -0.540517631591341
0.684652897356705 0.442443101090185
1.35907857857934 1.38772931623256
0.823842133909017 -0.248955829876362
-0.844089536638908 -0.88234761977944
-1.63122364875137 -0.274371138659071
-1.57014778015496 -0.253280817557588
-0.939311407792659 -0.831524623016197
-0.485913899869215 -0.913645145875814
0.491515854001664 0.276598695787171
0.390705202076489 0.159782511721944
-2.16095264446815 0.113395614618001
-1.11797001925977 -0.68001901873143
-0.113500365996607 -0.607333766345338
-0.349157590806087 -0.844668058275417
-1.24776901892599 -0.590495633821972
-1.32439231800606 -0.548206826659673
0.127449268090945 -0.280982645593099
0.215764540029152 -0.169391570152261
-0.262889609141477 -0.77164378604474
-1.89853592116532 -0.431491940861986
-0.086193119920106 -0.553025473695832
1.65761494917854 1.75898493940946
0.0917300844767157 -0.0418876988636656
-0.128328162017245 -0.541500795937181
-0.0842397895940195 -0.753606158038006
0.892976192896785 0.435880571683977
-0.459947656791939 -0.923878764108329
0.726467257984227 0.347701744044576
-0.836180854510676 -0.897960082549647
0.0114914268546027 -0.445381199672456
0.478967213735977 0.608226655198827
0.530432063790194 0.499755124383825
1.46431452314611 0.971507336995338
1.22384918096155 0.982794597559929
-1.3585931815798 -0.506922241945345
1.61608223423866 0.994410269187064
1.0165276900141 1.25334843823071
-0.0631901291977042 -0.397403858946921
0.117056170208306 -0.0983754061593981
-0.700716472406753 -0.940059708829331
-1.57358149985181 -0.20413935385391
-0.113693424949316 -0.736686679065513
1.18956237297683 1.21697260428005
-2.02657239110518 -0.465244572356222
-1.72889807823665 -0.182940415753572
-0.407704733228975 -0.870660691758682
1.47296294128488 1.08197987559386
0.17850404536313 -0.0257676330235272
1.56924748802364 1.79303873697933
0.557271458673169 0.790734655088301
0.696523118387725 0.708045218108039
-1.38377783086945 -0.308072921035619
0.335571364409058 -0.198750696651927
1.71434868080002 1.90899914672592
-0.309953416347105 -0.792902019487593
0.0474001045009416 -0.225407262557699
1.6538390691324 1.96532933433223
-0.852171324625099 -0.86515019923004
1.9539635111789 2.2460289393007
0.145528068096535 -0.314034103786589
-1.80829336506439 -0.0358476157009466
-2.12065971354997 0.11846029840611
-0.693544289462019 -0.94051771858194
0.168286408927862 -0.153592860815635
-0.560907198931449 -0.94545016188381
-0.316825885584954 -0.89065479488452
1.01877891258559 0.839951888008421
-0.325131081770718 -0.85678020201458
-1.16791521915488 -0.756933101160507
1.05254617331225 0.971277765187258
-0.457434213672399 -0.910364472217932
0.0185981260561898 -0.476264190800585
-0.356178087600646 -0.86752111527553
1.35502894124301 1.48409212698939
1.74673428243445 2.25217449673447
2.60342674324657 0.688449549935451
-0.812703877886292 -0.905256426570705
0.309041646834574 0.407141775506137
-1.67231266941476 -0.144681092962633
-0.275400800088007 -0.798091363967698
2.55799055252645 1.00741484457043
-0.848892031589514 -0.879231519647022
-2.24060637699814 0.051751230098526
0.0386913551205982 -0.232389593306843
-0.248300179932952 -0.768366514080134
-0.745597500250613 -0.931061613465844
1.01378823458023 1.37403957366813
2.51988619297726 1.03359767790655
2.41866901757859 2.72859979408573
0.948259674077725 0.910102074137352
-1.00979552850921 -0.818957445543441
-0.181208494661539 -0.684872865037534
-0.100363308469202 -0.718261829382014
-0.512663143216924 -0.926110793162953
1.34146651492493 1.36230422759809
-1.22500672792618 -0.627568121834295
0.514703154444244 0.207776131988382
0.914712194941619 0.693275219750169
-1.06412759466435 -0.77014068807545
2.0102499214505 1.51494992305371
-1.25690093676522 -0.57548341816185
-0.788292632030964 -0.918135935585063
0.694913458826341 1.14047394833518
-0.0301781020049861 -0.695053368615757
-1.52008060923587 -0.368778683290959
-1.37413116731987 -0.581935534938263
-0.234345923952018 -0.689789547727283
-1.66924368801657 0.0788087167356164
0.607529271427907 0.0726708591952592
0.0938223700365443 -0.424309404310618
-0.694527190902473 -0.940651409768274
-0.573189758247548 -0.942525825355934
0.551601100237203 0.363069780070229
-1.35376546607979 -0.461016075955127
2.42598440769048 0.429593601966308
-2.21352431791846 0.5179460147019
1.68720656106662 1.2037990005676
-2.08349167983602 0.299566575452051
0.45768689552207 0.630288702409342
-0.63510661745623 -0.946872971386536
1.8543914136052 1.22161052278542
-0.0229382191529822 -0.468458760942921
-0.0524325536042328 -0.376261205020521
1.84818110464635 0.497710970283968
-1.07405054019203 -0.74713887477115
-3.24276534271775 0.787795952927929
0.0186912199220125 -0.223572357431711
-0.703682256668913 -0.941770488115703
-0.729448119816131 -0.934309144746432
-0.0300740935249796 -0.550039902772106
1.46731933395963 0.843360741635461
1.27711833154443 0.71836115531467
0.792920811716959 -0.175406867250304
-1.56391789537284 -0.463056970703894
-0.0257935356464297 -0.569343385965985
0.252324180015457 -0.314627032285186
0.323740374265274 0.271228040281234
3.01707888133482 1.3839899426032
0.780804066961092 1.03768739777665
0.280745699793567 0.0988725708312802
-1.92412791377007 -0.141106051378358
0.417901617349195 0.339496184662694
0.750780545329163 0.673634536994885
0.252430903325181 -0.0406074157060293
0.0434664701831146 -0.118742491477515
0.311412264908624 0.0701583382971095
-0.173724249121756 -0.725426289930487
-0.539291402725189 -0.937453457031711
-1.93474024404181 -0.523605244675522
0.430220345738683 0.149109536391605
-1.16662726226973 -0.613647017196285
2.48498254678106 1.24644580291718
0.0160777576364813 -0.403467677036331
-0.855796994629167 -0.887254514401966
0.955033541525925 0.780477997552363
0.249854206225436 -0.214623975363129
0.400904115978587 -0.154000822962007
0.930087563272022 0.899431685597953
-0.683802907967043 -0.944131121006266
0.339236259907868 0.459390065646279
0.322369469189132 0.0351414452243206
-0.442470969941266 -0.900902860006333
-0.690393440489532 -0.941099441022965
1.21857868274128 0.442327115182092
-0.214818233410927 -0.696013700527836
0.834747313670599 0.982260453177563
-1.81265633533491 -0.156516448310717
2.16444811443321 1.14520596497027
0.33728643010659 -0.10369531502264
0.37517624942497 0.138995777664999
2.48308614488778 1.82471401424336
0.869879184549349 0.111635360684378
1.34909336983551 1.5534879095255
1.09149880852527 1.31588888108725
-1.3898629746932 -0.451918527702518
1.38371317012537 0.651916370182565
-0.19244670235098 -0.709592617707789
-2.55401983636411 0.130845835626481
0.0598942061315379 -0.412946286339202
-0.137793814882723 -0.71771780987975
-1.75389978355147 -0.252080470605963
0.499981794457999 0.700512973625609
-0.718830296103268 -0.936691514101033
0.870764833807347 0.942564988614579
0.630825823534007 0.216989078953054
-2.18813958518091 0.47563003614776
2.74942171932715 1.26634454776958
-1.93006851939177 -0.346980858082456
-0.0249186863697526 -0.487723256491705
0.114349035244985 -0.408262108905132
-2.04589351448916 -0.0412078173051026
-0.605700896097156 -0.946302626259786
3.14482779128305 0.430052665362538
-1.26879911260044 -0.586663811173117
-0.834948770035558 -0.890365017534615
0.138273781134805 -0.544703751709401
0.845551024460528 0.672382889384646
-0.568323436208371 -0.942416683633598
-0.737789821273064 -0.93549473817339
0.555108286954216 0.238953743918167
0.816183193765262 1.05419619298034
-2.01390342122903 -0.120733886706131
1.30298495594741 1.72275565052592
0.00434264297907303 -0.542705572627998
0.32283547712287 -0.341368180482982
0.757176754548496 0.932945019041648
-0.0392550639315816 -0.426308285050562
0.560286164853012 -0.308518292311317
-0.509431175238142 -0.928593192105756
0.280914009166335 -0.48530277055644
-1.00465808288659 -0.801828897044013
0.0226255578339297 -0.591519527654592
-1.20458635198708 -0.592344637802111
-0.184274630790454 -0.660234488865498
-1.09019721435527 -0.742439537056545
-2.38848163907244 0.151261982447957
2.79498641715739 0.878699815922421
0.733793898743698 0.944795409432193
-0.544334980221919 -0.936118001792549
-2.55145828143585 0.499390816391267
1.29733445580409 1.07326648046636
0.274102243565372 0.0480730082386562
1.85238007372959 1.80642790595838
-0.95951002779314 -0.808291847814345
-0.590463329327868 -0.945088825304804
0.604622783291875 0.291284525014414
-2.04798375010114 0.288883841972457
-0.24387655294524 -0.747109064285209
-1.12430814831481 -0.803316925827653
-0.643560225102443 -0.946717886619632
0.344341343477034 -0.0241612122384142
-2.58464400919177 0.862221425329373
0.295634833426118 -0.509190878088782
2.60647752067203 1.10782678180834
-0.58468302268291 -0.944941803886347
1.32158006960531 2.2591750824136
-0.929144721893841 -0.806912362186531
-0.540006439956993 -0.937035004963638
1.16704555264473 -0.189950160969851
-2.6507646362108 1.08762848568183
-0.171994269456495 -0.600556875179697
-2.87251052510019 0.466239178813144
0.329611666777447 -0.355491718274248
1.00108439707493 0.203943339887942
-0.0460258937713942 -0.549468562405643
-1.63552056596487 -0.493924557503301
-1.5066900150214 -0.421651796288496
-1.13086243223185 -0.658676894959056
0.0202508088863536 -0.624302811601966
-1.01209421678883 -0.757903404946135
0.573137863426942 1.16552721983494
-1.83912614773764 0.0342206542319364
1.28218156157122 1.25191417352951
0.0292930280991338 -0.342789053831322
1.40674679519862 1.02988115941668
0.0838631563374515 -0.202942756708306
-0.414182356348787 -0.90037905701283
1.3449892942993 1.30851351996251
-0.604896913907192 -0.94638338908319
0.603792854040551 0.901834480982786
-1.13050484409725 -0.673191591351764
-0.316844674837741 -0.791282135252395
-1.11564176961303 -0.569391803102623
-0.445228702208687 -0.917885723939563
-1.25948911616363 -0.668363522828257
-2.86223063982149 0.152748678608235
3.16036190907608 0.819198848753657
1.0842261042772 1.40029910290454
0.0642173694950824 -0.413533361309632
0.771626624686539 1.01251107233211
1.97591998111285 2.11964828734139
-1.20537980086788 -0.602679824336096
-2.65402795029984 1.08298282988427
1.30446871647139 1.82013151549799
0.275257568541689 -0.090027513038155
0.315648342500378 -0.140332184022467
-0.71382435659118 -0.938307775218217
-0.828181324942031 -0.86855547682818
0.756379380984984 0.490804557376301
1.78481854611477 2.04149947343436
-0.522273675689851 -0.932220713290845
0.61653083813021 0.320230986576169
-1.23616604916919 -0.662431477675493
0.171439787044701 0.106206565302436
0.116695565030754 -0.328462210415546
0.508291438408323 0.53397314210674
-0.862313128269085 -0.891432639768002
1.16578478896838 0.913404385139155
-2.29564131802112 0.352833127915671
-0.244431951936825 -0.701524896853216
0.407537688463312 0.286164301838628
-1.51448726229085 -0.517476935529112
1.12758683659772 1.43424163530972
-1.33323301526348 -0.597766267392766
-0.662227806563709 -0.945182783182742
1.40624929772152 1.18337272647243
-0.97771196147552 -0.866441814721262
-1.04702985975086 -0.688112237928866
1.52903296569003 1.33395367235555
2.40102449223748 1.9450461811961
0.130066035042168 -0.318853261371609
0.134152433803063 -0.44327755436912
-1.35144679150507 -0.469741820600235
-0.769868953045043 -0.918389428960733
0.70795633874167 0.255518432020551
-1.8117927676337 -0.421673505487276
2.33715966207856 1.23997148522046
0.344234912259711 0.500048168800077
-1.04604549878373 -0.744143992533886
-0.0689171748069732 -0.518284569871846
-0.755438018342731 -0.929237240611224
0.469159453845336 -0.0501893101677327
1.19339995286132 1.92004464470339
-1.05995207355859 -0.779492907898878
0.58553151785802 0.945374438344458
0.16841525861562 -0.628318518306425
-0.589663094948905 -0.943755334357221
-0.955037015398325 -0.834897262652308
0.794482695583567 0.579440168720592
-0.538001515794863 -0.944582986738145
-1.24424250561028 -0.598547544493534
1.83759937677281 1.49667535763985
-0.150385469643317 -0.642172850471737
-1.20509959442005 -0.688329797570052
-1.55379746322455 -0.370772203360978
-2.86499497752599 0.454355538457454
-1.44444113258855 -0.486547600745644
0.27530434540046 0.0981511467222615
1.55520772485839 1.69172356785797
-1.24418021118733 -0.570495907239258
0.275670184349707 0.0858166283241971
0.600825273500317 0.736993786727528
0.262271221397514 0.301145982044502
-2.64981116465711 0.917955685541522
-0.0150863855047382 -0.458249216946482
-0.440176346243611 -0.915587990750383
-0.753484337256366 -0.931795788258862
-0.508902592684358 -0.922079466918861
2.06871676894924 0.923568630507391
0.228109665810243 0.0443757074451862
-1.49048199783968 -0.291905089008355
0.0205819329848672 -0.449808763404564
-1.97847748143582 0.286510470722958
-0.512016561461261 -0.929075144589403
-0.159877814917979 -0.73615194052682
-2.44033898051625 0.607452423404888
-0.409683959583903 -0.906459832777214
-1.45546858971833 -0.48635999802209
-0.944745773548893 -0.830321865273474
-1.06714275167475 -0.798996905519406
-0.645400223303867 -0.946470888676139
0.235803983820383 -0.201862634812288
-1.70111739333415 0.0409946571747342
1.80239533483568 1.41042010374337
-0.910863889486575 -0.834902404801036
-0.194196744821593 -0.691903158411763
2.02423474085244 1.32532850965809
0.940762910836221 1.19612007960066
0.215736022176378 -0.00601650352793547
1.47136201777777 0.563776792833333
0.075758012343288 -0.676612377400939
-0.0530274333806033 -0.398742716595551
1.11330466920243 0.958057012196519
-0.744098503768744 -0.931007382504714
-0.0987012813902092 -0.43291948849675
-1.00265662675668 -0.736356963660472
-1.71378898329642 -0.467693846221896
-0.773069588904749 -0.921145652453779
-1.26731775922763 -0.57364640319116
1.42741682506309 1.2180003020232
2.92243061447714 0.514425474744437
1.36345822471046 2.4031552068174
2.47415462809048 1.72734989220958
-0.937783417975846 -0.863930037180462
0.0749001232465718 -0.363340142938086
-2.27792510888817 0.24487947577697
-0.153883290526086 -0.692225506751234
-0.00632619695900451 -0.53550920916137
0.157138044858608 -0.268152188847924
-1.595628752878 -0.585998838933044
0.716864819545048 1.12289143014298
0.531180154428853 0.243125710440057
-2.59735601247574 0.650995356508841
-0.725999971306554 -0.937300960719881
0.669517357099472 0.428348822850518
-0.681901232071816 -0.944788705977764
-0.0632961686602324 -0.504603357875512
-1.97521822261118 -0.235842826316712
-1.33048708058629 -0.632943215754736
1.26639939127674 0.937296107222504
0.653020070313805 0.39044299528852
1.26038354504902 1.18472988519928
0.320687560371631 -0.135968099547264
-0.526224821933555 -0.935000585020339
3.31606139590774 0.258699233756151
-1.68776132063362 -0.0914001306328985
1.85827636366205 1.83367200302133
1.1034463176853 0.736574534198134
-0.730511730486872 -0.930540838550398
-1.47395158644 -0.490395051050315
-0.369053480978647 -0.873284419387882
-0.985058167204024 -0.835166199060164
-1.86840758116592 -0.48103527864697
-0.448647855277437 -0.929607589636771
-0.177553984443345 -0.602100018875054
0.555897565943903 0.372983684912979
0.35160388945812 -0.291514834441031
0.666670249626489 0.499564588486035
-1.02587967136398 -0.766358729788061
-1.03647315528769 -0.79554986441297
0.262461229126313 0.19640460995598
-0.484526579101787 -0.933713602876881
0.100495029500524 -0.259177157539899
-2.50163969628023 -0.0660650236861781
-1.61292912426243 -0.395753291498883
0.0974884019771204 -0.567845762710339
1.54231330657699 1.02040073397914
0.476179911789267 0.81100549333127
-0.793976323158582 -0.911122340811858
0.413144975966797 0.477698553498696
-0.781210013744204 -0.908505741945344
1.40994913734608 0.829431171169589
0.334742868009721 -0.0927289567515912
0.815723575684629 0.869012442291204
-1.8195947323606 0.27875559257794
1.96210790235176 1.44378694800517
-0.745740716578854 -0.92831782194389
-1.12651796955774 -0.681178099810383
-1.35327312244223 -0.567558104098375
-0.852030084361348 -0.878489321104143
-0.127887993456256 -0.744832436252114
-0.0192906518652568 -0.528196468554269
0.474526888460769 -0.282110287641394
-0.590608599326992 -0.94522618316042
-0.0954922601757863 -0.518223965671186
-0.290423495470873 -0.866959370191877
-0.406876581757856 -0.875158001716998
-1.4294149491661 -0.38720674356791
-0.416444584378393 -0.893669222900997
-0.372714584083063 -0.866586281478426
-1.42202216542397 -0.468519928396032
1.34987543585676 1.25737591431494
0.680695719981115 0.944592607346517
-0.588246024307875 -0.945538551340275
1.19826040048987 0.56089117165244
0.792584039916592 0.198502911644498
-0.995582157893291 -0.861530723927388
-1.16972994066508 -0.719802401409771
0.0183901347904704 -0.328190403741826
-1.04501049879857 -0.737943419066536
0.779710427103247 0.452029172886974
2.51064946586761 2.48846572675168
-0.430018473518673 -0.906886065764749
0.83487610040669 1.11273346778162
-0.775806553437669 -0.929476574881718
0.539313674656006 0.369290235884491
0.611555062276606 0.423556829801506
-1.91083431077226 -0.392002991043518
1.13202984571098 0.593450758452112
0.165316788583409 -0.35971980122826
0.17923250345782 -0.259247741132916
1.15799188174941 1.29679128150117
1.27115849067659 0.769982470813239
0.297683502078804 0.261656992009617
2.02197625006104 1.80583571481402
0.0960593352848195 -0.422182299747755
0.755412692884613 0.720727198700758
-2.3921925294008 0.930247266358177
-1.65255166154023 -0.350586860450256
-1.53238847906761 -0.222540094157455
-0.390915357337001 -0.880343642940212
-0.203231126701267 -0.703635709560784
-0.65442459802037 -0.946240689356776
-0.928890871346227 -0.839892761003605
0.527568449840897 0.186107789048094
0.46088174992553 0.146747089712401
-2.18123769259747 0.0342920662062826
0.280355720042536 0.169384287424503
1.67012689411895 1.69183155356605
-0.29926143421927 -0.877796824242596
0.993104810168289 0.799068434986223
1.24917816648718 0.642168813300312
-1.0553072150455 -0.807330630618228
0.546032206274262 0.43320496802441
-0.307774114737479 -0.836438865016709
1.31866784959338 0.701426309974682
1.37963667813143 1.60021298141674
-1.17735714985371 -0.650773801759049
0.108504519182255 -0.322853086439123
-2.06097428242899 -0.441559879373666
-0.295369434905665 -0.794553914861788
-0.172161582099691 -0.668948448058785
2.47267272563539 1.25068013835063
-0.670592890782566 -0.945412873257165
-0.0136497293652508 -0.395661347636446
1.13797971424908 0.61068439976655
2.46519939506661 1.30810614096952
0.231289585740293 0.0277744353442055
0.470585001294147 0.202888538965267
-0.0334625536024924 -0.37746482254608
1.31554947595991 0.357682412444371
1.00225309353462 1.33056995226094
0.230068920245528 -0.2628968978126
0.804707504671642 1.04977744812043
1.41698753015647 0.647171817616015
-0.848993764798787 -0.897450409559565
2.41493794334978 2.06277849113548
-0.282054690140955 -0.772723318608333
1.43092741961177 1.15208412089921
-2.50721728536146 1.02491708796977
-0.567084865790728 -0.942359924690041
0.985752148072358 0.62653013090574
-1.46149167695674 -0.380475094585187
-0.336569621506841 -0.816331194888227
1.3880396167663 1.50326366436843
-0.300141905621373 -0.818592370708801
-1.82260464819568 -0.222099970370099
1.06215433429183 0.584223040358313
-0.30584047915569 -0.802030388190227
-0.986483785102334 -0.777019968672348
1.07474359195676 1.28281777075094
0.571987862737851 0.215279830376537
0.599322048872087 0.616042393707961
-0.0531029882023705 -0.415297155530681
1.06877667811854 0.84889654206817
0.973079774995657 1.10017672648923
-0.695699012578887 -0.940930236073305
0.464891625363764 0.548374474771427
-2.10077252289155 -0.183196218084183
1.73832838003876 0.274647534510147
0.819735870590865 0.662504728965647
0.00115598459246884 -0.377858041301914
0.0376432458416103 -0.65450983383007
0.421622687467904 -0.374674942641299
-1.65188518761241 -0.292488695806564
1.68466976978875 1.11328518374059
-0.15836301447403 -0.613876690371858
1.21725627340477 1.25573003196225
-0.405756011707382 -0.865454967819239
-1.32206120741331 -0.427778917432428
0.32557699659821 0.265910451868633
0.313609545846905 0.172175856335394
-0.151264459012998 -0.721871806869931
1.34092599107787 1.00710676774701
-1.49786553745752 -0.247055782843492
-0.253952416710413 -0.717494856885441
-0.647103481946589 -0.946497854553832
1.03303026698358 1.07688244826207
-0.672120761303518 -0.945654674082384
0.569498011289591 0.405122103843044
1.28028003932681 1.16043962791308
0.681744904956747 0.341263853136911
1.46203854708654 0.872221651519489
-0.110826677398477 -0.579421309222527
-1.44095418632869 -0.426410000039077
-1.45251146983894 -0.462039195365404
-3.07186555678389 1.77349152135427
1.6434161517977 1.87977993021945
-1.14375463376555 -0.742086889325245
-0.00590923182468827 -0.437242725963904
2.63320393380738 0.936348919824968
-1.45015646049492 -0.427365956865553
1.13955242824933 0.911196330032756
-1.25316972873763 -0.526772737403123
0.673661391045005 0.213243177754299
-0.210671750308748 -0.70918628267181
0.714301588138431 -0.19881157139062
1.1219716984773 0.965236403380225
-0.333200728725116 -0.852157183719788
-2.26118085459209 -0.0175630144240905
-0.268723797084971 -0.77548484361169
1.67938022201982 1.51798888405816
-1.57359625621799 -0.209580437109422
0.109629806977379 -0.388282501126104
1.20262162100425 1.12514182540478
0.223399335602901 0.24010374084484
0.246113419738529 0.316986283268436
-2.12589558271723 0.411121706901578
1.78709560674356 1.23896108077267
0.0122742820400151 -0.390039527156652
-0.673994710595642 -0.944213126641792
-0.305380196881208 -0.804543875291266
-1.53916336204241 -0.39485418911899
0.533329231254348 0.0427195570640945
0.345582751241238 -0.313489941921851
0.575524149607648 0.341276113397168
0.347464066634382 -0.364752469750164
-2.06285996510544 0.318734619316521
-1.24858521692287 -0.692808903054637
0.311915370589484 0.115601458092502
-0.277408659301577 -0.765018522659186
0.687514780235475 0.366126302385288
-0.223247858765405 -0.763723750110069
0.99241414872758 0.394444128572714
-0.257177570890227 -0.780566697577164
0.0330559064071208 -0.234929601036079
-2.06340593565039 -0.315486472161848
-0.132164723465003 -0.584779577604264
2.74332186389546 0.538507930032046
-1.07743290051211 -0.740762329074004
0.272974108814361 -0.191510448408645
-2.26347376390591 0.444609420654593
-0.554903009524164 -0.94329551032209
0.380870874572136 0.0244086281227468
1.82446155163126 1.1553970623711
-0.120536467721093 -0.682762902381734
-2.97105643316383 0.648383156415524
-0.0285141812815777 -0.579615149659852
-0.458814339341468 -0.913766871339053
0.54542279554322 1.37499784149539
0.861267911279419 0.102055148572737
-1.62296173602987 -0.479190032151717
-0.379721050245606 -0.84488573721304
-0.463689952311595 -0.90865093604103
2.19038687574775 1.57829537220891
0.163895103601796 -0.311160269759719
0.590151407544224 0.979088762919358
0.117053672827592 -0.403371691933073
-1.12130618120349 -0.707762858640477
-1.10159638938032 -0.733212398519215
-0.376265203273083 -0.881481522356581
1.33781918433489 1.45275242163104
-1.57487453054621 -0.438462660036799
-1.08256296726406 -0.753604366615766
-0.582138486924666 -0.943739033865069
0.528784639063794 -0.153446311956369
-2.49112629659878 0.939756248847514
0.691651410144716 0.579295506847316
-0.812006115542689 -0.899506179494906
-0.900788914267927 -0.821121302449387
0.750656985160492 0.806992659811264
0.495666981498385 0.121484409123371
-0.536142050111403 -0.935271371894337
-1.3070228965545 -0.471731008230948
-0.534770051572068 -0.936176136795179
1.8921291010952 2.02433201888941
0.011807412608355 -0.461918457961858
0.684932121853749 0.798523951744811
0.475930260238929 -0.190339740910803
1.89750144744598 2.38836995632162
0.898345514513572 1.32303319875214
-0.555577668911006 -0.942369773797336
1.0711717418641 0.152624932802209
0.809973326295855 0.473424592093426
-1.01535226528021 -0.80550165703536
-0.374579453941032 -0.869066457221209
0.881948859285015 0.875580475783906
2.43249728622372 1.36236215185962
-1.07416594311364 -0.658358479573604
1.8257084203044 1.26545893975048
-0.74989930573889 -0.930528907705739
-0.629193967422182 -0.946929868087638
-0.191993968675462 -0.702557352118492
0.0382741259413689 -0.479210971776234
-0.108426428868311 -0.43930816296404
0.857592146404462 0.499317991701667
0.449931626142335 0.548513957751837
-1.65936860955218 -0.3027731993341
-0.253861283743659 -0.761213900206204
0.512648680291209 0.694258690450558
-0.155631652294752 -0.547741753934627
-0.100211584847249 -0.607049808360753
0.220658800443193 -0.208464226105186
0.561301745051105 0.472669220841737
0.581080415380459 -0.186636112575694
0.946290271595072 -0.00893536706611375
1.60543857967689 1.01342215948677
-1.98748721892921 -0.099608414519811
-0.931480179298414 -0.922017290191269
0.141226955165192 -0.0935876589337737
-0.19417679924545 -0.705409385684878
-0.15580113686474 -0.620845873693981
0.713680396841989 0.755494992166306
-0.40097770507094 -0.886782116147017
-0.169743502914973 -0.71052997564318
-0.826017644515119 -0.897914210527163
-0.962917315648834 -0.826779160735249
-0.614331035702786 -0.946656411043154
0.994105083417523 1.23448073317149
-0.072462370603434 -0.541726726864272
0.505493082304323 0.150565380909328
0.489163121298285 0.291651598831601
-1.06550620436761 -0.772896060190475
0.990387792206452 0.148251307004756
-0.671014678817441 -0.943765365228929
-0.0638297206766436 -0.530973629516608
-0.0118584848947363 -0.475193219936497
0.339445480763528 -0.0917031878734892
0.0701063630776837 -0.452274416249481
-1.21117877727969 -0.713368444586371
2.24597432361467 1.59097516999404
0.879462174468702 0.811663272161472
-0.783714458486774 -0.929813993834767
-1.92240723714349 0.0219777760021819
3.71272940435161 -0.453034874650346
-1.26345952109558 -0.562377496655083
-1.57750078849381 -0.321202013576889
0.692860705978335 0.633757461176852
0.75367036436183 0.786101275770953
0.172729024364283 0.233304968523484
0.652440953719321 0.963292224523302
0.198042665950901 0.412230727780267
0.087537659324909 -0.155825995923474
1.59191415749276 1.34249943942377
1.5237994749323 0.405688898760891
0.955095300512103 1.41432570585788
0.928828047431767 0.781286082169247
1.52310629435727 2.12116550398948
-0.912198317038198 -0.846206796151242
-1.31704716536049 -0.479476386356988
1.44161608383384 0.741829862702557
-0.618934329786198 -0.946817597230965
-2.54332635580233 0.300274737498531
1.55382320114962 0.926060035899583
-0.366123759838981 -0.875433154018703
-1.57277149444581 -0.374152416538739
-1.87966511600392 -0.144070436268271
-0.705889565079655 -0.941591529130229
1.76731157318941 2.21086001491737
-0.245341341398644 -0.741561792262869
0.753767304697505 0.841446817153013
2.98162904470086 0.572737126337175
0.69690444272241 0.687317415597008
0.341761699778306 -0.131330960658849
1.31937962584614 -0.202771935296133
-0.551092378302121 -0.94150566848996
0.898387272595602 1.06153436306379
-1.49123185117158 -0.402857554042727
2.4376768506713 0.485427059788736
1.19058532744685 1.08874258013081
2.15597252297488 2.08817387381212
-0.747750983609828 -0.923115156383213
0.318531370482712 0.0263908637378724
-2.55568529913067 0.68232987310614
-0.563093111045537 -0.938236125790427
-0.567642511730168 -0.944284948924908
-0.876269257975535 -0.849017259283761
-0.966381882522338 -0.80613848289051
-2.59389078734042 0.844977706863307
0.46368562462154 0.409313779123469
-0.0581246328610153 -0.588581110087632
-1.93981889511109 0.0646705233213357
2.29740752851496 1.25297367002375
1.4911069052641 1.04672338008249
1.18903286263386 0.819121686918755
0.670907557487673 0.113897003925628
1.60695251393681 1.77644895503592
1.23034380609335 0.250776047571433
-1.05772848720071 -0.765372664324695
0.274478859690052 0.0732872483584793
0.264129243001028 0.0753202865420484
-0.406145272508706 -0.889793663307644
-0.460138123210525 -0.908312680381007
0.655928379816724 0.462148711232849
-0.174705836658808 -0.630881828684049
-0.77874748350219 -0.91494350089566
0.244840113790181 -0.19926811336228
0.970498028028219 1.53099230108157
-3.40712025111973 1.06565274981807
0.294819723625417 -0.13727702510906
-0.594886822245261 -0.945953984535629
-0.72409422367188 -0.931810478952484
-0.229906202808874 -0.703412255825865
0.25074471095058 -0.303651861730342
2.21593441603685 0.883038741988461
1.16519714968382 0.494991763212768
0.83649300930807 0.788799219407501
-1.24707276090046 -0.702606222264328
-1.64690861216663 -0.274512442012964
1.37589468493509 1.11389022028329
0.371682469749698 0.00861459161810646
0.0727359863928165 -0.443890004694168
1.04690753497721 0.943722711582647
-0.464280100395871 -0.928297403543486
0.253448314003479 0.475643778950096
-0.878158051489811 -0.861149629976193
-0.402460621961731 -0.892260171562381
-2.49403188817891 0.459306453450088
-0.5679766429215 -0.942829440664559
-1.20715609696667 -0.609834835393238
1.12877520792818 1.65749120968205
-0.794768273931659 -0.927964128318253
0.770510739115669 1.18427908767177
1.82925112377131 2.40183162507868
0.800488590972449 -0.416132891909487
0.396487938055742 -0.298153260670438
1.27193010122072 0.479801730515824
1.71869112572463 1.41454775083898
-0.509607937710213 -0.922887464740663
-2.66820893156607 0.708506429418156
1.53995731766103 1.40905768228185
-0.906831532121345 -0.892536529433647
-0.381745836405685 -0.866487190027938
-1.84905372613544 -0.0951895606392647
-0.325121727173052 -0.822233210947993
-2.64741526153847 0.889722374708213
-0.879109183268951 -0.881739315311922
1.25836219759098 2.20370186030985
1.33104654552463 1.33177022828589
0.231191458261176 0.180929693072727
0.158583194229694 -0.0960314214439915
-0.870258834817355 -0.874170768604933
-2.08529190731197 0.258948517489644
-1.01466040071154 -0.758350309273348
1.30885699080938 1.66977505621501
0.339597382272327 0.357442463562082
2.55726841134917 1.63077761069577
2.22408470055101 1.75770823600267
-0.0193932608873216 -0.277607075204528
-0.00552702810213984 -0.269308455446465
0.0185743419991992 -0.494694869176241
-0.0840877555574233 -0.619637386938275
-0.513332398044359 -0.927153330305589
0.352545160363382 -0.256368385610215
-1.81091280284751 -0.180765966667087
-0.440325232611542 -0.911746220583839
-2.78767589391073 0.364510563612691
0.193184737121442 -0.309410953655585
-1.41682642097329 -0.508382082711148
-0.513378245778608 -0.928373491326311
1.08102455862436 0.312034796204875
-2.01984502910195 -0.396377588368411
0.528431598607156 0.588068787092863
-0.076082407935557 -0.496012708647416
0.0340386554279061 -0.697341124786922
-0.143372632740748 -0.699503003439327
0.126635594948663 -0.0263858786266449
-1.47008725859217 -0.601903251518916
0.721510981065277 0.572414591122822
-0.171973762477515 -0.66628648213612
0.293805174114318 0.147536437795367
0.649971166777953 0.0369212584850435
1.0002343873758 0.859744022947489
-0.46087635739144 -0.921764044855539
-0.107520348445669 -0.462590456761509
0.181432706476059 -0.0376439183076736
1.2738277012733 1.10238051658309
-0.200562591908487 -0.700142567235541
2.95506445810122 0.127161367856656
-1.65452470463227 -0.406671048849443
-0.288113818385285 -0.762330891704538
2.10403012807714 1.88120203921737
-0.241424223191503 -0.749366503815254
-0.237410869193794 -0.747017386239112
1.52740535670096 1.42252727929843
-0.706363901581397 -0.939611933647128
0.81788959297334 1.30124840255675
2.02843445044059 2.26934131893978
1.28866564623523 0.644765976209943
-1.20998538822896 -0.74558597729341
0.224823658399497 0.15729730500906
-0.98098034513192 -0.86304148871752
-1.11022815173735 -0.721617562258682
-0.978544007909192 -0.854184301607076
1.04028793072921 0.721249869123359
0.336836574891341 0.0586054462536922
-0.091073339895531 -0.62471490407325
1.40565286875875 1.7173597936453
-1.71676553160823 -0.231994820112263
-1.32186311624957 -0.500957967197332
-2.29395166927474 0.0630340622517545
-0.559862314973298 -0.941836340075225
-0.846889174691734 -0.880059329839041
-1.25821232494847 -0.618452989203498
0.234046174514813 -0.326364784792592
0.478460313800897 -0.382612766381335
-1.33230895859577 -0.754807762969543
-2.2502763189298 0.109607160665761
3.05925456355756 0.63358445378103
4.01268201113269 0.113481018261218
-1.58634731340277 -0.616814748016913
1.0547012008589 1.09916013780827
-0.963067040087178 -0.854357272651421
0.488896017945569 0.367594973037684
1.28193909973716 1.13195405242972
0.18215701301861 0.120633957079201
0.969567197503924 1.14830544776778
-1.57926193321936 -0.666895195797913
-0.930208365596129 -0.825129930800889
0.39848047951274 0.363456361847036
-0.0796924549025089 -0.602280322988782
3.38721887560082 -0.0099341996365841
-1.42952955917045 -0.445465464559072
-1.05325612208616 -0.723510225356578
1.05998572803759 -0.0806350029993389
-1.62478534988196 -0.183251666272803
2.11493243829858 1.56825324298467
-2.38746351294829 -0.117949544487985
-0.788886999753682 -0.907738517313813
0.366610453578977 -0.118733701601467
-1.72851225020695 -0.257917617659918
-1.13097660723667 -0.661120922656447
1.2395107939333 0.778011652884082
-0.0259169776124005 -0.51919784859416
-0.136727892563609 -0.589884401995118
-0.666008707861757 -0.945183400085165
-0.589781541617063 -0.944760160942414
0.264642184865741 0.0369960996456681
-0.283988783565488 -0.809983684301965
-1.10667734087937 -0.684517542135882
-0.681166872616811 -0.945208065420427
1.64404981569941 0.974583843775218
1.56397877149841 0.949736455700275
-0.6512340835631 -0.946554266460547
-2.03292251873507 -0.23397675629585
0.236609602356798 -0.0653700386067099
-0.319638698743189 -0.830198177621517
-0.551097897996484 -0.939579311021791
0.601584955082139 0.493345688773212
0.939523260985254 1.2108069869922
-1.90649282258872 -0.229629488167262
-0.171517833492026 -0.671081307417668
-1.06495157467734 -0.788309178054364
0.267925849504783 -0.0254893214841451
1.1143998390879 0.591333363987918
-0.116605636715293 -0.546571787377155
0.590599395043938 0.0475772865445996
-0.83889800920915 -0.882881742681084
2.86150052074066 0.490998204697592
-1.12856606438408 -0.740627075585303
0.391375462505357 0.0419053957391863
1.71212785277032 0.805611563196494
-2.46834674900586 -0.443060512677828
0.330553939821397 -0.115436766753145
0.230382822554092 -0.205712250169271
-1.17303506491797 -0.685357336090238
0.957632589121816 0.431523156707106
0.64291202575348 -0.110744474938572
-0.0422931388857508 -0.523858011941349
-0.512722392417871 -0.932131752070334
1.16065902676651 1.3952095713594
1.12680721429819 0.615701509669617
-1.12373506661419 -0.761936818469104
2.74274018429304 1.45856886615083
-0.148054417268399 -0.782378029342777
-0.920218892975099 -0.846722028345933
-0.702874233852416 -0.940337264954544
0.934832597008231 -0.15364119922402
-0.214575576167444 -0.696557161247397
0.422273989728942 0.637690685101546
1.70029046116058 0.791906334012892
-1.67484715609766 0.0998499737085672
-0.543203157596508 -0.935563119178612
1.2078464494831 1.09229171203279
1.57611451256667 0.72670482803817
-1.01866491576097 -0.667720639459064
1.15265264221486 1.43556772740497
-0.351426568985454 -0.855971397227474
1.72239986499463 1.59066737284299
-0.683001750611242 -0.942835696283178
0.300105389513939 0.392728734038577
1.57720056262529 1.19569350958386
-1.86332115763181 -0.0701321432701491
0.289780330243859 -0.104766492199053
-1.54769533367885 -0.319774096143078
2.11408009902158 1.75922364385983
1.36178424761951 1.58392680180418
-1.41780147627615 -0.586666096925797
1.16047622488174 1.37329385839471
1.69809288645677 1.17032616875195
1.5010504803737 1.71280757543481
-1.65012573785408 -0.390176663639708
1.97577865817207 2.05795425657225
-0.544527155550902 -0.939400768761895
0.427297853310026 0.311732010293214
-1.04620285674549 -0.757242065955854
-1.69090691237589 -0.0983619639609058
-1.79748209047625 -0.440088800190685
0.318495841801588 0.0223814326454769
-0.223336328087138 -0.634696159394189
-0.385099630276277 -0.907777901570652
-0.463308870639599 -0.920610284605178
0.942268324100427 1.12637597639754
-0.190189110711025 -0.721178470844235
1.0024899178984 1.15647772362164
2.50032656332844 1.22527082840942
-0.636196280491392 -0.946851965600539
-0.909948065376263 -0.843304027996143
-0.242030614104849 -0.760548861857605
-0.55303410412058 -0.938625453295401
-2.63504311069723 1.01546217022029
-0.726386847323706 -0.933894599744315
0.662793898882976 0.456665975380168
0.267545284836779 -0.336614765836937
-0.0530413794764233 -0.575829550700801
0.32389135656061 -0.178708716015396
-1.32264105202299 -0.564631853843307
0.0234348367952969 -0.421981949355611
0.391129072779414 0.229850266766059
-2.09181013542237 0.15345256217521
0.577110715476972 -0.312712012164804
-0.470098411265251 -0.906387183898805
1.43291696135902 1.37074192022008
-3.07475697566613 0.885066900617577
-0.0793426913481609 -0.670359864714168
1.28111562728982 1.25719017621792
0.584945499184465 0.804358828754475
-0.643254868076504 -0.946617002459748
-0.129617647314991 -0.712466535376924
-2.14504851669263 0.277504926573776
-0.0372524017946835 -0.512468794885937
0.096488971818204 -0.110822705502773
1.21088408515377 1.09468199950271
-0.810502518478157 -0.898541918422853
-3.09153384598245 0.81863364623649
0.556810624222629 -0.0150203651466499
1.65495258107217 1.89767494840389
-1.06595599196939 -0.70293224642734
-0.642756288552853 -0.946582063295837
-0.206799460374856 -0.750586016838957
0.730421056814723 0.799173182219149
-0.787255364383709 -0.918939586595473
1.171770468326 0.806439616865219
2.12506921238022 0.980019604513237
