-0.195334802486992 -1.16811300333877
-1.29323181731984 -0.686621234833206
1.56562032141807 -1.52624287013959
0.628745491707252 -2.19812318007964
-0.0224257980076311 -1.80075070603303
-0.713034847853458 -0.960682024841144
-1.35335359802549 -1.23104901882903
-2.02085530230171 -1.52736890367056
-0.0846734003304081 -1.13711446246795
-1.21088449383382 -0.451685223092135
0.150373712655229 -1.56346932416019
2.13978760356408 -0.909280317008337
-0.251356256678668 -1.22349302062614
1.14888724494515 -2.06138308372614
-0.880473146652608 -0.843361732213665
-0.590128884963332 -0.761840045690185
-1.44784378883913 -0.544979775776857
-0.276044437269055 -0.692376420553128
1.08300492424812 -2.06564224107873
0.0723093638073451 -1.49158663181581
-2.1097661102076 -0.324599247021447
-0.823038882515013 -1.40608332789353
0.438159054852511 -1.98931992373558
-0.903266294357137 -0.568142491044367
-0.894859344515697 -0.464372156613953
-1.22634079287898 -1.34168446464376
0.416057253633731 -2.07470869056993
0.142034554973374 -1.704838310079
-0.168905396320572 -1.06617811244274
-1.47564094358465 -1.3213782948653
0.0881474896820672 -1.90577487110748
0.0669782561495798 -1.76730216244863
1.51527213453971 -1.50672334108424
-1.55977687575136 -0.784801899055223
0.7738818565193 -2.22280261044709
0.718741823117507 -2.22038649757346
-0.99774689213217 -0.221471601027399
-0.48905764140002 -1.40876905025689
-0.513364326530308 -1.13069905709575
3.26507396944246 -1.07436463178531
0.546360622445229 -2.15798353171157
-1.42602472606054 -1.17572243284207
0.886543294860963 -2.20979240488526
-1.49845447853013 -1.46228057882927
0.0917872790002251 -1.64759544921511
-1.00010645888866 -1.10405297374702
0.160740655282528 -1.78584424040133
1.38491228059116 -1.61091066777525
1.2161705388614 -2.03546464952862
-1.12865925228272 -0.541553400137367
-1.3082043631487 -0.858600357136473
0.434062852010479 -2.07625649670739
-0.903763161220219 -1.15872900059581
1.93596075068841 -1.34563043226855
0.261346255818104 -1.90814466293867
-1.99485416369034 -0.294364044828391
0.446848949306109 -2.12861953987907
-1.09636194630132 -1.0983473695528
0.0822187997192512 -1.636148865191
0.15530210927506 -1.86323515719772
2.27021925905892 -0.921894673435446
-1.76968521893336 -0.486285894533536
1.11061820678833 -2.04955149846664
-1.51225060517341 -0.856951740466383
0.302177756093179 -1.98218926089819
-1.59251331751548 -0.35528654055005
-0.413411013071651 -1.01990505754451
-0.139292283362259 -1.24124865988661
-0.380451563993013 -1.40936219941552
1.78230343973732 -0.909299494454911
-1.86081678202756 -0.554146862149881
-2.30939481723933 -0.746746673186116
-0.392489274656904 -0.896701511544502
2.72002630050871 0.282739174896755
-1.21546508147062 -0.928642365895277
0.837614895115705 -2.21554351814783
1.57321749420896 -1.53909782980543
-0.0658623902677421 -1.45570589041301
0.384787844703467 -2.07349904128032
-0.559923907149857 -0.271883311912795
-0.557594460582962 -0.843510391704047
1.34838317107477 -1.73938009228433
-0.307939880179553 -0.860165066393269
1.07336389782301 -2.07730082875647
-1.29770058673959 -1.03988095867852
0.884992989157956 -2.20520368269265
0.484595162623277 -2.10543513665845
-1.19308391935275 -0.530305656299769
1.69600877030773 -1.09784682565921
2.88539930500028 0.503376163582612
1.88914558646396 -0.60557465189805
-0.36976484365898 -0.577361666350959
0.0272961572108572 -1.75345178051137
-0.549352268802845 -1.05190209116121
1.46718535860072 -1.53169025333205
0.416119216658256 -2.10879333990409
-0.889534453019892 -1.18043782172362
-0.60773730468782 -0.930254461773894
-0.165103526402027 -1.29789070701715
0.53044361159952 -2.15503132658354
-0.0130595410784159 -1.45505219315112
-0.617902673918193 -0.346167192267334
0.966503590084293 -2.17249569329346
-1.90159665279129 -0.917630010724167
-2.40528488205626 -0.180878679435075
-0.20552001586569 -1.02010150377603
-0.48303749375995 -0.565004185603261
0.722087787660979 -2.22088748577946
0.59059237242661 -2.18787426877719
0.241040633326252 -1.76067688611109
-1.73431382096231 -1.12017874061656
-0.901781839016755 -1.47909691311699
3.55335003847058 -0.760054460105121
0.638132478612283 -2.20032733639101
-1.01858353659204 -0.727456046635563
-0.429807643646137 -0.792778519670713
1.72939683742316 -1.34046451634566
-1.77604352316224 -0.370428394241069
0.663456106454481 -2.21113735288024
0.338408188194022 -1.97254370862219
-0.215819254223298 -1.11556899419423
-1.95888277775127 -0.274148938123954
-0.676238139565745 -0.361973274205336
1.26434110268641 -1.97622864276928
-0.477039930707421 -1.10970206748699
-1.15600540617784 -0.546742568001368
0.0637206951164879 -1.45563276666263
0.0137597268456913 -1.56989376265096
0.253393948689681 -1.8574966003914
1.62287133761283 -1.2588953195046
1.07773627770716 -2.06363719190882
0.836644199091146 -2.21602903589534
-0.588918396168426 -0.281790510134975
0.985550531641802 -2.15901591395269
-0.373655779556551 -0.982636001977845
-0.483289205235717 -0.704375200588574
1.78019877806076 -1.0731345774363
0.582174247045787 -2.18617197591251
2.5606570053752 -0.0991197313094954
-1.78138982402899 -0.227108390226494
1.82509162700642 -1.2585227433846
1.72247693675662 -1.92915540244705
1.8887638170384 -0.966727056441367
-0.354667165146536 -1.00259908176526
0.249431431498023 -1.77178074000522
-0.820858703103004 -0.170397171902003
1.65945190863675 -1.53261067829842
-0.889157497410504 -0.397079025740503
0.0158575234826514 -1.68075439414735
1.19762926409587 -1.96582409314651
1.93497260504034 -1.22853566751592
2.33649920097012 -0.272401281836485
0.594178829913858 -2.17381631369164
-1.23556202036252 -0.355837713487883
-1.10537440985396 -1.14796454406004
-2.64720891422638 -1.01306246078403
0.636845074823285 -2.20055854655353
2.06189143843322 -1.00671742903384
0.599882916175448 -2.17133514471871
4.10835279852294 -0.00779876087826858
1.54506137139697 -1.36878122480193
0.765107547134241 -2.22291509401525
-1.34906444554228 -0.513184082415178
0.580141256189813 -2.17978021507642
0.402840149922092 -2.11597509841391
-0.654330264713142 -0.118809034565723
0.717069487041861 -2.21914030474339
1.21361018106291 -1.8950491398046
-1.02261172331703 -0.945991305211862
-0.533873228373014 -0.883696657235995
-0.0364877678034456 -1.42720218947189
0.101091312406309 -1.43166853375212
0.536727429217368 -2.17121378539189
2.03477543073519 -0.49469372422462
-1.05849451197004 -0.395760172266455
-0.988044743726538 -0.406011036854104
-1.43788448488082 -0.968576047482363
0.768721290940323 -2.22289939126174
0.619006455438173 -2.20731415957478
0.31278377728187 -2.04830664476239
1.10362839665033 -2.10403546305687
0.632645611228894 -2.19299011478268
-3.1023945020029 -0.369484075033093
-1.43988755863415 -1.47900535401857
1.60474249599634 -1.48369095950381
0.526130617915645 -2.13101876854959
-0.955931165385356 -0.91231036232823
-1.15362751924488 -0.962922232577982
0.142641312633698 -1.71702244631137
0.708000741445916 -2.21899126625865
-0.293646060771552 -0.801448556391603
-1.08424405937568 -0.70242132330513
0.941043135115358 -2.15743778809769
-0.0134306701513294 -1.21030890604103
0.517872949884541 -2.13421132742984
0.119285632729446 -1.63471057711082
1.49566546577325 -1.8744176821551
-1.31166728098436 -1.02631006473943
-0.812139652659045 -1.00461660827763
0.980223901823786 -2.14272380418447
-2.75169231212398 -0.523798423056988
0.275279560198494 -1.79463949892925
-0.465165181038124 -0.878170224349214
-0.798377577906222 -1.30323014511308
3.08853505629824 -0.433983541714936
-1.28529001991145 -0.13476680643776
-0.468566611409532 -0.974608797324404
2.01774320761902 -1.14733665069527
-0.899339544257372 -0.611703968899471
-1.75555009585441 -0.684492771425699
1.55012411303494 -1.33598993236857
-0.401489270137061 -0.836262184354119
-0.176299865026001 -1.8235515706357
1.24943291369719 -1.98845990030579
1.13365871696757 -1.96794051196209
-0.41633490067392 -0.830836442544604
-1.43112528898679 -0.537521269384161
-2.05220731221239 -0.463556475579913
-1.2971757692617 -0.872387906403919
-0.686578353406415 -0.449942974665498
-0.650144806165282 -1.29667605205782
-1.22240441271664 -0.775624808697164
-0.366524102216251 -1.48664784579759
2.10773884499085 -0.594604972781946
-1.39404686719126 -0.736075748722239
-1.53679696199217 -1.00390735547445
0.411524461217872 -2.06117355297954
1.89395789914168 -0.688057643229112
-0.00286551872864191 -1.21859357316152
-0.0122843793759159 -1.4595798912253
0.868402097048607 -2.20900087199879
-1.61511079901001 -0.969132310455088
-0.0353238202684022 -1.19922254901119
1.56106503470218 -1.36206935565588
-0.259949851154443 -1.1639016922608
0.269503646951536 -1.92737266192544
-0.177151548339258 -1.21036399626205
1.43320667970958 -1.74867669962643
1.79630199710919 -1.07486280116443
0.291308105057715 -2.08282924038035
-0.435275986820986 -1.29883572732261
0.262017513369486 -1.80340101184916
-0.866295922082961 -0.789392445058615
-0.937299179915921 -1.15331910082672
-0.379495659723278 -0.683608879949704
0.207160707365498 -1.62426303179957
0.986033620236879 -2.1463644351208
-0.0914969263639624 -1.19261664123697
-0.66551353562507 -0.814541339559023
0.290501696726016 -1.81990444218374
2.01626613405733 -1.33255811009425
-0.901401923967585 -1.22734042830007
0.610117514942183 -2.19549395930386
-1.80494444505247 0.273170085627367
0.133291456253794 -1.90779318668046
-1.81663485165766 -0.64390391849185
-1.422869687032 -0.673720454499188
1.46020433665974 -1.83393755139943
0.107289912821785 -1.6361151032798
0.0298449845873284 -1.77364241599405
-0.329643236911515 -0.73396978884499
0.105522037276241 -1.88317749428646
-2.6117946793764 0.161803483169407
-0.0850959432901574 -1.26469026373721
-1.94048148414113 -0.751341016880336
0.79474106053795 -2.22157106602378
-2.18425739511388 -0.379332952290767
0.703172055015072 -2.21554034194463
1.2857515359101 -1.92585705452643
0.249774969711327 -1.8187639250539
2.12310615704965 -1.4062446558
0.965010958069579 -2.18218681968499
-1.17620479710248 -0.567524325305531
1.73046963203731 -0.971268431042848
-2.87437220877073 -0.436819883580146
-2.09893536437107 -1.10072933144997
2.65238535525595 -0.244387554452788
-0.105068164930412 -1.18255200622811
0.58674672878608 -2.18015696416462
1.2495672856847 -1.91019805578074
-1.52330185397982 -1.1304233040517
-2.32773430416317 -0.512471042180232
0.40836472660195 -2.00978692686509
0.583310735931647 -2.16689518262752
-0.270213451766034 -1.34864276760251
-3.5402052866034 -0.904999936289384
-0.169209409153876 -1.37877990292483
-0.438494905173738 -1.16290718740216
-2.10689932288884 -0.712395874850119
-0.246787749556146 -1.05905058366627
-0.479206565381688 -1.08427437371995
0.642823742775744 -2.20708230292013
-1.81987792418506 -1.09574028691837
0.657336557496493 -2.20696888321228
1.38186362679167 -2.03075411255655
1.24620504824046 -1.99934029000232
0.949197653374928 -2.17602370259141
2.33141892511164 -0.746655366823197
-0.927465947486317 -0.711932092329808
-0.931318973402311 -1.07774123841294
-0.574458770105778 -0.0249894815765513
0.530375540815691 -2.14477303702021
-1.71535675139562 -0.877891010909053
3.5236814532574 0.274204168087249
-1.76049130773138 -0.88050409359702
-0.303742194147633 -0.852884151933546
0.840548759769066 -2.21548132001305
-1.57221317973507 -1.43954467016061
-0.848801965461038 -1.15930304908657
-0.667492492615277 -0.873521202922674
1.45687321810255 -1.56865745717826
0.192473312855005 -1.56515852461331
-0.241711387412709 -0.603713648773406
-0.0998714493423534 -1.31388437013561
0.652864187376389 -2.19905809156296
-2.45040725264585 -0.567617399606953
0.849665794708828 -2.21339428808204
1.02721818958601 -2.15277574437624
0.810723523767072 -2.21917318829344
-0.734484004968031 -0.864439079629267
-2.84883974747599 -0.656050722985654
-0.958764881601629 -0.653475093774219
-2.42624953571554 -0.88067519838074
-0.247430961973461 -1.05398196803777
0.273889473796301 -1.87236179805334
-1.04884020620882 -0.381569153315451
0.442266336303224 -2.05995051764759
0.0401429894520125 -1.74706478810334
-2.66567392135652 0.0723163994841895
0.309829416044558 -1.83687626651905
-1.2671665920722 -0.810372166408612
-1.90012439581724 -0.582201893564349
-1.35942152010332 -1.58640801770806
-0.282447760001718 -0.961538128785621
-1.33064320424884 -0.699504178070278
-1.39002532905391 -0.675535631622892
0.168013740343668 -1.87031057472212
2.48093117765325 -0.642819709848581
1.63503413348918 -1.37426560718385
1.36411486850425 -1.65066214490778
0.26100265315678 -2.06713318342846
0.1609954142481 -1.71613619896348
0.201486832150758 -1.70553040229474
0.318748534419192 -1.96248044422875
0.10197961861953 -1.66572345564676
-0.304790962755409 -1.2992174245882
0.324751540645016 -1.86700685040327
0.182275756337926 -1.89061810715396
-1.64830206635622 -0.435132208122967
2.41032193484452 -0.0245173279668915
2.7851128464682 0.324613702730102
0.978278679357797 -2.15589079407429
1.14891864398587 -1.99882996164535
-0.204179810207914 -1.14115948738625
-0.681925409341203 -1.53320714333109
-1.78329899854568 -0.607058742487861
1.50746853865027 -1.58466114398027
-1.47277482868555 -0.988328161681633
0.791241604852938 -2.22142859880529
-1.59015565886447 -0.791823507436611
-1.66209794411826 -1.31325541014695
1.873045368091 -1.23960108173703
-0.141954481646216 -1.19059495551347
-1.81186299060998 -0.682305851916283
-0.476798846992551 -0.591661678811594
0.141953170194078 -1.72090613781761
0.30603318232464 -2.09318642144945
0.444795262154805 -2.10309276066601
0.687925760882875 -2.21533492946613
1.66130473744842 -1.56853059830184
0.150945537281977 -1.52085771452596
0.126849149660243 -1.67938251754493
-1.25492166651349 -1.06275068841876
-0.238216032848698 -1.08330296450985
0.271349459849284 -1.88217299030823
-3.36594477427264 -0.0357563378165752
0.288511322031845 -2.00529818469585
-0.804842146018493 -1.00577000802584
0.981527396878838 -2.17397905557427
-0.846067439666017 -0.277258765790794
-1.78806835365134 -0.614201915371138
-2.43509833324937 -1.21403980889668
0.330307002903097 -1.90485721357471
1.92056088333303 -0.977616915029873
-1.7431291990858 -1.05593745022396
0.296988400488351 -1.93009335752984
0.437603215386323 -2.0674999806905
1.7123120556103 -1.12074940805102
0.207623357545057 -1.82443186084784
-0.813482428611135 -0.815352528762923
1.07099028934828 -2.14909298973904
0.823235378236558 -2.21920093287678
-0.867062398266256 -0.898766954081155
-0.481309309284421 -0.078104979330513
-0.617438660042244 -0.874978475020053
-1.0656873360014 -0.907497316226178
0.124263765096042 -1.67081306347171
3.14923424368934 -0.0631299983124388
-0.832946293248501 -1.03544744231187
-1.21060694135561 -0.791608006973385
1.04138030461829 -2.15332772008989
-0.437038329768679 -0.643790274721383
-0.853970068248128 -0.346588200510868
-0.890003573650653 -0.152929619648153
-0.0509293104245395 -1.49325831256165
0.990742396459398 -2.14150087004005
-0.768005354771261 -0.469944529737283
0.171567993854484 -1.71332692534892
-1.25027238695313 -0.601492923561731
0.463875607209355 -2.08322366466499
-1.93232942545327 -1.096226461313
-0.132466731160343 -1.28467925076259
-0.205927078001741 -1.15553221139753
0.566500426682766 -2.19127576986121
-0.899032712507606 -1.00747053964684
0.603118273837549 -2.17842826121687
-0.534545640466083 -0.87727744314681
-0.188811229713963 -1.13724723974618
1.6289825082067 -1.31071503122559
-1.24311631798105 -0.689630383159825
0.215891740205387 -1.96983737538158
-1.0387302579638 -1.1601115219965
-1.25657353348361 -1.02491950547887
1.5616852726375 -1.68443556604371
-0.414687821028221 -0.953872974074183
-0.775838288190884 -0.84730923578007
1.45264413494101 -1.78544174313837
1.80113750030493 -1.47652626058119
-1.56453526791254 -1.0941466957356
1.25952807068927 -1.90725740498548
0.735900780834157 -2.22195120753427
1.08494087840018 -2.12284100507924
-0.917584538083565 -0.627804591963447
0.0995585915310022 -1.59685840221189
-1.87955092107393 -0.985616681256526
0.100535821849778 -1.68313973432662
-1.69453705781031 -1.17232622631176
1.32437434962802 -1.79383520841261
-0.648079963789774 -0.75736937281382
-0.056627724652956 -1.7728743184792
-0.874221146894375 -0.802530612767338
1.31181732306672 -1.89936526569756
0.195816493153184 -1.85287225155666
0.15878880630707 -1.78942684689677
-0.977744191106517 -1.15213104013678
2.11462976067988 -0.645040296736161
-0.254902434279783 -1.04369589048656
-1.19379913001753 -0.431975136735931
0.751255765449899 -2.22270784744684
0.988403762406065 -2.17814983356209
-2.3606414075948 -0.417027776007164
-0.536711804700118 -0.848656262690714
0.308969412160723 -1.93551246689364
-0.98972987466843 -0.519606418121775
-0.37288122767277 -1.49272057322231
-0.196446882727112 -1.02898507972605
0.815610056686696 -2.21908544459336
-0.196269785109136 -1.0735372892757
0.161950593667693 -1.74011462357649
-0.106159860294787 -1.53413504418868
0.582767899104897 -2.16912959441904
0.927798405203704 -2.1970171228397
-0.403312292281779 -0.534745400288276
-0.649435633626708 -0.401014078974673
0.716412422054402 -2.21988205305437
-0.681391157207812 -0.404890335902103
-1.13495052857824 -0.947590833824977
-1.55768059200638 -1.34038017749739
-0.340901140828799 -0.648483710639274
-0.57081489731877 -1.13384671265074
1.26885170886144 -1.71921254426818
1.12562935636721 -2.00493685802559
-1.19937572680509 -0.461901688822472
2.04700547880247 -0.354639575936278
0.135832342195873 -1.83949512591442
1.02485622679547 -2.13827063837984
-0.156826835084953 -0.963061238323017
-0.946082277537194 -1.28081178934067
1.14792662889591 -2.08184282180585
0.429387328265245 -2.04433382972431
0.479917290678751 -2.11180054945255
0.93953568539629 -2.18970045367818
-0.606556880043625 -0.320286686157442
0.756186272637475 -2.22274246343336
-0.673447936444656 -0.358752023413023
1.05541853035176 -2.11014148525971
0.659337780924853 -2.21016244695685
-0.0272070901316755 -1.40281005498267
1.99324500129702 -1.19393378684767
0.624304782499582 -2.20042689753864
0.330586088069066 -1.90233605666878
-4.09748359304383 -1.40319569807143
1.903005987463 -0.528397016252062
-0.243644283998803 -1.21914237592063
1.4080152126694 -1.50185925014949
1.06698723283814 -2.08703650515129
0.747538871001918 -2.22242911845531
-1.47762396850204 -1.04508914112451
1.08883751492243 -2.08748943246685
-1.51219809071218 -1.57092193604326
-0.558589229961627 -0.873298875068682
-1.43175652774902 -1.07531535998213
-2.75128376628252 -0.207549703855631
0.317555925341508 -1.98436844058252
-0.743098066937136 -0.721273856009236
-0.534593707233338 -0.923768469493123
-1.58425118801193 -0.513998700867904
0.450309772938358 -2.05741363949566
0.443601847430214 -2.05600210347996
1.55496213869841 -1.25985397307914
0.745294937162329 -2.22216100627835
-1.26849458510422 -1.00148120075291
-2.19825549910917 -0.755759990625094
1.02693374159097 -2.15907752087279
-0.00944901928716506 -1.48067344609664
-0.121090999494207 -1.36531834909887
-0.11856130305373 -1.4075012663206
0.951047441697452 -2.2068708265583
1.05725104877613 -2.1181605792747
-1.38130134786443 -0.849701517312367
0.398691431238545 -2.03697170709292
0.0697010365235143 -1.77349364920275
1.41044326388928 -1.82201674958621
-0.896692549931525 -0.866149131749388
0.160298728996348 -1.87532932307735
-1.67370751100344 -1.01127696442293
-0.6290476333146 -0.713112832235075
-0.128541242656339 -1.1618794302635
-2.08727827477665 -1.31342103866959
0.867354801225059 -2.21414737503553
0.568513884951992 -2.16315804726988
-1.38756786456756 -0.760173771768953
-0.107586346852546 -1.32432638410745
-2.00933946320028 -0.66317454895134
-0.698713795101844 -0.895922992615703
-0.372888315302513 -1.11266816100501
0.154156073113058 -1.62447801972621
0.739570975950996 -2.22179005791862
2.89420072807534 -0.812008132066241
0.371835407949703 -1.95124758456741
-0.298098844798673 -0.687176800949755
-0.462232572979515 -1.11638922445874
-0.394800398397652 -1.23854223070077
-1.53690421318669 -0.861394658044647
0.375789876073488 -1.9478887477263
0.0712402791067368 -1.76351152608333
-1.86018236261437 -0.896458334329603
-0.311091117548136 -1.14701594109826
-0.991009320738544 -0.305751909529639
3.19862550408016 -0.800592732310435
-1.1890415204961 -0.763693251599336
-1.71149769943882 -0.594872754665554
-0.963790998888106 -1.23662104584412
1.45367357871172 -1.77714149536187
1.69761612418731 -1.30709201058914
-1.09043138500802 -0.88821760963997
1.29117845980489 -1.90458290918866
1.20069233205903 -1.9475199578999
-1.03405342841212 -1.16351284519793
1.05582658208586 -2.11477575893856
-0.765386812296982 -0.195996824661623
-2.38054905106796 -0.165715233218911
1.57651745895853 -1.52517311309291
1.42945012274583 -1.55440828342917
0.0897167810429839 -1.83117422707361
0.768441544282294 -2.22289702320773
-0.875462481300359 -1.24948984564405
-0.114443835041929 -1.23778653055186
-0.770361245046125 -0.623581828813882
-2.39515469923503 -0.961108166319514
0.530878374461268 -2.12501142293731
-2.59885823357376 0.660961202432261
-1.01323616736113 -0.913565086964508
1.59520607290114 -1.49091359599089
-1.71641049263911 -1.00957596490985
0.0911681375141309 -1.782649099092
0.662503119535844 -2.20656486496785
1.64879852226209 -0.863254774684009
-1.75540425227183 -1.49660577216906
1.06821716330921 -2.06312323211629
-2.33327808972839 -0.497538252202211
0.363936902092349 -1.98006235906841
0.702651876139364 -2.21764378570905
0.205955955380529 -1.75512693617129
-2.51833329976649 -0.881536992939877
-1.6238323727171 -0.408333836524537
-0.782856456929579 -0.778170674430682
-0.140933421361283 -1.41112980876806
0.0151688952244604 -1.36848068778054
-0.180918680635759 -1.38802748613514
0.952271713610102 -2.17187445479217
1.54714508758881 -1.42821145484701
-0.53596296723442 -1.21414513951082
-1.14923417693896 -0.993831961209301
-0.180249073391395 -0.971613874130706
0.985409251937146 -2.17955875182254
-0.967287818444099 -1.31790268510469
1.47373705409309 -1.9013699172327
-2.76694884181489 -0.861952157821429
-0.856481201889251 -0.562270319033673
-2.06570748201775 -0.707072966885961
0.77145719279038 -2.22287007944642
-1.3058891074652 -0.204736663050824
0.389453970567394 -2.05663268879165
-1.96255292421379 -1.2819076164374
1.27595594071464 -1.78317196043636
-1.82775402619917 -0.289153965729505
0.622244990574374 -2.20208287334682
-1.24277145828695 -0.683666468444819
-3.04196646575959 -0.491602288338631
-0.585139972119253 -1.09639631564605
0.681350302592962 -2.21103855834628
-0.753777573662197 -1.06107862529178
0.0029659547911795 -1.52590995724039
-0.29486177484062 -0.870992364266036
0.851860531703096 -2.21700944352825
-0.729185337807935 -0.890354172047329
-1.18319539002917 -0.500079419358701
-0.955909382826351 -0.761919095163857
2.17271899290244 -0.664401939809008
-0.276912748712922 -1.04889405772801
2.35241870553211 -0.225864391645397
0.58188899082288 -2.17446899599189
0.166864163591299 -1.76933112414169
0.0826672702883018 -1.66134003474299
0.0306141277089194 -1.65480086629911
1.16882168815656 -2.04342623134695
-0.649494851866724 -0.916866096260273
-1.00221860374521 -0.96198655544663
0.371916530840441 -2.04940169847996
0.180866183389512 -1.77421921235141
0.562829706019366 -2.14981040363585
-1.00010438197598 -0.644351685835401
-1.57968864272749 -0.624387736680979
1.4325486178784 -1.70847239889755
-1.31830350572317 -0.972798924851933
-0.308000419922111 -1.16348139278166
1.55177237849649 -1.54723106016652
1.08298348270181 -2.09086445089042
0.494554773380658 -2.10931041921504
0.651994262528237 -2.20947576035561
0.43140665028901 -2.08848539406804
0.569887007630725 -2.18143389801725
1.7375535398984 -1.13564603138629
-1.46457101397192 -1.02407581614685
0.107500672608683 -1.73937988893347
0.0134640534362009 -1.50318777990828
-0.321472369044096 -0.946256752737177
-0.462821164412019 -1.12740423303337
0.196245988243885 -1.83927631299279
-1.38949510956579 -0.637227363399509
-1.32428169451822 -0.57149481578156
0.27937608492144 -1.93878487863683
-0.573690445905939 -0.330504763010223
-0.61170455465489 -0.465968392317101
0.826875051247953 -2.2199787790312
-0.754541931245607 -0.837528583452751
-0.718387235729024 -0.518170662069255
-0.789084940887154 -0.794642666204484
0.9198806228153 -2.19013714511607
2.786518392498 -0.28672056229291
-0.6145884197717 -0.485324124577087
-0.929713633977436 -1.25891642744819
-0.663242606905426 -0.543269900593297
-0.411535717268429 -0.638831888607115
1.36921424166651 -1.83875269219234
0.639673358307791 -2.20556732468236
-1.88909685276816 -0.883934036799488
-1.3218298059495 -0.866012804503931
-0.342283984413015 -0.987805722252879
-0.813094469468708 -0.823604086630176
0.982582621245109 -2.11830754524527
1.2310487890745 -2.0571025758775
-2.4079218039252 -0.633304921892723
-1.95895474274593 -0.166264813600179
1.04047600870277 -2.16335135337711
0.122035425511518 -1.66376414178825
1.76554780085064 -0.728413707868243
-1.31639412808441 -1.42274086577906
0.749191109157553 -2.2226392735856
-1.25368354000118 -0.749546540333796
0.811920316303142 -2.21988997564166
0.343799616667449 -1.93623576392346
-0.283674868054034 -0.980632473717231
0.254988759995452 -1.86219963157328
0.76834206990843 -2.22290075910531
1.65524177962385 -1.41591182038096
-0.00641030304573491 -1.55596140871465
-0.976975163548289 -1.44943825697435
-1.88629132072374 -0.908405238336189
0.0322765886906121 -1.62046370560661
0.886673215581216 -2.2017843638483
-0.448979028587551 -1.20796646103827
0.213089671206771 -1.88344570241546
-0.276021263590177 -0.974327543901081
-3.80261086254179 -0.4116502954971
-2.49594459943855 -0.837096662211316
-0.441128966238876 -0.709589283721694
-0.0665320592466503 -1.50170357237096
0.93802213537987 -2.17113617272205
0.0438742625638258 -1.28736123901501
-1.64167568053375 -0.444882920588701
1.84556613002885 -0.805616318066653
-0.112780544564659 -1.37034502668991
-0.0271374938684047 -1.50658578633766
-2.02949323266152 -1.59376177590066
0.514438808372535 -2.1393038769795
-1.32905907117017 -0.847106788904022
-1.55916309439532 -1.02067448174061
0.509084817798983 -2.12356288500643
-0.0552206381845939 -1.46259839250262
-0.161014298131609 -1.2734163035089
0.587878110969467 -2.16409280259762
-2.44214200335782 -0.222523795341143
1.03374856835775 -2.09270219593828
-0.864178635984074 -1.35787439215147
0.451691658038941 -2.06731046902541
0.442607165790304 -2.07371195538906
2.21646386212844 -0.518163811452731
-1.35004547558993 -0.589971930183323
0.463938443844794 -2.0869009182943
0.727891761139612 -2.22024993267238
-0.371737830070279 -1.09588972137106
0.329134745264692 -1.90277748984667
-0.363522777689697 -1.11301234368258
0.847573398530183 -2.21427850810885
-3.15240878198607 0.0405972851669663
0.0660286708515655 -1.60625985395369
-0.64543868129018 -0.822420838623008
3.13650439615058 -0.0671961812081405
0.555759389707877 -2.17355231851883
0.854823445955641 -2.21385932590175
0.343147559110741 -1.96893791063002
0.11301088475112 -1.71599613801812
0.219676408863447 -1.84349708784185
-1.47399276725316 -0.804207414036417
-1.90958368953358 -0.609388626548686
0.480372712543462 -2.14813461430752
-1.16784329952589 -0.546133474735885
-1.00613440834886 -0.735803767817644
0.290164233457052 -1.9691148858095
0.654540391740692 -2.20149204099185
0.468508559615939 -2.0902974387569
-0.477335351472644 -0.635058592371864
1.99783142252999 -1.14731858986625
0.959996044269606 -2.1552011035229
-0.739984940158147 -0.538007278896422
0.287915445044389 -2.00306556094638
-0.274342570381484 -1.0318571905025
0.223789639060481 -1.68738124749432
-2.83581113792898 -0.945285961490517
1.36764703476208 -1.93645780294211
0.417951825199741 -2.02552779299734
-1.31161576639634 -0.52516200823619
-0.934721737480946 -0.235851926061366
2.88068024730261 -0.546059395262645
-0.460001546830713 -0.880978222190101
0.18044240771569 -1.87758052584892
-1.71150753397879 -0.933178587564732
-2.19832902749451 -0.679222674684547
-0.386534124555173 -1.20601763353518
-1.42520757165868 -1.3536923871736
-1.42109643304855 -1.26257059599107
0.637940516512836 -2.20367020519311
0.266642831571346 -1.89755007362646
-0.946754279818445 -0.486508063605327
0.913735419328981 -2.19236942247586
-1.45124403135138 -0.199502654184674
1.53824045730088 -1.54172166970806
-1.58149116822768 -1.31411781352187
1.06682753443461 -2.07721162291386
-3.71525880955877 0.0652198267100712
0.790688069896189 -2.22216699619023
-0.105959668698187 -1.76121124615875
-1.26547067368058 -1.26361015307219
-0.76269721833109 -1.32699668271402
-0.371534187874301 -0.944068742680029
1.07742337821159 -2.06022681585269
0.0507802429427461 -1.56771372668966
-0.624533916773487 -0.726296183209618
0.379159997503014 -1.93022556391971
0.146225449058958 -1.79448791526787
1.35223505558057 -1.85191323696987
0.171172535608619 -1.98365349234351
-0.523402442023522 -0.173063874021324
3.01107278531197 -0.372420283521248
-0.477237753514005 -0.320335686390661
-3.2103311932849 -0.53956936569387
-2.34946017147094 -0.822930375457397
0.540863146788261 -2.11836969796414
-1.84521583764003 -0.925590301553836
-1.84253125740323 -0.585939392639069
-0.936067175045955 -0.617053032335409
-1.01510047746038 -0.951861366586049
1.32214174729763 -1.7519712338683
-0.82900933002269 -1.10472519833987
0.338454784390753 -1.91657731796542
0.0345855097780026 -1.62375323814511
-1.43215523618352 -1.30704523938639
0.414838249070292 -2.18176708272016
-0.298492290256837 -1.20664711752234
1.69264872382465 -1.62016875338117
0.659799160289802 -2.21072453475464
1.56115515038056 -1.4427775472085
0.182539493224669 -1.87217171932127
-0.178290486229383 -1.07195259378058
-0.0765182637839866 -1.5245178163964
0.737013347505752 -2.22194637600086
0.720610880099918 -2.21996315348947
0.084284254338054 -1.69485933029643
-2.17737363978213 -0.892546622864505
2.46148822797356 -0.61375072102736
-1.00054247966255 -0.456865495072138
0.376501424316775 -1.98840480758746
0.257889454509236 -1.92392688466609
1.50124465798383 -1.65900722633204
0.686375272618339 -2.215182012485
-1.31640440694135 -1.1836126952479
-0.737122195249786 -0.779061651821924
1.11271581499115 -1.95888609821021
0.52664477386728 -2.1727789016095
-2.03102024043908 -0.302824729300211
-1.29814517734728 -1.01286054559539
0.425534061733891 -2.11829280721263
-1.55748138323852 -0.351405356300818
-0.231131787315517 -1.05829198018997
1.11340117762893 -2.10220310726026
-0.293074873103663 -0.967475377547979
-2.87425625087386 -0.261349696112377
-0.128462737211704 -1.20272544801883
-0.349925514928746 -0.80494607403394
0.115508654532099 -1.36110010465591
-0.0269957437148384 -1.67482835436806
-0.808671568185612 -0.870233869262994
0.499965643543943 -2.16868262842239
-2.00874474709135 -1.45814051122547
-0.961799611761947 -0.962569383599208
0.114172709528823 -1.86538035219523
1.90357021823234 -1.34680141947028
0.371027954550728 -2.02368463926959
1.6765889017906 -1.22397418691306
0.357402536817444 -2.04054221092561
-0.000543725038870157 -1.54998007283745
0.0245988240378723 -1.4122615807859
1.20154091043309 -2.02871877277074
-0.47202505730814 -1.1856358016842
1.5396627366039 -1.62263965504172
-1.32246177541854 -0.303627506913015
-0.290778458803872 -0.906408961934846
1.75971805406221 -1.33894629539771
0.0605088619937009 -1.68118109111869
-0.519283344115403 -1.00189501145096
-1.01281989036815 -0.530019527727797
0.28356588149472 -1.8972178297134
-0.553796719179043 -1.22821294607759
1.1037773372189 -2.02327054732976
-0.338761317409653 -1.11632256549769
1.62796124397783 -1.4212797209853
1.29743736726598 -1.71624921166087
-0.886692514565859 -0.893470262364869
-0.538047012879897 -1.31432292311471
2.1586764282354 -0.964914597971362
-2.08546025297303 -0.144600771514733
-1.16145125476672 -0.683561012806775
-0.0263156146793574 -1.53388288068402
0.269934545230051 -1.88425159776992
-3.65662421530056 -1.10978740946441
-0.386239150102888 -0.937505875672075
-0.250400859064696 -1.10561700058979
1.48560147757325 -1.71169826042773
-0.944916620016174 -0.429122095018968
-2.11634003554798 -0.601165869235377
0.660615954326036 -2.20720141720902
-0.236201096414348 -1.46402364761809
-1.97938942047324 -1.04100007770515
1.01607682541431 -2.10736654804708
-1.17090847484934 -0.875259337130676
-0.409941446306589 -1.16146254723073
-0.388712382558729 -0.779709949168556
1.60971101160045 -1.8667504964607
0.350315365737594 -1.99905102660102
0.121215747119426 -1.63321477817344
-0.518243701613326 -1.03981363967493
3.25789005930176 0.00996494193775381
-0.385288302315835 -0.920774452074018
0.722349039439463 -2.21984239541538
0.357572726052351 -1.89946582857861
-0.322916008565878 -1.01850997574732
1.14025869392058 -2.01390044031421
-0.945534724644716 -0.450227323948597
0.691370097958418 -2.21576872166848
-2.05393443421756 -0.397388019073937
0.960351755355197 -2.162867166506
0.28253078664205 -1.88323231953992
-1.40804070553512 -0.804040116399893
0.187288655845228 -1.80358284531573
1.26749593251791 -1.82879991829536
-1.66057415388032 -0.854496885379706
-0.895888175673623 -1.1678471020923
0.480488265812192 -2.15720060930686
-1.25319275866879 -0.57382346302147
1.34662331982255 -1.93165149655838
-0.650891783521894 -0.814686043726083
-0.88289906942616 -0.979705304281454
0.799153597977176 -2.22074448881825
0.682709577858049 -2.21404387586129
0.541276996690126 -2.13695461305196
-1.1296128812158 -0.452694642512111
-0.0249584450084662 -1.26496496679388
-0.970499314191188 -0.854504639740017
0.516556699353949 -2.12695831876664
-0.474903510231821 -1.09851886059555
0.639748010137563 -2.20427790008435
-1.04535358740181 -0.691772743952641
-0.43749444674005 -1.2375254328409
-1.16649041750353 -0.931528573210221
0.567639972720849 -2.15730840599629
-1.3047025180098 -1.33243901792787
-0.580171487059858 -0.947269076325712
0.545670484472677 -2.14286858166455
-1.17572976337076 -0.693120106318004
2.00059855231056 -0.697885608497377
-1.16353279959079 -0.294876495544015
0.364541206775521 -2.0377175702575
-0.361958824741677 -1.29649609319216
0.877900210031814 -2.20408652736954
1.60611567720586 -1.29207121337351
1.37417712389171 -1.6131940773344
0.848696137845929 -2.21149408697499
-1.01437248017918 -0.441784055188495
-0.253286130273547 -0.878647631688372
-0.720815097571417 -0.295142303020817
1.11873363342566 -2.02955241974618
-1.11339139302032 -1.10048414638138
-0.992422018970257 -0.746536053175741
0.745971623771641 -2.22241711817602
-1.18254693744606 -1.18458811632929
1.26411027067527 -1.99015449065985
0.578033553999211 -2.18864097560298
0.970274616941319 -2.15021031443539
0.120070730009821 -1.45768055921784
-0.751534792924227 -1.1164816095589
0.685680654264043 -2.21373201079104
0.633011941473385 -2.19474182962915
-0.6576950388703 -1.01309346823394
-0.701175774388536 -0.816760441800797
-0.14805393128056 -1.33208185009554
-1.9762494774149 -0.357093219868497
0.855238781166832 -2.20927450865925
1.35870315909101 -1.98041073644676
-0.520706944637955 -0.416295409383833
0.0896265992520379 -1.68111103218794
0.239418278647681 -1.85848344096199
0.206294915587051 -1.84865885266092
-2.75632520239172 -0.640073805820924
2.88635792908197 -0.424684344871252
1.17485557186979 -1.88953945693228
-1.7946769075729 -0.370813987031963
0.102751798544022 -1.69712628044338
-0.590788075537259 -1.00668444253084
-0.157214275562833 -1.06196216206945
-0.361724374069884 -1.04499556855311
0.339752074365145 -2.01913557165237
1.76530073714564 -1.45499933323415
-1.30383561371819 -1.02156372722476
-0.00960492290189127 -1.75345405665639
2.32516267395292 -0.720561910069317
-2.56259119337494 0.431371171291716
0.431528413588054 -2.08587699697341
2.83912818385701 -0.637212009099834
1.05829714471733 -2.07943732516834
0.728998824164858 -2.22066604254508
-1.51780648918932 -0.791423511389717
-0.0168052954922735 -1.17808180037343
-2.30342187698163 0.00311140813439165
2.48213312302385 -0.267840825376436
0.234347155641727 -1.82807480723829
2.97490550839776 -0.258413318791826
-0.740378503921329 -0.928644546583456
1.92432839397241 -1.66151261741578
-0.669882431174819 -0.727838442974479
0.844573410480386 -2.21394081608502
0.235793310945329 -1.79130506911252
-0.26787000406025 -1.22519127648833
0.460771954488627 -2.10427975457299
0.617888635941373 -2.18919481336722
0.566430050180537 -2.1621307366212
-2.50566810432121 -1.14800772511737
0.28986893524068 -1.97845176314632
0.520786496570833 -2.11822925178966
1.84706652239304 -1.19802654947445
-0.277456551390055 -1.15132480667895
-0.275139038481667 -0.926538580996338
2.0271477547047 -1.6271282315639
-0.287228447646886 -0.910249895638096
0.192576954868045 -1.77794501595539
-0.906250870326207 -1.47213811929215
1.78169279889361 -1.51116620370212
-0.201929357893596 -1.35551607583216
-1.91151415489756 -0.754563405735433
1.98871364969158 -1.02035050202634
-0.295872968022901 -1.36050690394715
-2.21151407901905 -1.19959279702301
-0.108284976704763 -1.21151346812634
0.68461870889319 -2.21445262964321
-1.72614282270164 -1.03260188498025
-0.915819511610869 -0.836860546797626
-1.40261094771758 -1.15271562035756
0.781025193962912 -2.22243403952367
-2.55207242701832 -0.251248844871727
1.31655022351938 -1.78031081649436
1.16754951661301 -2.00624886685823
0.405127292842598 -2.07119653292109
0.980815367896937 -2.15408771390765
-0.513987895028541 -0.736671005107409
-1.81672285811091 -1.24865422368796
-1.1379417712015 -0.423288578435586
-2.99747983018164 -0.409727379938654
1.65258480358858 -1.40631257099421
1.20345812532327 -2.05114449991824
-0.758773380060944 -0.67215342792556
2.08077460833245 -0.709878293868836
-1.72135813447365 -0.929655774281761
-0.0393290237356298 -1.37086077848064
