0.676513248267431 0.100972365625111
0.65386252638386 0.340547907889457
-0.418148762101203 -0.996458302999087
-0.157340178176882 -0.790115206427871
-1.59210379182167 -0.417854284564884
0.0182806484935265 -0.602403045626637
-1.3839559762183 -0.661998548028747
-1.19227284684533 -0.91188934989294
-1.80569699470331 -0.392376421286376
2.14867073552977 0.159986485291955
-0.3325371222877 -0.921590830700032
-2.79550033331547 0.101131802042677
1.77396389206177 -0.141802389356495
-1.29984978666336 -0.896301057713128
0.791837215498595 0.246841197989643
2.943651786107 0.878385476164755
-0.678061272791176 -1.03239255691108
0.475531360461971 0.063530775884069
-0.215320266719668 -0.846388492426883
0.0570815017989513 -0.298204034829698
-0.446576209588327 -1.01241505541767
1.33798792421998 0.0212001810818053
-0.95361329561376 -0.99003248530074
1.81079849959225 -0.119249625914097
-0.999949831762006 -0.965320470967668
-1.14936881083105 -0.876278434803663
-0.145623970246864 -0.935384192792457
-1.80412081788598 -0.401630260364119
0.366783723952187 0.048102297903893
0.421499444690419 -0.16083978681821
0.649524572359108 0.204748067634103
-0.21059078678763 -0.91601206875381
1.27512432107967 0.337342428026599
0.438795200964995 0.0814809867839888
0.936266682279069 0.994690969669998
-1.37433507787723 -0.757246928861802
0.783484380079547 -0.264483212200683
-0.299073307854542 -0.928572351701184
-1.61134521382865 -0.473011577699482
1.64685000759144 0.023845403878928
0.16691070277467 -0.293279831862112
1.00707543280406 -0.313129265567128
0.276081283971909 -0.502433415931226
0.0383233213530209 -0.527574457694752
-1.86732787536732 -0.421494996016844
1.89349867262762 -0.0315418388296878
0.243914052178156 -0.209244210686186
-0.811393327170743 -1.01593633216901
-0.72796556780939 -1.03010447877116
1.27844017528027 0.192205733764243
-0.675206788536157 -1.0323599309728
0.704486262144407 0.135417887490328
2.09699839702088 0.439058768522595
-0.167341672430991 -0.791578555198823
-0.112039094516373 -0.617769056095681
-1.07491387114489 -0.944423454746366
0.576081146128942 -0.133152520072309
0.821385635146603 0.469537168146202
-0.83542973072737 -1.01364045816646
0.102444893252955 -0.653223544702643
2.4510661457596 -0.149828333119178
2.18460774681796 0.314136760727046
0.0767271937969134 -0.722216573291431
1.63767093094612 0.0385463014699556
-0.61722098156412 -1.03078865802898
-1.32163878015808 -0.815276747748091
0.746445561665514 0.326633984155012
1.07812515737837 0.908803581944867
1.47033696569727 -0.613757342134999
0.341218722453415 0.0489263932448017
0.0993153911847969 -0.388996691594035
0.709292165334942 0.525923112719836
0.0451431448593872 -0.532000984841936
-1.25901359713195 -0.834819937827737
-0.515020230582627 -1.0194668606457
2.29907388201613 0.174741264278248
-1.46334181820515 -0.621335712284005
-1.41269254461991 -0.782722861602454
-0.104495589589279 -0.751979102965543
0.487831059975642 -0.150799795335192
-0.744990641957369 -1.02835543818283
-1.62939669143423 -0.645798383103296
-0.806487345452075 -1.01624670886068
0.271343583682447 -0.2985805582241
0.677489742952216 0.183430170923609
1.65323780407763 0.114172888697641
0.52747129705577 -0.305751105223827
-1.28154177140814 -0.834178105410506
-0.781306463882399 -1.02448058357466
1.23396439441637 0.334599144399048
-0.450439507803859 -0.99689655795093
0.116698019944027 -0.24082417671019
0.561516318612738 -0.0469640528465326
-1.87915124261239 -0.200647402851235
0.960930270043021 0.47940928024314
1.90033451935451 -0.0907378639826282
2.94535776766159 0.725676415522983
1.67371569296982 0.416984019091525
0.642926941520148 0.268301271249573
0.362180617801293 0.128555399155728
3.61356136223255 0.035483809462482
-0.27239251224539 -0.942093362672538
1.20589007326852 0.138795166876513
1.11356810960589 0.429644549683784
0.422594419529975 0.269739871409773
-0.142803210838896 -0.857154192536459
0.368797965522101 -0.180187682571587
1.4976719937395 -0.0295889188283452
-2.44379052396986 0.140104359137723
0.774844681551063 0.00203006457643168
1.54943284369173 0.0869090868784853
1.03863981632321 0.189388431924526
-0.109682294462352 -0.833017794210436
0.656106444290593 0.700473887287591
-2.68539619306777 1.00848362874014
-0.622340077881767 -1.03142751906509
1.1449814663992 0.488478927229301
1.07448275822705 0.234674235338374
-0.272443575332081 -0.927895630063138
-1.08801816159796 -0.936626845485034
0.278401537251005 -0.679872120753531
0.365558794887913 -0.287576890408828
-0.876483741227028 -1.00589607084703
-2.03061799316211 0.243452751443154
-0.886187030589393 -1.01144574482615
0.469579467482846 0.139469279576458
-1.05599532017743 -0.945302867427032
-1.19895217822602 -0.810591719628522
-0.55495473299216 -1.02341684532501
-0.440364985557471 -0.980446918208228
0.968891818725103 0.154382207835005
0.279417880534062 -0.322102941838576
1.16538625408506 0.473828274476197
0.665913358711878 0.0287764085998506
-0.043334810033535 -0.67851586897471
0.842177211334281 0.174079135567756
-0.102754811929605 -0.765965329239866
-0.0799644319676349 -0.72288749702247
-0.780555558502823 -1.02714784266944
1.06681675924662 0.487177227226639
-0.22088389357661 -0.861183021787637
0.194685784130069 -0.477543562830687
-1.98140284637808 -0.00272266432219175
-0.661127879157366 -1.03247008463554
3.38556247986801 1.04178898899014
0.708489956876322 0.0629907528205501
1.14400732361534 0.279068659317772
-1.11138197593186 -0.904742122474941
-0.165133263198029 -0.829140795629644
0.744814211241957 0.180798898760759
-0.485781249228006 -1.01376123510082
-1.17726789345498 -0.94454430400949
0.136432393111709 -0.526606076990545
-0.617961560460882 -1.03120685542633
-0.0052507683666514 -0.582777588384851
1.03928984903482 0.0592870743698208
-1.22299797555033 -0.905306469965887
0.0721437835756769 -0.581049773036352
-1.3896769262016 -0.750421025701344
0.5612300048416 -0.122878829439776
-1.26906110580011 -0.864948599717564
0.742649705690347 0.465261982495547
0.668961339443939 0.0145554908552601
0.851895382597476 0.503388370059426
1.08806393564075 0.962634026804133
1.0150754775967 1.07012777343256
1.09043077370439 0.479800380056699
-0.32533675302531 -0.935914127546865
-2.24245835749573 -0.242538366184546
2.00873866690063 0.0180423157035313
0.419080278617866 0.62605491618108
0.161287245779266 -0.393464278246589
-2.44666226935494 0.407995761387406
0.0635665169192655 -0.655425070242868
-0.829562905974707 -1.01706610257785
0.863919794374375 0.400658354503682
-0.566198189624948 -1.0279891763664
2.1374362999787 0.00252813433858072
-1.80783386419815 0.156291734445166
0.16680705185077 -0.404573691222081
-0.259646787982645 -0.91962344216494
-0.487097841006457 -1.01398651061914
0.654495453975253 0.353165088063195
-0.783278749126987 -1.02206802651387
0.612597760684395 0.229107675061794
2.00214117079649 -0.0125582215799798
0.397021694123263 -0.221752835039148
-0.43360276485323 -0.992775402399791
-0.302459919160471 -0.916119874243636
0.108745075076261 -0.404390540186347
-0.761452494831907 -1.02774429608924
0.243000637585766 -0.609918641730253
0.178776417144342 -0.22710010267405
-0.248863180191817 -0.883406990669586
1.40415171953252 -0.219075137017914
0.521929562356634 0.387391233867394
-1.04535148556625 -0.989151383318307
0.487914837856886 0.301688853734008
1.00191883406611 1.03163906751817
-1.06166977024115 -0.938133942019409
1.04967285511048 -0.17306945140683
-0.155378302894872 -0.822999572211022
0.804914468505952 0.166709171976105
2.00731966315187 0.560188165143809
-1.57198548588974 -0.545030496215347
-2.39501106957986 0.387432552876362
0.437084818077182 -0.25344138945174
-3.4327593293796 -0.0218017837945117
-0.330051406747391 -0.917128071487084
-1.39543575581764 -0.709397121348727
-0.191996542914441 -0.816659310976649
2.08605557157026 0.256102422550936
-0.74114188188611 -1.02820990674701
2.33164045690908 -0.194803257384835
0.501459886835238 0.291383743757264
-0.101080915365174 -0.833936497302387
0.0673263017177496 -0.578037388627089
0.420368175410398 0.120721551065708
0.718890664660378 -0.435067575972861
2.65293873084154 -0.34562500755091
0.906453424608128 0.532711283862115
1.77381192288828 0.393495656652085
-0.620589018920645 -1.03143589541127
-0.78276489229574 -1.02118178197925
-0.607999872522151 -1.03033544181015
1.33137179992694 0.0822846807724927
0.242800591041841 -0.624089364340411
0.619168913972051 -0.0858871478445122
0.437598088602858 -0.0712008401448394
0.628887141973709 0.636107502657915
1.18771845373939 0.351043881956594
-0.122126747933552 -0.853429461487896
0.773195824123665 0.170959922684492
-1.21689400691236 -0.834251757091247
1.21177115261454 0.155459184410791
-1.43174590782562 -0.823618438297623
-0.572348217903952 -1.02884122723782
-3.45984579511825 0.353579074833228
-0.566318444106503 -1.02525582171548
-0.0847750360307454 -0.682480699214779
0.784544083394581 -0.00132723647201966
0.718842189089435 0.592407215614927
-1.00114527545701 -0.963966412855115
-1.7008195423199 -0.454094309143228
1.74448473028832 -0.0107090960276085
-0.208836576437622 -0.832057067694302
2.07619328840166 0.35514020942223
1.93097539612434 0.218629589171313
-0.490119700304917 -0.992825481181306
-1.6654062863052 -0.621356137181586
-0.512098424773657 -1.01776555158438
1.15684312712175 0.642630622699915
-1.46093781173248 -0.793258483959802
0.806259661040569 0.170718568525367
-0.42458681529058 -0.985883067668847
-1.44334805051915 -0.725298495217223
0.584107303558468 0.299898454827127
-0.190724475509338 -0.858034820762592
0.0325489530029391 -0.594548441609381
1.87267512999144 -0.120219304583372
0.101874453522871 -0.406365472239529
0.966478825634662 0.815129423331617
2.16873599629478 -0.441191501447717
-1.47304392929126 -0.695167311429346
1.39992832636979 -0.0256212858886678
0.321254908077745 -0.244479073592239
-0.98191390942816 -0.977343371817992
0.988438751958848 0.782773135835163
-0.0663987814655432 -0.591885533082997
0.0692749504472493 -0.594173608784695
-1.02048391790297 -0.965814304022522
-0.224825727859262 -0.843192695962593
1.97570025820561 0.278520705109663
0.870989054049498 0.718902264516426
-0.0766696117298444 -0.683269096972874
0.79472080574534 0.504298458494634
1.69294133669172 0.142199470888171
0.962370828241534 0.375899968475013
-0.529716497065565 -1.02378950585848
1.01939660524416 -0.195067570911143
2.379273585699 0.679139144564916
-0.264858200849837 -0.8779579293232
-0.0329534162152459 -0.750891005307419
-1.30310227855257 -0.785115760435443
-0.773128821803122 -1.02754318647106
0.444668528854384 0.246666535897067
0.0200691828501089 -0.555689772212624
0.520715790873342 0.0408990641932298
-0.772789231993705 -1.026165089055
-1.7319920266085 -0.409006118363995
0.424048954248533 -0.0703885872118921
0.426889407110152 0.283476526025539
-0.623169886400904 -1.03153130185242
0.776197214401049 0.884554599391662
-2.69293325193567 0.784297459915595
1.08281342022143 0.50780059988402
-0.516504412651275 -1.01878571368142
0.0646499714702173 -0.425114791390521
1.67121760573228 -0.147803944621695
0.457081737945925 0.213743577412559
-1.01541359025493 -0.930837901127699
-0.234848205072575 -0.903225786783219
-0.525529608891438 -1.01551472338901
-1.54323767948039 -0.667035566171917
-2.50192635648238 0.726117432424661
-0.723935517155871 -1.03087721653481
1.81513195857664 0.254769983426583
-1.31995007690834 -0.787099900563762
1.66506798134826 0.371244668550675
0.247755904598428 -0.465370180762625
-0.690104637469298 -1.03211663356088
0.166993606164459 -0.334969673722023
-0.848105709316785 -1.01479661738913
0.998074742739182 0.107636483724097
0.606910402204838 0.0490354899083271
-0.58403054369049 -1.02934966944317
1.3464341656668 0.359011198254931
1.97140761666454 0.0665265449231593
-0.482563700745005 -1.0063516003035
-2.6847309876973 1.15503733647167
1.60840374449616 -0.281743594982527
-0.580056715472135 -1.02853629896197
1.86520216162518 -0.194902763508604
1.97160354413734 -0.498996574571228
1.7107450543847 -0.057416679439927
-1.21276304161974 -0.920246473037144
0.023756046309268 -0.675216848557942
-0.702775127398874 -1.03098666815893
-0.489044053121191 -1.00330319933296
-0.198899041343121 -0.717701052585353
-0.027152273893852 -0.636797348140633
-1.87508993927512 -0.240491987767436
2.39903307731646 0.698409116247201
-0.293897911032195 -0.950961588837603
0.0142990281704945 -0.654354189492666
0.140503389044871 -0.386050606943463
-0.322565102190248 -0.976921234122915
-0.813765169246477 -1.02184074749478
-0.0353394317105144 -0.659737674184117
-2.14717936441013 -0.135698427420462
0.59136484508588 0.551824968970034
-0.873075702912172 -1.0091705007281
1.86306217286069 -0.538378847540777
-1.46897467663319 -0.807925411938246
1.46402279035058 0.140638022409334
-0.321935494181103 -0.943390455024934
0.63165606269746 0.534242319512648
1.34912833845051 0.0266373956146751
-0.472971628428406 -1.00797315588426
-0.270939197055728 -0.924299597442077
1.74139723252187 0.339265027069696
0.218280561750026 -0.449258009159973
1.15183715530315 0.782779479608367
2.69335954317076 0.114390655867306
-0.79751167441798 -1.02158824087745
0.269270835572087 -0.225723668091076
-1.78263446487732 -0.168926344859876
-0.255069841611086 -0.853227348732128
-1.19802170726288 -0.876508166047117
-2.08807624017375 0.0120368616027692
0.102072863905315 -0.610789921467203
1.75617393882172 0.0694902475163278
0.897084169546873 0.717597291131295
-0.946418861168165 -0.98239085891185
1.21013117078134 0.50734280861028
0.536478150343532 0.0697145039894805
-0.295619596065769 -0.904679399458728
0.930240250690282 0.0307057415995743
-0.24445045462349 -0.913577433406658
-0.142918695995363 -0.834092807761534
0.753935324777634 -0.0160775533431661
-0.08517955577563 -0.681629608938519
0.716504694630207 0.452282348266268
-1.76707989377972 -0.26034035266348
1.13395829852002 0.459231232520169
-0.688200555964457 -1.03208819150276
1.04075876704115 0.619501306716602
1.70011291322347 0.168545859138909
-0.330165984423301 -0.948575292588571
-0.238714494097503 -0.850201492160124
-0.560199932060978 -1.02849129107806
1.38528590402245 0.379996347345733
1.03033390925426 1.23097296199142
0.0861891561784361 -0.489433045477267
-0.0564136275475902 -0.910411680390285
0.212587508634618 0.0455828092034301
0.687427443696055 0.279478785594955
-0.656429545055965 -1.03244391531718
1.13916744998395 0.154415123450381
-2.64842722527542 0.216395158058249
0.116843087651225 -0.599308342917245
-0.570681094254023 -1.03067008966798
0.112741496203107 -0.561282439911889
-0.651144348882611 -1.03239974588434
-1.06767626498527 -0.947794081309635
-0.399415537381011 -0.976486556998381
-0.400566445412194 -0.978375316104784
1.50399672799713 0.318303475309865
-0.326970394533863 -0.94176729058135
0.519204383440748 0.614968332307769
1.45067254935719 0.223258937898351
-0.153972557716875 -0.8243292649633
2.00889188936464 0.100679099372051
-0.222928352860837 -0.828698866600342
0.788930966248642 0.317363415542762
0.219954540088088 -0.697099445376546
-1.35310699824416 -0.856009374566585
-1.01766080609119 -0.96818202728172
0.287128393168586 -0.204921510359486
-0.550420507603807 -1.02252692880021
-0.766062679872233 -1.02791813623508
1.84883854198808 0.0536470593196943
-2.15605915170947 0.609232438688041
0.589940177527492 0.0358554676326824
-1.24992918239214 -0.824612395269454
-0.84202183933069 -1.00707994536948
-0.768832341318366 -1.02563981700307
-1.83198025120505 -0.358668659241309
-0.12597539728983 -0.85629051969442
0.318589387570327 -0.328747172929467
0.464362735705778 0.294077146137031
0.009713535194116 -0.606051103529803
2.48534955754292 0.369846323277381
-0.397230334970073 -0.975537715329426
-0.262387796667482 -0.896914307747964
0.19917165088087 -0.286037641844281
0.547025190756231 -0.396752252576547
1.52518069150321 -0.0357671205395678
-1.59249794913266 -0.668719223870621
-0.626958456932041 -1.03168178330785
0.465238524599318 0.296530589383205
0.794078364734667 0.496832332658068
1.84548503628533 0.0697981080311682
0.23777551562757 -0.380673083852124
0.19165598850467 -0.577612972020038
1.14733443899546 0.0298090768879173
-0.21620772654808 -0.889334736172866
0.381041921055359 -0.29704221741667
-2.27679871765538 0.512076946077545
-0.486099129792666 -1.00447722912112
0.616377484410923 0.429089955503899
0.32778165589758 0.00761306491958447
-1.15375148479162 -0.876077871323733
0.067828435803026 -0.555987622506906
2.81258669936259 0.713262679808719
2.39987712140177 0.530386738089844
0.578692395768076 0.217007682781218
-1.61705632915552 -0.803871266694618
-0.976315433688766 -0.989303115285154
-0.971095395940179 -1.00230417407348
-3.76633486689774 0.0983258194140957
0.404136098357701 -0.103811833844549
-0.433006990587286 -0.98923742961038
0.941888065806746 0.452996250984969
-0.475584636485617 -1.00797609627475
-1.33576622513678 -0.773388248678196
1.55347789046754 -0.257708201515512
-1.00055094051555 -0.966407071990951
0.839817058766057 -0.0302183925103454
-2.57332506999333 0.815398136199068
-1.24040569494119 -0.871277755177243
1.07552227961167 0.207802780050137
-1.07346994502165 -0.938094000919372
0.186143501060615 -0.612278929619363
2.32093294547584 0.634816437385878
0.399263393053168 0.0653478036376271
-1.09882908679379 -0.938530304141862
0.411305735622131 0.252931002431537
1.18065270449002 -0.000398544455465499
-0.132242300970218 -0.794384038558744
-1.02009862290857 -0.977377509247759
-0.0824652158221696 -0.870664117749278
-0.86306487573908 -1.01515187844705
-0.377577457277437 -0.982010283210428
0.543875316365479 -0.303241392246955
0.14286820610726 -0.383405754172856
-1.0234258975643 -0.959926004458494
-0.501927573064861 -1.01825469091225
0.461858726977708 -0.147308833039606
-0.0857552835884949 -0.817848716172121
-0.752456531303876 -1.02737219642355
2.76711829127209 0.440029543411769
0.587115361502358 0.231372682417015
1.65824905788179 -0.00136933824814105
-1.20294643040244 -0.866688432469765
-0.762167882381879 -1.02804491627936
-1.08235527677954 -0.928456971000413
-0.277167109226754 -0.894875448348864
1.67742126265458 -0.32384010918534
0.510606730885152 0.0309973336911395
0.560992192036601 0.394830085335537
-1.80264985736645 -0.336766413954409
0.307103848890784 -0.230341897087861
-2.76704624104508 0.626838712963111
0.67770094939787 0.259421593137929
-0.948602275899371 -0.999531635659976
-2.18485380248587 0.0559181816556568
-0.316246810288888 -0.94390401617223
0.319698738221314 0.0291409766191707
0.306931870620919 -0.173806884344324
0.2441607001591 -0.441025139358557
1.48044317182402 -0.423651181095242
1.51278490916685 -0.228341686263518
2.84875675358868 0.0633546131543959
0.839361495336715 0.155624023820675
-0.991403311500827 -0.973289207974734
0.987141421702526 0.673003072207814
-0.714095836907882 -1.03084516555128
1.00293616491663 0.884230185312911
0.0620609658726641 -0.685123786638055
1.60395276306975 -0.299069514700281
0.93690046212122 0.806583530548982
-0.27642197033693 -0.918655015952877
0.61397497182306 0.0720146526174073
-0.830353917159674 -1.02217506785829
-0.313459940447661 -0.945547395577771
0.258331884809192 -0.428825693179803
1.47078328136982 0.513191424369667
1.29417116938007 0.407650209459225
0.352689552618129 0.534156848753382
0.309147614391047 -0.175723436068752
-0.201071811613985 -0.910057891096681
-1.32125915358943 -0.722469523924783
-1.14940724953575 -0.939940705206349
0.167520297945574 -0.294910851215091
-1.37170617999704 -0.843256830218614
-0.301780880783234 -0.964780642627142
0.439868141751603 -0.0966266984114028
-1.48885420079517 -0.825043346558213
-0.0478538670625542 -0.716115734639366
-0.414383953831023 -0.964354975216362
-0.739655796315961 -1.02820250085506
1.29132647346312 0.124997255915566
-0.990954812160624 -0.97253590766068
-1.34099505020929 -0.662434056913567
1.00525243174271 0.104625269910118
-0.711324538034346 -1.03098553346803
2.17599278285506 -0.0496437401232053
-0.00286590569222449 -0.784692650330738
1.58463157881884 -0.106008527160327
-0.821312146002051 -1.01944371044789
-0.712804421319848 -1.03100325222682
-0.69219721234581 -1.03213482232862
0.759013181657322 0.075605850602858
-0.474451861339501 -1.0016813037705
1.23812496419069 0.648197283958206
0.809445417527895 0.174089450998831
2.25119512606107 0.55936676293977
0.196178544646328 -0.156615226023802
0.215219328148265 -0.166252042165603
-0.224491171054218 -0.838621518354483
-0.0891071142954884 -0.831560829217768
-0.612742304884879 -1.03105469399465
-0.88610512060487 -1.00992545733153
-0.0193843510642682 -0.72581863286338
-2.60363898478514 0.103296302073499
-2.29582862593574 0.806133251939883
-1.83725354032651 0.0716883793396909
-0.913945636746633 -0.982612287290344
1.33295076877813 0.0975920836595184
-0.481599962050608 -1.00361780186817
1.236291161712 0.811982516048078
-0.550775698573518 -1.02343465727121
-1.0970927657673 -0.945577877954104
1.11853179741219 0.948689845083134
1.07426336069764 0.4260220329664
0.229970300438447 -0.16854762189242
-1.57556700638989 -0.499582530823203
0.649471414436415 -0.0345912516035451
-0.133040411738292 -0.7779335755817
-0.492667905343804 -1.01165630813707
-2.1305849126288 -0.0212901681149387
2.75274056867797 0.615868212817282
1.81707261411696 0.317337109089041
-1.32140253854523 -0.815626439776807
-0.608300508380095 -1.02972059632201
-1.83973550436019 -0.594283710890517
1.09173128236079 0.0232386601848144
1.55053588049327 -0.0804479271991161
1.34885143963281 0.17685432530906
0.721412843839304 0.0558367800726028
-0.53208207026451 -1.02238778378631
0.794978945929508 0.532366468709773
-3.53208783785732 0.198612829064262
-0.906920419311291 -0.99764671354652
-0.5192511895408 -1.01948905929852
-0.439226114528513 -0.99003539576211
0.892594217013954 -0.301371629845125
0.300319532324866 -0.277479608714262
1.13403053725078 0.199844653842545
0.139117399773639 -0.438404875171548
1.18551596116316 0.0726169936450028
-1.07247789586632 -0.977558622880951
-0.06850776785902 -0.646947297962977
-1.292251236092 -0.782470184615117
-1.24580836475711 -0.87669981161018
-1.54788047966589 -0.773066814839997
-0.82457521528933 -1.01990308635372
0.346260505464525 -0.110574069437861
-0.499585591425807 -1.01648192672447
-1.05945671481357 -0.951257167026825
1.06423177436369 0.605721006055724
0.00740084142316755 -0.83412445995303
-0.299492592827887 -0.932748637137773
1.33405148017258 0.204358843007555
-0.681547763336707 -1.03225757390651
1.31960891005369 0.421795404300011
-1.56591808510978 -0.465820091862858
1.35937769487353 -0.0774799320074254
-0.80231952080368 -1.010788967312
1.03070772232486 -0.266885046906655
-0.280562418746387 -0.90767130774651
-0.731650982817682 -1.02866681294105
-0.868600695871114 -1.0045596800451
-0.777330943734403 -1.02867156009217
-0.702819946027717 -1.03135560271781
-1.4966377624533 -0.827886620482791
2.00447384234464 -0.198335665488362
-0.619399031075798 -1.03069252871564
-0.56877311529168 -1.02762563488593
-1.49856105068932 -0.569715631119491
-0.813964566004706 -1.01070762024295
3.38214755379864 0.150695843176478
0.650325511160809 0.242721448120918
0.673520244806795 0.105181072544847
0.520979457895409 0.269546681826931
-1.21060047312179 -0.896796158074554
1.83159168719744 -0.0944508896595026
1.8060384917445 -0.456340153850477
-1.21988589007628 -0.897886199744141
-0.0153214155969344 -0.67806234486041
1.1763915330385 0.0425411832716943
-0.238970266403238 -0.934075145390587
1.4574662383645 -0.297336172362211
-1.59384063415637 -0.653168163065528
0.997566357980536 -0.106741264048487
-0.0779664093875679 -0.740800853566707
-0.348002386134176 -0.948221121230052
-1.56377879783418 -0.551035279149109
1.19234397793619 0.328427360949218
1.00440764122601 0.566849170424997
-0.908409970625872 -0.992476091084809
1.0141166438742 0.252688086960608
-0.408446193160463 -0.973572961940366
-0.600304312686978 -1.02945927676208
-0.664643700558992 -1.03246887827666
-0.989553555665438 -0.959759472081417
3.12669023458596 0.180394013065708
-0.528660625111085 -1.019422233387
0.144638437787701 -0.518210059340535
1.58325801132513 0.235073371744106
0.386056766539989 -0.147805314070686
0.043510766094937 -0.653094608509687
-1.89267474561555 -0.13588165081005
1.0812786188547 -0.609111934204944
0.440402325459258 -0.0494914402409459
-0.448481530463224 -1.00467005293336
1.51979402449715 -0.0297824787262056
0.38527423785127 -0.142772232432646
-0.574394706349648 -1.02606043005578
0.389575908694959 -0.240770481172593
0.203889775580202 -0.4859763336556
1.26864630664002 -0.201374297993944
-2.00594565469241 -0.12493803767421
-0.697220493816352 -1.03150067056295
-1.29074006089061 -0.840634557235503
-1.44968047427523 -0.648627555105214
-1.11932193949569 -0.96509141210053
1.43348422429284 -0.0968795611084905
-1.32677666617104 -0.797269443900229
1.35852396185067 0.306312806498683
1.36938937553236 0.128191468865105
-0.908826570119222 -0.995924926774891
-0.969218868104398 -1.00622370574825
-0.816721068953613 -1.01266585942888
-0.0061925670783598 -0.711077908985082
-0.330151765415265 -0.9646477087663
1.12745722295113 0.316073990710766
-0.144900994633095 -0.776863578277728
0.612872952274179 -0.00937581668671172
-0.508117263594312 -1.02167837260904
-0.460195643305128 -0.99424005302047
0.345715160899853 0.00695515130143598
-1.83521130218214 -0.495392653366736
0.0715466935668938 -0.49574504933453
0.169306084553243 -0.606221546840137
1.53683396615349 0.361608650933212
0.360764703236968 -0.350330099713427
1.86526977230637 -0.087219261076438
3.49866359045705 0.422570124664694
0.0268109313974041 -0.522759371232189
0.255043101395819 -0.28508276204894
3.07257782370983 0.727030362762111
-0.235561829035173 -0.852532150309434
1.58827431933357 -0.371344949642968
-1.61259627598951 -0.630338754047903
-0.447663252197496 -0.985639411866357
0.0892258641214126 -0.35554753701053
0.342330460437759 -0.178218223130984
0.515762233808074 0.0699271327474412
-0.817984733235841 -1.01683643050864
-0.356702493568656 -0.956273683235204
-1.66351135914755 -0.446764258104157
1.45244457371832 -0.597686877943198
-0.503422402167496 -1.0095405834834
0.500841698544352 0.289285528623872
0.305980536505595 -0.257518727705545
2.21120514277133 0.22251756496204
1.61254880463273 -0.399595896911679
0.470117684616326 0.0981427907528387
1.02024206223983 0.518677958400194
-0.251640457730754 -0.857327828784106
-0.116288558740534 -0.646997241257506
-1.12181240445447 -0.925741688321688
1.0425385306171 0.563129812795391
-0.665635271781384 -1.0324641451764
-0.0803619648098926 -0.823555249585708
0.81178381257058 0.784167279774287
-0.0957179321740751 -0.6314818360321
1.0790114078228 0.0285106271151414
-0.288237471011197 -0.914220840208555
0.0834257596015521 -0.511602448695333
-0.00686888463851437 -0.606648576822948
-0.598757111989938 -1.02969161194686
0.863875209344152 0.157111466112665
0.610550796063488 0.337034099137839
-1.46566784758887 -0.667091570329888
0.188268007650694 -0.284071118504575
2.00164044287126 0.0158986886039704
-0.720688870943529 -1.03031080004987
-0.262791090910736 -0.927166350613423
2.06360049154106 -0.157541075549973
0.222380626943311 -0.554577279691337
-0.439516239402381 -1.00158032121219
-1.56915239673455 -0.435757470329144
1.47228973113915 -0.319352176682851
-0.00341419255656584 -0.513476942303736
-1.00820110422948 -0.963268234541377
0.126551379661653 -0.776043627369047
-1.33576099972444 -0.77774083122413
-0.104170300842369 -0.689127820206017
0.589598196445574 0.693231162171466
2.22303850249953 0.151415829314993
1.53933636144409 -0.0655353246749733
-3.25071448836306 -0.138827717283801
0.0219761393184537 -0.598537724073441
-0.684262705919921 -1.03204527772592
-0.666958353429385 -1.03246040835977
2.15820500980819 0.380943188089231
-0.390692580882819 -0.957833413578265
2.50295906507421 -0.28407411200831
0.137009794563836 -0.232001807289477
2.26935395391885 -0.109417004583937
1.72099117897657 -0.0239868126704773
0.456661672203016 0.238330590301287
-1.90226515312612 -0.204147209522044
-0.00867344048367929 -0.730883063300072
0.213434768603842 -0.579735060123067
1.64747855826459 0.0201956183207294
-0.138898026868624 -0.712916205520125
-0.558693928175062 -1.02363442568164
-0.986999720677328 -0.991278118910028
-1.32292466018935 -0.802679874294552
-0.903950862005598 -0.999376149683563
0.827310882259441 0.0748240102888561
0.968312028197422 0.328766824166518
0.231233050068474 -0.469889822209649
0.40822349758138 -0.299036379522611
0.381695297521774 -0.0449497248233756
2.04660232724589 0.362973730725592
-0.136012615464541 -0.754547506569122
0.629693180932021 0.35650857342723
-1.02875724165271 -0.957708646003078
0.482178696078346 0.370690577812042
0.00149398071759871 -0.598953106513416
-0.431946838615726 -0.986467908565667
-0.932913441962367 -0.986439213144733
1.34004785594591 0.105225064219669
-1.07565041759889 -0.934488181916911
-1.1971572052076 -0.965315209798518
1.33025243287419 -0.0541096845078175
1.0180743976717 0.361435456384748
0.746484923070331 0.412873894082026
-0.0647034222294592 -0.813402911510376
2.10124935562774 -0.306616202828549
1.28862403273475 0.205271367749513
-1.45333473950315 -0.907731904585863
-0.0443726411415421 -0.762944537775041
1.11125656626968 0.678725088396864
0.985585885850243 0.216589496139706
2.17633408495233 0.367268161362325
-0.424858468673331 -0.979383963422145
-1.82683791275667 -0.141987719980983
0.00198861802891303 -0.651199210375438
0.430594024551478 -0.188605130245457
1.06372477736219 0.465764606793061
-0.808466750945591 -1.02349988056501
-1.89992550217919 -0.35728033137967
-0.443301713924977 -0.994472801622489
-0.417080455772881 -0.982251933683894
0.632233497676259 0.0527890211366317
-0.589134764066477 -1.02876568912383
0.355490990774144 -0.47291244119945
-0.608487780280733 -1.03057918586516
0.0443681136649015 -0.664809820366497
-0.254187350249095 -0.977523790206383
0.0602438416240781 -0.558746338962361
0.789743520989958 0.278582072714821
-0.752126715609223 -1.02790531829526
-1.07586359609815 -0.952738136754854
-2.35967627010298 -0.0845817245007235
0.128515611715519 -0.669895318205965
1.46381959777153 0.32098272020501
0.157228451776396 -0.496882567157261
-0.619001060225163 -1.03105196518742
-0.492530892555554 -1.01414523237056
1.76538774934084 0.0129633061645911
0.865929058654252 -0.218405486585835
-1.4645623110631 -0.697949035661426
-2.79121513916364 0.442081190331738
0.55949343763413 0.0970670817936836
-1.82607546950528 -0.271495106104921
0.34222053349801 0.097286444447567
0.236215526938298 -0.578078968804742
1.12239550608769 0.578313045670512
1.65372820671627 -0.0783027226817087
-0.821994838931194 -1.01360097665947
-0.438820170327581 -0.991461463468327
-0.724925187755267 -1.0303782522214
-0.0837977274755714 -0.582865365604578
3.87772338540152 0.253919839767286
0.744722606154251 0.5353023909125
-1.00296067343683 -0.965017494699203
-1.07028287513889 -0.915007994942045
1.06471765153279 0.353885728768687
0.73360041695068 0.302788423697036
-0.177969225803388 -0.859879656917521
0.370202575869514 0.362209134415014
1.46303868514332 0.228990631672227
0.164459657242852 -0.374326367925576
-0.69775548459055 -1.03158432963621
-0.487707337558108 -1.00226551378168
-1.05073566129198 -0.939491411235105
-0.694297622061221 -1.03210969516522
-0.44779725106221 -0.994370910968186
1.4937237078109 0.346758470293764
-1.88874898273462 -0.504032854414574
-0.827795120517321 -1.02135037011252
-0.899398070250325 -0.992469252635895
-1.39435960148976 -0.93304016861983
0.171116451336469 -0.349933349002363
-1.08534034128988 -0.96089025461469
0.249774650005112 -0.325509188983984
-0.578020337478243 -1.02609090520111
1.49805041808627 -0.0559965090077409
-0.60282780951992 -1.02989192895832
-1.60761070894216 -0.744554032798929
0.659102245944319 0.0831769551756292
-2.14488126173683 -0.538029043749964
-2.16204981397595 -0.4941086611308
-2.01096245986226 -0.324085893227316
-1.196794515773 -0.94169552247736
0.0397925907244122 -0.480543005121928
-1.56294390076911 -0.627225002839228
-0.417021061981567 -0.982047014109312
-0.390472926010461 -1.00612426137828
1.9188688557205 0.0617437552011419
-0.696191160941662 -1.03137854319354
1.18912276579464 0.190074302336147
-2.07016640426017 -0.111872879406247
-0.106518179094722 -0.847827091779589
-1.97140616768754 -0.0604576222942998
0.270420399099253 -0.0410780896579362
-0.126355279243768 -0.786856437292729
0.484185746096112 0.0204451307991431
-0.603895561100541 -1.03029211920715
0.874661009964682 0.141103900718388
1.05874207211396 -0.0752330484853419
1.1985695408844 1.10175175273223
0.0464581682307614 -0.597648438457712
-0.561129429814514 -1.02429559355431
-0.548768718594877 -1.02709655703401
0.138887281847904 -0.291787752281222
1.4269793514651 -0.39360701796874
0.539449969276579 0.189857501443826
1.56563181162942 0.00345085232366563
-0.461909593250055 -1.01228769324999
-1.81257065231961 -0.260369919218455
0.0952928494857031 -0.629937871159454
-0.906231451507148 -1.00510234348532
2.55548234629673 0.764859889210614
-0.863378555621185 -1.00079671012785
-0.399101606826919 -0.980931721748119
0.588076162097161 0.542648678756746
0.342438347588258 -0.222179440944483
2.10433385834974 0.186873707629781
1.34622942218789 0.410756492321615
-0.582173262761944 -1.02819982855241
0.620145153360064 0.077697321227324
-0.558628811613441 -1.02502389914751
-1.56879928116182 -0.704537026949252
-0.523362147084984 -1.01602595766853
1.13476836673132 0.293249532416536
1.05159379857507 0.151732679736529
0.226656971808432 -0.498614572290922
0.324198273732689 -0.343068128390637
-0.289714732230771 -0.904338716739052
2.17996822336572 0.0842993023804369
-0.069086023755922 -0.641003022751413
1.05954732809779 -0.231943688188093
1.95659247509314 -0.399557007755471
1.01279432706215 0.116703443766716
-0.873515126926173 -1.00659309323674
1.32210858583814 0.441371748031188
0.17551147173017 -0.219920066963688
0.455562954257189 -0.00257306780915836
-1.25769340976707 -0.927101780376492
0.0412378480226255 -0.56031859280414
-1.3729193690724 -0.81776604259193
1.0657024207164 0.371589490083687
0.0943109932987176 -0.497910790216131
-2.34041835228864 0.373970332949297
0.0738251779346444 -0.58301443409939
0.166170349522334 -0.45820181548128
-1.0145464703448 -0.98195314777687
-0.786069748140442 -1.02391284443345
0.264955701341721 -0.151615715775791
0.195781438267586 -0.334315883965901
-0.761386786242909 -1.0286381863909
-0.901767921630173 -1.00165725416945
-0.589065456247567 -1.0294312678668
-0.276617820703609 -0.876058140580556
-0.110845100256629 -0.922839545789304
0.0279437558587323 -0.448999960201135
1.43124055492862 0.0788750417576732
0.206413775279559 -0.349617927787217
0.614985306422522 0.26419269759372
0.941515166580329 0.336265242534441
-0.518620806449568 -1.01693488179116
-0.112658931910418 -0.747713585106664
1.39787761139382 0.382585018118562
1.59344348765023 -0.0337682400582204
0.945356185572985 0.815638970418903
-1.49771998552004 -0.7184647731359
0.365696422896328 -0.249466498883751
1.9978356175216 -0.435556568905271
-0.938336648065234 -0.981808852709585
-2.16721091482407 0.221751872074837
-1.19691114155015 -0.922440921663218
1.48502199159594 0.30838732372609
0.802155593426228 0.05072503169524
-0.638325177298725 -1.03218349702846
-0.682034673547923 -1.03230870875234
-1.39669652669775 -0.657990402533742
-0.971916121410798 -0.976024471281009
0.0850645171365795 -0.817716909163475
-1.90293095675057 -0.000403505375993096
-2.17847027231672 -0.175124614498035
-1.32619752011798 -0.759257110404376
-0.0641402807735356 -0.750617728990419
-1.63608213060547 -0.596982745953863
0.879555693380808 0.621001603686377
0.830894129705313 0.455684232172135
-0.653671554349148 -1.03244022430156
-0.765251372953693 -1.02728700051585
0.421148114957574 -0.1065001724361
-0.729502141977663 -1.02915568991103
-1.21793831989651 -0.848977614082743
-0.128705860608895 -0.812218369191558
-0.733046422493204 -1.02963990354987
0.694690545966792 0.375050722923152
-1.96022461931456 0.245566543751924
0.504693234179932 0.335452796354793
1.33672280322853 0.166860427253447
1.51346732276764 -0.110502899548902
0.223492060618467 -0.327716736010724
0.672320111412553 0.349416713031573
-0.175981253923777 -0.789008777165361
0.0625444534607108 -0.455164881465863
-0.518641852737906 -1.01848407557101
0.946913683669352 0.315382310191318
0.538326334721965 0.235820957986947
0.571186803573226 -0.127822589106959
-2.09091815282594 0.247512184735922
0.291007581755786 -0.272819263920744
0.131210817784487 -0.619578439285547
0.842874543593517 0.761330599742103
-1.08087942196849 -0.959068776072981
0.646278082320163 0.593529569501298
-0.220622644196467 -0.798640954574871
-0.23276686059116 -0.862060459990283
-0.614016119181656 -1.03143215529937
-0.434236595566551 -0.993321741568321
-1.33776879583721 -0.833488626479714
1.25235684410918 -0.225825167103487
0.396362838369846 -0.115485449956438
-0.313102347234705 -0.94119994007595
2.33108832052472 0.380590426240482
-1.56001878507496 -0.488067084837505
-0.466201785118347 -1.01469631032316
-0.323743728229859 -0.936526091670202
0.65797260232086 0.0318699141930408
1.10690041990886 -0.204117146848477
0.57517516750953 0.346983364935935
1.00003041732468 0.577084381457531
-0.899388175223423 -0.995918701392762
0.161039051020903 -0.436757825310101
-0.266315691051379 -0.881703283782224
2.4749992283034 -0.064835059817727
0.811172074305292 0.594184772220704
3.76961779118781 0.275338737432989
-0.913623704514107 -1.0038921977007
-0.505130082555361 -1.01555975814495
-0.932387583334401 -0.997387244914539
1.35932372157325 0.250129572938096
-0.706170698437758 -1.03120006874724
1.47728572286611 -0.173663198611807
-3.05865902952034 0.898105929858466
1.56736013445399 0.0828742832611906
-0.891436904015393 -1.00842852964645
-1.01630107290422 -0.955044958458188
0.503905786244682 -0.128512892942665
-2.32300792911687 0.0845875077507685
-0.292256175960174 -0.913553397424547
