-0.437007080736937 -0.907769045416697
0.14710153323645 -0.838465239836249
0.224951064145048 -0.973716121932428
1.3169440521207 -0.526218288488495
0.269745341702368 -0.911547943689139
0.512562546259454 -0.804283103367174
0.0898021859042221 -1.03060730740675
-0.787516169143153 -0.289275100262548
1.21979061674771 -0.934726869248456
0.020219992582778 -1.10418162499309
-1.32154440228719 0.216165038243166
-0.897309468652836 -0.158154351397943
-0.600817383580595 -0.961642657666847
1.67710696533778 -0.995323716200048
-0.0411801721259176 -1.04340322447278
-0.469872328748279 -0.948300203783
2.01053891225675 -1.27825046918246
1.54840537682199 -0.866506509666343
-0.229731936274321 -1.04528617157041
2.28399029975872 -1.34674403719488
0.04844260708777 -0.785156404987702
-0.819784619690745 -0.374721054705757
0.432826071361053 -0.486685398439489
-0.310751636493999 -0.927353773487722
-1.72482161079671 1.59926616907188
-0.936341303376621 -0.853309683778406
1.98172094171475 -1.29518443172206
2.50042849793991 -1.29405374705266
0.61710001412565 -0.525965777588828
0.270509292049087 -0.827035479777181
-0.102792794005714 -1.05196646231969
-0.251618022314053 -1.02277161925069
0.989981446020219 -0.497618861759146
-0.560920959563454 -1.09419163982114
0.949903910360674 -0.829439701039177
0.274346926343647 -0.707202404586963
1.2786224820489 -0.977394880066608
-0.581456724388177 -0.620342113809804
-2.72305112378258 -0.140657351137887
1.02259200411087 -0.29633502215913
0.403478789872141 -0.7020033824532
1.48722273838861 -0.624572712319929
1.41076857531436 -0.832163233305793
-1.32380598594081 1.03415986418501
-1.17138573379417 -0.0743596028532752
-0.551488174056937 -0.944688335723156
-0.194065276389962 -1.11435100071775
0.575901405041263 -0.698038360754307
3.26497263439606 -0.939597997674025
-0.155930097615166 -1.06040523004322
1.60089413328048 -0.888001676094384
0.192947881777709 -0.840426887453068
0.424296414122415 -0.729192106907988
-1.37486267019638 0.882966892240287
1.86348743408243 -1.15343318177224
0.16279887217866 -0.834729596724555
-0.573085183096683 -1.0516637559719
0.409991759613751 -0.745145062552334
-0.114986890891086 -0.946937685067978
-0.231900534299582 -1.06984709497245
0.819591719602473 -0.908909585353028
-1.64307267617678 1.5263449221898
0.859999399519139 -1.24729966402076
1.99493188271086 -1.27227659894131
0.399276895215922 -0.350201505398271
0.122064669425643 -0.917319268179903
-0.989545390267024 0.662436985242473
-1.70851057914746 0.960381203323558
-0.462081874606171 -0.767483886660192
-0.824732176809111 -0.109659964897358
0.899154866701063 -0.520212986839744
0.91730256751158 -0.592789937740654
-2.40816326931221 1.25948411130668
0.82294446132855 -0.385815331504882
-1.61672004401129 1.27104577214584
0.526743459464256 -0.366866595912295
-0.064669992872543 -0.938728664487141
0.297023788121852 -0.813605877851959
0.672055438803675 -0.672786246396048
1.01146822633009 -0.767734267307718
-1.61299574629178 1.48498219018966
1.94564484479384 -1.24308538513124
-0.288975726074539 -0.92470505313895
1.67841520312151 -0.823826504692255
0.945482561900859 -0.447390501234355
1.30812308280309 -0.90975231226328
-0.41004164706772 -1.00400260958384
0.562147389995645 -0.435230978003005
0.462910933521167 -0.796272797057151
-0.562962984383565 -0.791049613192736
-0.749915304968466 -0.760255495077694
-0.67431272532299 -0.966917087671847
2.07846531363745 -1.31053307522212
1.10728941973147 -0.795369277686831
0.614537422022283 -0.695562679159101
1.44567899614417 -0.971268103868506
0.409842794710282 -0.695491905870882
-1.29884762694034 0.586911198388077
-0.248864560415323 -1.0428544265275
-0.888934362736378 -0.0599425933798481
-2.27902896902965 1.06380354407374
0.280514864464502 -0.860671649721339
1.5565926085597 -1.07773447322373
-0.490833754952165 -0.932345228331594
-2.0407027576147 1.23891525745059
-0.068538581401215 -0.978059608786892
-0.160437613719121 -0.924382004304396
0.121482448485113 -0.836263116664476
-1.78366144021207 0.627590488469965
-0.712739842604435 -0.478148862889024
0.769056028176429 -0.553665325606842
-0.413818548978753 -0.936864306604416
1.73939940295778 -1.10280581066788
1.41617090814357 -0.569783384370875
0.63883641695068 -0.518064876503543
0.144977025100294 -0.769098718463034
-1.65241775687217 2.09826187753027
-1.06222028103722 -0.46948133506279
1.9082933130994 -1.24796412471407
0.355228229740137 -0.631461303511901
-0.0352198838886308 -1.04905821744755
-1.13044821633098 0.371883940468859
1.40416872240468 -0.610280015323152
-1.09004562556574 0.04113684154572
0.854065291344316 -0.6533156170785
0.35719061867817 -0.834995236869763
0.242697754968668 -1.02559907741013
-1.13914844423412 0.264844562173806
-0.295110144331643 -1.00447691497938
-1.93283032746804 2.79764944223141
-1.15671899391956 0.527994963346735
-1.76676623038266 1.94590936513409
0.106674324397369 -0.711058827399257
-1.90800311476921 1.63921833417745
0.663069827917899 -0.254433713155049
1.26293964462879 -0.337277016987763
0.642454430755989 -0.389583614324757
-1.67809114095963 1.16375642260401
0.897052892219714 -0.44147519713475
-1.30522394043095 0.620684417289924
-1.0685465887409 0.166474728447621
0.790059901791964 -0.226169997200073
0.283605056327985 -0.521691816129021
1.13391515374481 -0.923711215320733
-1.00383034001991 -0.622213843846262
0.056343559862608 -0.982957500053317
-1.2341065940701 0.850773277160115
-0.28025330946731 -0.779824367248668
-1.54511503520561 2.17358813980441
-1.18579928108496 0.24099429665553
-0.290945854036028 -0.893979834236937
-0.652083968315534 -0.604396632682001
1.50634739314016 -0.643367822144332
-0.438765270809039 -0.951624261107123
0.363085980873228 -0.888734275803402
-1.70641284265578 1.25402355527025
-0.725317136161724 -0.211714516818411
-1.59328737515564 1.39753370992265
0.173001629544492 -0.992114825806347
0.445765148964476 -0.426806110611032
1.49206554359555 -0.767121551146275
0.273810827952783 -0.838264174557874
-2.36038011569392 2.38183305047284
-0.679527464640781 -0.664854640091804
0.300274670795756 -0.79378079177164
-1.49788911983625 1.66290715150723
0.129391303581994 -0.973353275984982
0.704404289255821 -0.454495984266151
0.602449630829385 -0.5310551998832
-0.247564151916034 -0.832178793361851
0.235560607933987 -0.754872750701979
-2.29422992428673 2.08528753587947
0.281562470009047 -0.742444722549436
-0.900505637959574 -0.304418277719561
1.85440524652547 -1.09796339990369
-0.167731311618142 -1.08383305944856
0.745828783062046 -0.227406470264788
-0.151619400415794 -1.05145683297957
-1.55743536903675 1.04655194648003
-1.03133112221175 0.604600081681344
-1.78652635813849 1.79089881918424
-0.255609123994203 -0.935765214802535
-0.12470309877556 -1.05360988285523
-0.629375442497368 -0.710542340520323
-0.591477382967463 -0.802876547461026
-1.4510113037626 -0.0351456072672758
-0.936912840897935 -0.213005586934856
-2.29986228968343 3.1962492984183
1.48731831658116 -0.78812088044227
0.401923797389867 -0.50863786774033
1.93745250641092 -1.27235848697177
-0.428021487387763 -0.995871344148487
0.532800612599683 -0.354491105087742
1.56156975911569 -0.792735479999181
-0.297406840868162 -0.935742382996431
-0.147719892828249 -0.982830534391689
0.847189519111223 -0.610007314050797
-0.907371255867166 0.0129034151580486
-0.30545338206955 -1.05530150085468
0.873378405609966 -0.116665242948087
-1.10532065676697 0.236094238315307
0.103830794872193 -0.91210106790733
1.00798562373628 -0.637052759115663
-0.21216443345553 -0.906302454554598
-0.683601390325458 -0.607877092473632
0.82020890681652 -0.382568390081475
-0.958071350820775 -0.644330014231464
-0.0661563082011133 -0.848167230249429
-0.524779902485754 -0.674305476277122
-0.306813497122728 -0.9106907187374
-1.04104359038133 0.461145545710508
-1.75342404128 1.55112787050905
-0.0763823255585324 -1.0670881588861
-1.26841489710393 0.239242955004991
0.528106609198413 -0.32869500950757
-1.56399685828703 2.40938479011142
0.197560729702863 -0.785091884271748
-1.53489239689173 2.46618657877337
-1.67926790512756 2.55156906195642
1.01070618285867 -0.53207158862118
1.96735561365667 -1.24688672621491
-0.544940401743863 -1.15306067470732
-0.672562200653003 -0.6497578892504
0.486038917973147 -0.43860470153925
-0.678926542845016 -0.522783786432585
0.0618415996879518 -1.07120823997651
-0.432350390580632 -1.02026852976972
0.814697921744733 -0.76756551320617
2.15131136678535 -1.33730634157907
0.526624291458637 -0.305988330543761
0.0936477226621913 -0.95322009036432
-1.13227550737495 -0.494908560900275
-0.671075144924683 -0.691492382217402
0.797507356849908 -0.237567612749894
-2.75124337340463 2.06753083949607
0.800318175689709 -0.375600894842417
0.49203233437286 -0.457895654136668
-0.429493450884069 -0.983929575810388
-1.1407434487914 0.112366544582414
0.825848869990224 -0.534376476652416
0.353324157398402 -0.553655051951862
-0.898083851011885 -0.425261735292197
1.04613345300727 -0.725889094943391
1.0562621789118 -0.408322468020926
0.242650362409205 -0.682599696767978
-1.30361417808286 1.28380580640678
0.534196734324888 -0.30674098927
0.33433208580853 -0.716939758872753
-1.10609297429513 0.967618396881421
0.528379219666398 -0.56534277015795
0.204752558964579 -0.973296434087849
2.16346088592062 -1.34028905294337
0.787879370787764 -0.125825222767472
0.515533888603377 -0.474562126005614
-1.94025117458076 1.29715220373429
0.536934818772682 -0.510555338125343
-1.78924697322715 0.624593598800772
0.725003408214588 -0.269102205563073
1.34694048220922 -0.932121070700723
-3.08889058448072 1.15391637588739
-1.0718926935067 0.151870042302836
-1.17771518525912 0.120190305841877
1.52835576414459 -0.778180249913206
-2.8833371454658 1.38585668587385
-0.445372527905142 -1.19302180445216
-0.0636578781513229 -1.02650803253407
-0.774497993395886 -0.383777446250109
0.453769033201894 -0.432431388775077
-1.22582683066923 0.791873557381129
-1.15518336340033 0.781448982699616
-0.327927052570773 -0.879458450846442
-2.15493613497942 1.15762199272247
1.19498497433054 -0.707434988326181
-0.437057022607179 -0.80428172283405
0.496752317018734 -0.649424463504167
0.529824822291208 -0.403138618729273
-1.31639009865674 1.83121525145774
-1.01378173093969 -0.0954785097568842
0.863172258070474 -0.15185601193992
-2.2485866619382 1.49564541485078
-0.11414850317697 -1.05836701556582
0.844358810366685 -0.591241334303795
-0.118328599688278 -0.935210508365555
-1.26549544114209 0.814920516030192
0.258857044069221 -0.809740295881948
-0.269601080583813 -1.09302741761491
0.637178345734687 -0.537435235527699
-1.15650415442712 -0.0110812108065041
1.59932715975044 -0.930994223364402
-1.27048138821525 0.315104213428643
-0.338721787138504 -0.946484925050565
-1.36370366022695 0.397676853901508
-0.40261806752522 -0.925279073677625
-1.31356852238623 0.494556583824551
0.458381040246016 -0.8746280725332
1.72441470384004 -1.0519911289136
0.654055036824435 -0.67319576087928
1.48324607001501 -0.77017135615983
-0.247884246575048 -0.965806786942091
-1.23032129614004 0.133971664450763
1.39942909214186 -0.855010886187659
1.10079141605242 -0.26902475974568
1.12305096029839 -0.583933982386032
1.78224641626378 -1.15960134438469
-1.53880910014907 1.09086976232634
1.95041718521606 -1.24148590462218
-2.05526797027188 2.38671174272489
-1.18355297686516 0.344462038259748
0.122979787531476 -0.737312515161892
-0.510572423161165 -0.945498790637127
0.818632713810674 -0.188305680043679
1.236926435018 -0.753219854808996
-0.923773457429033 -0.352028692665189
1.15045373823853 -0.187925986483387
0.327770660700517 -0.664300768514695
0.378119129228529 -0.538867544554552
1.70587965417643 -1.01830646654555
0.411307088174495 -0.549952828534577
-0.135050343382781 -0.997127527818414
0.586130054044084 -0.253563081850395
-0.390362615093488 -0.873728960550195
-0.398288399119052 -0.920345533384443
1.54643123024343 -0.839777353285774
1.38780206446161 -0.734499341892207
1.40476130503888 -0.977975084770352
-1.85185898885404 0.994940957510366
0.817593054420831 -0.349293884322826
-0.472763976053662 -0.810188936726367
-0.629970696041043 -0.750951849549575
-1.36821705061966 0.856954213817825
1.73956842064101 -1.1968838016693
-2.04923053052812 0.581256830942213
-0.242805052762745 -1.09867824082469
1.15330218409365 -0.120326508474758
1.43908340284274 -0.833520065100806
-0.318555710425169 -0.946001628098444
-0.109199871883141 -0.898537825470908
-0.489707003712969 -0.815970268935231
1.59005929075198 -0.983663753622591
-0.936841920638845 -0.161471307461866
-0.495249424803221 -0.822828310600216
0.354217789355829 -0.629458756254921
-1.10595466009677 -0.0786679418788523
0.680995342262992 -0.775329033427194
-0.743357669736318 -0.580873232246048
-1.14043031713661 0.331724605052735
-0.184537536580904 -0.968524947231471
0.37378059484458 -0.702424278426882
-0.129283690260391 -1.04029807432849
-2.1577186253876 2.82872922252651
-0.216113161363498 -1.00946967099597
-1.58811425243396 1.59742981368683
0.859026718509793 0.0523574782162806
-0.522512858829459 -0.765670977968551
0.89417618488163 -0.0636624540224839
0.312532009587428 -0.87738697583015
-0.65622718738599 -0.477794189867557
-1.6914690754138 0.898518222404013
-0.943552420371928 -0.0978193278184496
-0.446854510728676 -0.709555235435641
-0.566435503956292 -0.684417196016635
-2.62797039371448 1.22555014917125
-1.90036546806725 1.82519842743336
-1.15434238440548 0.575977446581617
0.287201021408073 -0.701422593629553
0.997459743510061 -0.249384586709658
0.270516326903583 -0.830084647020703
-0.820418930199272 -0.0697484173253495
-0.319621024766786 -0.902164915105117
1.76568671670219 -1.10781476975841
-1.13197473731065 0.847035236963235
2.25211425780499 -1.34791937153954
0.0958877577372748 -0.906156734596678
-0.999818094489967 0.54320756108373
-0.985065956225284 -0.0511276818846555
0.346695512112303 -0.539361171207466
1.32668083756697 -0.534592789479825
2.05673676163591 -1.30949630103776
-1.02980479112255 -0.0414346816401745
-0.0189979491367584 -1.07146310122792
-1.3061408151223 1.07555915721623
-0.245619160904601 -1.0526123648303
2.44097104390473 -1.31656409911983
0.815317754532789 -0.276046970492732
-0.847001314757734 -0.182682155177138
0.16770916094572 -0.785547661953643
-0.119759088946002 -0.892638720181268
-1.00634817686802 -0.385958068812216
-1.1772890565257 0.345504738597585
2.24664381788719 -1.34790011986787
0.750365496761997 -0.631292718344765
2.87540687170022 -1.18357213687072
1.4494662401839 -0.768065896600774
0.248083373158226 -0.825719696631293
0.521982627660399 -0.636115458892431
-0.754181428822777 -0.685647820392236
-1.11528938804136 -0.0320558756179735
0.634078383839052 -0.811667344123707
-0.232192239846175 -1.03421041349094
-1.23503391278056 0.724871343354347
1.26057394969947 -0.574655167818253
3.45985357477651 -0.674079733766208
-1.37589137091847 1.21906978479338
1.05762222385395 -0.630027706860774
2.33891268984371 -1.34208248237135
0.224007470480934 -1.16669675746059
-1.54337553448217 1.37867153076996
1.02705988553671 -0.350970911982829
-1.6562682428122 0.962381257269896
-0.380537559939961 -1.02752544235589
0.383622763107486 -0.942191622786296
1.95087374128535 -1.28564387359685
1.37146263451936 -0.873020048787328
-0.785565926346831 -0.678763335528229
0.566715099175152 -0.64837727036611
-2.61785865295488 2.28022431171558
-0.130589460409699 -1.01690063300746
0.50685530852109 -1.08312762272231
0.356145100266427 -0.546033532919535
-0.421874595582486 -1.11923694705018
0.289706647998661 -0.610900546396487
1.21549717233006 -0.553660753553604
1.6748204063058 -1.07605981256785
0.203354131134425 -0.731239766208218
0.335948002725603 -0.601695108411211
-1.37274129958698 0.688694763517427
-2.00250912520607 1.43827063773104
0.588356288204961 -0.497999053890008
-1.89417276124078 1.77453474329226
1.13095935700288 -0.382696405584914
-1.97663324026512 2.72794536003388
0.74514383412835 -0.704000390975686
-0.974991344272319 0.233687594427867
0.520257667002194 -1.00328520480824
0.425539199376356 -0.716230515682785
-1.7642275161219 1.23800515220744
-1.51572551691469 1.35910181733249
-0.492461830091909 -0.756307228841616
0.266793800338407 -0.938749709364165
-0.567166424616582 -0.919710937613719
-1.34578414366457 0.874678956903085
0.82044511181477 -0.303992855175499
-0.447413640698953 -0.982606146120967
-2.33699123026749 2.74594849997604
-0.201350222545861 -0.926610798271931
-0.25810130357807 -1.00704762588837
1.33060510545859 -0.726531679769826
-0.62743134182252 -0.598944050505138
-0.507215083603617 -0.763204569365901
-1.09501688757785 0.927092357811077
2.57076916977841 -1.27111797802575
1.21031565838873 -0.48897836601005
2.24931983251112 -1.34791958116425
-2.18708354331248 1.971753778398
-0.313240218101393 -0.865391177055342
-1.32911313182036 0.118334153048196
0.135218596464332 -0.740277649978579
3.47799237873911 -0.656498700248156
-1.20325451084074 -0.385989271790985
1.38449590025779 -0.629838769539599
0.243984544390262 -0.92465894700821
2.76447986202122 -1.18137952483884
1.25022864284611 -0.512722653448517
-0.328181004026982 -0.953448286036611
1.26420725094334 -0.278214193886797
-0.298679865606696 -0.92024715435278
1.1135453317363 -0.619928038048603
-1.44590024063812 0.707879220400891
0.923775437448924 -0.601945722696537
0.492915412395931 -0.271530366330877
-1.55841869610438 0.90205890603954
0.911246332329849 -0.410299826258473
1.3819714721273 -0.736312704248207
-0.938093417059954 0.435979989171716
1.75899877915508 -1.21290454068914
-0.546061909850765 -0.88320316985706
0.973712417407194 -0.473026670865288
0.809203681933543 -0.716739622665105
1.18084083768143 -0.388622070994539
1.33672920368112 -0.424283576970331
-1.49997200194019 1.04266135246868
-0.488872907030977 -0.893712382836962
-1.63936303516957 0.965431374030897
-0.232366884790272 -0.985469273180731
0.21521832156281 -0.711817748355828
-0.171692857759932 -1.10081369339786
-1.06076686055915 -0.481509727902462
-1.6827631247027 1.86676501056061
1.1470970222319 -0.0710467255175938
-0.440001216595143 -1.02135950893228
-0.582946802382722 -0.847329983301694
0.197380338507031 -0.840919325908018
-0.502046672928927 -0.61611864698102
0.155674195858162 -1.03489267889685
1.15174647185736 -0.627093223702137
0.672272352537206 -0.859795204661289
1.3196976552851 -0.743751045316139
0.171996237753634 -0.891802706124355
0.567917384366306 -0.823782659883407
1.13303075668542 -0.320052064573688
1.08995736852135 -0.738777218759046
0.699929118367439 -0.645662050031042
1.07913774636201 -0.394362748050064
-0.292644181776365 -1.20963215263979
1.13476661997323 -0.290556335173028
-0.244566955283168 -0.996205078068947
-1.37971801562547 0.101126971428248
0.0240016386142648 -0.80641318780397
0.506717476537972 -0.768591350222231
-1.32809487374814 0.898931016071732
-1.86131668730846 1.66511644838287
2.0050724654883 -1.29631238347746
0.366520302409449 -0.566233814529062
-0.25066037035242 -1.0172536508115
-0.0725950298758161 -0.955830701032431
0.112341538728179 -0.827469388001954
-0.593958223335427 -0.60339678473045
1.03581779323417 -0.288311565598847
1.51657011509975 -0.768844760932389
2.12605920042623 -1.33246128609226
-0.424489149711881 -0.704931180084231
1.45812649021913 -0.901224211067242
-0.831516771681825 -0.43932986938746
1.24773770913468 -0.790315725163047
-0.0668623852716235 -0.997811078613586
-0.292927347425558 -1.07254712807363
0.156581024268757 -0.749179996150396
2.03314372799304 -1.30440977294502
0.742022070343734 -0.112351970144935
3.11678729131673 -0.754545923541571
0.388449933236387 -0.859473374091519
0.800204610197157 -0.478299979697051
-1.36720661139981 0.045749397504201
1.05639116928591 -0.210306205629626
-0.846658776012541 -0.375953122791841
-0.429843270531013 -1.09888593380733
1.1956247471731 -0.360275847901777
1.3836569764848 -0.797201432890876
-0.965335293364616 -0.133247270627645
-1.77444732459174 0.695059487465603
0.594052196256029 -0.594477941088109
0.749872828255599 -0.50413684255853
0.571530969919784 -0.762765425695093
0.505142813748155 -0.977655686682554
-1.11177689598389 0.532849426781918
-1.56294524965911 0.949678323640566
-1.29953012224047 1.0911489459009
1.04603542150353 -0.425516692457453
-0.25974944493548 -1.01461028835445
1.31216885838244 -0.890059758421979
-1.96566132401118 1.38245828770953
-0.58859074488089 -0.911572540811806
0.112403131733219 -0.908927020668651
-1.53854853627089 0.408329366281064
-0.395732576587707 -1.06343664903351
0.0263282980631522 -0.970393718069342
-1.14196263932116 0.829296340561064
-0.142440708826112 -1.10606073572845
-1.59799504187126 1.99240776000159
-1.17916879509819 1.09830779014275
1.08185471100058 -0.842367911633796
-0.992264387903163 0.555703064969059
-0.699764684568193 -0.429375709303705
0.0809682918489915 -0.926391001915479
-1.60566224175982 1.20930064078889
-0.649791618916717 -0.733343411923263
1.52636110551787 -0.83383346207304
-0.0567444187439735 -1.05845081089084
-2.65610666263141 1.12712655176773
2.27775392098479 -1.3474277886729
0.790744693738237 -0.437327472879129
-3.15727493756891 0.0642042148388929
-0.243628237385204 -1.0000247922782
-1.10744578267062 1.0274938092378
0.180592281438133 -0.957358595213135
0.80981359556221 -0.412422200233608
0.796010634311185 -0.752838245143111
-1.35490574558241 0.0819034650175499
-0.237413919136691 -0.992329292143701
-2.26976330887427 2.98561555517372
0.725448027864833 -0.150315089880134
1.22306935244926 -0.646970034735974
0.745959409759441 -0.602711731629512
-3.20909589442389 0.418457784992609
1.15740184870203 -0.312189856624121
-1.54394122086021 0.342786683147266
1.68169980910289 -0.917232962391345
0.296703944025906 -0.472905357225855
-1.20400952191798 1.22945357247964
-0.990174979996505 -0.341377616362942
1.48920476495492 -1.08935207915384
-0.583690562171415 -0.88552915608116
0.385533654042893 -0.939616306103103
0.535134761770163 -0.196030943805394
-4.54676377123956 -0.0353041924256719
-2.13949096209114 0.575580076944686
-1.36987536937463 0.0552993160360937
-0.59062642375924 -0.90047378275572
-2.49673483792658 1.81256049610368
-1.06631662965712 0.689289664488589
2.18342832455318 -1.34498052289278
0.749722104545594 -0.822705497375719
-1.17812008432754 1.14964011214202
1.31973672873847 -0.533998390814101
-2.07967053256705 2.72448228774261
0.0812746613306456 -0.894348410251381
-2.73654591853348 2.8339392324579
-1.15856442488555 0.423897506734847
0.576582519592508 -0.290099805982083
0.758269890648236 -0.25905889374791
-0.75489617929235 -0.51172066520181
1.6364220330857 -0.822624316423965
1.16300548809144 -0.40040430479609
1.16433640323774 -0.817963465262453
0.0237872081314665 -1.12581739065604
0.168853217425585 -0.801439889320956
-1.91690841087666 1.39912389485129
0.380588367673528 -0.619507547898092
0.823465911388414 -0.0277504106895948
0.043075394634963 -0.965953632979607
0.54818456883095 -0.835723479145423
0.740492570913811 -0.41771310818546
0.940950202991682 -0.523499886956321
1.8178814601036 -1.21732624645527
0.822540600427346 -0.313824382329857
-1.40578818175988 0.753427906892032
-0.240893825308995 -0.994167656465551
-0.0661734481008669 -1.02067132315269
-1.12898316666694 0.23604732064246
1.03285478823586 -0.235105250738097
-2.74908156278214 0.768063601449204
-0.623385898250411 -0.796140227250703
-1.33190825923929 0.437273881119613
0.209620727440605 -0.764648929061258
-0.170636787330181 -1.01073493396188
-2.04955120026755 3.19535644403225
0.729789656950094 -0.19865599027678
3.12477722973798 -0.97826819872584
0.464380196317122 -0.685997590606998
-1.02712741717253 0.27176248805429
0.498298645819404 -0.636413840116926
-0.1233579449354 -1.06299715817268
-0.93795544464537 -0.705242873897837
-0.760329323955274 -0.406683176946996
0.317402744822387 -0.594107768127398
2.82297066674904 -1.15495853419248
0.719416101437762 -0.678035683394017
-0.369047785726224 -1.04239188847234
0.744511675712184 -0.122374417956874
0.529167223504215 -0.396093084517433
1.93891125309407 -1.24292778309031
2.51125846451485 -1.29583954440407
-1.88750646830036 1.94308829758983
-3.20913574833002 0.504974343715284
0.449878173465368 -0.585854946035159
-0.0109081184454009 -0.954088410293021
0.524668364682042 -0.23461392234943
0.766796358730757 -0.792825711991108
0.447722220111371 -0.407559815000533
-0.782315613206239 -0.346523268130261
0.982662636936381 -0.295154423104601
-0.350848573232577 -0.803806165792488
2.24151529564672 -1.34785117501486
-0.604939097342659 -0.74771602555962
1.93220236016061 -1.23894229450677
1.54978920703122 -0.839868482556046
1.73558166451647 -1.12664272264226
2.04237252048858 -1.32291028371098
-0.276512198582638 -0.799388467794082
-0.61862642085057 -0.872282985354325
-0.288200080338454 -1.0193314090485
-0.218010877868172 -1.06868924639577
0.561301850367467 -0.363295011521025
1.29715330898936 -0.492616928594441
-1.41279641855787 0.447530976662529
-0.409440356339175 -0.955663884105473
0.361906991838332 -0.780427414873413
-0.955552260185036 -0.0152385689839072
-1.09484151713722 0.0236001941250267
0.489140572087974 -0.339897562973205
3.19096304107773 -0.869599398924312
-2.78541079671578 1.12910773929496
-1.14334801699019 0.440767632815167
0.123182848569878 -0.73118605911488
1.22550126703864 -0.503328338898019
1.67352680731479 -1.00671763688115
1.70181049033121 -1.08035935484437
-0.55095661654274 -0.68600687019286
1.06288170630955 -0.33552241079767
-0.388014184304953 -0.963905859801455
-1.38696455348573 1.07262064128863
-0.609547265235736 -0.866313189320791
0.817621017511344 -0.325934042146806
0.660304234002465 -0.631298116559575
-2.77068360889198 1.14071524424179
-0.443034241955468 -1.09178852982836
-0.140900890993669 -0.921800483209805
1.57235292508351 -0.937555627416863
1.48938989405754 -0.867045279971845
2.18376148146656 -1.34498439111944
-0.418227796837564 -1.03063568282412
0.761018021802449 -0.717327124821225
-0.876098297817252 -0.323091772406154
-0.687289303171241 -0.600993525712074
0.242166147320963 -0.668065516425621
-0.739531454775737 -0.463355560566626
0.255885510689999 -0.837676859186664
0.323225640132866 -0.957984332298914
-3.08979390840217 1.07907857110288
-0.355188807239186 -0.949543285917687
-1.58815137910547 1.56381529905304
-1.45535041425928 1.02160249006263
-1.31828715830085 0.348160566325561
0.0695081676407519 -1.02275575975005
1.0811144536927 -0.854064767789309
0.115690857364295 -0.908288910988504
-0.310085934976234 -1.07782517855339
-0.492819030661615 -0.931196788364675
-0.576897316387223 -0.856106945933706
-0.627264221109007 -0.544281725654695
-1.76729718882308 0.416439442427416
0.0171278950735022 -0.903681632655186
-0.770470066228882 -0.883228527951214
-0.965252407707127 0.239416274656851
1.28222563384543 -0.94246906649003
-0.81124070530633 -0.607299023802697
-1.5699066056431 1.5089360578092
1.97418809641649 -1.27245485826437
0.343602800897532 -0.804367047139239
1.4016643370036 -0.740229828484815
1.14342576741051 -0.653989493242043
-1.01509192806978 -0.15800480768192
-0.313667958800036 -0.918554330645012
0.51007808292169 -0.742455208012543
-0.450066961294288 -0.936523152110582
0.598904248182772 -0.257960646934403
-0.176948959990977 -0.867154977470794
-0.740998051780895 -0.58283512020414
2.6283091756293 -1.25776854034898
-0.322150756162613 -1.07580443044047
-0.8077713425924 -0.418736767120537
-1.00021142069656 0.0692282273256897
-1.05543837802451 0.203666979626704
-1.29249214419287 0.0828029298851288
-0.862353504604289 -0.541968152916682
-0.595141867672288 -0.669341417138669
-0.237115373171972 -0.945568094660335
0.923869420219411 -0.200103203462428
-2.36814999956452 1.54887520582803
-0.240328536013662 -0.97578761170778
1.09306684334505 -0.514695940156167
1.0162635616706 -1.00953952038174
1.97841749273053 -1.28744405401434
0.620477837482775 -0.301605968043541
0.193221291068624 -0.774726116401057
0.232569279703959 -0.855859275139884
0.415265149528481 -0.825047335548602
-0.60934259214564 -0.481338133403837
0.498449976290197 -0.603666832166362
0.144192555670928 -0.879345838077499
0.456991726191579 -0.606634070137069
1.99134663416061 -1.26168851503763
-1.82686126811715 2.54542828835898
-0.913133604461605 -0.353623070975797
0.771563696066922 -0.685256489137889
-0.342523683584978 -0.873024296138561
-0.759388170144817 -0.372566645568868
-0.477140013088059 -0.656495847357275
-1.7625889617483 1.08816628234992
-0.942754386323709 -0.452170995772773
2.15741981203094 -1.34077622978693
-0.777147750020342 -0.208395884983797
0.315580995586543 -0.802971933793707
-0.202764890233238 -0.924671320409803
-0.0808121931108501 -1.00313815448216
1.51691612705151 -0.806581831470669
0.791500036906767 -0.532001718948552
-0.322210902095304 -0.980697924530441
-1.04580020358686 -0.433696538611101
0.0619926033240365 -0.943876990266271
0.771179136473798 -0.596431156317731
-0.103914901099446 -0.950739196965049
-0.232600267397817 -0.879596464029078
1.467895881266 -0.746101741228704
-0.687411418374069 -0.455493446423853
-0.411724290514395 -0.942624038926774
0.788114427224033 -0.566106592910538
0.787390736679837 -0.713408048845042
-1.16034864786891 0.436634247034512
0.472963745822829 -0.731470586520012
-0.806338502697352 -0.466885600899221
-1.74534222870221 1.08072316204928
-0.0731622423200014 -1.02814110594028
0.0250138971396851 -1.00859092887095
-0.0754183640875562 -1.00743799076918
1.73007892685438 -1.03717970688282
0.52553984460744 -0.270430665935843
1.61671263400806 -1.0056320370303
0.172423778367725 -1.02631722742761
0.965983941330288 -0.504676298512524
0.571549998095362 -0.975820634534519
-0.259997138706504 -0.902603439185004
-2.52282430060374 2.11423271346188
-1.66525818091822 2.23188528415478
0.961201031505979 -0.399719226675779
0.380241201017806 -0.670112374524164
-1.55299711691048 0.734820744273057
-1.91983250130815 1.16526543733898
0.0959835913397458 -0.97919437838586
0.488457340697954 -0.597975138474215
-1.27412703910671 0.0625802834536576
0.451672688137332 -0.427889768077923
0.88231234393677 -0.316808348988711
-1.70818424946744 1.23381158489693
0.105476950039687 -1.03814342545053
-0.579104412806103 -0.788620550378
-1.68888549930088 1.97428490455139
-0.895918072600199 -0.208801791505902
1.92863499961502 -1.20605112725888
-0.55484060124332 -0.544480610223655
-1.13717979249965 0.774161760095169
1.5269911111891 -0.855770712557756
-0.267808502557389 -0.990221247176237
1.63724079548297 -0.839378055806255
0.345627417156226 -1.03624034423557
-2.15056739116506 2.40225372804214
1.59077682795086 -0.866843099958506
0.0362037372126479 -1.07846083280026
0.554700972102472 -0.716946342853091
1.73606421411025 -1.1122935402745
0.0918287380536791 -0.945238005281342
0.24135308348354 -0.804740991759969
0.246573226454269 -0.757588299043984
0.135784711270972 -0.849583586843904
-0.128568758739018 -1.04876333170098
-1.11719400581415 0.319586848274874
-0.145054777018211 -0.910615166533142
0.865378548528382 -0.618420648277051
-0.0828205394239985 -0.960312090708906
1.02693539480886 -0.608381325457766
-0.918962291565603 -0.0134200582972224
-0.0372372497527932 -0.968208124483926
1.4407013502698 -0.638544445514665
-1.7564060158492 0.568003485471429
-0.831760908784091 -0.00128119718614267
2.59954790262355 -1.2534698352449
1.00174923813655 -0.157766246878561
-1.21492450807436 0.900279437748583
-0.465401125068852 -0.875367026885198
-0.672457051929331 -0.532516941827126
2.03895392090624 -1.31663879364895
0.457533275777812 -0.632493204854083
-1.1239326253596 0.0796549456822768
-2.39336501799299 0.857828678120774
-1.09677400826552 -0.442279325339661
-0.0441391225880345 -1.02654802760699
3.50245905778807 -0.649475861134463
1.58425538394616 -0.796974889900166
0.0435360396789639 -0.836143243101138
0.128654141949519 -0.920846668362315
0.208868136967101 -0.935834574109202
2.398059862033 -1.33550223924203
-0.266654199222448 -0.988597420958913
1.77366719228761 -1.06726583533658
0.24473555939663 -0.814094957142911
1.42794800684708 -0.970009073386465
1.33728505258541 -0.54106226739213
-0.50391886376931 -0.841890343888765
-0.642028762790894 -0.846280214574063
-0.259594277024733 -0.947781106479891
-2.86475899732578 2.36611632739735
0.0401599086101145 -1.13996254509322
1.05262156562545 -0.465680183135606
0.135403908087672 -0.972981362525464
2.64175389969742 -1.21331147088134
0.458781050926532 -0.471753724286909
0.542389182419866 -0.717645913987107
-0.237754916544779 -1.00692171224239
1.07603877976582 -0.540674801214839
-0.527467706650578 -0.869968437007529
-0.872553243802699 -0.417205436047404
2.30121999856869 -1.34559078436951
0.926922718282654 -0.283639803892175
-0.0815109236378161 -0.998355124117297
-1.30666534405019 0.316203140194296
-1.12515495456656 0.123956955007685
0.02822452736955 -1.09486125957781
-1.66590181794496 1.70963945232733
1.05151789306098 -0.466122741766355
-0.518804528594312 -0.700393851214486
-1.52396594709368 0.99427158460721
0.917123396282573 -0.398083211796458
-0.867449716623068 -0.36866995681054
-1.48545809534526 1.38207938436332
0.93975512819243 -0.342090408724378
0.144731637803416 -0.896206559035465
0.33917502844052 -0.644934077646461
-1.95842266692416 0.121130630090529
-1.42215653030597 0.00962094882949838
2.05188085831062 -1.31771284913314
0.578933262012308 -0.403078868134783
-0.767516521856064 -0.124657052000698
0.817711282494771 -1.20950913320288
0.313683765220443 -0.730915543320137
-0.836718983362785 -0.632034020308272
1.93202734514951 -1.22908597578151
1.05732113229349 -0.46442235111283
0.356463401476554 -0.522316847953377
-0.642907057149948 -0.679579330128656
-0.686984858535143 -0.603240057759399
-2.00729440799146 1.78112484879293
-1.90765481911198 1.10527441001492
-0.163826525413289 -0.962060224155164
-0.332269834483241 -0.942517668108138
0.653750111818995 -0.923513774946315
0.769717135825825 -0.247682508624998
-0.454730377941973 -0.848340064732943
-0.815186144250325 -0.103673442316203
-0.311432426845407 -1.10945879292593
-0.261030130460822 -1.14362671848429
0.279005851480539 -0.793895940860792
2.01459814075786 -1.29079266517192
0.220260552841346 -0.988235478309486
-0.568586580719525 -0.847394452193381
-1.29485067340921 -0.172149289290904
0.536613895048292 -0.282753702822385
0.693713424970388 -0.762263768658506
1.34003332023424 -0.471237345519174
-0.386142636034202 -1.00119880204113
0.307212013426896 -0.542849677330913
0.174818984164184 -0.838450978983685
-0.55485906778133 -0.783553589800413
0.463078172478127 -0.879532022215939
0.863449047140564 -0.373216535692559
-0.0986323410985941 -0.998690950934019
-2.07815100503226 2.56623657997123
0.843432044348387 -0.298798973922752
-0.765459931299597 -0.466300089189837
1.82375178103158 -1.17751324501463
1.16043351043453 -0.286843082414207
1.02242284052811 -0.172490050659101
-0.156575276862829 -0.957855420574214
2.30389581923483 -1.34498429710898
0.193316378751806 -0.936430183807385
0.231060071743792 -0.61252853773573
2.09146406664846 -1.32392937088285
-0.994434824394732 -0.31574439784013
-0.428686907613611 -0.887022039799498
1.00053501059922 -0.487564527155352
-0.8552595778058 -0.387948095995579
-0.678204297995002 -0.540068956060326
0.121784716553391 -0.93431170022997
-0.732706139458452 -0.882365221679746
-0.159230691328883 -0.901436036765034
-0.736592955144008 -0.488954976924108
0.464705926399457 -0.414508844358816
2.20778786177325 -1.34618539181675
0.645389442614723 -0.573555069500063
1.47385382794111 -0.879082998485985
-0.346003168371774 -0.94076142962488
1.14186683080381 -0.538160998991535
2.34231338806175 -1.34005179976143
-1.06976347071844 0.376213290453772
1.47038128763449 -0.768426638554375
-1.16282375878165 0.238717885215119
1.44379598242236 -0.615603550307039
2.09877724689616 -1.32067069663387
-0.647213869658456 -0.788517642816342
-0.74460483760922 -0.516619430976856
-0.989211919788707 0.0945875465064763
-0.301323144411662 -1.02735727762123
-2.65255926637583 1.27196617436737
-1.42131198737502 1.34155095975968
1.62186474720536 -0.955618078339358
-1.08485022447634 0.00703198145649889
-1.24139811168748 0.199782279124707
1.0903374213015 -0.366307909086663
0.667253426761505 -0.270339182729092
-0.63797249823957 -0.691128952218208
1.37596484421739 -0.477742171275543
0.601272209653065 -0.344809822137691
0.367158490315996 -0.59080672710568
2.52935263770527 -1.30948862100204
-1.94579767512548 2.53320390092039
-1.80732294663786 2.09224165998434
0.584819224297184 -0.478732355531241
0.190195854220834 -0.905886550787223
0.196495063552507 -0.797948014993514
-0.067635574285147 -1.07828575540033
-0.799096535491825 -0.356193386015241
-0.316315105145136 -1.21840534794672
-1.98835231928081 3.11125242991956
0.278151131159302 -0.805263705602445
1.38187672642947 -0.833158308816881
-1.04953219445478 0.29543176468298
0.654917964988619 -0.642325195696303
2.23254585387286 -1.34762439634011
2.27957601498322 -1.34730968173694
-0.461006956082644 -0.994447447181087
-0.121460490065862 -0.982367624084815
-0.123078802173744 -1.03087892435928
1.76092299020349 -1.17429213391233
1.09455734897446 -0.296882289590896
-0.199938936714557 -1.00602007480839
-2.82470579030351 1.88851610734428
-1.20066928070646 0.428701274552028
0.507070063755117 -0.723206449470839
-1.47780636837065 1.40168327053843
-1.79538317701278 2.15044543218592
-0.664335749507992 -0.632325392501006
0.834354536931634 -0.0187905359297529
-0.989162936696791 -0.12049460433454
-0.593430540489201 -0.876224635663613
-0.665198542870478 -0.855186018799069
-0.565359024383821 -0.847806876718668
-1.19790745328978 0.21435493230825
-3.26425005209317 0.301056741789275
-2.13401972236279 1.41026085363262
0.28950549404192 -0.869923346246768
1.39080167451706 -0.957293641646916
-1.35590101993438 0.282383710095746
-1.31291840337072 0.579058488636198
-0.0324364079083932 -0.868947163605562
0.94239235371934 -0.317912052832441
