-1.31661621344532 -1.41632266360025
-1.33074584368123 -1.46712269585473
-0.407102682597775 -1.60235615321131
0.872376160305726 -0.818941091368577
-0.294291236848472 -1.58343025378625
-0.529972587665067 -1.61644735252133
0.553358463917718 -1.04761532225392
2.44558925360593 -0.454297008448397
0.38155710806067 -1.20776075160257
0.825636130889856 -0.639772031243985
0.749582200258855 -0.903259867644536
0.597197346219634 -1.0762956399089
-1.06596001246191 -1.47847136839994
-2.19973137832587 -0.846609387201024
0.27853482065668 -1.31923559607214
-2.42875998711365 -0.536823347489043
-0.736130662143644 -1.6064026640144
0.251504492253162 -1.40050646519361
1.13584914851131 0.0548873851732472
1.36766981669644 -0.205777243910492
-1.33828174568519 -1.34443628183578
-0.44335993615958 -1.60961315570409
-1.1781000782913 -1.46947318244055
0.222388353096942 -1.41803093130455
-1.29753203861242 -1.36870780228645
-0.141541285064225 -1.54961264324331
1.53199591804119 0.0642045249635675
0.672497094315801 -1.05085703713181
1.24473076821485 -0.656844897739021
-1.29718197151151 -1.43076206823017
-0.288504686024748 -1.57295138208228
0.572550226974944 -1.21663109048489
1.16516183610887 -0.597191471952427
-2.90269480056444 -0.249254748747234
-0.504788701007287 -1.61553711488151
-2.53031395657221 -0.863474219248008
0.755497735304164 -0.688881783903241
4.43086254830705 0.187349888641775
-0.314275320845848 -1.58829862278581
-0.387361586265514 -1.60429320316183
0.28449304388723 -1.37667760667353
-0.542744708013512 -1.61710588942207
0.285697889206581 -1.44579413906016
-0.796402227173361 -1.6070120778843
-2.83293349457689 -0.475288156693097
1.17268229123002 0.0237912978676832
1.5224280810551 -0.36423738970618
-0.596756821410925 -1.61763805885795
0.0363029957933974 -1.48099359219143
-2.27182221373765 -0.986557302775203
-0.787386848180983 -1.59630366102468
-1.35462161537577 -1.35597053677806
-0.57618640106703 -1.61767513339309
-0.715716779501347 -1.60720353851265
-1.3208372213486 -1.35646246881694
-0.783760285526232 -1.60607884662131
0.0902830017012876 -1.39937770377876
-0.957457594834593 -1.57736646974832
0.925660880770742 -0.799173959459233
-0.663663779723244 -1.61553387837695
-1.00133055353936 -1.54716297661247
0.957055017407856 -0.430564692274988
-0.953950922354684 -1.58555636342404
1.47275369854874 0.300735995446321
2.63244615105073 -0.362720788350546
1.85671308146191 0.800255870351681
0.581032031134743 -0.912662686632915
-0.808332319591723 -1.59518960867742
0.691244386291001 -0.935435145866498
2.79126829760858 -0.659555957321835
0.181382535258068 -1.37989796527788
-0.367339875403115 -1.59682764104681
-1.31852559139661 -1.39928237192327
-0.243221658781271 -1.57876144769599
-0.683543425513517 -1.61288704924679
-1.34148675219083 -1.46951979882554
0.385278473426077 -1.28285632640829
-1.02926075094394 -1.54604438579064
-2.26838264621814 -0.947741786832511
-0.860509296802187 -1.58103605922026
-0.0852050028530051 -1.55613903675344
3.77866354305689 -0.0223727402244392
0.439566672224249 -1.13873982365
1.3012903659107 -0.320153602481172
-1.38536058764223 -1.45331301410659
-0.391188751964603 -1.60419005425761
-0.20417880276004 -1.57362089304538
0.542296956606072 -1.0610253099469
0.768074173186235 -0.723580101603893
-0.154875957692721 -1.53532892857286
-1.91367367106829 -1.03827511836786
-1.12788445534159 -1.49068352340381
2.88291472463301 -0.647828839836287
-0.587064029242777 -1.61768992963788
-2.12194432763889 -0.947953530852677
-1.11393487499431 -1.50346879818081
0.343992624960077 -1.42040793966787
-2.68382311854596 -0.634501857157768
1.20234730935856 -0.210500691024204
-0.241271318274108 -1.58105213501001
-0.742628124203772 -1.61362392114741
-1.07082804168721 -1.52017062336533
-0.404042313958706 -1.60556937469289
-0.878781859055076 -1.5912187305603
1.1834746865851 -0.421327425945684
2.57257911863664 -0.372422108403679
-2.11767798924535 -0.81054737068753
-1.73998001170972 -1.34063730710504
-1.67103215593041 -1.32991682908602
0.540647239991913 -1.2150517844266
-1.64272230992921 -1.21739222622875
0.870422899629357 -0.595676613663687
-2.72505326244046 -0.238904686300946
-0.379354940523691 -1.60126723919466
-1.32068889427449 -1.4718120562407
-2.67964051390678 -0.607991796018432
-1.94423124027433 -1.06290437755779
0.552844583345889 -1.04398904983605
-2.63072640985988 -0.220948638934124
1.29253541867275 -0.0745948497977333
-0.335527408278504 -1.59370241223855
0.914859244299236 -0.174964494147867
0.17769530184752 -1.38366415894053
1.80021064224047 0.528966210019568
-3.90175133049298 0.116943968173426
-0.843819217212345 -1.59827739917578
-0.0196312088603062 -1.52855806952668
0.100372768615851 -1.39002746847297
-1.03914473056255 -1.50943860111243
-0.0868988028208807 -1.54019516392819
-0.127610593623934 -1.5504866630575
-2.97053256239817 -0.0802372664972489
-2.05204077717397 -0.99947772147542
-0.497461399285597 -1.61391434150942
-0.303609145277528 -1.59245638927476
-1.50684186590411 -1.34848836872284
-1.58086523996097 -1.28232212871874
-0.200925734661449 -1.5716469263804
-0.665871374406494 -1.61435889475706
1.63521787806454 -0.80957050121767
2.46014646705938 0.198722487602688
1.17558080298519 -0.430256044390679
0.199109861811484 -1.37290053574871
-0.882361179002405 -1.59076910392726
-1.38803660651436 -1.37131768687474
0.470384037448225 -1.14537440707065
-0.170967105266462 -1.56895407266002
0.801292641413342 -0.99363742566847
0.508691186834895 -1.23629255159044
-0.488431206854847 -1.6148076644006
0.0451259261999517 -1.49695523862454
1.00015468251113 -0.676007046354109
-1.82826413449672 -1.17579265213058
-1.53279990677548 -1.42320321375993
-0.331203750190481 -1.59528840593352
0.243319190857147 -1.41264182371541
-1.59877615708382 -1.21222906582479
-0.0258365249250024 -1.5060279334505
-1.30064788510564 -1.37355096971194
-0.0848942676099204 -1.5445476302417
-2.02575323926831 -1.19850909844158
-0.335940699199265 -1.59741701034143
0.300662585198776 -1.34903962048458
-0.201203360105073 -1.53668612345574
-0.674976466512314 -1.61385756559305
-1.62210298040237 -1.29412910453536
0.769400488577855 -0.625216524306975
0.838123800488601 -0.724922514410694
1.53662633610536 0.83710087738374
0.523381635854478 -0.867583303081529
-1.56066645303961 -1.30216719071406
-0.864319171710944 -1.59344129902084
0.366315714872269 -1.21943252754488
-2.22925296345464 -0.764718307502346
-0.6630114124035 -1.61504890922681
-0.105278817418684 -1.49950925817193
-0.35186674727133 -1.59856709630963
0.136819880501555 -1.42870304931339
1.80573702062946 0.354427978448025
1.27148808522103 -0.495109502815893
1.28324745073868 -0.859335561956984
0.145834218892153 -1.38458624213401
-0.793967865550973 -1.60366823232033
-0.273710543699414 -1.5841745674847
1.30806419558211 -0.059575763159991
-0.10900100823807 -1.52200684013457
0.314438660114097 -1.39294976701698
-2.16494582521659 -0.846326723302399
2.38370382195564 0.255518562196509
-0.417572847399155 -1.60743549842382
1.93535938785721 0.526243523545403
0.262598483701101 -1.33931619262838
-0.816662736807268 -1.59665407752188
-0.5192709334682 -1.61570070018366
-1.2897592490578 -1.47659420704771
1.01497484317378 -0.290608378625365
1.15086579072244 -0.344945164801882
-0.290508180985012 -1.57625638936401
-3.13986757461652 0.344710078394315
0.277167925412645 -1.23612824295369
1.89833374179396 0.873916044633206
-0.217349856672073 -1.58256469608998
-1.66695231511111 -1.27151352018261
1.71031938538033 -0.544066228699824
1.34068334388156 0.237319138030732
-3.25254701483453 -0.474990027499758
1.92007156968768 0.596973928631436
-0.211413926196482 -1.54834294025009
-0.153342885956614 -1.55108419774686
-0.377221920778574 -1.60093861576495
-0.833403946268667 -1.58319519677245
0.0983686333714611 -1.47760340665681
1.242035015377 -0.217618386204835
-0.503926822980752 -1.61534229502668
-1.40634912638958 -1.35283366672778
-0.269563860041368 -1.59846254664044
0.332402046300897 -1.42345586447923
-0.810028700320744 -1.60003854466814
0.255353506897659 -1.33811549986056
1.27754647644711 -0.458720283365236
-0.687360207991389 -1.61322290808952
-0.436201060470311 -1.61203835777634
-1.10456172070146 -1.50461044459705
-0.133019426145432 -1.55060326277946
-2.45420335504323 -0.684166187624155
0.446973983832431 -1.08931017216074
1.23922021378327 0.0515636446727093
-0.96368957762786 -1.56998697229552
1.33992170771257 0.420046590154862
0.774431318234427 -0.775702980354964
0.273685657693905 -1.25116184789804
0.297355759001269 -1.23463811497918
-0.0215375228331431 -1.50117247405026
1.62341143810483 0.977480168466936
0.931758799167646 -0.752438119136798
1.53830026042643 0.184795296737174
-0.00916574924376722 -1.47611136589963
0.595043526635194 -1.04744008680987
-0.130482421010235 -1.5504004443689
1.38606197896617 0.192450690253614
0.464693518364161 -1.08712605833378
0.357719379624323 -1.25841270430592
-0.010218842092408 -1.47465063434396
-0.864430248708078 -1.58685959895748
-0.093913668035227 -1.53002565165381
-0.0869093774334444 -1.5156323149575
-2.02528321085895 -1.03472726903611
2.59679613955628 -0.737880290299842
0.518907607575053 -0.966354957560957
-0.276106808889665 -1.58306604517039
0.0207167652270808 -1.48827144929918
0.587628367972766 -1.00685260962596
0.168652392180269 -1.36185577023825
-0.0706998676931683 -1.52556456150947
-0.561448829939871 -1.61754896508896
0.231432598289141 -1.34862562626128
2.01950634622995 0.151391304807352
0.456072755427741 -1.23324452944716
0.0341575920249293 -1.47544017358674
-2.41610306912003 -0.920706063698997
0.0788899615573604 -1.50505184379305
0.231813391444628 -1.45909023182588
-0.64554202838155 -1.61698925303852
1.18391501870685 -0.568487800633209
-1.26017607985464 -1.46410147471162
2.31682051217026 0.256605755458314
-1.63920116434559 -1.12326225943286
-0.555172307807722 -1.61747151054061
-0.00849443673077012 -1.4481673450928
-0.254265926629256 -1.57759946490826
1.24048820748845 0.249167521701147
-1.06234159035431 -1.53326565814879
-0.669971171803364 -1.61447692855512
0.233041960006978 -1.42765490469685
0.386107909189164 -1.32309694800409
-2.3251114216521 -0.803656549768703
-0.00927892314229666 -1.48425331808635
0.618471701144044 -0.999153256094787
-2.47841736139383 -0.254255270620766
-1.44325433945208 -1.21019956741736
0.326463544573836 -1.33689789663688
-0.256500623517559 -1.55905892796228
-0.816499367074998 -1.60051236389007
-1.35136877580399 -1.3789909751029
0.328014781559599 -1.25451271209293
-0.804537281605335 -1.59640000088471
0.643860941167132 -0.988416091389154
1.34795532694334 -0.044607948239529
-1.38820799224442 -1.46885309068493
-0.72266468907127 -1.61278949757239
1.71562104009518 0.0669506855409083
0.58365343883523 -0.850623619252019
0.599527755265861 -1.22201481470458
-1.48457587381862 -1.35045525591186
-2.47728508428654 -0.390592759231667
-1.53831422717534 -1.28055587531642
-0.837662764469815 -1.59124071985653
0.839801461867263 -0.91188055459373
1.50741626133108 -0.216118894848947
0.488804852509328 -1.22857773350043
-1.42302469441213 -1.41106018703524
0.333912616749929 -1.24441844049913
-0.599666980272737 -1.61759165765163
0.408992466513061 -1.21273569314795
1.60125785320022 0.389548743990892
-0.173026951637284 -1.55587258637807
0.386479396325488 -1.14335357946635
0.151810203359621 -1.36106297203861
-3.54941916714193 1.05881376136976
-0.456987712502874 -1.61360082953807
0.239671336978353 -1.36588752340785
-0.482092865168973 -1.61321227560387
-2.60233284947892 -0.58707536267061
0.234727968373156 -1.40944272559497
-1.36156003386537 -1.3941670991913
2.39585977831188 0.0620730093535174
-0.942958609310193 -1.55026053448682
0.15026321650664 -1.48558670602328
-1.24014002467386 -1.45245724643611
0.541373977871777 -1.21303256401111
1.15812529713519 -0.0311695510159825
-0.58833604410703 -1.61768392890931
-0.373465067157324 -1.60474484304762
1.1712487148823 -0.225147542489963
0.889388124202218 -1.10059239485152
-0.678815311688047 -1.61491716579086
-1.15388679120067 -1.5596062065301
-1.3283104398718 -1.35434856005706
0.634081132555327 -0.754027907586969
-0.170957943664922 -1.56600511480761
-0.748117887646561 -1.60839826352641
-1.00674115487842 -1.56388605726585
-0.879766714664456 -1.57458570110666
-0.0205227389453698 -1.50549546199217
1.69018895126657 0.539016390827439
1.50575812004099 0.367511206892037
-0.424789291571682 -1.60794364702083
2.15048040384688 -0.0596948455452173
0.715242198065026 -0.486039244377198
-1.39978596229629 -1.40817414621842
1.07635441290477 -0.254127573764436
0.321686115593056 -1.32789434671407
1.39775140978034 0.881887509827523
0.338038235322166 -1.28151421100597
0.892025010976484 -0.571191644811478
2.36905171766525 -0.294775116136532
-2.23436834017301 -1.19865248662452
0.421454734902982 -1.15891812359622
0.0737924489056023 -1.44318595188794
-0.252691184354696 -1.56089829489527
-0.506899917838079 -1.61523766419027
0.23889744041065 -1.45294466745965
0.661317504670131 -0.949600801367919
1.72394576294891 0.822588084056565
-1.56816153548001 -1.4526985027661
1.81758734501382 -0.855424070587389
-0.160043475950918 -1.58057830288837
-0.473121521386679 -1.61469949199281
-1.56153322086591 -1.4139621913945
-0.243697618513091 -1.57342090236345
-0.804858607017778 -1.60123014372635
1.17492875477847 -0.0304522525922188
-0.286315512369397 -1.578509358279
0.569890831132985 -0.973122439513646
-2.368961290178 -0.58845416772992
0.214003806981839 -1.38277542810734
-0.624557712924852 -1.61684493629252
-0.352516932741338 -1.59740769487002
-1.59418038907393 -1.14234834112793
-0.33311054116284 -1.60757335906813
2.93722020161268 -0.763948710100313
-0.654207347550129 -1.61566870337323
-1.20075592904957 -1.46224155120414
1.04322604142904 -0.550973832314811
1.32962790816092 -0.968851687004922
1.96538788668115 0.226171622893001
1.62699388405934 0.264934221004558
-1.89821254387839 -0.991820923235197
-0.080695451796891 -1.53665420099293
-0.0883346566493639 -1.53187254046659
0.0387055001544619 -1.49497853793516
0.669166150881281 -1.06713936794498
0.702012555243583 -1.00152053817261
-0.965136587220745 -1.5600441622396
-0.811139473981345 -1.59013840529718
0.737871435768487 -0.977076311733425
-0.69413979245908 -1.61312323749383
0.32802916075464 -1.35770461105836
-1.04878931464227 -1.55808522982857
1.00984356051047 -0.855569088557378
-0.763208808180217 -1.60025775355158
-0.0227391336249093 -1.50895980054359
-2.73646135177314 -0.305240686997173
-1.65368565318929 -1.35357718658019
0.283864435522096 -1.33678600841499
-1.18597290180308 -1.55430483697922
0.255129687342206 -1.42745178716141
2.65035834569267 -0.39453016217154
-1.76133863106497 -1.07053166094709
-0.126756063851674 -1.51771233653016
1.86244874725001 0.282084927570762
-0.119785521425265 -1.54990974167358
0.0222324275995457 -1.47251641139149
-0.428461848827565 -1.61249694268893
0.692404484486912 -1.02514818153511
1.59855214713027 0.490813864182731
-0.718744242957517 -1.61285209093288
-1.72599309008555 -1.11188808852851
-1.37071510802945 -1.39048957518456
1.5368941113165 -0.190461481004513
1.7798016762806 0.323552519854867
-0.0827108000556873 -1.53433465653617
-0.00184006365913289 -1.51154630916181
-0.732723169112429 -1.60849335922627
-1.13959834231732 -1.48201074928098
0.179949954034246 -1.43975843943369
-0.78432248553697 -1.60406601615147
-0.157601454754374 -1.5573092000918
0.500282740553471 -1.03683335977728
1.57803260611412 0.510866362739585
-0.0387334372605347 -1.53992736101182
-0.780112910344704 -1.6041540864173
0.0812005392879543 -1.48192987341104
-2.03546665327406 -0.917227383305112
3.02504581211844 -0.506152944360473
0.831091708928344 -0.488789495339087
0.680403848580864 -0.749517132969187
2.19895498876895 0.454738786777145
1.58179614125321 -0.268117564409201
0.75400100714453 -0.365662315161408
-0.505657527869022 -1.61558389549506
-1.20982374958312 -1.46319191956069
0.650069045205664 -1.23094941121274
1.57879200041007 0.606723907788431
0.245047409844895 -1.27724623613748
0.109418675245401 -1.3857561702915
1.46821483673454 -0.137778354999663
-1.18111784519228 -1.45847136839645
1.38663179081224 0.68823336295184
1.23248339673692 -0.101813183228418
0.270099797590128 -1.57753360566963
2.01042786321711 0.0659873066498461
0.110576743018332 -1.48152598756075
0.818198940542249 -0.848304578445596
0.918816476313099 -0.969083672688709
0.100781250290047 -1.49420463251898
0.619156526509543 -1.15430469247302
0.192844625425172 -1.45272875045486
0.0130355709725862 -1.52571345594768
-2.11784164233498 -1.08376700470694
-1.17683163711862 -1.49977810645527
0.666936215621584 -0.954280153269705
-0.165074141713354 -1.55902571718586
-0.481282030058131 -1.61417352444679
0.908063783160152 -0.77458724111475
0.0275344455013272 -1.48328428488907
2.49164270217154 -0.675736603671865
1.60245049984854 0.493645036739901
-0.266931647964582 -1.59155118557577
0.737143797882217 -0.988317467377674
1.17297073503407 -0.674424023827885
-0.468936760598721 -1.6137199071111
-1.30052570400366 -1.42685276361683
1.94965076050004 0.44760007727881
-0.132570023828318 -1.51894690810156
-0.304461483227836 -1.5799225183916
0.163740157429994 -1.39357999409255
0.758581555592871 -0.916007555231001
-0.186496683579384 -1.54295869992171
-1.15543937344974 -1.54649545707125
-0.407018175751569 -1.60807416595266
1.84484169717709 -0.139422278053886
-0.223672391321017 -1.58253035734495
-1.38963523866002 -1.32240651912965
1.05722560086306 -0.499687414169884
-0.371831375954055 -1.59757291762179
-0.483305782615403 -1.61401599462874
0.482817598279021 -1.38418479708937
-0.981889102319191 -1.55391768192861
0.73009020607982 -1.02774461899564
0.146657148674332 -1.4125281846815
-0.483825809485587 -1.61464385466588
0.0657536238404482 -1.44212650370517
-2.65863243793048 -0.454545938561762
2.50277314093367 -0.427648030126545
-0.349924832021484 -1.60962218167056
0.702307006934352 -0.893096703435526
-1.93291149350233 -1.23750566337778
1.08245486512214 -0.0581122729964239
1.66997846698666 0.369653565940364
-2.40167301133554 -0.609513783420733
0.635607545346495 -0.897573916179945
-0.565487758823745 -1.61753899428303
0.121158375262298 -1.43577649709973
-0.387926349932097 -1.60140270841963
-3.53971965628705 0.981124711533319
-0.0176040542192338 -1.44442846781417
-0.0953588210616866 -1.52222794813134
-0.25391822403839 -1.58254709282926
1.2102178397889 -0.172964982280934
1.63195510508717 0.481648736654669
1.41513423532601 1.07092821656751
0.56511656055517 -1.16644855907585
0.811900559419656 -0.838777390215668
1.19716792041796 -0.29070586447659
-1.08121748870194 -1.49865960513134
1.93838268208833 0.0734821516028128
-4.0595330151315 1.52398378564977
0.718180409389401 -0.916486578715358
-2.43483763749745 -0.332613983624226
0.241409938220055 -1.3634489375168
-0.453553517468756 -1.61163878849578
-0.654604839243172 -1.61598763332308
-0.204311346287254 -1.54304508120143
-1.72720424175408 -1.27145222987068
-1.44655068465943 -1.34777350748957
1.51686851400405 1.06174962916971
0.725804685322811 -1.00706985384614
0.412556450938007 -1.3358033139777
-0.266598726768868 -1.57727263501413
0.412041114565633 -1.31787853117376
-0.737329334591935 -1.6069760471975
0.907739426181254 -0.960701176030596
-2.15607221376446 -1.18436901211659
1.41327049985892 0.183315766235133
0.601447333002474 -1.19693635016057
0.918028199635224 -0.943912343343135
-0.747296456841158 -1.60977601707017
-0.468393650975828 -1.61279524577088
0.901908114618945 -0.782849696779397
0.199885190501881 -1.3466107806279
1.62214655161274 0.406189245495353
1.1832518308631 0.0562897636634916
-0.657882671793529 -1.61543101912399
0.679396040072519 -0.982044233863594
-0.487983448773326 -1.61398359993314
-0.309458054300429 -1.58658843077122
0.317050635675125 -1.29881894041253
-3.91545531302259 1.25532842887438
-2.7290963007443 -0.576434638544842
0.561044269735318 -1.14972595852491
-0.965995865245908 -1.55356727691905
-0.0803521350710943 -1.54043049553794
1.96439315570745 0.763735835573689
1.19819427057727 -0.773447200651645
1.11899738776505 -0.319126012686936
-3.08320804037575 0.0428002686984768
0.463566100805496 -1.1858073514308
1.16633519259426 -0.462527188863413
0.517793830569019 -1.17502479939623
-0.477147572773167 -1.61182830828785
-0.59426527405443 -1.61764709882581
-1.97480712379396 -1.20772451599945
-2.11158645769974 -1.13612042126408
-0.519375495665732 -1.61601585736107
0.541764834343044 -0.921844859287161
0.568661403538881 -0.79121512049733
-0.0607001852372107 -1.55070478102866
-0.420506520026325 -1.6057517268323
-1.41848377252558 -1.43121399576446
0.505421032750058 -1.16816743219559
-1.79011922662722 -1.25889933868266
-1.72018603575624 -1.23791291922363
0.721792137066499 -0.913604149102813
3.10626063198297 -0.549885595493178
0.0740734212423823 -1.44766239962035
0.809967235260144 -0.706932513660663
-1.20283412992187 -1.49297617691871
0.286742415571492 -1.23276172136516
-0.411160692601269 -1.60312946223232
-0.664829623947966 -1.61454925597137
1.56057775933762 0.603030545911828
1.38144836939873 0.491041514524579
-0.387989863109809 -1.6006125610208
0.193307826337874 -1.44802088427952
1.28028491829296 0.125358163393972
2.5414363346854 -0.426744853266753
1.86361850640388 0.30277185462947
1.90987243531982 1.27388601449602
1.35724855537592 -0.23155215986613
0.64256715421187 -1.07063011519318
-1.16416307970825 -1.49767673855252
-0.103953590302763 -1.51573720701809
0.710558916039582 -0.744049634429641
0.882406959693748 -0.739435808433547
-0.287027002302514 -1.58821109952815
-0.418757814883104 -1.60435467647378
0.271642003710288 -1.20740487063976
0.99567533130585 -0.996124129149656
-0.187940845736702 -1.5526114174345
-2.73375375115452 -0.438775419899095
0.788205245240393 -0.538462282373115
-0.365273108072462 -1.59761451279278
0.127160572168914 -1.40945970474155
0.233258748256716 -1.33755712237426
-0.94333064451484 -1.57522409880451
1.73726944144847 0.482889986018847
-2.31868558858764 -0.263760308281798
0.880633347097325 -0.490875207594107
1.89083634398078 -0.0291034949145081
0.241798237819182 -1.38191003516155
-0.0892847476402273 -1.52630599835144
0.425672313477921 -1.26217616847481
0.546635872256134 -1.12399939997295
0.244879924796749 -1.33367086703037
-0.03796802052074 -1.54604687644102
0.585960329820937 -1.14274561472135
-0.0924451604524954 -1.54803796203608
-0.308779289620021 -1.5975918552576
-0.172510140568109 -1.55024311947108
0.48466670002915 -1.30912773222275
-0.741258526593017 -1.60634193980181
-0.304699177530827 -1.59272174408542
1.2271746448581 -0.525161239967182
-0.223135285291873 -1.54873551777863
-0.385927773167048 -1.61088511486309
0.350873187499625 -1.32472345024701
-0.087739649303743 -1.52259383543127
-0.811144045415667 -1.59470745896562
-1.96905388258882 -0.932189764996006
0.15359132152009 -1.44847879160868
0.322677448784253 -1.26599991089508
-0.965003553636978 -1.55531280890348
0.318022884414788 -1.29599269608412
1.11039087346505 -0.213845101665372
2.81780345946936 -0.473112604971566
0.648517467577259 -0.908922953129476
-0.737527356528836 -1.60738226343347
1.1000332592594 -1.20182232561503
0.500268053205668 -1.17379362781046
-0.454105698071956 -1.61106986116218
1.33379886675878 0.31693084673037
3.13851130042029 -0.845370699160191
1.15831705926002 -0.342525153186697
0.423992710360349 -1.17313909376906
0.620985411163385 -0.910201683200562
0.926815044773596 -0.124124476993424
1.3554637438582 0.240589908161074
-0.304416688612029 -1.59816871238556
0.536577988025453 -1.23820493791027
1.44838722943872 -0.231716187944887
-0.131199652140798 -1.55205317673279
-0.891544810196014 -1.58934841783134
-1.53257729079206 -1.34904218978354
-0.0594677618228462 -1.52659814287513
0.509325422914232 -1.24136203483877
2.10867368700416 0.39385788253294
1.80787663612468 1.05503448057938
1.07984492489528 -0.584755035637744
1.20641930741032 -0.458054736667104
3.01664093791196 -0.584193557348545
-0.431736026906258 -1.60794651643915
1.55014355169062 -0.771445187911134
-1.84379293491734 -1.00489537122159
-1.04337512883746 -1.55694186134515
-1.72068791498179 -1.1407518093133
3.04551799548994 -0.440188258787128
-0.503130845130171 -1.61432209154971
-0.21625936998759 -1.56249959717437
2.1419180679761 0.873365387171687
0.373051617755396 -1.24890707358689
1.68358742291261 0.0902693021014283
2.23379367110547 -0.361895437837207
1.57096819955705 0.969718018151582
0.847332367369788 -0.484841108678564
-0.530338159428929 -1.61658808190985
-0.9730798876851 -1.5398646516311
-0.265746208077477 -1.56465346847948
-0.159905231989061 -1.58099260994124
-2.2243727431812 -1.15521912216596
-0.322030263828986 -1.57898831249353
-1.13679311175506 -1.47017197478166
3.20303865425173 -0.772598214008577
0.460556047510693 -1.14297325023668
1.67292461961875 -0.219055525541873
-0.971762630218582 -1.55517718775982
1.2298681398189 -0.392908093387568
1.59164377472 -0.0591041563955015
-1.24177253422317 -1.48402667417161
2.25462293152727 0.00574486765300167
1.89889291432564 0.0735596739103712
0.453923221573385 -0.991220524194453
-1.52711567806061 -1.40770107405232
1.19862885527761 -0.232290461234274
-1.14580780869468 -1.46816289486161
-0.608385892574559 -1.61747801100058
0.523294751124636 -0.986572548517443
1.90616297472287 -0.543843313977656
2.29111240342102 -0.392967893167396
1.36622109820672 -0.143691475687796
-1.53748391462276 -1.20342095825415
-0.823797300390427 -1.58787171672347
-0.717138482889896 -1.60915061245879
2.18206942664632 0.147197012731476
-0.168815731173742 -1.54371815099084
1.4784250357405 -0.479052986208906
-1.77520160909507 -1.19499485543553
0.320523625852965 -1.40618251625888
-1.35177463885218 -1.42305570582949
3.09712665808514 -0.409411816664714
-0.769577627596244 -1.61027989738616
0.779028666706425 -0.559363271577403
1.35476289023899 0.250846468868369
-0.608636567830576 -1.61744640400051
0.300726793212918 -1.32058941445229
0.25708807864303 -1.29068049260349
-1.09924419626043 -1.51857223919919
-0.209135807827228 -1.54116100995434
0.978337178339886 -0.721179346705336
0.199732224499868 -1.36116783980066
-2.0849594066544 -1.45022118894517
-0.142246797618005 -1.54725238091972
0.179806661097442 -1.42041346730651
0.355827217167907 -1.40872365509773
-0.647674270356479 -1.61697686334051
0.375330109721201 -1.30904655184615
0.66042035071115 -1.08032462409393
0.239899748789063 -1.30227207510125
-0.436873662684929 -1.61093852077044
-0.832053711602838 -1.58971921415728
0.140627768475333 -1.51044245289339
0.0653160766385849 -1.45010350282483
-2.5479286989111 -0.542491900926214
2.16006854672172 -0.230441223835336
0.372066995050828 -1.34602170914256
0.302837194958625 -1.30913124658149
2.0701562123893 0.539426585958019
-0.0414287914516773 -1.54397258301402
1.24709534867554 0.0259799768630289
1.98972426584064 -0.0926412689278613
-0.929464032715365 -1.57543402640074
0.960785817132746 -0.190273175921096
0.860276473905361 -0.454795704163236
1.02659141246229 -0.435792218302843
-1.22658548223575 -1.48020219883492
-0.827868880975896 -1.59444572674567
-0.858576511591911 -1.5898585883796
-0.312195871458252 -1.59459015694657
-0.822435561425963 -1.59349279612485
1.11071176220108 -0.580432272831645
0.319696732042639 -1.34098192805915
0.381981599547881 -1.20405284058366
-1.38446466798356 -1.43251420482854
-0.626971131100956 -1.61683888517795
-0.10696725486868 -1.55228141724133
1.62073405171006 0.72059333330526
0.377026950195997 -1.38487589031238
-0.59377908440836 -1.61766215533443
-0.498873183770515 -1.61570056023199
-2.16463759367285 -0.850138349833105
2.02059658502856 0.493201919070307
0.244934552159331 -1.33448921924165
0.726023552629001 -0.817107970494589
1.55550881370001 -0.597271370404328
0.281046328454365 -1.36729241643542
-1.5425520729608 -1.36422049962394
0.854297124209598 -1.1916933426762
-0.939835777536932 -1.56450787345458
1.52065040202828 0.200125623638847
-0.956864087743854 -1.5512049407237
-0.380476648413801 -1.60883915556153
-0.517170078545461 -1.61577872646001
0.857689637006113 -0.436793224361134
-0.291320638465781 -1.58898627572198
-0.785274908925585 -1.59880231286869
-0.571499795844405 -1.61762306500513
0.201230807966719 -1.3688631400589
-0.664810192517129 -1.61456678098895
0.027413755510745 -1.45185637120926
-0.0410296861767065 -1.5237543584107
0.660663334332777 -1.06528706856583
-0.133326069437898 -1.5284546783672
-0.584968342211836 -1.61769287322318
1.41793039048977 0.143245899916493
-1.36717649761651 -1.38004511686931
0.458615357737249 -1.0215078354315
0.524900653035201 -1.12060476457984
0.15474774379538 -1.4276824763935
-2.33644323204837 -0.899654516775325
0.273014290680953 -1.31791739180842
-0.0283539417981757 -1.51070055184072
-1.94062509353569 -1.31515253111377
-2.95637231255631 -0.0432861215796665
0.753449184850286 -1.05881199302048
0.318510050767714 -1.37093105552993
0.639538957502731 -0.918338542374322
1.82148088953717 0.276921723465147
0.0260457365673384 -1.54460331556551
0.0891127989586737 -1.48216147893287
2.08037376752442 -0.116152102783001
-0.256351672575414 -1.57716663957958
-0.207954360369884 -1.58472162386195
0.881483762493203 -0.956650929046395
-0.199101836471791 -1.5674459306633
-2.68508339804142 -0.516802283297548
0.427609298410429 -1.29100738106035
-0.802616003500445 -1.60006025400155
0.218934290240301 -1.37881425141273
-0.667497671853198 -1.61500459211381
-0.186602267644681 -1.55506878348597
-2.22013258271563 -1.05613877642381
0.293424493475746 -1.31417960288438
1.04083059829978 -0.323809104169437
-0.255099765759854 -1.57896668836297
0.000260850170092527 -1.47115516164205
-1.08369390918042 -1.51966532813932
0.103931382786633 -1.45486394628595
-0.157692419769856 -1.56687041829482
1.24536346318596 -0.257505085479585
1.09188440689776 -0.258979264161941
-1.36645896150317 -1.39001387476787
0.359488029119525 -1.17192492520632
-0.496438923494397 -1.61526166769863
-1.15361013731533 -1.4851850679218
-0.185816715671428 -1.56017834124873
-0.512959821795497 -1.61591517857203
-0.400712227422456 -1.60050867166118
-0.243201016035906 -1.58121047374636
-1.18726305189463 -1.49096611133944
-1.55480441625682 -1.23788915871515
-0.134202578700101 -1.54446184294673
0.205790356988396 -1.32760510111107
0.75800213493662 -0.738602230646695
1.13356217819551 0.207094684070717
1.24792395284335 0.319988757581069
2.11339218162559 0.0276624381627903
0.459009136268084 -1.25756383210865
2.16029787575038 0.852130118444407
-0.251544711192627 -1.56594223745698
0.385032968080577 -1.30831408164624
-0.552464616907571 -1.61729730794544
0.422797347992376 -1.3449591427921
-1.36103301383345 -1.4874454233924
-1.37012768280815 -1.35052840780338
1.42947623712524 -1.00415989193644
0.290752707542742 -1.54726335056182
0.279138124300975 -1.32142109791203
-2.81209069842321 -0.902759852947964
0.673845173379416 -0.689616919091538
2.57352925097568 0.0504722684301207
1.19294514435882 0.144703618428644
-0.773171626706598 -1.60661485196197
-1.47157992078656 -1.36721512349696
1.76468444354513 0.291407432258629
0.398601555897706 -1.29102758996412
1.18766691039197 -0.539586861579682
0.988918568297662 -0.989508787736842
-0.398573691431633 -1.60117204224597
1.37024232938897 0.664396391300353
0.0402845224279655 -1.50936698461269
0.557042302088997 -1.22270199569178
-1.09672050241489 -1.55155466711255
0.442657514613107 -1.21014773932722
0.841586658148819 -0.778024396569038
-0.63437475144219 -1.61659215723696
0.774732718250401 -0.861456092623261
-0.272834111957323 -1.5819395222627
0.58430554951334 -1.27190681751673
-1.0389421040876 -1.55369859303953
-0.6782767396032 -1.6143584026807
1.94977377759895 -0.314290717004987
-1.26813806044385 -1.49123686075441
-0.277545241420414 -1.58115014009035
0.395912719316113 -1.10692302023837
0.753283672185926 -0.683094255842222
1.52119751856525 0.0681249165690311
0.887960221340922 -0.905675476863595
-0.834593752115645 -1.59814412581183
-0.917727627888461 -1.58015278713956
0.79826843605416 -0.8075837980698
-0.761733926654201 -1.60602804372687
1.03072467372127 -0.602398332609554
0.198122299379578 -1.49450565858747
-0.300083848150682 -1.59695642178175
0.59388253004447 -1.24373392089594
0.555883509049092 -0.98295381743483
-0.549344814884036 -1.6172328523876
-0.98319417664146 -1.55722584331574
1.03154450672019 -0.843704695828523
-0.574131701960669 -1.6176604169453
0.392682726132121 -1.32726584708893
-0.635556087607133 -1.6164107769681
-1.39567626463955 -1.37107787467102
0.662521396722622 -1.01097141369853
-0.151274711871182 -1.53776243738433
-0.532358181026791 -1.61668387510629
-0.648133709220702 -1.61648693794643
-0.178041178512194 -1.54945111767951
-1.12045388205245 -1.5274820474564
-1.0943075357899 -1.50012680226973
0.434389463386182 -1.19554363174215
0.525720175292409 -1.28897423626529
-0.166239046061008 -1.55243192747201
-1.23636585885011 -1.47581999304727
-0.373259439512651 -1.60418412999728
0.0929778612650847 -1.45161474696005
1.80018316177363 0.326415766134932
0.788003650563567 -0.865120508727392
-0.484115360940235 -1.61427135475556
1.40228150755883 -0.0233464068955013
-0.117572756190891 -1.53224941479984
-0.17248075702748 -1.5444819333474
-0.518069962143738 -1.61619330225222
-0.887779385516318 -1.57407683163546
2.65843243095079 -0.518904520055147
0.55782319634975 -1.13165442359764
-0.0661216535493061 -1.50908905184916
0.0845130347155801 -1.45803291140409
-2.13096935619008 -1.26619224182756
2.05842471481473 0.407317112376272
0.671785955254904 -0.985106389925182
0.182217472046007 -1.41127416762359
1.124830295448 -0.809520909875508
0.743196981023809 -0.830355295339057
0.677772959503108 -0.776711115166121
0.326347930048027 -1.28713125761969
-0.448367249537014 -1.61369102912589
0.1045862979456 -1.49146416078783
2.05692421210689 0.442228048181987
-2.95605003533982 -0.128311467477841
1.91488044280599 0.160459607598949
0.160473722588313 -1.40348130076846
-1.18569815007779 -1.48466306501082
-3.23636626561004 0.556502634044595
-0.472913647084888 -1.61277907490668
0.288907578743772 -1.34440625716129
0.318106095218942 -1.32196702135939
0.491766396774202 -1.40575129267816
-0.976569419233788 -1.56267839293491
1.37769709911237 0.927226651326905
-1.34302480964552 -1.47727031448132
-0.651747854537737 -1.61621477370315
0.112828983705052 -1.38759075312791
0.605706289313261 -1.14609958847244
-0.973653845729076 -1.52553735205639
-0.49173123936922 -1.61522357479206
-0.917815359462406 -1.59204008837221
-3.65278478217839 0.52338806187169
-1.84384091154396 -1.44146319604983
-2.44641200135189 -0.360066346314419
1.38243467620076 -0.57952337694781
-1.2403355680691 -1.4473527864979
-0.316164459051109 -1.59533306656676
-2.05281948721089 -1.26790062398578
-1.05314189320118 -1.51024532307822
0.186573008975999 -1.35074130672932
-0.248511045740663 -1.5790789237614
-1.24384675742139 -1.46765869042002
-0.705443092819217 -1.6085563392731
0.639394652433366 -0.815557447999995
1.2200310378752 -0.0134911617431143
1.45035994203469 0.209077717852363
-0.555781788560243 -1.61735137192267
0.587290220158904 -1.10061776911348
-0.030145623300909 -1.53331643984733
-0.437798331479344 -1.60916430510984
-2.65999383172398 -0.71503417373541
0.234724321698021 -1.42829431504259
0.911074861708289 -0.708315604635091
1.18529561828081 -0.492890569038807
-0.0713479107719746 -1.54805383300717
-0.303297428699632 -1.58430471301224
0.609115156735037 -1.14343808898806
1.39968937049029 0.674983373853808
0.95997173062056 -0.657349126051799
-1.64539460098688 -1.26889687098569
-0.387506034340847 -1.60388409551709
-0.0194482827067875 -1.52461306544262
-1.08468971237323 -1.57371870023737
0.00588775014486757 -1.42477831094434
0.323980543263514 -1.304726165059
0.720273517858664 -0.874276597400888
0.772107306510222 -0.676982041892026
-1.45646481997638 -1.38107377832652
0.0372861566112427 -1.48825239288917
-2.1921247747204 -1.10683283195871
1.46769762837863 0.709155626003311
0.941049218978628 -0.327959266375332
0.703924255743982 -0.907531809544898
-1.87845474216864 -1.04046450560436
0.37626166092935 -1.14894985385877
0.0535335034271159 -1.46644823269321
-0.783225658083012 -1.59671216703159
0.686332246076981 -1.06109697548678
-2.79885560906291 -0.119760230730512
0.996102915820484 -0.220902237328798
-0.862135671423571 -1.58709916408658
-1.37611175323457 -1.37220657938091
0.106910479629455 -1.40858275474731
1.2289096712361 0.355543763799274
0.451007133737741 -1.0911257495788
-0.275392701434314 -1.57110399084382
-0.305721284749811 -1.58899441733079
-1.43653781996236 -1.3735636631966
-0.995167251017675 -1.54072322353756
-0.267638952456259 -1.57015554809461
0.655653523510405 -1.04206193736638
1.22878643518444 -0.333621859664161
1.24540147411209 -0.422676892605645
1.0751547921652 -0.493524491592601
-1.64681840598783 -1.25800923189316
-1.18578847491308 -1.45683912927109
1.51213137651657 0.202833839452362
0.0429159670480421 -1.50036107016321
-0.715383498943733 -1.60999336759372
-2.2875450216978 -0.815647565843014
-1.44742250934529 -1.35191838160359
-0.103883988931228 -1.54393794571785
0.333953938037136 -1.3467129019174
1.31817731791061 0.102160879361544
-0.619420888932185 -1.61704267571696
2.49776061206283 -0.437037408696465
-2.62121962473733 -0.276716306666107
-0.168411653735817 -1.53196706229788
0.35626596362934 -1.2396244044301
0.438846789763238 -1.29325403794416
-0.795923426309003 -1.60025918553358
0.129785017721769 -1.41751016533072
-0.414438508007891 -1.60974435279268
-0.254895775576824 -1.58325728045963
0.145510628640639 -1.42070548345872
-0.274639682397209 -1.58752928550711
-0.176558042289183 -1.58608246073747
-1.18835872357283 -1.47529166718593
