-0.878957264758785 0.139930470091132
-1.75237957135769 1.55514728965369
2.3410220756425 -1.04422779325749
-1.12223165958175 0.990887455295601
0.785431330998912 -1.1478869973441
-0.611287529473728 0.171395126537116
-1.71245980357781 1.41285172778445
0.458295954815086 -1.17215044905504
0.67877228925343 -1.10011211626802
1.94923616221193 -0.945775311413115
0.713417489376376 -1.17378427120672
1.16009103006751 -0.995610234980211
0.204772341131391 -1.17260396752856
2.82152636720905 -1.34317958633268
-1.92136841770025 1.27529371212711
-0.577964973789055 -0.453997815905179
0.931115170285153 -0.88274512902059
-2.15751263497893 1.53015202765125
-0.461568524146994 -0.470518908287898
2.03513151809741 -0.934614156557896
1.21188225890768 -0.948401545577495
-1.8754381629848 1.25682548813407
0.328300904553685 -1.13252432794093
1.29938849899489 -0.949791345046438
0.129575450759236 -1.17566436797507
-1.18104724386161 0.815874327904498
0.779478753475711 -1.15187870350637
0.761627662855975 -1.14317489445242
2.32649568148613 -1.01669715155205
-1.16317639089099 0.995627080172692
0.0761817696597491 -1.17783867075113
-1.10110164790838 0.11717987587153
1.88102181560288 -1.0246427665751
0.222407631814515 -1.18404969827412
2.04799881687123 -0.875278808607185
1.41423587250159 -0.972860106338916
-1.76112500782774 1.9768512877586
0.0865064458791394 -1.21059910354588
-0.324158274656382 -0.985698916513048
1.77500640730192 -0.918867897317393
-0.755065401957749 -0.433481369803681
-0.662996219347133 -0.380266436173032
-2.33017370117401 0.918985706395718
2.08018611556509 -0.894500670455597
0.720841915200168 -1.11576396109113
-1.38657111153675 0.592023111027516
0.181002890402519 -1.19765886757976
0.0232454487891909 -1.12562678239858
-1.01726398769235 0.639458509019507
-0.849901175235343 -0.0605124959088531
-0.322109018706759 -0.625572767521614
0.81687223210405 -1.15823367508851
-0.0889342045039701 -0.913613388188277
-0.279440435875674 -0.964653774594483
-1.70129600912035 0.989402398152402
0.876924523978988 -1.06694577463921
-0.973776506702917 -0.600858826018663
-0.348450739802322 -0.574164418237526
1.14449403978922 -1.0022206059389
0.977198516973883 -0.929232080731708
1.18128949296088 -1.11692830151371
1.35668994419679 -0.768724242016114
1.33140550414289 -1.01985330780408
-1.19549225363146 0.619807312252886
-1.37160107550524 0.18520791061465
-0.218546328266932 -0.958180340068478
0.894169648827406 -1.04001782904145
-0.352014931986231 -0.916609506848109
-0.530005964861041 -0.839186685313541
-0.279876990705767 -0.651095561436584
-1.35931501427889 0.306976493712468
-0.706707409610267 0.341849420195449
0.445134699928899 -1.19688087073601
-0.0174642286467904 -0.986539549931455
-1.21096271834725 1.28408665401097
-3.71149267073069 2.13540951666564
-0.663604060408605 -0.523019078003181
-0.37547044486457 -0.709951970253926
-0.431890651161025 -0.719631745739578
-2.73243411910135 1.32854563990337
-1.17210862502991 0.0921012451203371
-1.16449658668281 0.963707727608025
0.506424119599105 -1.14952403000039
-0.630688376546963 -0.293146794568555
1.34026301758883 -1.09556609391631
-0.43281052970725 -0.483029874369622
0.0985285445921068 -1.18104772639901
-0.194102561921244 -0.943855792391038
0.0313432371718337 -1.15387264669759
-1.45135106593596 0.759520520042049
-0.442439861470109 -0.669174930690084
0.292335921236933 -1.05494111096571
0.885929918483173 -1.10056627798447
-0.469037889238591 -0.454655775945424
0.228577842599251 -1.11891663114972
0.971477565531778 -1.0436031470749
-2.02696805022747 1.69328569527383
0.764689226745821 -1.07747132589212
1.61282452481332 -1.06101641358521
-0.242941533423228 -0.716568768392039
-0.972725758404216 0.244690637651462
-0.589163201578655 -0.469269843295445
-0.290232368840614 -0.558899651403172
0.297663742661655 -1.22661751743578
-0.856436794132649 0.452812529404889
0.038796992231604 -1.20145208729759
1.48285159262293 -0.920389132086933
-0.476293968544624 -0.152235568683672
0.282024979616325 -1.1937369653237
-1.24080124267743 0.677989828670625
-1.92628403289648 1.2840418356566
0.174450324959192 -1.17094380875942
-3.65583899856799 3.6446956723903
-0.235888688686492 -0.73963148046017
0.0278419013114018 -1.15209833193733
-0.905088876561179 -0.273963231137797
-0.387658704035406 -0.610055171502077
0.0438730408507222 -1.20918779443203
0.473818275938094 -1.1087997810376
-0.797260870039299 0.148892561264544
0.0414868739157122 -1.09711005006158
-0.927663574289071 0.672930317020538
0.32422873250601 -1.16148606154733
0.576676576891975 -1.19296637681537
0.218341066757399 -1.08391835480665
0.308277020916438 -1.18636978194717
-2.0218949332597 1.35112150490204
-0.344078334729051 -0.572323020050559
1.17395898063407 -0.892319857747069
-0.441459860575664 -0.538581158498931
0.11773813642259 -1.19853611931963
0.365961223110844 -1.14316254882991
2.36040386950325 -1.14896607999601
0.801944504032108 -1.10662387571351
0.288333494875191 -1.12538194997542
1.69501605775747 -0.944863512348822
2.48735614609231 -1.11219941310281
1.24834407042533 -0.958481898955558
0.431120242179726 -1.16641018920581
1.34225635306994 -0.792837477330176
-0.551992689551127 -0.652808732960591
-1.84611985225087 1.07750815846436
-1.23624998020279 -0.0595368171860254
2.32753532434735 -1.18164264291299
-0.0569067451536531 -1.1271054581829
-0.447861480884911 -0.333224368620316
1.04039330397444 -1.01141130429079
2.53045980528056 -1.19649195961081
-1.14712724602455 0.964650473144962
0.87401513952251 -0.992358169304735
-1.65595049335532 0.864460924204103
0.24065760682914 -1.11972966468463
2.77251938976077 -1.33841548813526
2.74137830597852 -1.3423186349317
1.8660118636108 -0.892255198481242
-0.465255325924652 -0.525962849378471
1.16880250783101 -1.00136151490532
1.23296220397305 -1.09942808604928
-1.95925407500033 1.19919467413843
-1.34346214899429 0.0644739086599571
-0.382117823286505 -0.345815760210358
0.439001818854274 -1.15093522753139
2.26411967676165 -1.16379445417794
0.28178338150583 -1.32943165452958
-2.31477907937015 0.830513724899537
-2.9047557241907 1.44893458745845
-1.60317786538124 1.11924991710525
-1.70834102314157 -0.391923425571322
-0.205248481221603 -1.03553660521081
-2.59097729212962 1.85809506285271
-0.991150454439389 1.06561950541624
0.232487537057113 -1.21943235506349
0.977256979847734 -1.01302147173958
-1.96945687792599 0.241277685963547
-2.7264331685825 3.2360802413253
-2.58844039484214 -0.176340369453782
-1.17569569960278 0.662473879588338
-0.926764895694749 0.121058968849258
-2.73866060759806 1.22400534163492
1.03220438039081 -1.15234624375898
-2.52612142671528 2.34055696399226
0.431349413901085 -1.24610890833295
-1.01313619062436 0.531343940982188
-0.0541631794347718 -1.00394148950503
0.420200781448363 -1.22707690534926
0.671360438133178 -1.14971488018115
0.5000032311034 -1.0472320974706
1.61615917081854 -0.986848279531584
1.29574485679894 -0.891039756579103
-0.53048422915202 -0.607910311296937
1.12697726216645 -1.08172332320514
1.53626955495922 -0.968911451401641
-0.165106964846542 -1.05647978523621
0.266349618344259 -1.18259673304731
-0.466020846798211 -0.46373130389307
-0.69913252666777 -0.00554120007001188
-0.300881436423345 -0.788340477154489
1.42766783217049 -1.01014048165681
-2.24137192971719 2.6879658998612
0.0173211898583236 -1.11927667067141
1.88723218168025 -0.840183943918763
-1.82271088379069 0.515325177200156
2.24896235143094 -1.00568639753695
-0.864297667825988 0.181491604550714
1.93374513030162 -0.927658618027023
0.459110711747451 -1.30343226944673
-0.519484473967462 -0.678516225202762
0.173505302169367 -1.20750583777094
0.747791371067842 -1.16651887328391
-1.81046464131786 0.342985661940344
-0.167497058897358 -0.917467260934119
0.564660211813079 -1.23037534540448
-0.855775824034232 0.397778012834109
-0.307147463930928 -0.851028624979508
0.749071799342429 -1.08057383751626
0.0501611616787787 -1.06462875789356
-0.386510235868757 -0.807857005435918
0.10003025117736 -1.1910384174936
-1.31330726618759 0.287715473291119
-0.299412563747104 -0.874240823645949
0.647053868948345 -1.18457073124581
-1.02711417440205 0.493811867502816
-2.31605337080494 0.797662013723419
-0.339198007544518 -0.781070563566316
1.18646996968657 -1.07464195082659
-1.38944569800885 0.889149239592262
-0.285035530338315 -0.809248504772657
1.4734338142982 -0.879354980030143
-0.571263612174392 -0.301363650378388
0.0126636391538124 -1.13582734730704
-0.588576766528521 -0.0375939210114429
2.53382433909172 -1.27799774939061
0.206303437119314 -1.16325703539006
0.616195590814814 -1.21769901984338
-0.729095720253055 -0.188206288408585
0.0166101232227517 -1.09954494175488
0.816433506478875 -0.973854247823641
-0.121826277540333 -0.860267489316193
0.0564805437650941 -1.12625133688115
0.789381490426562 -1.04227501068821
-0.870191773491118 -0.257680517454361
-0.524831657033079 -0.677915936637191
0.414858404790469 -1.22590647508304
-1.00448724740822 1.04455240236131
1.02266892226565 -1.11451304537802
2.43812787406193 -1.16262523135657
-0.66829034917482 0.163977429022782
0.0923293355332986 -1.0698217486305
-1.57504948379378 0.736778307895272
-1.13341420345976 0.71708743521449
-0.537321273481197 -0.458626962206365
-0.247954913177593 -0.90744623724867
-0.180840397097702 -1.13306160638922
-1.5813405317156 0.558587513664576
-1.11273638919549 0.00916591110739673
0.33275610468509 -1.15664026369565
2.08533451967403 -1.04432036803867
-0.764327742778535 -0.565406975787818
0.905306446244012 -1.03042925324779
0.924710145071659 -0.96697499505037
2.62593221966259 -1.30941548271595
-0.654828267075011 -0.0809811390531408
0.0350299100830758 -1.09612763548727
0.357955741157508 -1.17117767376085
0.590056424766201 -1.03338734573371
-2.93297205404013 2.915001910938
1.46988014181193 -0.808983396237091
-1.92720617989029 1.57450930059655
-0.488338212998512 -0.241518874140114
-0.425435339893731 -0.687119662038376
-0.428357499436157 -0.500730501003718
-2.36943364418136 2.51818569572326
0.833058576102882 -0.990209165765939
2.20121299056602 -1.08224342007664
0.23463948972998 -1.23447408025238
0.704676187817335 -1.16128449776641
1.8797768793386 -1.11295347467368
2.58921094630918 -1.14217474173214
-1.85535349889353 1.63575313982702
-0.696000932983072 -0.374650727183018
1.02260288532447 -1.03294458554862
-0.85602191178864 0.425064506430073
-0.19839341884723 -0.82869372787498
-0.0124443211126306 -1.0533224798971
-0.553791839071052 -0.511318356788589
0.753929218600794 -1.22440167656072
1.06180835786669 -1.13542629098451
2.24197616888903 -1.02097808126338
2.17128466282484 -1.05513305740717
-1.52697362788888 0.737377592620218
0.453580356964479 -1.15280108540836
-0.986747351826169 -0.242669416751463
-0.369552830501923 -0.979950429630077
-0.686064679257211 0.141379303943823
1.04174417296576 -0.976189522771796
0.650313346151523 -1.12710910774207
-0.381679112798505 -0.498134158835289
0.110148543167793 -1.14372772211023
1.46837587087152 -0.859343560431848
-0.959531458969906 -0.362335174092692
1.24018708899926 -0.921244473337491
-1.26962392257059 0.988971667821257
-0.450330805800998 -0.51118654641428
-1.09945898115517 -0.0218566105935224
0.325720210678568 -1.23820042006485
-0.474368872516785 -0.301742535968284
2.04909043737561 -0.954462531121083
-1.57344962135261 0.329473874278706
-1.16496444568794 0.519051308861826
1.55546183542569 -0.826653215791067
1.85024629623425 -1.01632226717908
1.81139015170415 -0.949678476168719
0.222452043174215 -1.18354746276496
0.417215181933828 -1.20536806924535
-0.859402567102756 0.463681781370475
-0.0199957152434363 -1.18112759087987
-0.512067718401328 -0.928959806550388
-0.721100581028274 0.194421051441231
0.727529182645617 -1.16108668923474
0.136483345985601 -1.31933108074145
-0.179896926674614 -0.886878086222769
-0.696271137381003 -0.656979481068659
-0.436109597751434 -0.526701860448573
-0.256471022799716 -0.859149246620786
-2.5882348407817 0.794528939876935
-0.57849998206473 -0.0350594669363961
0.721439179679681 -1.12021976827405
-0.681778843743047 0.150723895308849
-2.12712438391547 -0.020466606739119
-1.09932030398153 0.288231825037519
-1.71189818325579 1.41143277004869
0.591461071287742 -1.19688091043222
-1.22618130302332 0.396832082905689
2.34885505394176 -1.12180886970397
1.3721846359644 -0.870744270729769
2.3188787491419 -1.06773136751203
-1.43797219429493 1.55728295962826
0.0149217998543853 -1.07223504903632
1.72021843474898 -0.924138895617864
1.23092379416996 -1.0809187800747
-0.456335252795619 -0.310552879995433
-1.01448148674935 0.700107789808815
-1.02681329595643 0.452302528240247
-0.89741548345519 -0.136293961792289
-2.6761783969056 3.52982412830752
-0.964661613943889 0.199139422553854
0.605092144873099 -1.200338316465
-2.23612270648522 1.77707968029186
0.962202455099809 -1.10022797374079
1.21957309441467 -0.698709796813675
-0.478024045596228 -0.695771417098682
-0.33708019139698 -1.01159071694774
-0.147514560709167 -1.00911326846264
1.08427663808226 -0.871258503668743
0.0749988912043065 -1.21075981935422
-3.16121886416561 2.47084510531745
-1.5699101139892 2.0543307529083
-0.264551623893336 -0.810220161267433
0.0661218352262359 -1.15251844541591
1.31570482931275 -0.742180887393075
1.11596559685302 -0.909220718363078
-0.264145020463598 -0.843614951461276
0.823352720356979 -1.14104576867512
-0.837548714939455 0.299544560646881
1.38249099129448 -0.965410589933672
-1.34096514550334 0.380154131443728
-1.02357555171443 -0.592491250385825
0.102481467662092 -1.11032178048501
-1.77847515700153 0.263674334768114
1.72082620245436 -1.10491754281082
-1.90562269629774 0.958220169612741
-0.432685513658462 -0.699203670494264
0.430442623970879 -1.1640763569732
-1.20012480184486 0.227559112743016
-0.432392333730174 -0.700840654519175
-0.0832814578063101 -1.08645714130615
0.990380194198493 -0.784971636488667
1.79917058333563 -0.835277948667999
0.18925742330585 -1.22469869001384
0.364609765719133 -1.16761550338132
0.577002989336402 -1.16985679671154
-0.421541478482959 -0.648847324446363
0.65249990551548 -1.10367913844169
-1.74594317126336 1.24538774024402
1.43270951853511 -0.965916458230049
-2.09796537220821 -0.166430251932853
0.980844986548772 -1.03111455817732
-2.15672686706235 0.556411151807213
0.0497391918878118 -1.14962274729836
0.101179987974123 -1.17178473000799
-1.12527595758947 0.367874178410748
0.998016962010791 -1.01495701467652
0.436274990269125 -1.18927395864029
-1.69395831266119 -0.236072447575836
1.08407837508594 -1.09958247486464
0.417317616737059 -1.13386191975899
-0.261932777355838 -0.669193018852134
-1.78330204326657 1.53782629768296
0.397679185344811 -1.1717131237769
1.59000481316561 -1.04246472591865
-1.93826921868931 1.17007657714805
-0.144059928535757 -1.08780348356674
-0.0360696144720731 -1.1865503124299
0.761159905538391 -1.16531570534269
-1.70343599106513 1.52850191930173
0.799320697606378 -0.997791604237839
-0.0285019536263417 -0.926369438227544
1.54626759903234 -0.777509892007362
-0.0871421293232646 -0.902100076150404
0.68401255566013 -1.01703529473981
0.860588327800916 -1.03719091966184
-3.05153547674595 2.17381178637583
-0.569378824188778 -0.355085990929736
1.02539196598222 -0.985649511797612
-2.88096458443667 0.904676702308581
-2.63998278690374 2.07887483933775
-3.32591250482053 3.32184637347513
-1.70283982463981 1.18257032150906
-0.424097136222407 -0.857732078755564
-1.58705240436541 0.812193042743845
0.335352150079147 -1.10871332793716
-0.402731607532416 -0.771636579645582
-0.253026152110862 -0.977069900428565
0.903301859016848 -1.10729235638995
-0.509089532658523 -0.203217261804072
1.49502438057626 -1.07749668714697
-2.24272918069462 0.0946683649899482
-0.189500117481877 -1.03634869596498
-1.87436431685352 1.56401352293773
-0.650223339923021 0.317949734405645
2.41900631455102 -1.12325528691337
1.87342721933519 -1.02813741338679
-0.543264133647502 -0.695708170328714
-0.304762418939461 -0.8989025402697
0.21806528629098 -1.22360361835667
-0.171261819041809 -0.819553848500177
-1.40002333326335 0.828590104895715
-1.12611929983329 -0.0413398892992598
0.0412184939080564 -1.02918209075611
-0.26771695127785 -0.983880757573846
1.14586332789631 -0.84939020632447
1.56628806832454 -0.759013907755015
0.116352175070591 -1.09638973395703
-1.0665551124394 0.0192482322353479
-1.0786990024212 1.31404551824407
-0.221271472802612 -0.915836978057733
1.04601562139921 -0.969278027002258
-2.56735704859622 3.13350403116243
1.36715082776014 -1.04246574700977
-1.17999786579141 0.151146072145107
-0.0952189677113594 -1.00905277506069
-0.0844496475147447 -1.15207795858427
0.0177120512850941 -1.13588506912264
0.343485523909397 -1.1584399146539
2.43370872467159 -1.21835587598561
-0.775552450230535 -0.471273778154648
0.304035320816237 -1.15227117886047
0.915508464210533 -0.918323677538071
-0.966381681360956 -0.262686822398902
0.244030149542903 -1.16093240686722
1.19839072475932 -0.886578116957911
0.992549371610383 -1.09487666184804
-1.10010089282836 0.768947388880385
1.87092822813265 -0.723140224743209
-1.48506504277086 1.10642555066089
1.26330914036781 -0.915504114984559
-0.477635228559186 -0.302304368568624
-1.19683679424068 1.0776740264681
1.45723562428365 -0.908990989333777
-1.18708430152302 0.951332202075684
0.19183980019822 -1.09905075461893
1.08960816027504 -0.932724936414738
-0.710148179310816 -0.102022242883027
-3.15464441796403 1.46948394403715
-0.762799969465468 -0.279304093382983
-0.878135376026358 -0.15200690402925
1.24370082534107 -0.888956223289598
-1.27149714025713 0.857550469494207
0.388890691071807 -1.23049994887292
0.850134571319443 -1.09847888336717
-0.698576461861328 -0.566790720875277
0.929783726618571 -1.13323895539931
3.62305354764091 -1.22797798861707
-0.782977924839554 -0.522256609820956
-1.21068518754519 0.326230898811999
-1.43539901917827 0.384477481913469
-1.1713445687714 0.45465577769292
-0.270134707517451 -0.922001368853962
0.246621559590931 -1.18395342662461
1.2432665624951 -0.903285936304768
-1.23986160345338 1.14668495742922
-0.815210383386621 0.321493075636049
-0.641781009523359 -0.57584376097019
1.18727782062099 -0.839542202885091
-2.20773587877636 1.99221989986616
-2.0996558349048 1.13793275052143
0.768610100089176 -1.14529851826395
0.211433404933308 -1.17026999940499
-1.27134019605907 0.739564534002847
-0.57113942390001 -0.179660526146346
-1.29769764013271 1.29446587111888
-2.7458839348595 3.74318259857907
0.661064163711884 -0.931978533996014
1.188327869703 -0.905249428038112
-0.284268335486694 -0.846257459957382
-0.377852904259609 -0.770347251959378
-0.389067378546783 -0.80786711855056
-1.67066170805043 0.982111921621143
0.104123420884198 -1.04133238691491
-0.944727905257567 0.270337527085816
0.97700428101491 -0.928437780514952
1.41303250235223 -0.938424113520323
1.21900844229625 -1.20292746783231
0.491137695695841 -1.19002778533678
-0.215440304896794 -0.859083819552135
-1.59170776413046 0.661916103841791
0.756317673269158 -1.06958210527124
0.897907547790086 -1.08901066470439
0.541061311460533 -1.08574515966156
-0.0998500071568376 -1.02682156742599
-0.19483123390964 -0.831923169482489
-2.24641516309706 0.0167081390457353
-0.949175036154073 0.0621814611620847
-1.05803546008653 0.304125789863286
0.764383459489248 -1.10165625209923
1.08364053019143 -1.02216383796852
-0.824092814860815 0.411606847212652
-0.277153035667691 -1.01037746760985
0.32560032046286 -1.20874602157345
2.28684437742275 -1.01414836519871
0.4791029331469 -1.1354009899197
0.844201397940301 -1.10345410910622
1.15276096899929 -0.972721067489323
-0.514039559298041 -0.791061180664102
0.461108399346619 -1.19765565399926
0.266027739682609 -1.2025923380315
0.691982015357411 -1.10228797782232
0.00998927254270224 -1.2628194358112
-1.76543744624498 1.76699011286566
-0.258924782814224 -1.0674592305382
-1.00806665120237 0.169070445024527
0.237225485864319 -1.17612787679273
-2.07690397501335 0.549972599984719
-0.475715790044167 -0.570044452139613
0.145753166296297 -1.15811583400004
-0.417924448950271 -0.65794444762286
0.84940624172435 -1.03411369795922
1.13512704867527 -0.913988045147712
1.47645655621042 -0.921021288232706
0.825285744042784 -1.15922000216787
0.132212350716729 -1.2680513467618
-2.13821933812576 2.65719894267621
1.01316938854233 -0.854239963856981
0.578445530023914 -1.11314649628008
3.37844815210752 -1.37828292670288
0.503313638928774 -1.2156167902466
0.774974451165521 -1.01082229994044
-0.0506434651666978 -1.13671963161157
-2.36061723233163 1.55814684952795
0.942206245910737 -1.26559509754664
0.441261403308814 -1.22475690201363
1.97924278192797 -0.823083709750235
-0.629473323172764 -0.629990815764019
-0.502023662766289 -0.498185902548627
1.46503079036805 -1.01468626318129
-0.32313796696721 -0.972918145822208
0.0284550928138372 -1.15944714299768
-0.729477874746061 -0.183727224547392
-0.927960795050352 0.492982703807969
1.13999210071904 -0.975123241723108
0.121720647990404 -1.15422173368905
-0.193325839974144 -0.957819606919775
-0.5429094716373 -0.320104751814491
2.43748498592166 -1.14605123182459
1.40242132945118 -0.812601126327086
0.333809415297842 -1.16520077535913
0.361679761908952 -1.0978129845686
1.03098517262554 -0.964017145320776
0.384842735552219 -1.05959514178654
-0.359014881374395 -0.700321444904782
0.124097449570602 -1.19061412951028
-0.854099696625418 0.0727066366033082
1.9685975317419 -0.833583652840906
0.827392028020894 -0.958242075033142
-0.281640867699849 -0.967472572164115
0.123114346537227 -1.06323971050288
-0.0830338794108577 -1.12786907942932
-0.447159693950881 -0.633611640243854
-0.807029088797949 0.00459675791853411
-0.743079672447594 -0.468264918090228
2.09348548063845 -0.851399087352904
1.44190149013083 -1.01663300516568
1.56560794368299 -1.00246059689281
-0.0918815807084292 -1.08411925951293
2.60136430821403 -1.29633196825886
0.165979519910277 -1.10474666426331
2.37990824519388 -1.13649386816632
0.433496446876628 -1.1975224210763
-0.166530498707223 -1.08165738605411
0.330308159022741 -1.184732110838
-0.820424395973616 -0.157683290032589
-0.72420345951149 -0.536842945096187
0.49066221105578 -1.12971385332523
-1.60383122631431 0.608720613355495
-0.253132101965517 -0.822038283870968
-0.0157995582678589 -1.13574565985499
-1.14548000389894 0.963779826391178
0.170368639263998 -1.20351457110439
-0.603413480125225 -0.618699807753534
-1.07709823571176 0.448650430660945
1.03025634836163 -0.974285743774233
-0.267957539858889 -1.10420560931123
-0.382957422876417 -1.01856268793507
-1.20139187016969 0.570383619167254
-0.310924164536 -0.937032688425393
0.309394911171844 -1.06683752032121
-1.35667252046871 0.328759525525772
-1.79561485147854 0.536334874884281
-1.25799861824951 0.855670612839488
-0.792943307090091 0.61454307697853
0.257027154357543 -1.24634557584005
-0.695684876044017 -0.1799298752602
0.108116454889503 -1.1876749309057
-0.477093461655826 -0.641693929031286
0.0164044600272515 -1.09648604747267
-1.55578373355185 1.22346144605258
-1.61533982471125 0.143575730255125
0.67963629910919 -1.00641277506866
-1.1833854846926 0.206965894853686
1.54137003985798 -0.839806644090743
-0.048346084280033 -1.19094871365927
0.831079655585391 -1.0481862090735
0.85323622106087 -1.14897854500067
0.353330220214119 -1.21534007615434
-1.03015654806799 0.781063083620507
0.292991008565195 -1.14907888728478
0.0554415162282131 -1.10797588090848
2.58731747772163 -1.23605661321505
-0.845147709860123 0.274901715401987
0.814566343988699 -0.999657339191358
-2.05307215658866 -1.0474067031281
0.263038477034 -1.19966225509773
1.91564632431022 -0.997901654141015
-0.420533120630689 -0.588199197649643
0.680908645028439 -1.12212706225683
-0.978030020571727 0.12014631969072
-0.122776103591244 -1.04853999174623
-0.0172030206300747 -1.23825722336656
0.704795525425809 -1.14003681504256
-0.464456289257427 -0.61584454563613
0.0856381162768309 -1.10559112422232
0.51364609104999 -1.14975680892787
-0.499822482474715 -0.574809291990486
1.8418142484874 -1.06543056621206
-0.112436880229155 -1.16556870837886
-0.776785783256371 -0.206365026476655
-0.0770517564552951 -0.959019239758301
0.822978280343886 -0.983949585618575
-2.2730514600823 1.71090918941868
0.903320429490441 -1.06428158038733
0.143208478456577 -1.31677784737711
0.154524139340037 -1.21216730109688
2.18719847000774 -1.04795056652031
-0.250270878019502 -0.854352989332523
-0.246163856484875 -1.07672217838253
-0.94313268964069 -0.265777739513345
-1.42752948852215 1.24991713961722
0.39955057087943 -1.26836581021927
0.276966473849728 -1.02840872161514
2.04245660068498 -1.12201709335557
0.209834711288069 -1.18743308666841
0.538747700937103 -1.2119323963578
0.592027172844252 -1.17675199988945
0.481848302443353 -1.21110865239198
-0.41854435175262 -0.311872466993317
-0.618872536974245 -0.943190553082421
1.68981678434703 -0.812285082493194
-1.8343487829569 1.15676685062282
-2.02743848889757 0.99348921972308
-2.35836813397608 0.775389964121837
0.915494991762685 -1.08071452084946
-0.385693426597591 -0.839907829481637
-2.64963422650637 3.21807649950947
0.837370059702861 -1.14371985735331
-0.588083351448332 -0.510774061356138
-2.61826883030183 2.1466282433182
-1.25892042355 1.30827405230747
0.601743721186838 -1.13347925292367
-1.5472499682378 2.12423893270613
1.8263838537134 -1.03751161259215
-1.07480245903041 -0.0219007729526202
-0.140928882244128 -0.930885487265445
0.562574649812017 -1.19273400730409
0.133954274039449 -1.21233207698601
1.82810311749031 -0.718294474914862
-0.527387594451287 -0.662824598965451
-1.57076470528408 0.885215671153071
-0.296803867470728 -0.763827201756045
2.8766323762789 -1.38298036515432
-1.68033462422565 1.16248683308738
2.21906875163852 -0.983315165748088
-1.56561287400607 0.773937747530844
0.453302236160378 -1.28321274299166
1.78278191619114 -0.90746437794921
-0.470715502661011 -0.472907235484165
-0.521873196978122 -0.632967061671863
-0.0426742333481892 -1.07666015210356
0.947261190469266 -0.889158241447078
-1.40576545562981 1.14703092594803
-1.07344736781405 0.637421561747383
-0.45006290797078 -0.661343858374053
-1.4656540889344 2.24533824930738
-2.20521420797924 0.73950800507631
2.75326749126569 -1.32327866337173
1.62831137872025 -0.747471392343645
0.261112066917256 -1.184602077108
0.203361331157799 -1.17131733139974
0.661990408284137 -1.19022569089276
0.504503861000615 -1.10134821753188
-0.966294026374261 0.144117812763828
0.727698347972827 -1.06942571406345
0.0718801731316141 -1.05754500628223
0.638230349925276 -1.10450891260009
0.75435358227767 -1.08523687458186
0.396480322283562 -1.13935504549196
-0.299007536134116 -0.66418922230204
-3.07304095853647 2.79022641462436
-1.64734370613973 0.390009925615827
-0.562093456376987 -0.707040336939724
-0.0161050645882378 -1.10422420512024
0.230688682277056 -1.13213131507464
-0.710046107775517 -0.307317576216389
-0.979910098763761 0.230375540003705
-1.17681377872734 0.786037522804384
-0.738356351733411 -0.147399449730214
-1.49993191112258 0.34659991247501
0.71265376713851 -1.13675358749919
-0.381004449041876 -0.607381884360175
1.41045828309236 -0.807748187097591
0.64467937000063 -1.11162181958738
-0.507896226460228 -0.733496497128759
-0.780925970830386 0.204341972599127
1.05603100449073 -1.10678927540897
-0.200037508237809 -0.726639490884148
-1.6291544486246 0.750716597891269
-0.0800393583844316 -1.16965116320135
-2.81028836479184 1.18245220028665
0.0954264514552945 -1.07432348038375
-0.567330063412039 -0.558987887368041
0.69438916169015 -1.19129201200667
1.8200541328207 -0.945291634922027
-1.23324603424042 0.422522664156036
-1.24893126259805 0.442611774700356
0.602880067944808 -1.1935123620034
-1.86239312330535 1.40261829958219
-0.215618897860329 -0.91302616683992
-1.67202991197377 0.918327660159174
0.297392190395946 -1.19224276755943
-0.316206395110487 -0.795377114318428
0.0124153555080179 -1.17103454981008
0.546516421925243 -1.16192694213171
-2.9591554041884 0.311808932470585
-0.611603073806469 -0.412941419421061
0.344538490576775 -1.18914709545312
1.7044211915896 -0.860599638201078
-0.706091354350694 -0.689364072059919
0.157713292402782 -1.13501328503923
-1.01715239111951 0.223608287588073
0.198816826766321 -1.23223038114603
0.684291633883574 -1.12793537463935
1.26978501386224 -0.771222307960524
-2.34706261553179 1.6626670610199
-0.135247639887846 -1.04615475301251
1.08358562613179 -1.15279203941506
0.462372326487734 -1.16880253186122
1.55044889126083 -1.0595193523031
0.285881080167578 -1.21059750537855
-0.365337770557098 -0.588864197224906
-1.17898894522903 0.459544501436552
0.223389747086123 -1.242296953995
1.68471860740728 -0.727374010418313
0.850518807793378 -1.05500964543489
-0.459621611528429 -0.417160166913082
-0.751564761209679 -0.0529157332938416
-0.562399000815122 -0.625350189897872
-0.754573559686975 0.520576104315746
-1.38659637192723 0.927337631019391
0.690621264072372 -1.1694461023567
-1.54303515418237 1.04332295390315
0.682810166146075 -1.16482431740861
0.405616866404262 -1.12852689856887
-1.60986002927245 0.697819025353922
-0.256908969700616 -0.882537868312862
-1.45288523396581 1.18385842827748
0.0445093282122088 -1.25442587721531
0.358285485974541 -1.14249693467696
0.544005590446827 -1.19882397732509
0.706221409698802 -1.11465253560044
-1.02521538790154 0.42867214327029
-1.82852999398293 0.687100728322821
-1.23621167816743 0.232638500008239
-0.782366982013973 0.0524733444509067
0.397677415633918 -1.1586270222762
-1.2850298332305 0.313651913911395
-0.503035543065585 -0.83375752388572
0.160919255405009 -1.18975471309966
-0.975511698773604 0.634750744783974
0.840172791159085 -1.10774796803669
-1.70564458644088 -0.258278702585581
-0.224303505684776 -1.0144689394507
0.529083690562002 -1.29391664355723
0.338028016284086 -1.16195120204667
0.214352439515948 -1.1533203029146
-1.64151245482232 0.95091367076981
0.541230613013381 -1.13997869385788
0.578555013606872 -1.13954473714141
-1.01299922617507 0.0708266454199942
-1.48474926751559 0.876094486827731
0.528847820459645 -1.22235196332614
0.11639551090197 -1.15519609342628
0.68231623979915 -1.07644975368845
-0.937676527931263 0.491561714242948
-0.374039915921604 -0.761823117632686
-0.0984395281664006 -1.03200126741715
1.0935153083875 -0.979985249420614
-2.30200523330546 2.04204485619597
-1.52686661129678 0.119213697266408
-0.0377274534732308 -1.09200401606646
0.445935012568229 -1.31999678172733
-0.688974198691674 0.235066331853318
-2.09939578637186 2.18488226536879
1.16051776802695 -0.957567634848786
-0.583529140906498 -0.382521477616203
-1.37429013028003 1.93757239215668
-0.188592665312801 -1.10362357108524
0.10638169206948 -1.16341608643731
-1.59916656744237 1.43874439366761
0.0421685701715867 -1.18716421254243
-1.31880170737548 -0.534995426206713
0.398811955902302 -1.15568193830996
0.606141541184085 -1.08849425760967
0.374141011995444 -1.19373196328634
-1.3014103429835 0.641843485902728
0.654960413380598 -1.20307724005622
-0.592423764093594 -0.523805102315922
-0.648677563813873 -0.498470215467824
-2.77976249892897 2.59269361476822
0.165606386412011 -1.19719672512003
-0.423199983680624 -0.344343206443738
0.295366858924033 -1.18307705627539
1.70557131981875 -0.68924328152997
1.15103115222054 -1.02218055908593
-0.573028233720621 -0.201199892066756
-0.636553327757442 -0.173768660805225
-0.205749854696861 -0.767470085271044
2.51436404805224 -1.18050540812331
0.245215162175292 -1.27891817430863
1.71241306443323 -0.975730843330693
1.43362308394444 -0.540740414278485
0.497496655764072 -1.19585983095471
0.71377545215657 -1.07818764441278
2.03486545158474 -1.07489364155879
-0.396655227708917 -0.518576649142334
0.276508648206322 -1.31612254974507
-1.67062244890896 1.42020853537143
0.800500371780498 -1.00926027870871
-0.403457231330956 -0.617943465136381
-0.366021464029499 -0.858169492135156
1.32126677731928 -0.840591832623522
-0.232300021394817 -0.844070331339015
1.61100651822047 -0.812977560087607
-2.15952535378974 0.742123236279591
1.37385814047421 -1.2149260970462
-0.128265343988435 -1.17998587256284
-1.23941271795362 0.568429974684405
1.20077582565751 -0.951402825141987
-0.152811943094123 -0.941537762432977
-1.67214450648518 0.488455950851416
-0.0962791130069312 -0.958968762759492
0.682787078900319 -1.1045799504993
0.332545456626255 -1.2291162323062
-1.79240674407814 -0.231099083719507
-0.197432791957844 -0.869983923645614
0.656918004141278 -1.12255932825779
0.0928256753012895 -1.16330477482993
3.87007855059724 -0.866400273738212
0.518361108897754 -1.12886914343237
-0.0661652613991006 -1.1096525707201
0.0863087363352894 -1.2251772644928
-1.50638660071717 1.13694347297112
0.076488664307329 -1.19068414106978
-1.10986801426289 0.365293356355429
-0.918094411747341 -0.14102576409038
-0.646541647463251 -0.562917049459005
0.915667116487121 -1.02329095766486
0.899705329475411 -1.04444676918861
-1.40046549290531 -0.560733308941159
0.625325822249652 -1.09310886195397
0.391153745084564 -1.19386857206963
-0.337655587735569 -0.594333746125185
-0.690166580703904 -0.110175060268043
0.350306977241857 -1.18523967250234
2.47878559407213 -1.16626910013165
0.342734220451121 -1.18063588414925
-1.55185063669118 0.79619010021167
0.381833224116053 -1.26380630418596
-0.172513858979975 -0.704946317491871
1.98754903836292 -1.0519717796412
0.00147165710170119 -1.17774026452823
-0.2942292496316 -0.920534421130458
-1.89381411469251 0.832979509979215
-1.69470697051515 -0.2095663351501
2.77798142090811 -1.32731847835903
-1.40147026119457 1.17731244130356
1.6566460468299 -0.970781160559326
-1.91441278970475 1.41619622848178
0.592259090126872 -1.16179537748303
2.57854119317771 -1.23096191513831
1.13283534942178 -0.936700409709943
0.647957623986279 -1.21306894410339
2.93705877617337 -1.39652195616721
0.999554043874111 -0.967805927599547
0.904004349776797 -1.07413558613124
1.35863490767858 -1.02736858612806
-0.90936965865184 0.388426589654647
-3.12584921143631 4.83855875870076
-1.2602260830386 0.706976857911108
1.97513565591657 -1.17488210381114
0.617246488520856 -1.12466962440777
-1.26738143330336 0.251401798982996
-0.707066491082725 -0.434212837010912
-2.30359822018341 2.22371382558366
-0.442806217189986 -0.412640132639136
-1.74045105884055 1.1146354719649
0.589331809272921 -1.00296483715253
0.621895408897855 -1.11459791122241
0.655892015980772 -1.13582077683086
0.205884936327206 -1.06871893321002
-0.0295102676080857 -1.00231560321157
-0.913479797573692 0.0356192432407819
-0.908036883890586 0.229579494514554
-0.872211646999684 0.335320459176177
-1.55089089201239 1.4376220100338
1.70397237306214 -0.761889051781879
1.22460120979157 -0.851536571261999
-1.880862081644 0.658609071943282
0.829292391760299 -1.06280991216065
-1.69077898073685 1.38417982013565
2.30043248893672 -1.11396275234182
0.375155763888518 -1.02519452035101
-3.80003529040385 1.93545227352465
0.99862965845699 -0.886607537901269
2.03109758748778 -1.10490920315258
2.3770936238577 -1.06492374162496
1.30910084172399 -0.936528294349846
-1.08006589241897 -0.067509789980132
2.92376533684279 -1.39134352433462
3.35479692444673 -1.39062151302773
-0.272907826326527 -0.743096761548675
-1.28279974797725 0.965011864753744
0.274469221482145 -1.14917332224299
0.625595775373138 -1.07218659877173
0.737632651122901 -0.962338873971418
-0.741104405806734 0.204402278173984
0.262629915947329 -1.2341006376798
0.144052551435971 -1.10950525374429
-0.257741519405049 -0.961838767030382
1.24693622867501 -0.890785904276547
-0.879941788285432 0.608924418503011
-1.80915966087491 0.17061907044236
0.429929727276166 -1.21555126616799
-0.693944291199431 -0.2803200828526
-0.85175746056182 -0.663967696771113
0.806437812436663 -1.0299091827682
-0.184748890868528 -0.81935684671627
0.494495586694102 -1.17667042868051
-0.454640678354577 -0.338763730547875
0.834645124307253 -1.10611100067256
-1.79752164187708 2.22462607841397
1.16703304577511 -0.961250767172043
0.75417192324016 -1.04150976646518
-1.1067652102896 0.963982656041638
-1.36903090569089 1.00078900516334
0.999363524935089 -1.14297178916559
-1.76786344373538 1.39925905088908
0.147533011813711 -1.17323859033359
-0.686405271592489 -0.358462308209209
0.551985311271141 -1.15836834598231
0.563819616394353 -1.20693433776793
0.517058146893183 -1.06298394031919
-0.289455134969245 -0.926522111515579
-0.440487783788185 -0.279061355857742
-0.152610610004354 -1.15387805383759
0.731259462866347 -1.10303692954169
-0.987553905097329 0.96953060184415
1.03293332571087 -1.15000574375528
0.621937827657344 -1.02888325371251
-0.48459004727196 -0.408451541916755
0.108282480243084 -1.14900438630806
-1.06087379060707 0.52898020777719
-2.14303726248926 2.02814850722672
-0.444386463582801 -0.755419041169062
0.667184621643976 -1.15565646033872
-1.35360518682245 0.491076551984523
-2.3928874759103 1.86744369160608
-0.103535769640288 -1.10370018649169
0.683632216555614 -1.10325415575811
-0.674591602868512 -0.191132751895647
-0.37459189133 -0.63905457230359
-2.15715417315576 1.76094483725702
0.897906734848267 -1.11269528355437
1.50032739690954 -0.877862477163176
-0.213806978831625 -0.863961362911023
-0.941510410740183 0.123354627076909
0.0469471037800907 -1.09988450029012
-1.03567761220869 0.577072156840693
2.2628031561878 -0.977716997144005
0.643273012030129 -1.11214469913631
1.46173693902726 -0.899233437024548
-0.58543658030701 -0.41954039031434
-1.26766271907126 0.728860124076995
1.1929953323631 -0.881203355317685
0.617426646415774 -1.00779123417421
0.635429286023425 -1.1017739437461
