-1.66019875584134 0.283805106883672
-0.897063695848306 1.16043755693178
-3.41007185352387 -0.323486222417542
0.0235478287610385 -0.506957124821174
-0.0400966623609519 -0.470289198446889
1.14832250701257 -1.71520291890292
-0.206336919410691 0.40017810772945
-0.325092832677975 0.0506544684038169
0.496415074177104 -0.904841657532094
-1.1121079313882 1.57357358270059
-0.489606100406749 1.07235868408933
-0.286729334154403 0.754891484976823
-0.43068966739986 0.0863922573307957
0.245308781127451 -0.871727585534994
-0.925128225784053 0.53877832199262
1.51691855459603 -1.50164208519606
-1.44490851121596 1.08636988219844
0.688468845490882 -1.65762313583641
-1.09270034121181 2.51042695039179
0.170970384175987 -0.960665234650457
1.05830245546177 -1.70048970307482
1.18440663224575 -1.71082412240954
0.13330291411141 -0.617520802864086
0.215926871628175 0.109065414315447
0.370859974836129 -0.830558618457588
1.8442887380116 -1.01435915240068
-0.40695927520966 0.397612246410478
0.871309063126141 -1.5677484908321
0.189271737550468 -0.0797405826057395
0.204093387763027 -0.728019235409554
-0.162079624061235 -0.485426527023771
0.587093512933969 -1.24156667785209
-1.41417015397727 1.91631183114412
3.53590162508407 0.547993928917257
0.788769992866076 -1.43199969447604
0.969348559201586 -1.6534822866893
-1.32227576672828 0.545755646562055
-0.0920252613579736 -0.297317848251533
0.458344389751046 -0.957365922732791
-1.08775168492674 1.56151856587213
-0.80719434440761 1.33573187247478
1.88058589749941 -0.739971755906135
-0.0613690062247409 0.281955066170309
-1.07252483414113 -0.656175714994854
-2.14631948251929 -0.746286138671992
-1.5535489064343 0.937233746038717
-1.79462609501434 -0.611442242537408
1.68234518676988 -1.31463239387718
2.01051310323076 -0.641052260359648
0.139083444630487 -0.811760361893745
0.909518129403511 -1.57464524964974
-0.558524832474275 0.272116006081939
-1.39369669027521 1.27948256395361
-1.23829796166528 1.01633222321692
-0.351557575203529 0.246605660587936
-0.154890001312443 -0.65502783070863
0.0671799485126275 -1.03839294834627
-2.33304665962604 -1.15316630038012
2.31487060103958 -0.301626288752392
1.34561876645859 -1.64877783479604
0.204854251784374 -1.11946393754626
-0.541785943599838 0.672232432610045
0.252306660513679 -0.396622289195218
-0.86204998917329 0.827225923045156
-2.69449031776523 -0.822780695712574
-0.805607386173214 1.11762369632229
0.193176655875317 -0.245548733370497
-0.904009504843095 0.411080026407734
2.19503698325405 -0.684746469693201
0.812433509275948 -1.48313834382896
-0.199683895306861 0.0456226065076512
0.27136184594969 -0.411015609854462
0.56393673649577 -1.1781171606712
-0.887609834401524 2.91213700542451
-0.74704547545097 0.336141513156696
-0.505968167295573 1.13214039584762
2.51313527102887 1.51498554910063
-1.05014013527686 0.957505414617523
0.29235861153691 -1.14116831426696
1.07218096669315 -1.70303953449984
-0.450542452305048 1.3026013195898
0.499064669094666 -1.1396852908032
1.04479827564396 -1.69689931586142
-1.6036309404398 1.1915002689864
0.0222103215043364 -0.0152110307370136
1.33641973090976 -1.61067392476648
0.00963262210167747 0.322465173011671
1.28052825667868 -1.66726089016296
-0.452139008136842 1.17914255401462
-0.487527002472176 0.416488409765524
0.625072690841716 -1.04166032678498
1.16543001932856 -1.71481992917711
0.256387145263012 -0.196829628242722
-0.0591100253374921 -0.87867194265203
-1.42315220526883 1.0543286249061
0.0327951392101273 -0.24569164309565
0.950736873199803 -1.66278738511209
0.272251104159453 -0.566600774701455
-0.874300290758565 1.19628303563924
-1.67561552612832 1.41205772569669
2.15969935114127 0.177337207202134
-3.66037300892527 -0.440897894731473
-1.23145651616414 1.12887911258821
0.594957992579629 -1.21328715795516
-0.129739640671636 -0.433605966276003
0.340644590636975 -1.04367225437466
0.0482535427247527 -0.659257333180413
-0.135996129156269 1.16272781929269
0.436894998695283 -0.929865001220358
0.360816404996673 -1.04895702739434
0.704990737882822 -1.30492242140681
0.177376269072773 -0.573309838806506
0.461482132896388 -0.915760711638169
0.734991208114961 -1.42941244977038
-1.18614725053785 0.910852731721144
0.678806020559953 -1.40763386858436
-1.16407730205362 0.402756031011
-1.37125043210913 -0.0792983243356618
-0.318774306607791 -0.147156420980108
1.71963365537127 -1.15619659803935
-0.615486268212566 0.642476001632629
1.01512600882558 -1.67915928418953
-1.99206261844743 0.0315770012129748
-1.31657244566847 1.17730444437361
-0.255704825298148 0.0812856326426807
-0.271226726880874 0.793681212664831
-0.617858846722405 0.325718468450636
-0.149547226645617 0.688835218503014
1.73877671114359 -1.0108881863692
0.0343663736460137 -0.607269450859355
0.529103948684877 -0.767213460000846
-0.693128325170086 0.348257183357863
1.33719118000978 -1.64893719944721
0.791891419911359 -1.53366155345774
3.77024994729368 -0.770274372034509
-0.761143424444745 1.57278218583786
0.152704098567536 -0.384032133522598
2.32262797115702 0.161201063455665
-1.63557216474671 0.714011713295947
-1.22860369591467 0.517466079742905
-0.651487813628574 0.801200108322794
-0.588051083738901 0.427119027908451
0.429374956560416 -0.937185820309233
-1.62343270359138 0.0754271566169538
0.91775915912709 -1.6556208473892
-0.822602729904305 0.61217450614849
0.721592859826115 -1.33305490378965
-2.88841444412565 -0.248174664991234
2.90785010039524 1.60588340308374
-0.325844140321827 0.421149156077742
2.74062081438322 1.89799177118182
0.0371486086267941 -0.103873692138965
-0.332896218915186 0.118851059861622
1.61306590873231 -1.26476642664394
0.212101306034832 -0.736074561031
1.42674414989255 -1.56943906675368
2.05021228660584 -0.343084877866332
2.0719195380054 -0.916433684767855
-0.321450035891497 0.00979425735220324
0.622361785952258 -1.29667283340158
1.01062953665151 -1.67791420040581
0.26842411927059 -0.396752942736469
2.24910413385024 -0.121500430715813
-2.5960328501692 -0.167382076718452
0.000189886003692711 0.134800455454043
-0.468275107597515 1.59981907414789
0.848048383220436 -1.55518617695969
-0.312904250243267 0.0884391500275038
1.0259885228324 -1.68398764391885
-2.81137976830924 -0.280299099084012
1.47017684083955 -1.56885038865829
-2.29711162705334 -0.369229696882264
2.63013500455431 1.66870274056002
1.52623851157576 -1.57293708306089
-0.653769205837176 0.314085162193247
1.37451959973941 -1.59419400636845
-1.14788996366971 -0.00708302611061462
2.51036600878694 0.970473972737314
-2.81547855235603 -0.313081123789729
-0.0788327927788334 -0.197396464432024
0.0699350353678894 -0.936794176753604
0.364840242650141 -1.21367474678544
1.13911504922711 -1.71510466629246
2.5777788806747 1.09936327254478
-3.79059370966479 -1.07991105681172
0.304012281854751 -0.97577898594275
1.17016865840371 -1.71408687463031
1.12298461920973 -1.71424925639072
-0.112316259501958 -0.25149630166934
-1.55248027719644 0.547080367401791
-1.04313531090638 0.383230170855007
-0.179469853202787 -0.029032527716203
-0.267697976699752 -0.238700689036743
0.517105169949153 -0.960518143963671
-0.450135919892616 0.534499904170182
-0.347645251682072 -0.00657154753026423
-0.528092519799848 0.842440454322643
2.89934387215134 0.566992166939522
1.11137886967221 -1.71267871313603
-2.06392487865612 -0.646083392252687
2.09831598895475 0.18081438908591
3.55200399401029 -0.0111920824410993
-1.57342566589448 1.12877774977143
0.366585611512357 -0.720321847186814
-0.399471360718428 0.624187225609025
-1.31159918784698 0.976090662419305
-2.36288914766066 0.246897394021295
0.0313774656259286 -0.15800246523865
0.735791660759968 -1.4480936762261
-2.60038969824982 -0.396979424288626
0.481841750697992 -1.13128122937191
-1.07253677438102 0.747097566954023
2.2319703091327 0.609189677090318
-0.410541973279515 0.22239589197206
-0.275083551324441 -0.144093297762971
-2.10873001656734 0.0396676950733852
-0.361782624878657 -0.00977508449010461
0.366407279593974 -0.637520650518459
1.16104707863141 -1.71487456865508
1.94060768815507 -0.574321413688354
-0.0938570261984515 0.62224011703304
0.549991489341224 -0.835184314231464
1.24573885121719 -1.69850910855392
-0.624969351346987 -0.159327116722863
0.801718515973062 -1.50052291347348
0.13395804111893 -0.243463143465065
-2.66032599395664 -0.385014496870675
-0.409321701357202 -0.357758008368755
-0.413796850599387 0.697143264367008
-0.976388781798584 1.16853919569688
-0.263484029976994 -0.0261930442955779
-0.941351375721909 1.49889573906118
-1.37945154193648 0.275585151169259
-0.498931467866439 0.485068899382493
0.377373124902891 -0.904637045238786
1.03032983471191 -1.68191153321632
1.55099991843981 -1.36672097701682
-0.905985240464139 1.58991151663863
-0.323551081098127 0.568035364138683
-1.01717862021432 0.74035852444688
0.786296390127433 -1.51585631221034
0.628167576652612 -1.37199007247673
-1.02039813080097 2.29393201385235
-0.125998867728698 -0.175755060656455
1.99700625970937 0.164062718395558
-0.25070526210075 -0.0515829500365759
-0.334470706082378 0.869678881960365
1.96585320566194 -0.162224689602169
2.46769381811901 1.38742621174466
-2.09603683771888 -0.131936327641378
-1.0897275104992 2.26805399878109
-1.75832187259712 -0.384023981501799
-1.26395532834022 1.9253709170659
1.25473171440349 -1.68747465409884
0.0258270140192412 -0.0994445296456256
1.5616703718739 -1.30362861244688
1.05154046999104 -1.69468578374195
-1.8568027128635 0.532167927327432
-0.211037351549212 0.297164628530013
-1.83601248515447 -0.135049187818749
1.85600021040609 -1.10884647224494
-1.15107065373051 1.08493538181424
0.1084518736218 -0.269845411031136
2.74133026334006 1.77289922833332
0.693792715113015 -1.49259484877932
1.74322849660068 -1.03782317744189
0.638382541796357 -1.47714323256969
0.113254209568115 -0.689490953940708
-1.42504543994701 1.36837437328441
0.145537483949964 -0.827088107628503
0.526194601960193 -1.070402493204
0.36200779536499 -1.20801696963326
1.12199850177829 -1.71388028658716
-1.25981966780742 0.0385511905040949
-1.1346694109758 1.80007669738487
-0.362436096275829 0.953383597325027
2.83522105990479 1.73448757817905
0.364199463949812 -0.788627454470076
0.193003279146078 -0.912330264634957
-0.795185317927949 1.17340288241139
-0.14618081082295 -0.229393324164488
0.783575103948558 -1.44000259019748
-1.78328188040082 -0.132194010647916
0.463477532982814 -1.21309549067648
2.0972268142475 -0.296810038807576
-0.149592401939847 0.672033193999699
-3.76477676420524 -0.172900939404283
-0.804941702578882 2.97771526705109
-0.425742533122826 0.764996727924878
1.53943437009379 -1.34519182727548
-2.19382182551727 -0.249477305958318
1.02997580432361 -1.68640577889836
-0.717606379205218 0.854558199806766
-2.41307156872668 -0.778810901235645
1.28673990924884 -1.68034747161746
-1.3311460866123 1.26614036270195
-2.29230398246791 -0.336690523215069
0.385181659732558 -1.01455345693992
-2.46035158991066 -0.0170612253520992
-0.608830270057803 1.26852149573608
-1.17678459890245 0.186823759977982
-0.568733316477562 0.686024209591691
-1.92276921089382 0.629599117763202
0.280758336871192 -0.0438359399185807
0.318122840335519 -0.265998228010829
-2.47458669145837 -0.835034945116848
-1.08665083856298 1.03322659178555
0.751490462546473 -1.36587404041992
1.10976100679542 -1.71232839884129
3.01109220132515 1.84702240224331
1.46912133341821 -1.54290921311884
-0.413117173171023 0.888337220161949
-0.748331188231301 -0.259393599078664
2.68945244476319 0.926516301166024
-0.0159384521348993 0.0574143720640849
-0.48559673517663 1.20268314607803
-1.70758193855806 -0.111376502783056
-0.0206696030577968 -0.267451286023132
-1.66591914554548 0.498635574800393
-0.923734679339213 0.0554377871972525
-0.257079376114273 0.714739491836603
0.538918103824277 -1.23462741830155
0.463510401006362 -0.983510721518464
0.817105901049263 -1.59723344448638
-0.310448730281806 -0.0732788974129601
-2.4002711592392 -0.221982804517657
-1.62831643854718 0.384835957950595
0.648785622773648 -1.28076618968504
-0.920001018943218 0.935765124019024
-0.546129963660004 1.15329206207789
0.669251996566949 -1.2931750037897
-0.282054912516464 0.378986348835612
-0.0369804779735373 0.499249797086207
-1.51682682997665 0.111818156273217
-0.124456380767966 0.614019847365441
1.90394703662129 -0.864428947536068
0.7269011035684 -1.42586785221698
-0.848925313644555 0.439618947229128
1.45869406495876 -1.40523442509493
-0.466575314139201 0.858009950454941
0.441966356765348 -0.934160457480496
0.722534399414713 -1.51211557814195
-0.41498852413253 1.0313931413461
0.76267532365193 -1.43187529636719
-1.58803387598781 -0.212210767823068
0.10531368295498 -0.403231924038104
0.83409091429968 -1.51708514376512
-0.764078426828421 1.29471949505721
0.664978774913152 -1.36524091759404
0.652316454650673 -1.28837185106695
-0.052279449362577 0.16737783289061
-0.271613597642943 0.205827853511565
0.347631635480394 -0.887097732823667
-0.209679387282201 -0.38435401098648
1.40235250053774 -1.52808562677865
0.594750108715355 -1.10963997136323
-0.211612345973022 0.267695274505785
-1.32990730567941 -0.0898243281149269
0.67782883535389 -1.31429438068625
-0.0743848762019347 0.52646058352974
-0.317590088849761 -0.137683188953379
0.17915924700819 -0.248606659693784
-1.29792902402203 0.686247183508706
2.2596962583558 -0.0212786986709797
0.31408623067544 -0.717865477136527
-0.137330312794707 -0.183202248061075
1.65422180099848 -1.36734526077938
0.61124342489767 -1.31510136784745
-1.58208233712872 0.955063651453753
-1.26446092617438 0.4795036602469
-0.0475123804778972 0.267158496364632
-2.26176895419362 -0.450003663325688
-0.739510145516992 1.14213634159526
-2.15991154840715 -0.117180620673615
-2.21372134219962 -0.213126468929483
1.7026328951434 -0.993289338773074
-1.30267509487651 0.547333952375164
-0.112479607009879 -0.263790329991436
1.0748384396679 -1.70588949302613
-0.481306213489526 0.388222553185532
-0.00388625113532227 -0.464081722274075
-0.462014296805373 1.97745697193419
0.0233273289184677 -0.0531377110045016
0.313012454983807 -0.610712273479026
-1.30867716257866 0.433302821824715
0.139089757148431 -0.416317982687598
-3.90164534527618 -0.693537264541771
-2.54602259374982 -0.445488687428794
-0.408240981841096 0.708536074261043
1.38809776441093 -1.58721918928108
-1.848136010868 -0.0424511502242041
-0.321881777871642 1.12149375361216
0.788515695996065 -1.4687181158905
0.698937524582949 -1.30729211491478
-0.930300442083074 1.37097251647278
-0.115357327627923 -0.313815673584753
-1.38226697106966 1.00997312596081
0.552721781942171 -1.19053808461473
3.54927929330179 0.0590920694206689
0.251838466993682 -1.00640384566091
0.445074488951688 -0.878391825534228
-1.5570008909005 0.104499216154438
-0.513187468014887 1.43865501159727
-0.837161131591552 0.0115292876457702
-0.373498898994061 0.399112042288937
0.652413427468084 -1.35971531449034
-2.08754234436965 -0.437214056132791
-0.276918306833381 0.147554537882103
-0.484550280965739 -0.216695707739193
-1.84440413664878 0.99724544137296
0.514912476072206 -0.882165090480586
0.838194115462844 -1.52051089530988
-2.25560763928197 -0.437840421607171
-0.45012003870989 0.166119416326268
-0.0791281085929373 -0.553551814274119
-1.13455732506955 1.33970444463366
-2.10166125777043 -0.24429466833238
1.85641382167543 -0.640830006057864
-0.443311221806271 1.80659027217682
2.64138850298545 0.759695524086799
0.839130945703585 -1.54167366346538
-1.2090521843821 0.717625373518108
1.50429301763863 -1.43235699317992
-0.396079335125263 0.648495859401675
-0.0431891829048261 0.297164652239179
-0.707830994831691 0.503200064218505
-1.49623983694787 0.566065315415824
2.11353290233056 0.245781228594219
0.535715005501797 -1.32357017844745
-0.54420296654519 0.118955685842033
-1.972453830513 -0.0548819346373374
-0.30072425418399 1.06590304101578
-0.635309390707835 1.30805369744716
1.87179701118829 -0.877053234137588
-1.89305575546109 -0.379851742764911
-0.779045061667681 0.0381949769762108
-0.356516753199183 -0.174857018631594
-0.733900472579368 1.77742460020478
2.14942753067596 0.0513460498972521
0.739555765784557 -1.36295798388303
-1.77215964329334 0.532552775845377
0.119639326467354 -0.296544646374106
0.840434834709581 -1.50164957663209
-2.27180945694961 -0.348047629139573
0.876712339875236 -1.58143999488182
1.08297762762296 -1.70714560818095
1.69724855283774 -1.18394513594721
-1.99397274746806 -0.108440920807336
-1.89192490260507 -0.512182231352636
0.162059772248556 -0.478700599084264
0.905912008040272 -1.57551593135339
0.186386744163875 -0.987192258770861
1.64756073839491 -1.11211190113844
-0.522678071020547 0.11077543365388
0.492613732704312 -1.02289344199027
0.0201730000504841 -0.891370902017302
-0.228170885273628 0.0875996314216664
1.69731744895722 -1.05228708176434
-2.02875732833731 -0.472545683999639
-2.37561598435038 -1.00321928268177
-1.20484259466425 -0.0924974271558996
-1.42398280873297 0.885142513336695
1.31941287269731 -1.6791571621551
-0.935259549010393 1.92772441970441
-0.927262208735352 0.708867120538208
0.212419818307286 -0.777369933230426
-2.12907823863578 -0.295103784892014
-0.883110037247138 0.109012761968637
-0.768298933824674 1.85215492851076
0.42020506351088 -1.1077246418204
-1.62775286112092 0.10903412429801
0.749926722490542 -1.45941467829214
-0.893266428605596 0.630262973220941
0.253506547100039 -0.618200951563731
0.303356624710056 -0.748086989942951
-1.39466420156823 0.341029643739887
-3.20873804498683 -0.717642890838899
-1.65023764457031 0.702848781804261
1.42037783123402 -1.59552807265877
0.327158328624035 -1.13051757684392
0.0356230726086665 -0.669595348246973
0.616738715324117 -1.30228259968781
-0.262048644321754 0.0756609748579084
0.480911440198083 -1.15274684677583
-0.319614428463524 0.0308402896228758
-0.969931954702624 0.975886027793877
1.00662072434432 -1.69097361067126
-0.99914611583207 2.09828747025514
0.622821253311412 -1.3231038580526
0.128788745171601 -0.0772786067346722
0.908282162258905 -1.63632124923397
0.104930560903564 -0.298361320172264
0.487508388446582 -0.968534556236012
-0.774219735065509 1.68479927597498
0.551564857882353 -1.44409433174445
1.05748185910481 -1.70262112094022
-2.93349778440261 -0.153908446482665
-1.5202421482061 0.0137727479177739
-0.423461718734621 0.198657620151733
0.491303413979342 -1.26427129702422
2.12569839118633 -0.16895206028499
0.240828619752375 -0.617805160590137
1.03663633805739 -1.68921466377838
-1.24147668459492 0.847045753769239
-0.569946268433581 0.526214619092814
0.382974743305578 -0.879499462256383
0.609356502085095 -1.26284789647773
0.525568560903905 -1.20531515041979
-1.36301290093491 0.905019154968726
-0.440899595496182 1.37699597637405
0.609905968069492 -1.33427462635914
0.0403910051997198 -0.617453360159455
1.07925630088431 -1.70597578997665
-0.0655313784509828 -0.300885802228008
-0.0646895574728854 -0.505600659078063
1.12620186667538 -1.71413066603934
2.35152190674386 0.707557658764747
-2.04012521905995 -0.12208631553457
0.90280362569668 -1.60569648995411
-0.229671000304609 0.72877242805066
0.398001875619498 -0.939820815340647
-1.29644631538573 1.10700980749672
2.27614033716189 0.57929591762778
-0.64803584090723 1.40762344562503
1.88580003184941 -0.669676146556261
-0.415082820000289 0.177642177741736
0.128294383514772 -0.231367562981899
-0.365094318732924 0.618350314748595
0.442872057510663 -0.863087916147181
2.48509546610061 0.224655727482221
-1.17349300816133 0.327846560569911
-0.477119710574803 0.403971263678954
0.0998984249487058 -0.600473584679466
-1.74932288521895 -0.034742559882457
-0.268196423365345 0.492540105636848
0.767199696450751 -1.51261858415867
0.695791068698809 -1.26680535371981
-0.892313659452338 0.398887164727487
0.791824691638804 -1.49030857140622
-1.91210644979698 -0.776044428793674
-0.596236706597064 1.86513136821943
-1.04331710449128 0.485372856372821
-0.447759449180419 0.983682492100289
-0.715754864647513 1.22846742072802
2.44008402025827 0.705048830458266
-3.53908539480313 -0.669971805235353
-0.208146607441811 0.43463580111061
-0.424389845414268 0.978394632699882
1.32349590311975 -1.65747160268686
0.631164979416246 -1.17067180539464
1.33587718921759 -1.67060529254079
-0.659199168530019 0.905768919139634
-1.98406876382066 -0.218371314942135
-2.96806584464363 -0.27810095887032
-1.03558946881982 -0.0152352621670664
-0.342935732595158 -0.0936340467746208
-1.11328611542574 1.84389560834848
0.18799012507623 -0.720045013951235
-0.116722899912253 -0.288388010096502
0.283028400154853 -0.861807304736133
-1.29411367707216 -0.407848951649664
2.0749544376444 -0.00923781307196758
-1.90386401853554 -0.117146287290257
1.53514595083506 -1.19953338268284
1.87933317340267 -1.32754967580723
1.68060616769708 -1.33110478968871
-0.269108507734326 0.255456734945477
-1.13573546474116 0.570609453812914
-0.0324259581564421 -0.850851253059202
-1.34378282277028 0.216514414827111
-0.951672689537325 2.52810818632257
-0.381406625081074 0.17063144388959
-1.11330302482892 0.854905149933366
1.46423833198273 -1.52594765025949
0.158220920210317 -0.98955842346483
-0.550604197552462 0.198484447568404
-1.54476012846182 1.27510988282366
-0.235094497181769 -0.207542544438461
-0.777050172099326 1.58894701351307
1.55606858859811 -1.29929766283738
-0.603157742637789 0.137098215783512
1.20343477316845 -1.70592938585726
-0.24831548724741 -0.197824806757742
-1.66396662891284 0.304078757929711
0.500780807764358 -1.23795865272144
-0.858144945993919 1.74660506280765
-1.51576736405508 0.564279477022924
0.552203102143376 -1.07381686329377
-1.52612881157762 0.0364564695062109
-0.0496027271993677 -0.193146126152917
-0.482690807147336 0.704267250196164
0.371217192647058 -1.05276940106311
0.105856929729147 -0.44306942792976
-0.249926320194899 0.222906616360797
1.36077124802841 -1.60362595337005
1.98979099593422 -0.405865935530607
1.93662723142792 -0.643219194819449
0.124145805299817 -0.199880179330103
-0.428624079601819 0.272368478195078
-4.19150856088986 -0.571102337117279
-1.33646999978 0.598734090261557
-2.57306285864687 -0.293057910816505
-1.0548826637534 1.34221615627374
0.609314416057875 -1.26714976464601
-2.17257738338667 -0.509951800070926
-1.44015450847754 1.28099991168625
-1.10240287355227 0.508870243155319
-2.07903558622586 0.274866584440034
0.139659131654683 -0.105620935091385
-1.19655822631401 0.8428562476777
-0.623336319688255 0.867140907392755
-0.643026139507099 0.221109780359428
1.20965946951113 -1.70536062955103
0.0547218999786685 -0.430434663109082
0.949376849099548 -1.65617182698354
-0.645836890359174 1.72002607554471
0.569316808977895 -1.25566916761985
-1.1548609530587 1.27056374953547
-1.0768558441915 1.17474817977987
0.972180475284049 -1.65680272268136
-0.440325565372183 0.267749147661034
1.66824945470562 -1.12290827038928
0.86973065143988 -1.54353961598241
-1.50394192502474 1.238553255169
-0.371502383616568 0.561012167796198
0.2000622783603 -0.94527061775893
0.991128067712374 -1.68014827764024
1.9713022941941 -0.43662859413003
-1.49578436890941 0.364008697406527
1.40174368091081 -1.62957896417012
-1.35053133070937 0.814957927583905
1.17505558040384 -1.71390161261907
-0.45068208742095 -0.116618075473152
-1.71695769231386 -0.35080589713132
-3.08771986798993 -0.400218845198316
-0.388537022967417 0.0590362954671114
-2.29479573037074 -1.20773082632088
-0.749518477757741 2.62913624331019
-0.391120686729439 0.265369133471574
-0.720145248531569 1.40308030465108
0.566810320182795 -1.2125115327087
-0.492304636713079 1.01861906707408
1.30048114914547 -1.70029405160065
0.49530293247836 -1.0476027356879
3.63748517024003 0.291971659970947
0.98386472236036 -1.67726255296193
-0.190266300286107 0.463898623488908
-0.473878108156986 -0.510167099399832
0.857410764828398 -1.53382989995758
1.26125653330789 -1.68817096842226
-0.870619104622415 1.06279882212707
-0.0387264627737098 -0.882878410885663
-3.58420440942906 -0.640626049677388
-0.933519651563967 2.0651662937497
0.358716594796698 -0.936095181820195
0.129864495761169 -0.56420861796305
-0.794758878470601 1.30787429268172
0.375531416355132 -0.846006732475905
0.456928836943331 -1.178153570429
0.708871415883434 -1.21006375078959
1.34643384164561 -1.64114639812549
0.0678782129906937 0.0737555158863877
-0.254866827192174 1.05994099960477
0.766478875947507 -1.46627324397583
0.975918604316347 -1.6519487611803
-0.533663170720276 1.49846823022701
0.168672111237258 -0.897950060634018
0.143547274902758 -0.594555175897867
-0.0293321667969158 -0.614825462957124
-0.0138387074605772 0.246261486916839
0.949311463255252 -1.62990828551859
-1.19601102436061 0.373722310138338
1.57215830209967 -1.28355801520839
-0.859828719511684 0.816261756231492
-0.698780227362591 0.544705603522524
0.478541843923406 -1.08165469674004
0.848698032522416 -1.47645434211112
-0.509326459433406 0.610006733878924
-0.823304276987567 1.06890627751684
0.182765962346059 -0.543925583345883
-0.532615175320567 -0.320061651453789
0.133205222660054 -0.649845600319296
0.313754101384312 -0.417719830103421
-2.66587490113184 -0.851867733716185
1.98943390072842 -0.0798891196148752
-0.796306318035921 0.482267552727888
-0.786855589312787 0.873602981936204
-0.742718052279297 -0.028592726208422
-0.32470810687414 0.643282542957406
-1.52639799391025 1.49632755984904
0.22480168759899 -0.394436598946399
0.659662718948333 -1.23524717949001
0.700085322259278 -1.37390179019979
2.11430420242473 -0.553664858962959
0.802025192001999 -1.56815435655144
0.249966417439022 -0.973763152597684
-0.483524439819462 -0.367942478971235
0.334774744144294 -0.719166128601895
-0.214705796552786 0.188181691223508
-1.67021908994843 -0.67073869295023
1.94342981540599 -0.251160494117482
-1.09841487210988 0.62166278155121
0.418314741191697 -0.843090933725293
0.247313636969458 -0.713365754790299
0.0696261478581991 0.0349244898060337
-0.0226634872124183 -0.00453291277394244
-1.71501418098569 -0.972693307622604
-0.115511388171651 -0.0156946514264805
-0.234604585575642 -0.112865596537431
1.20724995133008 -1.70996713469903
-0.0212531112267278 0.101259984243623
-0.487801369320132 1.27364753698956
0.880696781453207 -1.62257367678013
-1.57399440229935 0.316149773571952
-0.14338087343948 0.218630682857158
1.65760073837673 -1.17121638543502
0.520852094761624 -1.01211300930801
0.377877941657455 -1.02804186988254
-2.00740612582186 -0.261724441606375
1.44165195862269 -1.52529950509493
1.79871689835031 -0.630775846924807
-1.88490794868612 0.417320261239911
-0.862718045649041 1.76814877885757
0.439210099076651 -0.706766373563008
-2.11804371874672 -0.187096365553153
-1.13913287591651 1.33646788908559
0.246197350088413 -0.260487261863155
0.461153059605892 -1.10896089305088
-2.23436896580078 -0.407440659588512
0.941699232808547 -1.6399818007603
0.441665105266672 -0.940628757676337
-0.00804122333026981 -0.0730645531149623
-1.59497580669738 0.441794005296765
-0.0451362159954521 -0.416973165289653
-0.285397452868022 0.435493194474228
1.85641595598587 -0.349294588938178
-0.933985207570431 1.92302393335163
-1.21584728790152 0.688628566937253
-1.2286900784376 0.0418059838970609
-0.298505716789716 0.254184581514258
-3.58287552028578 -0.652223001576941
-0.905146972104142 0.00423671576064732
0.0985766631472719 0.336992979419229
1.76036569510409 -1.08070376674508
2.61036736265129 0.894846254843732
0.0130014958927556 0.116993356706238
2.01137749364553 -0.195870436009852
-2.14829589224465 -0.615774166969919
0.938068908345134 -1.65624997492267
-0.262829917317665 0.799687416215603
2.81279979878276 1.36486458252035
-1.24976883314272 0.244271577521115
0.602960229018994 -1.25534556490447
-0.391693883857316 0.77958237257983
0.148586456425863 -0.23879811759924
0.226582511841405 -0.825163072360162
3.2430979851713 1.31540233788736
-1.30365449191448 0.465461410249956
0.228055428833512 -0.772551448329264
-1.7835905173668 -0.0799564132721917
0.714572063810427 -1.37144317254435
0.464830387759709 -0.993895055113355
-0.054167858880283 -0.0215783017907664
-0.561474696008938 0.532623433908059
0.0995999786055037 -0.393595579516922
0.518077548686966 -0.965996464381527
0.677669837961566 -1.34390071951962
-1.19159382516952 0.673571527352279
-0.862106889854802 2.55631822393542
-1.3409301053773 0.786611688277643
-0.979775227141912 1.71222595026346
-1.08339906610979 0.635156375501534
-0.193512879826629 0.615943796174154
1.16817388060652 -1.71429843075497
-2.79857791037588 -0.554931687094897
0.380672389554208 -0.767739126878095
-0.253630449942318 0.506686172171221
-2.22382028225222 0.351064262427931
0.582323567215522 -1.3108011835821
-0.168238253591112 0.0173179358546686
2.00830742257343 -0.318555355584103
0.490819055579037 -1.27485161515614
-1.05188967203858 1.03307169393671
-0.458680712363187 0.114361359535632
-1.43095395835709 -0.0263721293704048
-0.793445714801377 -0.266024491691878
-1.17063048979069 1.1181866470127
1.79328610874969 -0.82664680285556
1.90757540495706 -1.01128787766595
-0.628708463037027 0.75523281776804
0.442300552494605 -1.10488147285026
2.38839345939949 0.927330869524385
1.39583993629036 -1.54996365244253
-0.746429834164953 1.15013403677728
2.66842679506094 0.730625717511079
-0.578583303155356 0.868449022547032
0.948378388318228 -1.63371747945372
-1.24965984125303 1.52453191360858
-0.030082576908778 0.467409676426217
-1.03943039607324 1.09701444954807
1.26229037666465 -1.68903834862728
0.30259426628499 -0.678498085482975
-0.404119421158836 0.981134971675564
0.993455011946274 -1.65835505428864
-0.358266952453083 0.673627111836731
1.05160116577396 -1.70722416961574
1.11429286501028 -1.71315469566261
1.6785472416963 -0.928233515188434
1.21001698029547 -1.70990178488147
1.13454673368489 -1.71468347707001
-1.0014029850811 1.54233506048284
-0.0678290497901408 -0.991828958810581
0.208540799121759 -0.375796389130797
0.32493837868477 -0.967321978857365
1.53285748852994 -1.40856392407048
-0.224971515211442 -0.80139716234598
-0.65076245861875 2.51374372077425
0.447687776046466 -0.968706068238648
1.07590192814405 -1.70538887814762
-0.102427872179179 -0.750070666333736
-0.267067019551827 0.593418251371764
0.303859187380321 -0.786483320797373
-0.282129057586287 0.732174593820092
-2.09382307046934 -0.705487281026633
-0.439481328473891 0.810286607511019
-0.21826205767025 -0.69732433611231
0.147462191564218 -0.26914482595754
-0.359418417769833 0.933854274629452
0.786734685971878 -1.49368330681616
0.41968974820534 -0.912765563360685
0.0937086645351398 -0.596144298169056
0.289766919113123 -0.592422085778345
0.424708959944051 -0.855761471896477
-0.713504712055588 1.07458505150553
2.67985891422164 0.335634904888975
-1.34881968574077 1.69808336876433
-1.36259278957968 0.125979106315173
-1.06131369680536 1.23510711283543
-0.409452922356624 0.175308374561653
0.582919244935263 -1.49843938566216
-0.526058866939326 1.2339444070953
0.182095907209497 0.192911533012892
-0.892372846199483 0.815483146208283
-0.188608985849977 0.155608715880136
-0.709486576982203 0.830673895003571
0.223004112559217 -0.954777312549513
0.777256336775313 -1.4570473117523
0.87317965152623 -1.57657140012458
0.634342085253577 -1.52439094761704
-2.79765407745359 -0.164982706355681
1.34254925171931 -1.61110175464858
-1.44978988638106 1.30275672993911
1.24036454597725 -1.69709915174529
-1.69419690567844 0.724071154703335
0.953450560423337 -1.64058702736191
-1.24974375777366 1.66511894084285
0.0172197532466235 0.0577412015284053
0.364595788387134 -0.504899618507712
0.369444360408847 -0.978512308211623
-1.76952410821726 -0.760402415556561
-0.770866284722472 1.62934211723099
-0.551600605522299 0.0604067960802692
-0.0767117886189955 0.294803751043145
2.03399507202296 -0.496174261376599
0.719183040601409 -1.42597104141371
-1.51080924395242 0.20503158189132
2.68439503485845 0.375585238721727
-1.06761683842534 1.05977794019683
-0.551361294562517 0.080414457646797
-1.59927593265545 1.65806236078327
-1.33481869682792 0.667619448843491
0.948772126207556 -1.66133279618343
-0.836559491344351 0.812443106440447
-0.340368661578282 -0.159108791673291
1.04079736811295 -1.69326001024995
1.94241053172116 -0.371739976881648
0.49119278649303 -0.914482759494158
0.098975562603283 -0.499911196381764
2.97000097902472 0.292793151882102
0.533071832958153 -1.08254157842321
1.23600133541987 -1.69551023255393
0.242578233548247 -0.427403103207185
-0.323474704994531 0.735688594787844
-1.04677416539 0.550053814527762
0.94604660780011 -1.66251091962266
-0.341658987564109 0.168247241502919
0.974747166809226 -1.65831181054363
-0.666688973049723 1.50335015070854
-1.365566523926 0.68394074528939
-2.32377822302415 -0.610437257903808
0.053883869553956 -0.61829871809747
-0.958811113507599 0.967549490642252
-0.272826207272145 0.372674076167907
-1.55302041090583 1.46120845427559
-0.626965786985653 1.3016771129026
-0.0777980986587205 0.356181674378155
0.724267163166812 -1.34511562831677
2.57062125901332 0.0628034537564247
0.336981935974247 -1.16087530858038
0.0475992802731427 -0.386823182841995
-0.375566434691618 -0.251175801196176
-0.0550301719473591 0.166541192258333
0.88466742115775 -1.59764121363442
1.59839359479262 -1.32261802960742
1.35558709684598 -1.60666268851302
-1.46001117141074 1.42294904653918
2.2361003539735 -0.564226511454379
0.144981174214911 -0.701849868634851
-1.40174961422172 2.28087739136021
1.49555177146344 -1.52226440024316
0.070907036765448 -0.186457949197706
-0.899500296345363 1.34681595011625
-0.479010831521447 1.16107445481306
-0.400242210260128 0.799679942241032
0.122937231564623 -0.276537638098166
-0.483040223519727 0.231389296852128
-0.392901837493748 -0.361940275585784
-0.242093844481392 0.434402845341564
0.981528041091131 -1.67700693624792
1.65203640986863 -1.23667773729324
0.00076708764225177 0.0316150635122542
-1.36830080537784 0.571294185803252
-1.11883283907855 0.344742090313842
0.448436292312259 -0.627013631196778
1.14072770204539 -1.71512218201587
-1.09368882108432 2.00364958634911
0.578192251177863 -1.1378595736363
0.115876856362208 0.0920016744860581
1.65538489663057 -1.26780548051729
0.969223511455942 -1.65884300220037
0.109960556433943 -0.0517539290727784
0.239172362532824 -0.121724433083572
-0.825926906361733 1.90156251663172
0.0877002734597638 0.470460638107561
-0.50895381941845 -0.607267305182768
0.711351149695334 -1.43367715395376
0.0425868876389869 -0.0860971925375442
-1.05324731637487 1.39977376985484
-0.913964480777962 1.57149986144285
-0.398010356669473 0.220632266864422
-0.438064091368792 1.03057708194981
-1.23447050767183 0.976514752060153
-1.14021674445079 0.599539581111343
0.471562939986801 -1.08144727873118
-0.102425207992046 -0.520479294634678
0.401535873588052 -0.776836943561585
0.34868278584016 -0.447501144447083
0.909959156089 -1.64455019860406
-0.273391439253533 -0.114465599496427
0.53652512958541 -1.00156926805685
0.247193012865308 -0.996768309016402
2.13884820021029 -0.298438776900083
-0.122779618909779 0.560637074556582
-0.38311878681836 1.08902657780594
0.774595556168976 -1.41704039915033
-0.718218699079799 0.299472439663821
-0.175634570823881 0.110017569015087
0.570027794334881 -0.762965970408998
-0.955764859660186 1.4298520377993
0.130073854269814 -0.444526589139111
1.98294775692518 -0.0924532959363893
-0.955394242265421 1.00078158611853
-0.296128141418545 0.658211020707006
-1.82884818962708 -0.0539625422846893
0.855791228952137 -1.59050226778385
-1.35839777587141 0.699899331419447
1.2534269502286 -1.6893794409068
-0.369896557394925 0.704954248115544
-1.34093281536497 -0.26437094564682
0.512722596080701 -1.04093475793839
0.465833792261286 -0.862479879884481
0.493349387496622 -1.22810071332906
-0.196794780485057 0.918719793641147
-0.530710312529551 1.40476536801074
-0.845042531213633 0.518598953568596
2.14835332927548 -0.0175790273575416
-0.464567445494013 0.729143612796887
-0.526707751460829 0.260076667733173
-0.340013213057376 0.272805597714222
0.186322530178137 -0.717033057596236
0.478109591264069 -1.0581233885893
0.49626549853596 -1.08680685144389
-0.852335762690456 1.53738056263447
0.723303335582192 -1.43404948991779
0.37103564813697 -0.560624610048348
1.37748595839279 -1.57388829778025
-0.373843063053104 1.17792158136456
-1.76374204741802 0.214444222426273
-0.780834128813462 0.206062730787428
0.503568082537536 -0.990109801487587
0.787852263435134 -1.50294787013592
-1.0166266643414 2.50114692961998
0.550163908987824 -1.14036954218512
-0.138646372047992 0.565813873625644
-1.33520393065983 0.992377330218326
-0.457483924434349 0.679569838646115
-0.387468646905156 -0.179101674999834
-1.78309133438859 0.700052837813824
0.187171167432754 -0.461055500681041
-1.50551072667543 0.262012249831405
0.18881674893382 -0.452962463406136
0.608113997139911 -1.28620824667858
-0.941448318971162 0.858108818580541
0.671009360268907 -1.3825058498969
0.394631574781357 -1.01438430959656
0.635386353711291 -1.22108404972329
0.494761136549715 -0.984687850571364
-0.63785105729453 -0.154574851808051
0.404126445958448 -0.751514590830069
-0.361023519982328 0.967192179048163
0.977752447303641 -1.65683634310427
0.546306723821725 -1.18859024754037
-1.70674572885888 -0.0882409868974553
-1.34100104960658 0.350698796331256
1.77865130766186 -1.07952172798975
1.98777936577846 -0.696691003543946
-2.67256834458831 -0.227902995340935
-0.473777006727264 0.209322892641387
0.0584419729614546 -0.369708253557077
0.231810409415506 -0.901458518369514
1.00770070615966 -1.67647262884511
0.360458621483755 -0.616190940170962
-1.20330821595138 0.94262220521067
-0.0534844306986474 -0.355584830827264
