2.82104982543148 -0.343341182048218
1.11622008746337 0.141115064676572
0.232148645607087 -0.203021815329298
0.656604665102478 -1.29130410816244
-2.40939300034405 0.191376979999516
0.342212116679393 -0.64927968307659
1.04646760051475 -0.313833103181608
-0.420736121641761 0.660254336758671
1.31268436211473 -0.848767505280978
1.73386620627256 -0.0702329130796344
1.55636703380571 0.00730617875922451
1.88419162471329 -0.234876282939721
1.00404398344159 -0.587224238044831
-1.03376500358234 0.153050118721874
-0.486806434723277 -0.00382649521829104
3.21040486593204 -0.586686792116181
3.25071240994806 -0.896087594992007
-0.392764134279644 0.69166855907917
-2.11491866176967 1.07823527907634
2.51687703794858 -0.643703744987176
-0.174687539992459 0.948361846685188
2.56574185573939 -0.722914507850392
0.545889443332507 0.836657786637991
1.5869833349283 -0.301231939126728
1.48708475615169 -0.818794339570805
-1.09807753318418 -0.761804690811358
0.436063026225156 0.482986021510697
-0.506757381024198 -0.132292970626535
-1.30890010257681 0.39427408335167
-1.93089308366517 1.23517267468712
-1.08330583002903 0.894081143151452
-0.625698838730895 1.5423864511427
0.865710540438775 0.17512722963964
-0.902228897919682 1.29977597362233
1.62371318473895 -0.251919836358544
-0.277168856573398 -0.103568505646669
-2.22006094579382 1.0300437843034
0.246728259568235 0.206182903748835
0.806000991567518 -0.363879258218149
0.720868912311816 -0.301621896022373
-1.3541304706298 1.29945593741386
0.010988015031593 1.70339914588991
-1.10661651089004 -0.447028142932474
2.25193936020727 -0.446346377229122
-0.371557069557991 0.772947251498521
-0.601258125121719 -1.01493709092563
0.97105126898164 -0.36403506519003
2.04366802662279 -0.178279248783708
-0.752742550943004 0.851414581171975
-0.973129900996964 0.961051894745584
0.216025087707106 0.315076142569911
1.46328400959481 -0.129969404091301
-1.44992814895043 0.503712798786945
-0.432787367502379 1.0098491658442
-0.160033424500203 1.55355293467875
1.60219032475545 -0.486715758826182
0.146626558695741 -0.00955362865687626
0.0403274184747036 -0.129319508198181
1.66256947068883 -0.106188827338204
0.762928851595821 -0.315283470300711
2.04817138798095 0.460599209344116
0.552186213460808 -0.15305451490515
-0.289609586278182 1.47965398115389
0.684937283521572 0.0468168873164173
0.657352624432656 -0.954990395311191
-0.684602994693434 1.60412446264184
0.694226164016978 -0.79332733442225
0.616870086141789 0.408248128549842
0.741505670231526 0.709751652549916
-1.67006217533583 0.900887735746184
-2.27323276804605 -1.25065803888363
-0.441078483503885 0.966175395063106
-0.359722734149983 0.361107740289934
-2.37005980145364 -0.292413527727855
-0.665706923205592 0.119082551163126
-0.0513520477168665 1.04939580572251
0.97027177259398 -0.3782691638994
-1.00002170816342 1.47403019484082
0.650254808635442 -0.749970681397003
-0.246132803550605 0.465955942669216
-1.13044985872808 2.58857786686836
1.21997606533322 -0.585509022895462
-0.065116390324746 0.697897082693363
0.0639252253999658 0.339795244070405
0.766354320648147 -0.720909612085841
0.126198217752927 0.924862836801472
0.483329943046645 -1.025656881605
1.97762672358298 -0.174500741253952
1.13384034273581 -0.249046172601395
-1.11542821057247 0.324283453952316
0.0332949043054465 1.28631890945087
0.96391998791375 -0.94575292373714
0.667844447386769 -0.244057636691366
0.90230199272224 -0.844614571957069
1.62842590998899 -0.329688844467579
0.261513736047626 0.403472680993739
-0.603014207695163 0.925060689347545
-0.726181507370309 0.190098719889247
0.54367062582831 -0.588963356211129
-0.318942173365769 0.45915296401804
0.974410983403343 -0.772603335349626
-0.976488069643973 1.34581391811301
1.58850792332376 -0.476401340544348
3.06594457976115 -1.26229133046756
-0.598282132950057 1.1771877423504
-1.69012150802221 0.644725546636836
0.138291993772105 1.30011464143697
-0.190054322598301 1.39706149844161
-0.329244234187995 0.706697933980183
1.33052681915325 -0.0513411589789146
0.461502241880257 -0.280092144708187
0.317701504405465 -0.70554022652466
-0.189141446341113 0.268171533746224
-0.824054328245136 1.46910690362448
-3.0030453757536 -0.409222139366477
1.16539695591562 -0.0642814678190421
1.08297857922912 -0.658602150951245
-3.29534965259325 0.0561789026929201
-0.657635982624992 0.921686181142652
-0.372648941661303 0.5651282166321
0.091354662955188 -0.154639394681459
2.06831537326542 0.0352642554900753
0.47290080532974 -0.217428682002217
0.405192406329154 -0.618281661595893
1.17700056655765 -0.466803101366102
-2.03518705756604 -0.65351822556372
-0.360490261664345 0.921682062177453
0.333783950848202 -0.160431273301406
-1.05618174157977 0.701195517547572
-0.41029281591017 0.730031002799467
1.06905428183368 -0.415158672970999
0.880230798673221 -0.389661200787043
0.274935671732538 -0.041215897135803
0.401747475800117 -0.385277168270999
0.667918257159686 -0.60251716962896
0.389377144868205 -0.244367424117792
0.97672873091808 0.156685857960529
0.0345367688032686 0.871504597605937
-0.387107864809567 0.943869068665167
-1.65026122272642 -0.0520335319281179
-0.319887553252191 0.1554674203028
-0.213821794114901 0.442962863622234
2.31656749745852 -0.909638192710922
0.445889561371669 -0.309406828206263
-0.330468484921213 1.15348873589411
1.54157138193375 0.0226617273081474
-1.49817949726891 -0.0183989393104014
-0.0558895765835748 0.4403651588616
0.910502249236814 -1.29665369884583
-1.21186659588262 1.14536878770741
2.71887876977006 -0.288524631233387
0.0948668193969093 0.525207676974294
2.21537048150197 0.308040787749131
-1.0435038457001 -0.930956386976756
-2.15195726293478 -0.621013230441769
1.65143435952887 -0.594753957893566
0.245097532442559 0.45415799224368
-1.50519624762185 0.495245025424297
-1.18497658923964 -0.353953099930496
0.542322191459768 -0.421699891458831
-0.328672863633386 0.530397578196395
2.55627186721503 -0.348265467587208
2.09559135535853 -0.0786398347093048
-0.323836540770648 1.19755371652777
-2.52248396101669 -0.237384215316708
-0.841277109882471 1.43087976917491
-2.50775152354923 -0.290822194844104
2.16494598804713 -0.13649314292133
-0.377269331737619 0.543075787147219
0.606065542746105 -0.611685591811016
0.44559907003915 -0.338327941611667
1.20471359234826 -0.543356760686351
0.34946421531552 0.649518040924949
0.408464559259131 -0.35462365470241
-1.14185149686278 0.569671175468929
1.83087846024666 0.682687165154158
-0.00838350299188813 1.31057058222445
2.01692506383786 -0.154778991764281
-0.186549251815584 0.48963003163207
1.49289458943057 -0.445343365575458
0.731097445789053 -1.38054572898957
1.35491322110622 -1.06576517273421
-0.503936851397774 0.179014370510093
-1.49273767184729 -0.310997646956903
0.853747316966893 -0.341703039855356
1.64058617868328 -0.104397616759738
0.578539441371914 -0.745187894588964
-1.48321223418613 1.07739409859063
-0.188735859866741 0.496402321829914
0.625401170698952 -0.585137699348222
1.58080255769046 0.0826919217282137
0.518025058882017 -1.11421851112208
0.785057499534591 -0.410779137604573
2.0467097195717 0.101805558065772
0.501835403023204 -0.379401633433696
-1.27518549771516 0.306315153503325
0.323048306969928 -0.0847285766737052
-1.47815986010172 0.941469767112031
0.131229497843725 0.787595218221235
-0.19900932875758 1.19886277070521
-0.0617402412727011 0.706615821022856
0.621209128679406 -0.662208137971803
2.23224505484966 0.013579888005988
-2.69635871828628 0.19220246266321
1.58057900211103 -0.0629777597802313
0.3981547686704 -1.36513680134584
-2.20029837806262 -0.925822455850791
-0.143016854093439 0.179482068306301
2.57790932488516 -0.358065233674533
1.20163609318385 0.360348774074044
-2.15088775681781 -0.379142431431045
-1.3959393682912 0.417368108010611
-0.562724358482217 0.212827865630399
-1.27011063000697 -0.01832956335514
-1.17109897133295 0.368951690693052
-1.94406221203137 0.0404674235502938
0.181171309291607 0.418638696514939
0.503937632444016 -0.149121663729982
0.730908415520074 -0.211562469779494
-0.595917442804505 1.36077392312875
0.144046949194747 -0.376677695593706
-1.42344653921228 0.10478195033745
1.31514666941752 -0.0812077112573694
1.07904525692779 -0.594600149570561
-1.17900535395632 0.992625738936215
-1.11772237993245 1.10031040235873
0.154291669042148 -0.352796750372238
-0.0373215742215418 0.584149717039621
-1.57872187605087 0.325382918063958
0.641717347943055 -0.991620682358243
-0.962319380400593 1.43047538153208
0.780632715741763 -0.551089804457626
-0.482974038716663 2.21625168281891
-2.90498629281311 -0.808705038804032
0.105297168196178 -0.0309667405730497
1.77570374589481 -0.921028448573602
0.0281166004103454 0.523567652944704
1.68247516750203 -0.514694621973723
1.15712096578497 -0.182821655919319
0.276140127767377 -0.4048582336555
0.832598757637894 -1.03672874843821
0.295206938635551 -0.209994036180345
0.0710414147501076 -0.01823124847156
-0.428577323617073 -0.287266356488357
-0.951876035024235 1.27824685938532
-1.58740896536352 0.346706416748661
-0.0619122146623638 0.691147774682904
0.164907809144622 0.806203253207343
-1.51110647886797 0.471428623385698
-1.43573527477211 0.207309184502506
-0.378711198260139 -0.975724554354106
-2.60564392009207 -0.290324212536489
-0.581604604591343 1.4568455635229
0.0373223268307756 -0.861437667594122
0.260579185901866 0.248494215843642
-0.472073040813582 0.877500897814384
-1.37661498335274 0.517077060149184
0.881772706000063 -0.524281796754114
0.56779400314621 -0.449129744267615
0.487991011503573 -0.711583041181385
-1.90748809529379 0.553310870336256
-0.432431343858836 0.603447337477769
-0.611502074832428 0.0358602650445508
-2.98437186167583 -0.473571862617873
-2.21850029629356 -0.0319760101820308
-0.613725669637439 0.956964510434074
1.03205952099942 -0.783014076469122
-0.718999947161792 -0.133959639014717
-1.4111183805459 0.935982948458926
0.279789687988748 0.871118916188439
0.821606435614789 -0.238639604275292
-0.517869309960903 0.784294325911907
-0.0293936969092639 0.885488376804721
0.896560415802688 -0.241893270793964
-2.772238095189 -0.531924834662164
-1.26048722247049 2.2099728376663
0.501182340815107 -0.287615384221583
0.999575246983081 -0.136032751373383
-1.32625792634365 1.26201989623172
-0.940707537951295 0.0147930465952923
0.0303654709096642 0.0591143650853806
-0.118297408703672 -0.56497120579362
-0.183790340019504 0.763615490609408
2.132991984765 0.318284562390313
-0.290655199457077 0.836596754980573
0.918282649096604 -0.56968322837142
-1.64872904479006 -0.328656189377674
-0.014758970028617 0.705019182740831
-1.72516644970955 1.6360081426243
-0.641310903828113 0.445947788344472
1.61628031757143 -0.497841814360683
0.124285719247521 0.4970368098103
-0.666868920642593 1.36837950036734
-2.3639721183146 -0.655949310999722
2.41377023343784 -0.403211150358812
-0.462187547703186 -0.830540329411711
0.986672796560937 -0.646972412926601
2.87915654448613 -0.333508547944629
2.34015359055885 -0.478795290868724
-0.882129202690642 1.01314147739324
1.02374910641904 -1.25878291050988
1.20230271912278 -0.258363623490189
-1.41117145546048 0.42504831655029
-2.23284834515185 -0.588234819839509
0.516630633252886 -0.273728656430373
-1.35120204849169 0.51784522400248
0.283900494939939 0.169768689120109
0.42391770664132 -0.320457175895557
-0.170678464779882 1.76626980563691
1.81567821240038 -0.138835523198318
-0.585776343751125 1.03354627040428
0.197880798188308 -0.0949894434825497
-1.83277260834343 0.0820504101940425
1.15881722571273 -1.22620701265322
0.81317008470194 -0.340217679917202
-0.613017305108366 1.00220553279351
-1.55299608153872 0.655054817385349
-0.0233668307724693 0.501251776142599
-1.31482809392191 0.965885757083606
1.32493616628002 0.400319858259663
1.17614994490718 -0.476858832141369
0.314486246470702 -0.227017373916147
1.69515492364617 -0.555435869670781
-0.674801117160058 2.12834209320425
0.290933135172849 -0.621334091553763
-0.697955299535992 0.639176878544017
-0.41764049175371 -0.577382236872043
1.62550837299766 -0.179933511481562
0.800778611322677 -0.743075208269351
-0.617170202297935 -0.0351429074467254
1.81467994338967 -0.0807283059282832
-1.05426947548584 -0.838048816497613
-1.18611551656223 0.755591947607973
-1.33808767016932 0.462896985961787
0.350726972359477 0.0791189198982382
-1.89437456171037 0.902271063974073
0.641536638935814 0.150789764233815
-1.99150582353534 0.00984723418942696
0.453416176978826 -0.0824975302364884
-2.31668286546208 -0.653946877068037
-1.50750064742909 0.297304413608824
-1.21871567746549 -0.432297333883692
1.99283600178303 -0.27513049539117
0.327784137752321 0.16116342091057
-1.72112776408259 0.785832871913034
-0.466351695625578 0.155631360271872
-1.80957647846311 0.0569254923950751
1.91616537044117 -0.630070757486483
-0.73623297976952 0.622288951101904
0.307125925304775 -0.42449470323325
-0.631331072138319 1.35733480769565
-0.369975546783766 -0.0813208120876097
1.21039010445431 -0.289232888044143
-0.930057625926227 0.053120784075171
0.377679341348106 0.637368361282865
-1.36672541916862 1.0275008266628
0.0492472744195425 0.308080183820411
1.85985994121691 -0.329903292499309
2.06147292986726 -0.299316710015218
0.296728840719963 0.151108283763321
-0.745351180451175 1.55635603006166
-1.75499800261298 -1.15571756906624
-0.974470549687657 1.5775868441376
1.49037990348864 -1.07458994218455
1.69907861670145 -0.896638110119474
-0.269120633713479 1.14711977623187
0.255068361953865 0.116274117489429
1.389817560674 -0.485239998650658
-0.532786096059453 0.804738399456389
0.170698388950678 0.334552128066611
0.83140691277994 0.257698317277239
-0.30406196164715 0.656448198148133
-0.601402067906716 1.35361263621329
-0.47334467529754 2.05192001722886
-0.959422877262008 0.105369378563776
0.925470977031824 -1.19623565862099
-0.900808930723432 1.68268311933309
0.0420237459075136 1.64954584719241
0.905062935388991 -0.773322850822055
0.429832662179382 -0.29115080017975
-0.222986455662587 1.02033318594109
-1.28040989424014 0.478131856213173
1.33661433127859 -0.269332757399188
0.0768053192772866 0.42576977880644
0.601671065754968 -0.298382816997448
-0.548359915410704 0.950078724290234
-0.460402720684739 0.493881253638984
-1.61193903105461 -0.321076355032311
-0.130406225066916 -0.123451651980508
1.50639444428403 -0.0213032544526734
-1.50420052935152 -0.044281514893155
1.0819671634731 -0.670976790370237
0.8322422874857 -0.275892970998251
1.70267845268731 -0.167591920120915
-1.66872200207653 0.555001694028625
-0.685935111244188 1.57126683874521
0.507438009492142 -0.2553143503875
-1.10336337742755 0.846184815399419
1.75334602432221 0.44742726474576
2.99375878173532 -0.183627463469935
2.36356432426954 -0.282574282988009
-0.0117757513364222 0.534055707828639
1.27782358154074 0.363416275876823
1.74933133158551 -0.339882692412836
1.65216924701996 -0.537931898904811
0.035028346262012 0.928404079155303
1.94443358459997 -0.219571087168215
-0.47722953875341 0.369858874931139
-2.19196570486275 -0.469568458624219
0.277843162331812 -0.191092741481818
-1.44634945893467 1.11767387836902
-1.19001453155376 0.475941461170954
-0.523127637546019 1.90707433540734
-0.301213440410703 2.37597491525265
0.438357465970668 -0.547400473713127
-1.7834904602496 -0.165042590584143
1.56828127943792 -0.341487245722554
0.165811296503387 0.46584149187395
0.574411230626253 0.0569811839806377
-0.100392590542154 0.754344142567924
-1.68548822254154 0.395128931723986
-1.40936794660308 0.954684828303886
-0.37359199213988 0.0382497079530592
0.0268885178194882 0.902605881175152
-1.24807453864597 -0.712481464594537
0.299948690452123 0.442489601255035
-1.52128651731589 1.05545865903069
-0.42118260831552 1.58532817934401
1.3832928159262 0.0689955944246257
0.0274706866583474 0.485420666727256
-0.969855344432681 1.07160766408274
1.37658658648046 -0.521114282159013
-0.457633818895672 0.978225756346939
-0.565555307107331 1.74255197857955
0.830392911719566 -0.847641896481081
0.482020634408591 -0.770189926200813
0.0891814645639328 -0.761499874377853
1.67447050887584 -0.149074846702624
-0.528884490311409 1.65282270448076
2.2316544585961 -0.762421304070883
-0.693262577140089 2.3397420217134
-0.632196535465919 0.568465697025145
0.172680351849013 0.886361661804036
0.878900760733165 -0.325162303189209
-2.13910481379479 -1.24846971181824
-1.19664811733106 0.799770092110744
-0.207249243008796 0.768994327722071
-0.418001445905388 0.966310590422147
0.373338307871882 -0.0700404272465905
0.578825601094025 -0.255331840170989
-2.59242837045177 -0.0986615958588438
0.821902372524187 -0.903566820462865
-1.07703448959383 1.0783149664141
-0.505086646657617 0.732374925522925
0.776215624642034 -0.679762555200475
0.846525719225297 -0.716223736479638
-0.329468075255032 1.7924763488876
-1.45023187694377 0.850513203275882
-2.23759427681779 -0.850673493445414
-0.288656135588399 1.56950051188302
1.41064948392613 0.410909567292144
-0.019102133177238 0.151664102206773
-0.233804353106657 1.39185894059472
-0.583652445172518 -0.444105975034354
0.129042209369589 0.69727285980753
0.849764098321943 -0.8531873217146
0.403480673631834 1.33987404808345
-0.481679916148539 -0.243240647766002
-1.47662619773407 0.986245306669933
0.445129831235288 -0.145964433808878
-0.740913718309974 1.87626568906466
-1.8756041737375 0.0473401600538853
-0.968223330396199 0.705223423167547
-0.154607820504486 0.591384682794182
2.55513613133887 -0.103494397155309
-2.7956656452396 0.54705307408197
0.503440637257245 -0.366982995850222
-2.34660373307479 -0.463385144672623
-2.4444910589266 -0.987487177470332
-0.287001704553728 0.724778894261615
-0.541520790889827 0.252188485190665
-2.56604357982038 -0.219306755642837
-0.632800455195302 1.10874095986577
0.580209697140542 -0.500788236082692
-0.630092558413055 2.02114271116406
-1.1782591044958 0.491474689432405
0.282174186578987 -0.320189322527678
-1.45816205569602 0.995724237909248
-0.963446330688771 0.628482450078006
-1.11125015042331 1.77523110246456
0.872025047221469 -0.193185635335
-1.36046915985633 0.76426643601305
-2.8907409779256 0.414352556625537
1.26211218427626 -0.904654079486596
-0.122196929932005 -0.377285154025197
-0.0235992792723534 0.672813048892082
1.0804365255913 -0.590940648572898
-0.182779109160633 0.275394565518066
-0.412192687689352 0.847457273788608
0.170685542369941 1.00650779805451
2.65240001927191 -0.806904914872072
-1.53472525519705 0.545219245277358
1.70885167013987 0.0103067288505779
0.432838500335684 -0.0430876622885309
0.613897285856295 -0.324524411443462
-0.109722917960679 -0.240158442335601
-0.979442092559328 1.14981533330969
-0.653627805273308 0.298357185961347
0.324102123539645 0.310910759833088
-1.30935836147353 0.451727497813181
1.78359168684209 -1.01457488128728
0.654244069017857 -0.787175512154281
0.563611183596628 -0.369258744174861
-0.622378267881983 0.871079952087456
-0.625996921260656 0.941271392430915
0.75205740215732 -0.235191849917019
-0.148575189829022 0.296529608040244
0.809177216088432 -0.707642304201027
1.56919897102614 0.316977221699669
-0.928806366097747 -0.496234243319466
-1.33893055333662 -0.0561597354477407
-1.88946922187577 0.496666062623357
-1.19651762556666 0.94192046691815
0.568395547296376 -0.789895492930046
1.60046979780967 -0.0605709796317898
-0.00961938049688568 0.759812587012523
-1.22510487388505 2.17351829985717
-0.462558667937661 1.16719688400142
0.77507331950796 -1.04120960799945
-0.611845613090058 1.5534286752986
0.197099057798871 -0.721329516308926
-1.19784999285419 1.46152844254741
0.285698564363781 0.320413659930158
-1.41844652081296 1.19407510832169
-1.21207408940769 -0.0854913063582436
-1.54879718542427 0.674933161938454
-0.626930200202988 0.402277600731679
2.12112784642616 -0.0251939025800659
-1.88809626460875 -1.21799235599859
-2.47483959987799 0.209881434369431
1.31075033422603 -0.510385322088726
-1.16362086440526 0.868188982209755
-2.10655117943826 0.313822573682706
0.812444863119808 -0.93290469098433
-0.338455718847288 1.68825458162392
1.82511078692462 0.0176487334411003
2.30283211312061 0.574985661966476
0.75335353322024 -0.302224777329375
1.38324219546641 -0.51883337507097
-1.58275131059127 0.981348300112371
-1.33346092218422 0.973102327270095
-0.160059297811195 1.08704994411002
1.3580368346865 -0.485323397888813
2.15020775409889 -0.206171299081566
0.657876743629642 -0.255566661345426
-1.4189264080545 0.326050777523075
0.717585801641052 -0.153239892377784
1.73298133565149 -0.948494179259932
2.02892779321304 -0.96127147723811
0.16154427029692 0.0722577083685194
0.27695987517458 1.40387653884399
-1.7105707141987 0.332193063552565
0.687732015775426 -0.808427960841252
-0.55762765213205 0.372435118670139
0.210811605958519 0.0616639950502021
-1.47357049018726 0.00336843106631379
-1.03456004314253 -0.235719299071756
0.532806658842252 0.456369155462716
0.329401978603279 -0.0610951402300373
-0.0305233911703452 0.650763623286988
1.07191125618411 0.229964947753534
3.8716898191057 -0.725607947393654
0.761213917633869 -0.142443662538418
-0.917300827610864 1.25086006392028
1.79585808601384 -0.379099326657348
-0.098866221579068 0.980841396758921
-2.77400506110044 -0.485545445595422
-0.0617419772021071 0.703570508842308
-2.11893683000003 0.431399809374666
-0.281372388125399 1.52814740073689
-0.667125452621464 1.17825967525182
-3.07026864547269 -0.0514617265465433
-0.820497150976131 -0.81731516127225
0.281618851813131 -0.0488547774477492
0.248754574977427 -0.0646959679444894
0.996352409652424 -0.531223225787655
1.22297925969379 -1.24780803128412
0.886559643237483 -0.588374539115179
-0.288670491764961 0.504299611374252
-0.912007285801387 0.785988786007632
0.911543745262091 0.060115507306999
1.81102585335052 0.150536225759778
-0.133411784902836 1.15152163684733
1.29800728547159 -0.296539526479178
0.341639504545275 -0.0649577833847451
-1.16350488902513 0.292497462166317
0.755934224187149 -0.24812920973489
0.80893894658268 -0.742019268827457
1.3801575531414 0.0981426013463138
-1.16151137558008 1.37578857271243
0.658055732856657 0.0975648502206392
1.45757015034703 0.210619808144741
0.468865721847149 0.158283881077713
1.05985894656564 -0.128050856258472
0.189230286493434 -0.553242370994311
1.37558278549449 -0.286505106884796
-1.261611588379 -0.537092267668422
0.768218022213478 -0.797756046316059
-0.0751659777793371 0.769064594814138
-0.283995080586568 2.11854535993808
0.0177211871505566 0.955993149607598
-1.44299951267609 -0.337782257710111
0.83226021282621 0.177636668848386
1.14497573964866 -0.205323575014332
-0.793710500331165 1.51125543378071
-0.888878629305242 -0.133133204810024
0.674257988314728 -1.09877829672842
-0.0867168632563101 1.57529385561226
2.36574923530303 -1.25088378984666
0.554259873127382 -0.702868494629608
0.188616801571031 0.383348175493701
-0.28590082789221 1.70556943683345
-0.136977989959451 -0.969056229373495
-1.16234846137856 2.69179766901526
-0.151683338436849 1.03768222598874
-0.327120001458888 0.395858415772435
-0.51786100569131 -0.531739519821553
0.384503987772676 0.127866702103747
-0.639692569275579 0.807233871442144
-1.55986213939744 -0.121179858479513
-1.16685247576027 1.43090573527755
-0.0159439608041054 -0.206907248170608
-3.34459429754487 0.546375314937248
-0.137843547811959 0.302552390112434
0.026212930130016 0.625979677299962
1.8388217227426 0.094709009309225
-0.610194456984165 0.332546830350493
-0.284845067663859 -0.581171055649823
-1.07311789360949 1.20389776733501
1.07940912430126 -0.761503488908731
-2.10004343398061 -0.883971652325026
-1.66356027034831 0.781118961885198
-0.918715292204128 -0.43752341295809
2.24200130779601 -0.586683181886847
-0.365870764800819 0.756704885784663
-0.732286772121189 2.66571377517375
-0.957435033261806 1.70659183631315
1.08851737086889 -0.392052945326225
0.253737692534125 0.0683425071786233
-0.24256287935481 0.517843411057768
-1.33680352114745 1.1765933493626
-2.07239118448199 -0.73071354444967
-1.02669353612724 0.985647610707691
-1.2312234028851 -0.66390619838648
-1.15282574246565 0.525716128898212
-1.36248607065259 1.23080478792796
-1.17580429418355 1.13037572119255
0.541360662126313 0.0516351710341635
1.76968826553643 -1.07375513592498
-0.871418861780942 1.16290982991227
-1.86599986254695 0.123454565096401
-2.9394434350763 -0.259392645634994
1.47911107269896 -0.5238139818394
-0.373265647206478 -0.270614336490064
0.247620203473257 -1.31966150088541
1.23547931464849 -0.728101747491303
-0.216237251051068 0.758873081816482
-0.8172197807913 0.317265808064576
2.55413346109587 -0.34755054263739
2.04006232968722 -0.443780081037962
1.04603326004517 -0.301421096128272
0.160338474936737 0.89624688311872
-0.109785298041068 0.0275482184808399
1.03343216694491 -0.951937775447635
-0.0429064102776911 0.162561654144199
1.31055033888353 -0.00398585412468927
-1.16323118363548 0.43586508977726
-0.632361574587464 0.385739850827696
-0.79944592497151 -0.220375408266433
2.33378507306192 -0.880628634205846
0.535193014558599 -0.0841779085523698
-2.31468880006047 -0.119963612732286
2.5546092079871 -0.399767182109716
1.22050111819596 -0.354376216297808
-0.0820738816189265 0.861810616749453
-0.810728979533545 1.16516700293049
1.03535502031747 -0.308748512881111
0.875826805924922 -0.593987031081906
1.18857392659049 0.203675319761981
1.486774114669 -0.256919231633823
0.461995915867944 -0.590233144199945
-0.802666749095363 1.73024193925142
1.61201989972202 0.0203296957802303
2.06666325358112 0.250809581261172
-0.221513804468333 0.484849006911045
0.124911319467614 0.140060474368999
1.45358743186391 -0.306236349496974
0.01602729516911 0.0448267485482844
0.309326058672387 -0.895629408476601
0.0488795379528809 0.519382133460859
1.32911849638474 -0.170919602819691
1.8931847298738 -0.883000995985339
-0.824857825411602 1.41960790046422
-0.20498886582994 0.587709044115768
-1.7916143541744 0.834953287373562
0.423002534535433 -0.404710130704731
1.54124872016865 -0.517293565771558
0.35067869933183 0.65704352379793
-1.26718305424102 1.22255978017895
0.489406737130735 -0.444051775828398
-1.11823903682168 0.907751897122918
0.750821706542667 0.0501725284540275
-0.0606997084906652 0.11691947604032
2.53508082219825 0.191065475696382
1.18160083786454 -0.668219543546503
1.13621359365689 -0.0341823411882299
-2.17977954929489 -0.138730042770363
-0.880177974061072 1.92810267103684
1.01919031744356 -0.809378353137585
-0.326855250515105 0.0297883102727019
0.664713963941833 -0.512659770756463
-0.0236282212733804 0.305188567112209
-0.62054657168576 0.540522502801071
0.943977156457647 -0.109632785252225
0.335641250499637 0.892395309570721
1.40344247190235 -0.017704238322493
0.141032223686067 0.490018294743362
0.423422046394028 -0.558135341200045
-2.37378902884001 -0.301164193305381
-0.811766841818252 0.731301210372852
-2.89350969009957 -0.109639700435619
-0.200032313649845 -0.155026014756429
-0.123763145397677 0.960686041490719
0.964445731011063 -0.534302604299053
-1.36249246111025 0.899913443649859
0.384606645655239 -0.181021330976846
0.667881511937924 -0.702506864489611
-2.12800378700573 -0.357233675634114
0.433306805866329 -0.140725847688713
-0.689035459172162 0.112343787403865
-0.642048134507252 0.476729764699098
-0.749921278857702 1.15564602535136
-2.67984900935891 -0.294529699225448
-0.215048696018127 -0.0455581262877166
1.04249043595308 -0.652720672003519
-1.06336188632446 0.21431140739633
-1.98524349920506 -0.390994460334398
0.618101227711735 -0.620010148190145
0.327070213901186 -0.532227173919985
0.520137928819951 -0.626036227669915
1.45092029460185 -0.599587516162761
0.822764385409651 -0.873078892642827
-1.04416162233605 0.951812957711712
1.58339789925847 -0.0572014985154011
-1.39820452937349 1.32378646916599
0.556610180845131 -0.567362838599173
-0.41230860304127 1.97433310601091
1.02300059499334 -0.0515565255007948
2.1262374424611 -0.928035861572807
-1.33329931311863 0.56934602629248
1.59458242316965 -0.220511897461437
0.82431798024179 -0.13877238058483
0.560010036921931 -0.949342890956571
-0.9416117988753 1.1271893824903
0.677143583296198 -1.26998194367526
0.220278919525219 0.495711416568449
-0.176233462986962 1.22879669140576
-0.205576221403255 0.229173125000289
-0.119740933254975 1.23726764044349
-1.05198661904243 -0.129520959921092
0.0624162642014117 0.421058580770345
1.53356084242687 0.250245804304156
1.96734207861427 0.150414959482092
1.35793996670167 -0.230164869193928
1.94292960077212 -0.960670500742673
-1.35817287116705 0.773181376441524
2.28312832928923 -0.18885919300783
0.183612146311613 0.343169396126212
3.59000202891851 -0.0363996062798793
1.13386095462633 -1.19398886806314
1.66332783699481 0.879737130112579
-0.754618991376402 0.827106889895491
1.2743068612347 -0.773831158120877
1.71532936477035 0.611247272849668
0.145120654176252 -0.275360062727602
-1.90991525376899 0.49150381104494
1.8418137634096 0.384492077056196
-0.607906872427847 0.30751206935474
-2.83600898566711 -0.504393974465377
0.685367803053711 -0.178780777182605
0.132809225332478 1.53852965081223
-2.13752709896746 -0.195372005828742
-0.528463890070805 1.88750120070457
-0.652902946878742 0.853868415853398
0.175971290083767 -0.146141429018313
1.04588360500291 -0.510321832094502
1.81118062787908 -0.535271085927321
0.59866583530656 -0.617082193582806
0.647140143227093 -0.357181213417241
-2.90884417033395 -0.00770599079903959
-1.06157934061903 0.679814807872857
-0.705957620203623 1.14305321893351
-1.73278154867047 0.521045984225641
1.44242965896644 0.610377989806288
0.143395480281656 0.795799517246056
-0.138835472362267 0.0115740735820115
-1.36252432386109 1.17530715800214
0.0461114691818885 1.29520361955079
-0.97349643052278 0.299550320530691
-1.6929759797794 0.790305006343849
0.910151136192952 -0.634070609755085
1.14966738613453 -0.867565811684429
0.420806620314323 -0.593875682368214
-1.4432624101825 0.588541592692144
0.534101643705509 -0.00875336190587395
-0.498073187585385 2.1337363550414
-0.220131733408823 0.775808459764787
-3.478026740542 -1.36731506947246
-1.02948572810587 0.925820905818655
-0.710778080474625 0.878158181713903
-1.62952195943305 -0.025328600330251
-0.398935246907206 1.70178042810529
-0.333037101196157 0.92722254071413
-2.27503253376978 -0.103870697095462
0.264858653455661 -1.20033438271493
-0.67151367133818 0.791297259930246
0.136470599259702 0.121608034585867
1.43898165373448 -0.626977002670698
-0.499657917432079 0.905469046160272
-1.14998835022563 1.61998266833909
2.58223936325378 -0.831785547575353
1.00674936183059 -0.110454607592621
0.340691209179972 0.254465412925394
1.16231290609777 -0.446926969312796
0.876715567578073 -0.179906724844124
-2.08649108182614 -0.304065084174602
0.385230159184942 -0.189535078005644
-1.32774291673513 0.588351944789059
-2.26440597334088 -0.334060874722313
0.60543420706929 -0.752017417535036
-2.2027485671049 0.434334152990754
-1.43204935712679 0.777147182295591
-0.128985689780087 1.28428647866477
0.351318810120402 -0.422707865009769
0.0178008404832282 0.437963509597641
1.32861395466083 -0.835436826813203
1.07836261433632 -0.576429283274663
-0.762120809745667 -0.116209603678317
0.10258193053003 0.569182645420361
0.591137132289932 -0.244141720676157
1.69224942011948 -0.51511925834112
2.65360890056013 0.0548081887977031
-1.25080257338682 0.7980388833058
1.87828021416879 0.436835547899018
-1.22554966655983 1.29109147032147
-0.754215853298095 0.465699845754484
-0.066009689597717 0.820516241060843
-0.140083727859889 1.21783210297748
0.674844574206795 -0.30771427001524
-0.047611529312687 0.327112410041788
1.09478143136905 -0.754582567066632
-2.64895216273119 -0.178938756207861
1.42279420661978 -0.509491841220938
0.133164412299189 -0.487735593958014
-0.334492988174206 1.19803903526738
0.628652722008686 -0.878578617027887
-0.358522687652599 1.58520480501329
-3.09850117774416 -0.567590820347406
-0.521389678966937 0.87899894664042
1.59529901820045 -0.438033214778548
-0.447361584764808 1.43121216792161
-0.666564838797525 1.20509910114817
1.95728649967135 0.509446279164945
0.128083153763399 -0.100663210464757
1.86848227117045 0.0148635835845792
-2.82796585697224 0.150852706895042
-0.37954340750532 0.911954122845193
1.91462017036523 -0.039914684418365
-1.17545102350186 1.93565848576243
-0.168095543999863 0.791774630459736
0.373631587718156 0.661951588925759
-1.5625798666048 1.01201366488745
1.34696237422669 -0.34270598155894
0.145558260197985 -0.152968911665432
1.35866520997749 -0.594484668802168
1.31876855783663 -0.720236791779702
-1.08647093081148 -0.254932443692275
-0.0814826615968711 1.2615732067428
0.421420743607582 0.247853287755145
2.98133411086422 -0.404467350030338
-1.04983285754449 1.43106585253041
-0.843175710965225 1.00581647056905
0.123753975868604 0.693290429420547
-0.873303251060747 1.18023553028707
-0.657649963467073 0.888424808877309
-0.727340362228696 0.477296477302385
-0.966898885094493 1.70624940204573
0.163581142008359 0.336680083196343
2.12692363449686 -0.506918494941614
-1.8312817123541 0.161509350794
-0.115833185808708 0.211382741506685
-1.04474402362858 -0.273600403853714
-0.788399600032798 1.44671513426917
-0.54407815325964 1.49507140570957
-0.970231798345402 1.24411173138326
-0.343085917665577 0.352985888283004
-1.7867189688404 0.18030650734555
1.84114695671161 -0.171314197675621
1.39606208032584 0.0817674492958759
-2.13733659456226 -1.19961100640605
-0.207451285385794 0.260445702818337
-0.521677421124169 1.56329656969764
0.32030439393217 -0.180136622580479
-2.07532737591043 -0.336781234910053
-1.03159346806537 0.990204598908126
1.836240999845 0.72431730530277
-0.524778753021082 -0.172615101232506
0.985249085753599 -0.337989347464012
-0.108652273897301 1.34057927399107
0.177532972433795 0.605571669541281
-1.80399105540423 -0.0763883389919133
1.47032765414391 -0.428789032438042
-0.0417346127174447 -0.733533052449158
-1.9703144860059 0.220672489602517
1.73206437735345 -0.60028826332688
0.351364104502494 -0.1451225508372
0.682702848014524 -0.396398058995795
1.22767836124611 -0.834461651567439
0.571562702465114 -0.387907861924786
1.30166826897247 0.027940347314812
0.106460752932752 0.739003488185053
0.813047050301457 -1.09222706863412
1.18003668562648 -0.478495197506984
-1.14258125857533 0.473553401932652
-2.04728179075016 -0.189979494627398
0.291476312945147 0.518244119664139
-0.231499361616422 1.47135550994646
-1.72838797939996 0.59393503421914
0.319573023050875 -0.0465444438603588
0.428522194944763 0.132797542924591
-0.0270965736031933 -0.636163676150458
-1.46701446530652 0.44876126336861
-0.884453949465193 -0.400714407762912
1.4444014665522 -0.403986646518862
-1.62948624052228 -0.634727478568902
-0.930033729467216 1.29011236386035
0.319275406230731 -0.241172206692026
-0.896649115997008 1.1151493003992
2.97523808003125 -0.0401226091248943
0.914934232329002 -0.611909321135962
-0.30836505186991 0.270154812679319
1.50805532839888 -0.41250011818831
5.05529151555976 -2.01542616477751
-1.05553293896203 1.09214228581715
-0.212484773233146 1.15593452837183
-1.14095382441193 1.1924136725329
0.256778426574083 -0.160470505473686
-0.637013197027323 1.27603410007723
0.0988699602504851 0.253804539077861
-0.565356068056497 1.03187091100918
-2.51956921300238 -0.664330355432425
1.14418167939015 -1.05284101231356
-1.28280348180646 0.565512386983943
1.49890364427013 -0.786960987182058
-0.552875810795752 0.712393344875657
0.697158369447424 -0.522252096879747
0.363580761515079 -0.104863987670343
-1.22431450817648 0.347291194053624
0.885466030179735 -0.12902487474101
-2.23891696982169 -0.746424155363935
2.22722148389936 -0.379448115749961
-0.460289390744324 1.57153108598256
0.501983067483806 0.315516624991677
-1.20003927857091 0.806795235531956
0.0856841534505268 1.18517991958954
1.65447436671734 -0.103593227427317
0.585600659178757 -0.477169773388776
0.901442716425653 -0.2784497202908
-0.476373248853626 1.03501725141066
-0.559551838549907 1.37555674805021
0.0410741798775866 0.594820184619754
-1.16353300862289 0.182004823262422
-0.860672548507136 0.436663031828798
0.408271787693523 0.11733299603984
-1.15613274768501 0.72527241525186
-0.316374751718427 0.919940027579009
-0.270936952107979 0.894293361608183
1.50038362381891 -0.611886997946001
-0.180104633710424 0.338064634142981
-1.73782852973345 0.614832675980097
0.768168581229548 -0.492598590535151
0.725666042379571 -0.0978047343717541
-0.539888245274483 1.31450161901302
1.42162716849255 -0.604908634873412
0.948236460697117 -0.671523041016771
0.683044144406776 0.345916633769304
-0.375685765220697 -0.390092614109967
0.60543260753133 -0.572847641448475
-0.824250490218084 0.715339954907083
1.465344533168 -0.245504795521959
1.9426011570909 0.181168879264427
0.615085277915493 -1.26040518873441
-0.328565745300709 1.42877882274677
0.873715525671428 -0.868928573449303
-2.257684030072 -0.0973602175496092
-2.57985976698033 -0.307890637911436
-2.05930090139856 0.546653794570142
-0.748416698687617 2.68913573908028
-1.98228992291718 -0.673842933670766
0.25293063249501 0.809473636649217
0.599924003712557 -0.34261749042725
0.209748727581643 -0.0577408077157921
0.855156090655218 -0.169716606357572
-0.0147492387470692 1.29251735249564
-1.13217140073437 0.56819110131571
0.0159976003847044 -0.377122887457045
3.13229654452805 -1.04903175729956
1.75566602703716 0.0927391985123217
-0.876695909378402 0.202626233401912
-1.40884268398981 0.474755454954534
-0.99264847143153 -0.283875158405065
-0.308654186993312 0.225716729006102
-0.0966340592791299 1.64961953737723
1.23132244080465 -0.269493462650294
