1.53955819186428 0.0360669692943649
0.0911344440232861 1.24545026082576
-3.79861849581902 1.64225684558428
-1.70282567182294 1.57512315558163
1.71923359023751 0.127984898551274
-1.31142742618941 2.13755600766568
1.27320722907028 0.691829597899791
-1.30801885774391 0.760891987982308
-2.6344080214606 0.447306483441209
-0.670539252360826 0.816907774024551
-0.551143596276232 1.46436505436219
1.67672588114772 0.070014148284909
2.86998764760913 -0.441167437537811
0.219659181346762 1.09806657898805
1.05243332190043 0.744778898667393
-0.349533889570893 1.47969263731718
-0.355764192907773 0.404915713382506
0.537509899399173 0.977816609058585
-2.34651685851601 0.336117244327911
0.774801182102002 1.12815561211164
0.611782283946684 0.947994406170991
0.772954347893294 0.505592623680691
-1.46287331527163 2.01229775615635
0.954036913934216 1.53860159533065
0.777360949183033 1.27726965181464
-1.11045445567414 1.85705975199114
0.534194496676994 1.42391638299997
-0.525595099814008 0.507093903573365
1.57291716033111 0.220317127253859
-1.51633329166526 1.99827127228889
-0.981155168404254 0.529012447817701
-0.049244293001084 1.28910136400147
-1.92444367563718 0.590872852599664
-1.09482387168063 1.85404449673982
0.0722875193221789 0.942534332457054
-0.365794018895124 1.11823189892682
-0.905260379345797 0.914032167933705
-0.292588797867847 0.871650255130578
-0.656814954669699 0.587848133583632
0.444259910540774 1.97281965027755
-0.122837994658393 1.03119974558916
0.356852037051717 2.1079017477616
-0.0986622466877087 0.913556427437027
-1.0011714517704 0.857872001661749
-0.0563332407444507 1.5555371927983
0.026925140807281 1.13723891667241
0.406762206617326 1.06930443717914
1.31785953244855 0.766063654675724
0.0619304296517816 0.979008156203874
0.657427213604888 1.33477075411866
0.25376931019022 1.31927491190988
1.30302920993008 1.35984022999887
-1.22101108727702 0.994131015798671
-1.43015596981769 1.58080352778357
-2.20515440670549 1.40709366289013
1.28959294368785 0.0111137060419713
-0.418742613362511 0.474405398122917
-1.29915515003154 1.50726339146082
-2.36672529131187 0.0530804820040072
0.91165284812429 0.971907636171575
-0.0128942315130209 0.788778618276709
-1.31053805879433 1.40131234519816
1.27018113507926 0.249539765109419
0.315130456690687 0.999568961101508
-1.63087142518897 1.28632066554043
0.157553914228179 1.4687694903282
-0.380673353663909 0.785844347296854
1.38859530445094 0.891155749942585
-0.784384587732719 1.46907513697931
-1.4888516134918 0.620477421166043
-1.09580093199682 1.62778673412302
-0.759615630753652 1.13917015665231
-0.3301096736629 1.64158510991941
-1.62348344876843 1.83707595792643
-0.830289232663816 1.11342554655995
-2.61664022833695 0.372645302771095
1.69794430459519 -0.0204585905329979
0.190423360119311 1.58082421701056
0.967569695859558 1.56831386255458
1.0207267286964 0.559883176685858
1.10742816913797 1.21250864754844
-0.976611377712794 1.62638008786872
-0.635959951680185 1.42490704344475
-1.80053665388722 0.0850875570821759
0.687525950910239 -0.0448681135023916
-1.2591339691801 0.851245111104759
-0.252617959981383 0.744460446145994
-2.19304508472552 0.677005543911723
1.11270922289931 0.777919282451469
0.382937124863655 1.11987705718989
0.00536884701222665 0.319099374798573
-0.323746719851197 0.51863571007813
0.465626944402912 1.44482531588043
0.274866286115144 1.3432469992608
0.399524761058709 1.10304574793505
0.998915570013457 1.2988364613894
-0.307439038593589 0.28578622696285
-2.06902888664881 1.15215094932407
-0.255806798920849 0.577702923502968
0.180517639613616 1.24408707273142
1.15084213412145 0.916107460822512
-2.50974379506847 0.437616071227377
-0.760818450629276 0.848251224539971
-1.26228375734705 1.40283336559467
0.972715825053731 1.24647095197484
-1.26191382012517 1.48665781445742
0.110141572252181 0.697227642183489
0.795115506858166 1.55280005493419
0.137876768389937 1.61805233887065
-0.261900569739306 0.196095475443138
1.03659981890961 0.996692936435263
1.90321391559467 -0.328287798063597
-1.21937951956893 1.26704289691259
-0.87403676773229 0.646645085042837
0.138601270165014 0.487828204694773
-1.25296771112438 2.46025952281723
-0.206996386525639 1.52029007916715
-1.06976781696303 1.38807699258253
0.327889877081604 1.68331597714208
-2.10975727219139 1.26231707907972
-0.551084420469992 0.659226230183106
1.05535600969235 0.40892207681458
-1.04220171933062 0.549908518234541
-2.06666441609947 1.41447347049057
-1.33456323605245 1.57403870237633
-1.16620910323422 0.821764569567601
-1.65126296555759 1.3633485053033
-0.879271803584301 0.474558439209748
-0.459402174857797 0.629979417344653
-1.00171252707681 0.554816350375174
0.899924259344106 2.22506252042024
-1.97915918728325 0.24697506831665
-0.66354903176893 1.12680772108411
-0.0489328533055233 0.724744809041814
0.428735756437948 0.990286411072432
-0.486347761614263 0.75005392885524
-0.418325732653031 0.949949788301559
-0.361483338651202 0.337790986951998
-0.703667061361129 0.778446659349809
0.218572539400408 0.968413441061108
1.75296119328364 -0.100207661571897
-0.17710977552569 0.655517227536518
0.317682136311286 0.956167738769786
-1.00472338256132 1.06251010477436
1.77723117640546 -0.054593363921272
-0.579952592500451 1.19445300935312
-0.918787935539774 1.16003148232622
1.03737864538304 0.49649321694112
0.179994041106781 1.19522266882678
0.828720756494993 0.504753713510195
0.613549833284067 0.640333319108364
1.06976864653689 0.805598466805598
-0.804745926002841 1.13303973506687
0.729662524681044 1.31229928592268
1.3573224976423 0.357863898342094
-0.277700191793623 0.879640736934944
-0.387906850188927 0.714800863469099
2.18894480574219 -0.51074709789829
-1.00443433009526 1.30622237185043
-0.99577652608848 1.46781001662143
1.49495517142712 0.0943298035081538
0.685986060879781 1.44420099289306
0.920456618255142 1.33375685810515
0.251219608743972 0.828096623686458
1.13014537153367 0.53355110913314
-0.807412505365079 1.36434516971901
-0.044008512135917 1.24471675085417
1.58538610479566 0.215741019298706
0.0731951915067746 0.576907658299691
1.82599722985531 -0.0641931748778665
-1.25729794630044 0.845111640446082
-1.22307717718252 1.28183626732904
-0.177528831591566 0.727143264279675
2.22045158526901 -0.546834047525517
-0.366026814630857 1.07095804036854
0.483856509987692 1.1991620463617
0.865609054556753 0.731209764313693
1.07321890691687 1.33488531444893
-0.931070109087802 1.28757353475359
-1.57078449149857 1.09061915234616
-0.49038587507751 0.515161990539433
1.61827104183612 0.181256377016373
-1.08237339830304 1.26281627195503
-0.134961545073593 0.998941131449821
-2.88985639812323 0.129085285837815
-0.457451845485082 0.844159654345493
-1.83055764304972 0.723730970188289
0.532708118328782 0.581052586771323
3.79359072464996 0.791924866882082
-0.51594841502572 0.35124666003775
-0.400345597778899 0.490490536956303
-1.74817661865426 1.25854001473844
-1.09088922202069 1.96201647013156
-0.0426489610811963 1.06757164199515
0.0236229370357485 1.31769153515576
0.82425432737462 1.10387414346659
0.867447925551858 0.730700068353685
-1.6713530802381 1.52238647873363
2.84526608008701 -0.453073854996004
-0.737326710687727 1.05022938269081
-0.116005149335228 0.988258242848152
-1.45726370827878 2.22011387041657
0.519019646748703 1.21665252613095
-0.13170096268873 1.50238632325978
-1.39124170036538 1.72666020909825
1.52225680379209 0.185490217342957
0.182541899656207 1.88738148149681
1.68174582974168 -0.107974237303485
-0.875516423148239 1.3254827373973
-2.94949665494957 0.213667505592643
0.687309293279836 1.59039833268459
0.756405754341942 1.31562982057263
-0.152011070375217 0.880299261327122
0.377662069094805 1.05188260305215
-1.93553034800039 0.718382014521183
-0.632534238483729 1.02062020886027
-2.0982512165668 1.32045590846322
-0.00839335011804783 1.09268981735981
-0.716172995567563 1.44638677078016
-2.1183823798873 0.470289987587258
-1.78265912334934 1.21839566490016
1.36399996426074 0.727295687056788
1.7985083032153 -0.222480997667654
-0.547101839770288 0.885951797280427
-0.986624488767747 1.82161768770769
-0.892725939182697 1.64114646561605
-0.386544402675788 0.918524939993579
0.106824033204258 0.841114470868176
0.546935036632655 1.52522756752979
1.09628267840533 0.481791336814488
0.379225708182262 1.36762427889226
-0.788480731707167 1.03413784007915
2.14233383689355 -0.510868827266912
2.65044777347776 -0.559293943154687
2.13381088932456 -0.509229108594688
2.08265014054413 -0.419618160351022
0.013328038424641 1.13014667716761
0.865419529299654 1.53843809888866
0.487771760219348 0.897805843548191
0.982815215350778 1.42774955874224
-1.0692029323869 0.249908371485245
0.918528661796897 1.17770399799291
1.64678618762027 0.216353297525209
-0.371604438912301 0.710471208374597
0.476108837020646 1.36135000096547
-0.547896222737138 0.609307137322073
1.62893818330139 -0.070933410991028
-0.106809519534626 1.19578169730378
-0.73432519613333 1.37957770857977
1.16804031765711 0.680366918752723
1.14485766265445 0.812135959015368
0.0751083637174842 0.742742393949554
-0.118392922762817 0.820243754526944
0.95443061351916 1.52465008001265
-0.678214130884531 1.37392567939557
-1.730316978081 1.21685524675548
0.298056907449449 0.850895600766381
-1.86189115454036 1.08730088553323
1.35803795153197 0.569148924007403
2.43463416502819 -0.598136488922749
0.603081903176808 1.61417817684172
-0.490058329221014 1.03619119838335
0.30998081423733 1.47521092787582
0.520629689885548 1.39339952229287
-2.42719660270383 1.13593426769556
1.18382769650586 0.961218299038997
-0.0737649479122156 0.907898590860727
2.8770012791118 -0.385856292998985
-0.391425097035421 0.232801174678138
-0.92758393497842 0.766641455761068
0.876466730827067 0.592379958598114
-1.25966405503295 2.0629210496782
1.43844789762242 0.357177720050408
0.498307248368007 1.29234669014775
-1.55828185980137 1.65024498456844
-0.936372201192856 1.03701665947276
-0.479081333283322 1.03761519425508
1.69925567920349 -0.0578143362042143
-0.134213332145118 1.08042458898801
-0.466296950198665 1.36384128835699
-0.550684955895517 0.584957466614497
1.56398698291201 0.221786414091336
-0.0983102992091959 0.919401477091096
0.0586690056610753 0.783673341074278
1.32636444131255 0.98577253563689
-1.07303368325736 1.20737055432517
-0.680283480528645 1.07590526947574
1.48851428266668 0.143296007323105
-2.88227512215666 0.207387060437658
0.65122356898773 1.26004907975212
-1.02120364366861 0.800819868568019
-0.469266540138797 0.883671520351927
-2.00407246042883 0.786356813922093
-0.474879121118057 1.61329579191508
-0.961205386676896 1.70407775944677
-1.36827219519076 1.49925006438539
1.53477733099613 0.330062624539456
-2.64773978170778 0.422378200031928
-0.106507923563556 0.152516352352062
-0.0270946435480757 1.10771827903369
-0.257816363117351 1.37203171029903
-0.184529112211028 1.22129788494487
-1.4900831689658 1.08407733892179
0.761736170872788 1.40193654749275
-0.152712952417849 0.683049275164384
0.722517204167034 0.985072977156824
0.378647420311039 0.932294516156749
-1.01545345896511 1.61076049951213
3.6625274844564 0.666967503614225
-1.00865300218099 2.27896017513933
-0.561407217682039 0.816828899858523
0.177929210451677 1.60783050239948
1.67890433186213 0.0407396878365813
-0.214011830404761 1.22134780684719
-1.63220985953882 0.154686359294506
-0.668455546094691 0.600156824454559
-0.783554663143872 1.45102414249595
-1.75698770527521 1.79929282265807
-0.252793106983355 0.936554823422928
-0.918703824518954 0.694673342074251
1.53077641955358 0.394470949039433
1.89556946044023 -0.284845022773915
-0.489419756584136 1.05319867837503
0.440709009143258 1.42257096097199
0.79234769827352 1.35211829164764
-0.226140657844293 1.02802743974141
2.10382119356029 -0.426177414188445
-0.945369080927307 0.794367792198053
-1.99151772658704 1.35283579007675
0.51035438696953 1.28519323682131
-1.3914638416708 1.19273159918474
-0.0383591299200319 0.698979749577349
-0.150539639279442 1.14605460233287
-0.167465071451071 0.139840331473488
0.422710073557962 1.41922037522035
0.467769938334156 2.20788118591189
-0.784274090170222 1.05375893846037
1.84021867431773 -0.152671219548988
-0.0627699993061814 1.43518130925029
-1.47495844310831 1.19286034491186
-1.28156157461157 1.57768099117602
-0.621207868125421 1.70677449565218
1.36612122410954 0.0610553236607341
-0.388808312349049 1.36370072438647
-0.48344772523286 0.521035360659898
-2.25814610562522 0.71897867007804
-1.85056694680349 0.347800287597687
-0.908156894863696 1.161170342663
0.990719937904111 1.62324512496625
-1.03955465758168 1.17501155586656
2.03177391635601 -0.503501107040279
1.0409697359825 1.5669136608106
-1.60253481109475 1.61077951397752
0.0850000486426598 0.827409986046363
-2.48694834930732 1.13370217747236
-2.8855606235328 0.956454926009913
-2.5252082277392 0.774966896514567
0.374153252350906 1.23959035593606
0.951353289314001 1.26396489939769
1.60657973487701 0.148375262375084
2.3301885587793 -0.575562226515319
-0.0818516448544791 0.942445115941324
0.624547846770316 1.78211393790417
-2.93958588961597 0.0825758902543738
1.46308006058264 0.632276138350766
1.45857598297878 0.689739255176396
2.61476600631677 -0.584094435339491
0.622665145160689 0.926997896382814
2.04697890609919 -0.450032228190409
-0.211775415976875 0.785094831311253
-2.11210515837041 1.07775493983777
0.145505755175112 1.02758266046317
0.668420807420478 2.42253867554222
-2.16908907513679 0.752181275222918
0.336958402711352 1.54279320967653
0.431576855310871 1.48314070025066
0.818887046805702 1.36268336901197
-3.38141320343875 0.345116242227685
1.84340851376917 -0.246853718770513
-2.92229348895374 0.24116987398954
-1.13658829800272 1.64129865944735
-1.49996230208679 1.85509455126836
1.0177936692652 0.95128428418234
0.644555866249488 2.55346489393717
0.285309102778751 0.902177151384294
-0.19635388402259 0.414316855235605
1.39952193121454 0.0454984144464703
-0.434074775946981 0.669588307808306
0.936468451684463 1.58260077635355
1.03651948236789 0.769648214827955
0.21409122966289 0.821556079912782
-0.794419785401589 1.62431600382078
-2.00003828495197 0.785497673153235
-0.385678601146772 0.740778923844742
-0.310559518047318 1.49435591494987
0.666826194682682 1.56014269201886
1.85782786722423 -0.100863694346201
0.0958059457442904 1.04040413597041
0.527348852553131 1.07745814789212
0.306394023635166 0.685030689108255
0.721745669525188 1.69815518810496
-0.651712821523913 1.0477726285708
-1.23537183631478 1.73696064489949
-0.181168575746341 1.40392407070251
0.300168481472527 1.79303508660017
1.98732901799267 -0.307524740646816
1.56796765211894 -0.144619066324242
0.593249721001846 1.14679680646714
-2.05134548432352 1.11120496056212
-1.84872425165959 0.922237725467711
0.0861718991544971 1.41835760535135
1.21176220096346 0.681083368220301
1.92632591753125 -0.266445889811722
0.203932589323257 1.21679454626401
-0.222484775676445 0.539612694716598
1.34339377125731 0.0976796500381442
0.128473291405459 0.583288904887438
-0.0742188528569165 0.721999834348083
-0.921514571793333 1.25609777456935
0.97759022171309 1.25490364022476
-0.203760051073373 0.358750349120919
-1.30745372017376 0.747065960286325
0.482990071027116 1.34126006074876
-0.391649749372682 0.33590496411383
0.461073320034033 1.10505156450911
-0.779933794232934 0.836030519342509
0.836639105322618 1.38663729747608
0.225073236082743 1.76008831876695
-0.838676432581409 0.335883869568689
-0.915707417042668 1.00493609811977
0.664616394032665 2.39343380480835
2.17916456065613 -0.498987547385246
-0.847216002548488 1.09953489835558
-1.2935222030159 0.52082091618559
-1.26455932380993 1.63533547798867
0.752711938475455 1.16666209787436
-1.93725990796426 1.43066705599596
-1.87515493855496 0.583781706216132
-0.224285276267761 1.85481907516551
0.524800505317708 0.886413740766525
1.96167168605866 -0.242286140927337
0.519506726300464 0.900600454922693
0.231058743435098 1.20743085685352
0.74403865515882 1.0296782406306
-0.507386429268239 0.682898310323551
0.176323706325786 1.51469406281325
-2.30343174960031 1.22580650586054
0.779853484029412 2.18124658938076
-0.306327329999574 1.68383810382818
-0.914420355941718 0.629692528248835
0.273254304951513 1.79861570581146
1.83007677579652 -0.293390288133683
0.371051194227262 1.37542669373553
-0.163958691977451 0.99126554476236
-0.770027414038959 1.19215269572726
0.412464806847464 0.913508697479498
0.918516594683768 1.14776147093132
-0.387552922402831 1.42856541306394
-1.94674553097234 1.13441002091997
0.820515974969352 0.812772604203687
-2.39188907873107 0.669622520631602
1.32489099606894 0.596128324874874
-0.770119771600179 1.21622346396818
0.424018056469618 1.18809172671205
0.272218074249996 1.60817025398568
-0.478965724227628 0.623431297046531
-2.16147432639474 0.928792044746387
-0.310696368014439 1.26639177739445
0.935638127353474 0.729394176698784
-1.31074497363922 1.78340461468116
0.68179224742862 1.06660571721962
-0.863878928041849 1.02774638746953
0.265720283679781 1.3800862715112
-2.18351282413306 0.872381103352754
0.491010901626179 1.0241658450513
-2.27947193493621 0.149940117310165
0.460405942954918 0.888577993122351
-0.0575873131514999 0.390663679855205
-1.33838987210175 0.70896651086785
0.406746992048967 1.39620539012117
-1.59195458463585 1.26276385883244
0.167271085780241 0.711984684606873
-1.64878231149098 0.532881040424721
-1.85768782228498 0.880627923536165
-0.157269131096012 1.18772758650222
2.35497187479794 -0.582808163759669
-1.29774799459083 0.381383338342157
-0.813781372728919 0.904899145253246
-0.328720524936801 1.03304210696088
-1.36994832458199 1.17806918223079
-0.145196769861515 0.826993219737093
1.09035096468864 1.02267221150239
0.819044053908918 1.13027875211492
-0.314089581760187 0.932035325394136
-2.70724694907805 0.43583952246242
-1.54357742221468 1.07377508910995
1.63797661945096 -0.0198333195950298
-0.51364040357107 1.15509155552551
-1.15755084106924 1.18970215894096
1.89926680725608 -0.312367711888203
0.229210323964647 1.58672624705559
1.82828174215526 -0.262905933431356
-0.179729025548552 0.624908657106538
-1.1587981036035 0.937344357880107
0.0683632171963105 1.07460428929021
0.991745231419282 1.11203119336729
-0.00390933949321481 0.688069273709004
-1.97617080406611 1.47133554546856
-1.83467233399199 0.628860143395056
0.129248878986448 1.37299350383152
-2.08964468002309 0.455340955001176
0.893798025057848 0.608763591869971
0.205493863023458 1.05544354533493
2.44872202878137 -0.599011895002843
-1.74255222616959 1.25340735666815
1.48029877070433 0.0617261668971696
1.22624548719161 0.760818271112064
-0.988555029449567 0.789579493209588
-0.2349820589934 1.00902715946388
1.29699815609808 0.554316940773912
2.24783923652337 -0.5310247419369
-0.526444393855074 0.421333268304807
-0.227236401234059 0.576171217065485
0.958397058919113 1.07381354542133
0.579955191761456 1.61247399635304
0.322466507856975 0.893282287837302
-0.387131777093396 0.75485798182969
-0.533465021379837 0.384585767289039
-1.38381881664434 1.7988683916394
-0.901693742577166 1.01224451455342
-1.19899900172928 1.10947619337099
2.8794709612578 -0.494088144169787
0.170367614316262 1.15620154742721
-1.17845348233954 1.18756978918622
0.153524625815756 1.39714730480067
0.126890097550291 1.38784751245048
1.8844543292797 -0.242531791153169
0.196648156430667 1.53596086613673
1.63479601713941 0.424422830504989
-2.24581463848169 0.199536268532872
0.423747566431494 0.533127828196219
1.94451398291408 -0.290242190925554
-2.09386479187605 0.901942388977763
0.585359858018689 0.983083659589304
-0.817744110459635 1.51925644860495
-0.876983229387281 1.30397170533801
0.210963783021185 1.14019811920655
0.0951128421002187 1.44074680272616
-1.37244182927061 1.26821162954905
1.62502054336005 0.0880606986838483
0.785061990249319 1.70739286406469
0.924281061028813 -0.225750828797276
0.143405418268429 1.51396606575686
-1.50848957663666 1.47328417443141
1.33789062069594 0.247979644121471
1.08775091711182 0.632448186550194
1.53189272260558 0.350414537531287
0.331394850315052 1.31827945586088
-0.454914076069178 1.21122770059461
0.583730400268409 1.43587997741879
-0.0453408162426895 1.17499380772405
1.47573113984248 0.313856631332842
-1.11937709061466 1.3103293219839
-0.378926760494716 0.725816031973943
-0.850379947830209 1.39424588804492
2.17521900884304 -0.523666229199047
-0.286343003866534 0.126828273528892
0.780790337813176 1.43621967798033
0.761896309261804 1.51403475041252
0.0694321025361127 0.581549296049636
1.50181810289656 0.28845365869711
0.619700168580118 1.00997072716754
-0.48388318812971 0.58212440648544
0.332458139383156 0.382245408508039
1.30270612815983 0.520851927138423
-1.49864875540462 1.04245921479906
-0.272364421568308 0.921644313995618
-0.610757969008583 0.43516945429261
0.0481666207452621 1.1992330837043
1.53502737640932 0.0681458849642722
-1.74101655728399 1.83036044148141
-0.588957040948645 1.16901424756874
0.514523621701887 0.968372422183044
0.482397323078229 1.79545329714042
-1.15444515159602 1.24724868464497
-3.10417938264013 0.371743936490933
1.04070409301429 0.567206877828469
1.44068881739761 0.465956745422204
-0.565925508893067 0.895033184702562
0.0863680683429609 1.52632268310596
0.498481102989809 0.0590184382977132
-2.49868091382823 -0.134523007327085
0.434412949535817 1.30142461155512
1.31735594224847 0.111411880807146
-1.66350206573093 1.79763951065494
-1.25392232945129 1.21256900024946
-1.01229881332168 1.86842947256889
0.658201199947542 1.76565179984073
-0.378988232200366 0.861251949331892
-1.79348042030647 0.18494671604968
-1.39301188038591 1.68048833884791
0.170232184148655 1.15733648115112
-0.23741697948105 0.811857081354241
0.0556558586305541 1.00592141636743
1.15128775301322 0.20491478223687
-0.346942173321269 0.969032842872681
-0.744711751621213 0.806426425428106
1.31838669764556 0.257572345030244
-0.848472188915741 1.46640976545567
-0.281626816325099 0.494864371481437
-0.0556562482996216 1.0220798126458
1.65903859113448 0.00839459542305279
-0.211320156395118 1.02218421942064
-1.26584382071675 2.10204752961428
-0.277007657948663 0.668077871326925
-0.00477799490407562 0.3659052246967
-2.2232469664968 0.853478357739562
0.715112499913892 1.47752110399842
-0.818026526982666 1.76155191389188
-0.716474047352996 1.67960527363368
0.408217482785018 0.372018442808381
1.42727256989571 0.272382584137128
1.79992052100612 -0.195506381959927
-2.2908596732005 0.564822176951956
-0.316245519536805 1.06996955950929
-0.249381929143471 0.273131278898811
0.574427560494945 1.2583404701227
0.400448864184461 2.14501632923077
0.0635970244304558 1.70980654328961
-0.229927234714309 0.559462342383289
1.16890152920926 0.962856905688861
1.89136011625519 -0.229905320659321
1.41196707281954 0.593850185046536
-2.91695123111488 0.280247815572313
-1.10009245172889 1.39836803661359
-0.640783237172229 1.12899040956356
0.130685170215966 0.912133575040777
0.740231751150418 0.0536342146174744
-0.0212166746589818 2.08900097734642
-0.0686344365014487 0.411135563892677
-1.44134105245408 1.85473565578989
0.386012112208217 1.13101796453186
1.96088732953463 -0.383933737493873
-1.10878645939576 1.49351109703904
1.91095693006412 -0.258624035604093
0.132584238358448 1.27712240918274
-0.902942755258421 0.579607149186204
-1.26781809034972 1.43679022468374
-0.357428692826335 1.39608849845519
-0.783483638543568 0.985041784846555
-0.339237903114404 0.75211932460686
0.378919001310301 1.29852197724214
0.550345027603305 1.55946955331123
1.65070846461639 -0.155247478688831
0.97868655468711 0.720627747100153
2.50810284402302 -0.598122125254125
-0.953154703979086 1.08593778875632
0.223877799889208 0.807086047904601
0.674466221005489 1.84395485367519
3.0274042598225 -0.301516562062489
1.1306251699871 0.896565971361127
-0.747757244463021 1.20194706845588
-0.233605130368625 0.899102206359515
0.285335128051997 1.34004236490944
1.00521163281472 1.74740144300886
0.573641098004085 1.00542502704114
0.58334086656057 2.0654386730466
-0.0590497508921474 0.981583771375836
0.306722029664495 0.765029473633896
-0.26772633831947 0.540127276183797
0.24924241937672 1.9664535211191
-0.980254052611979 1.29912387280462
0.305391008755969 0.135261230818659
1.75374181528651 0.210265195456999
0.43626383867708 1.87909807341437
0.574427959751403 1.28348758362413
-1.90794900342461 1.48093774621296
0.466841514606759 1.04953381129815
0.391069508440497 1.49993040114878
0.465607031711089 1.02839004177608
-0.595476262008371 1.08509366589831
0.611900653246827 1.01731059189518
-1.36440354885171 1.64531304673147
0.400263415525044 1.00642013345661
1.40460564309209 0.519695131443658
-0.302017746095842 0.986801350839764
-0.300468581775607 1.23044744801562
-1.47327656375084 1.0670296167751
-0.344516504513621 0.599184350201269
-0.922124548822738 1.15672370033964
0.117855689811502 0.715396219834912
0.136522805202773 0.682111704473667
-0.453618294278495 0.675977599549655
-0.963783993019028 0.680725137471112
-0.185241877348119 0.925644269407965
-1.061529591044 1.7887858081886
-1.96112107794066 0.477489349527728
-0.149262040615159 1.13685591267042
1.34891938712211 0.43471361004635
-0.955637029581639 1.76784244694205
-1.99693753604664 1.01378242718713
-0.652380170020058 1.39375367845405
1.4451162616848 -0.00441026762929908
-0.577532441470048 -0.386627503176018
-0.500798392482582 0.632551931334029
1.55715382975729 -0.0316465426836847
0.616830065664848 1.61335966750371
-1.27684668445437 1.49839423724194
-0.678387644724049 1.30097737143649
-0.644509586779786 1.94464320506142
1.96301741014811 -0.366604485104846
-0.68499834325393 1.03685592556249
0.0762591137568648 0.583251703827777
-0.636190784893484 1.55079897984866
0.199583599176176 1.06261453665406
-0.271250208360353 0.0991110626056254
-2.15023546001507 0.626682538076292
0.421743452103034 1.54872223319226
-1.53214224825569 1.6386702295154
2.65203381220369 -0.567903469258782
1.81745969626049 -0.103905350327923
-1.26983958158555 0.956232476182345
-2.19063420621425 1.30094279991161
-0.173198660761074 0.66338510242372
1.24711089497167 0.666577263016808
2.54611712962319 -0.594448808290323
0.0770820931211985 1.74683772182644
-0.751777067884758 1.98683177099539
0.846352869737405 1.33723361999157
-0.0945907913369209 0.839813523256103
-1.37573225943001 1.81846153964645
0.594637356858298 0.400859287264957
2.36102958913322 -0.58956430301646
0.61652627696244 1.34827780620811
-0.227262965820389 0.912318273927559
-0.123211318299743 0.634743984798969
1.4013101647106 0.405070311068804
-0.383477003697843 0.981675541327945
1.68779956680491 0.103977272500413
1.83787471669219 -0.291395799684223
0.679665672227548 2.04662280649003
0.942215889925603 0.558964475600593
-1.21694934955533 1.23003229718924
-0.710423737434084 1.19645065331609
1.17011066491568 0.780034721243328
2.33805989382558 -0.576218535990341
0.0216955452246034 1.30557493961291
0.537597295584071 1.53817095275795
0.853059010251745 1.49915832850737
0.877879584697968 0.862338183468756
-2.31049670071765 0.816679518791071
0.574728435693733 1.43561801699348
0.492047389915517 1.36593457586193
-1.13341379309388 0.721562209211193
0.24212994975303 1.63324439336718
-0.978364124062709 1.12811486383349
-1.24715132854472 1.1703405802149
-2.50357824540367 0.19843074694733
-1.12846183032329 1.57286521127452
0.44647832471958 1.33700222915475
-0.216652607106897 0.751415380381357
0.516244023316637 1.51708900157971
-0.207653038105403 0.83147079648352
0.155534699483843 1.22906112144392
-0.00341166114653587 1.20450013835342
0.167158013983609 1.69143009328125
1.23447189778941 1.19262660892216
-2.90229756970701 0.222155282078594
-0.736531866246787 0.496971519195911
-0.464924526993808 0.877569776896068
-0.0741492776512448 1.48440514168892
-0.417096157980459 1.00927186158451
-1.35951604196959 1.56688980152819
0.388236167878174 1.05101257359088
1.77419707927619 0.00108355709032859
-0.625429977805547 0.80899814441073
0.56683408383592 1.90952894492667
0.12338619668064 1.22608608918565
-0.020961253256682 1.14838942254472
0.486956063544842 1.54012605244503
1.97515945545252 -0.411762808933765
-1.0045142867587 1.15673199595767
0.00223468508671101 0.976372099652851
-0.549981089291332 1.26399115147897
-1.51138039909956 1.30270934882573
-0.979211573816396 0.861975628367695
1.21823890198325 0.871336623248203
-0.977280383991244 0.299284864090673
-3.47796260680889 0.516845203838211
-0.474723404170391 -0.0511560148445485
2.03411734116036 -0.361899396938695
1.23982570170674 0.263744763791311
0.247420242003808 1.24541642134795
-0.669630786096464 1.19714831042125
1.91565731269149 -0.297852092261829
1.60529955515459 0.322698714825505
0.364985345127158 1.37790290797399
0.768454436221952 2.20856318446915
1.53756233561144 0.267773774234447
-0.404918839024682 1.11399115434016
0.11848872886793 1.23426660552327
-1.10851712953119 1.29111362247232
2.30186755760771 -0.580164973192581
-0.601713816619152 1.02353052559188
1.61979010366553 -0.00960961064447038
0.126006202102162 1.11826211063234
2.00405122959311 -0.365430120326362
-1.95808391830614 1.1638712840052
-0.302570806500622 0.130540950013957
-0.24350384405993 0.354956768185533
-1.82555107166558 1.45704401455287
-1.79442635033507 1.77211729147439
1.02128418295737 0.977050871660465
-2.81748699611567 0.381556311785431
1.72013407022723 0.00658471214165633
-0.675380604940688 0.0167825833915596
0.939843608104699 1.74004653421263
0.0331352751825624 1.42454257335666
0.982841068556247 1.60557307607378
0.12500857796646 1.08767383050033
-0.967832319355427 1.31560108002317
1.57163049092002 0.287451473012586
0.032560263013084 0.445028408594183
-1.37504748564996 2.01149023282342
0.284517411958519 2.06234407498807
-0.108110494357705 1.13311445746673
-0.861323045994385 1.62546492162012
-0.0446983780296357 0.888709804283292
1.19615105484336 0.642237148292313
0.200290879416345 1.20904227420417
-1.57750634104908 1.05128018762536
1.75229207785534 0.00656625535374668
0.742897804562634 1.0022461381438
-1.22366571560716 1.7491102484525
-0.916684201476837 1.52430728399701
1.98862375523401 -0.302400386078232
0.18849559951215 0.983648935891672
0.381578840196272 0.766640436288029
-0.762042058111956 1.19689734942344
0.0616064407489762 1.19206901694185
1.229619750881 0.536217250874348
-1.66021286819721 1.55858097859473
1.47679935146517 0.145872609376251
-0.589035806338675 1.31863827777894
-2.80425293455513 0.751517823765834
1.13905551722001 0.589015676359781
1.41110490335565 0.370757393187077
-0.0374734296864874 0.729415866549022
2.10081092489668 -0.388306367342038
-0.0207416039684095 0.615355606650779
0.677337924840421 1.38447238717614
0.822172611439359 2.83929309077043
2.22791327395468 -0.547410407523559
-0.406110494425869 1.17881621763926
-0.337531051073852 1.5903723641485
-0.552643734874443 1.49943907030436
-0.164722168179935 1.01043588126976
-1.25807162709477 0.978195490728196
-1.05507867198142 1.33643525653432
0.516166787744143 1.12281704758187
0.987808396124889 1.06510983355579
-0.795687873540875 1.10631650740449
1.30536416275383 0.533037291371219
1.29467024344411 0.652807870718447
-0.592513506730389 0.849793601457386
1.22256478079132 0.262090157880082
1.25108486277209 0.503759444901824
0.193799128970871 1.45241509233596
-2.43959826116252 0.714625038588868
1.30987400377478 0.412758910598291
-1.47141588840851 2.48574202486178
1.75930676728925 0.0122253469058873
0.832980597084214 0.598519288256592
2.20898839565001 -0.499479806594715
0.847203177469194 1.70469028197494
-2.30349295888467 0.924382076092186
1.69412536720463 -0.014116076322732
-0.0637010606798359 1.80598459118866
0.541089346116083 1.25374214714724
0.427165184525524 1.23735516343131
-0.566189769443998 1.18224834448248
3.48677461834747 0.398568429602512
-3.84335591890617 0.560981321509996
-1.13937271403329 0.966429619875689
-1.57982613778252 1.25643517651836
1.00494422285565 1.66855408435179
1.43774999216659 0.626148643238073
1.54074474093824 0.196036463055282
1.35878767243205 0.315354553784618
-0.223782666052363 0.959897079026358
0.585344560704828 1.34049288928737
-1.40240867524606 1.64684069059278
-1.90767241371274 1.16842690976645
-0.274461266972346 1.03311245090591
-0.364197482679716 0.622288384017601
-2.00169231206238 0.795173177579313
-1.087549244649 0.857699879531659
-1.08726059160879 1.99892871710896
1.39330628001003 0.267125293467423
0.342369321143506 0.924535027194329
0.246627158341669 1.10705915388508
-2.63451361324678 0.860095644654201
1.90494483114681 -0.325017536199079
0.120204921719386 0.650686574945657
0.488837186017699 1.27371480021718
-0.523667939290832 0.505690036183971
-1.24368481629089 1.56021033699616
1.71941476691752 -0.0924910470229149
1.37912635922393 0.19928046015284
0.429607542344268 1.56384233411073
-0.464156694483361 0.793236181497519
-1.14181872556643 1.10279093237328
1.07366317852556 0.766226912891102
-2.36753901202661 1.13389778685423
1.05819093069599 1.08345571268769
0.816984898259794 1.05254639217382
-1.33912110386197 1.43516452098602
-0.929333281118446 1.08218185697805
0.548799568200906 1.3960270422397
-1.2589484437118 -0.0453195701257763
-0.28886439630093 1.02504958411235
-0.999212745993638 1.12350203646897
-0.488077876318399 0.460530590285591
0.438862042744861 1.17169677235614
2.92867794136199 -0.286007448386869
1.32250645680128 0.468755396872656
1.17822649860589 0.613972795460389
-1.12002111204169 1.3469197697836
-0.51197640355052 1.02686130751701
1.34581586202606 0.213659789547969
-1.55981591737188 1.82588530590052
-1.39179719863705 1.32152765428317
1.66475768160998 -0.151034368324234
0.0639538394232578 0.617195986806939
0.375953495891133 1.06715277432886
0.168978661448532 0.0670677297355706
-1.72311864876369 1.00665644227422
-1.50612669673522 1.75033688630865
-0.0156187557019829 1.76748018463245
-1.75547622695073 1.72033610574069
-0.265109580797955 0.505109883889098
-3.08486044729848 0.617132020225815
0.715104697728503 1.29813203577852
-0.191965748933158 0.951349672960384
-0.285556039282854 0.457989569705437
-0.6319681052614 0.565634020246091
0.407929713609548 1.04150784586074
1.58287590929554 0.0528354190818671
-0.944923136563792 1.79538500341298
0.273486830210719 1.67361708460118
-1.11018451554508 0.780485061222755
0.498230917382909 1.28932974754929
-0.880151957735802 0.607513613085598
-2.4050853022914 0.802517558745094
-0.0616123845106047 1.3370440433627
-0.32444889501749 0.756485101708825
-1.18011714390898 1.78492705360119
-0.256395290717659 0.792739006437665
-1.37610736190465 1.98554804338526
-0.935406924575139 1.30859761553754
-1.17548289562065 1.93401464600136
-1.35320410354814 1.46055111537936
-0.385775719839005 0.973256056604457
1.61515253922405 -0.0755767718079608
-1.99027307795206 2.05197916154028
1.48752414217126 0.603630876542783
0.341606001110167 0.927426252944619
2.85623458396662 -0.494035647973302
0.469785384508418 1.96061029726283
1.27873442467597 0.796093406909216
2.012745234743 -0.398351015040465
-0.794244518936865 1.03576776139567
1.64020669459342 0.457661376797935
0.583585105951654 1.45213204282207
1.19291168603459 0.242648841753767
1.45677023745629 0.59651533427457
-1.47649043954305 1.21779383511389
0.701845509932587 1.32902847467844
0.50482224863131 1.63638627758426
0.181937261074456 1.82520413327364
-0.619203040829294 0.37605382472383
1.46021437773899 1.06597362063411
-0.291103799747137 1.32085076359734
-0.283682701365578 0.231443376688205
0.0511003702230458 0.766525392287857
-1.15391918163544 1.71065002812291
0.270252070398845 0.693082156165736
2.08044439735781 -0.504250361043411
-1.04103504004779 1.36551735586391
-1.71559688106302 1.58843949835943
-0.560964755388066 1.16879383297133
0.191629651501374 1.14866806817091
0.285658929713903 1.24969858076127
1.25707318846789 0.833942926092424
-0.330973636016835 0.277229105399741
-1.44501427712585 0.877300441040033
1.41779762555248 0.428618712803267
2.27937335427349 -0.556335818785758
-0.415976724954485 0.363357471797964
0.560206911337547 0.85868962939066
-0.290672129436986 0.025392089006219
0.289255160142773 1.18521289317598
0.793859246025242 0.761422212592866
-1.18648073693908 1.41242609135262
0.0650103902042335 1.01800749964757
0.947866614099642 0.435464871369557
0.147909649568152 0.860615511012302
-0.571721423395525 0.981994859641356
-0.796814368472107 1.34150915592833
0.313849822963852 1.55567626038888
0.298130885095708 1.77151529009177
0.31289812712777 0.809921041334736
0.353155080259876 1.52556369881879
-0.301243132837549 0.523011410056366
-0.49636176310478 0.307171363103452
-0.106021602498968 0.929731590347931
-2.16833275225721 0.748080861847574
-1.2208310457881 1.93118727055761
0.140574004273004 1.02799200535229
0.325476993963092 1.64332616641095
0.822133886288147 1.49139390323011
-0.129539038801793 0.795695913602403
-2.13754322793242 1.09123012720712
-1.06731435243019 1.14011357962651
