-0.611941670897069 -1.80459090459756
-1.930868602259 -1.314431037034
-2.7601674915426 -1.68225718158056
-2.42862461804035 -1.23666491578852
1.20953811568429 -0.944759721614905
-1.31381789229571 -1.57291153651687
0.583413813897839 0.296820119815307
1.76257412199812 -0.939552195212133
-0.838884542182374 -1.59817552761608
-1.79393082255589 -1.24610047681834
-0.0327819018056765 -0.531449960028025
-1.05445306768423 -1.73905979604112
-1.74869265646102 -0.983353339797112
0.45189766404081 1.81999816296095
-0.775734749130422 -1.64499121177345
-1.04405309133276 -1.61500124040074
0.315850973764124 1.00457969066819
-1.04324991570712 -1.56082405778047
-0.703348868326932 -1.37185407744703
0.0809043465568238 0.549575231973894
-0.145739770128501 -0.746242181105704
0.377949134407469 0.487566216029795
2.03049006445203 -1.1431468357894
-0.412897995668475 -1.31464199341363
0.639733329001748 0.823089128137364
-1.18695339633946 -1.52124327898673
0.907039423498244 -0.480216375103536
-0.498135764871744 -1.63849982206676
2.14058385613706 -1.51554110712822
1.7829069943655 -1.16173637446583
2.27062808505033 -0.743432850146686
-1.01881352670932 -1.70431946853844
0.727226932345223 1.2161181251607
-0.569647270240569 -1.29279472935935
0.280513583565276 -0.392157265877092
0.211140596812981 0.450477692347013
-2.79858671595937 -1.69958949817511
1.05685044325604 -0.386526754002846
-0.232912909657344 -0.557352426527716
1.50795042920487 -1.55828079914334
1.39436788714841 -0.669877055769633
0.995774479976655 -0.736640365822093
1.86170888806905 -1.28749014275799
-0.299922349235027 -0.553407875476686
0.601931556484515 0.538671222853736
-0.377702908993563 -0.758339441430986
-0.699420487284593 -1.45472188681726
1.23477683576809 -0.42553844084538
-1.2871501474861 -1.30986108067076
0.833442366486839 0.187626147674622
1.04940521706123 0.554795344491116
0.101715064234476 0.758663613099972
0.462042324680613 -1.31483896160085
0.606682823258142 0.929075360429389
0.931684164671036 -0.658670153806003
0.169424414223297 -0.358855963100792
0.851582117982754 0.179763136914042
0.567864198362398 0.294102798993214
2.04021108504434 -1.20811429822233
-2.10101449862703 -0.798140732543332
-0.492983639491046 -1.49877089833551
0.253485486517776 0.00963361042013572
1.16747209174842 0.0929868734383357
3.1507305420014 0.580889586200268
-0.444330482488799 -1.18141068226049
1.39909915118138 -0.898322652202197
0.363711635999314 0.511299846616168
1.07409407836173 -0.127250368628237
0.0165553614422416 0.530753140252359
-0.520678445012429 -1.14931322647695
-1.04530682341687 -1.75201117228561
-1.20381517511674 -1.59032194133764
-0.221315017696721 -0.822087644108424
3.37882412002882 -0.546740730777369
2.1082834770875 -0.952732888050293
-0.130973261609315 -0.445148520000882
-2.16195952932546 -1.04924264428684
-1.40054563267428 -1.46155612265585
0.350616676114802 1.98946207992366
1.45622395004393 -1.12457593940747
1.21908116807304 -0.298433871537618
-1.38263140155218 -1.48104055062748
1.21886667542689 -0.24467361743138
3.26781663130614 -0.931477696902023
0.33383924435059 0.600003400647298
-0.667438697745338 -1.63436538467508
0.885903571231341 0.263519340362701
0.941861596564209 0.710193590491837
-2.00151049368253 -1.05096434941479
-0.0529525786171597 -1.01577373491912
-0.0945436893335059 -0.444834017673651
0.0205975873495522 0.151303709014997
0.363146678725257 1.09192464233837
0.300049409019684 0.203309324691558
0.529739534093544 0.577571225163702
0.987418437453249 -0.622784148772642
0.359652853463221 0.627239578221357
-1.17690389243295 -1.48370277509492
-0.0832334165307746 0.194389473780112
-0.335372014103328 -1.267722705147
-0.625087262649284 -1.71659383848092
0.60849454447458 0.293980953300933
-0.375183668331877 -1.17021740926188
0.47092466701035 0.149659660334751
0.865743253091263 0.850817593597655
-0.0200169356625321 -0.0272512347300978
2.6084308645699 0.287310798228459
-0.392433311752523 -0.921484767539701
1.4574598010802 -0.684142780513105
0.307961967741582 0.15056472648431
0.237800731266988 1.15247956894541
-0.920586239283271 -1.66845429861456
-0.323454021994391 -0.793643366275921
-0.541361613405639 -1.4988169631509
-2.3088265787126 -1.59486009481466
-1.315437487978 -1.34770470582491
-1.14215474255321 -1.7600719777094
1.28139074228336 -0.187969012060344
0.306307121708056 0.269952523738526
-1.22961179139818 -1.56142042234083
1.49430461662998 -1.35153568297771
-0.695519447085375 -1.58490169433537
-1.71503439755528 -1.10444023157049
0.491201957876994 0.0643114058941969
1.53324753362525 -1.021364644621
0.156751703630657 -0.467197763000468
-2.16366226347387 -1.33213468204817
0.123117128723006 -1.06907631729663
-0.597148293412765 -1.40225769957092
0.266888447471047 0.0927976907937435
-1.0484103942967 -1.67347257809626
-1.77950560359154 -0.763414366138207
-0.45638811192571 -1.29113284038096
-1.45231797893575 -1.27020827522503
1.17330614747925 0.0290506015186249
-0.52233295825996 -1.44719516587322
1.20189751565772 -0.946548944132086
-2.90370035824949 -1.87370656107305
0.28878956962227 0.676722607783058
0.0490116525032741 -0.0253570241223363
-2.29678533061746 -1.11054754315551
-0.500347432035521 -1.17390607789628
-1.06378257117073 -1.67879709998385
-0.877418351572936 -1.74526379936087
-0.86058440504135 -1.59012270600051
0.688025263260766 0.423882968797888
1.21468921604323 -0.307120647457947
-0.344356832324198 -1.17283131099242
-1.12756640187018 -1.69661845125362
1.10688103306539 -0.577873913646725
-0.00142102400779872 -1.07131962352341
-3.29338289193286 -2.04447589883511
0.31242308700435 0.567718569751358
-0.828217211038149 -1.64449230500472
0.890251584057975 -0.583415451982355
-2.19340551660224 -0.645109654509432
0.65576558988759 0.235617380464089
1.54599970993872 -1.0186697338472
-0.30648313182326 -0.861592792768876
-2.22972959342344 -1.05752093011359
-2.37412866115526 -1.26533005358177
-1.40523284654124 -1.5416978660771
0.814841348701522 0.241783591350608
0.695347455063797 0.434006540539711
-1.67073000326065 -1.17738011278292
1.45368180854834 -0.661965330640411
0.58329529542193 1.27401333300085
-0.82480973864631 -1.74972109967349
-0.465635503652701 -1.40082441155378
-2.28663361225687 -0.964501654281734
0.4500820157154 1.56135798154639
0.81608375410962 0.172373959628752
0.48032912875603 0.884732428740737
0.94312246309296 1.32651024755404
-1.33410998945348 -1.46118782463409
-0.916970426865484 -1.69734970731217
3.89587894833143 -0.988961450121167
1.50670068200113 -1.19633463136617
2.12727039764301 -1.39879817712238
-1.70373647711752 -1.05461604003651
0.914847505561466 -0.279598059745776
1.41536541638994 -0.896804134801748
-1.52633923404 -1.18377484334185
-1.46658390234728 -1.35461069147313
1.30121787151401 -0.351118680896992
2.92431108422685 -0.0316486484804765
0.103830111560933 0.00440919435970863
-0.373781691577283 -0.834681042619367
0.823144386502807 -0.0678578496101119
-1.62050950076293 -1.25218252967046
1.00274864419439 0.286653933784797
-1.23871156824341 -1.60876278609899
-1.20506221999769 -1.64313189191212
2.5803905704945 -0.842835335016412
0.622318041327588 -0.67707069738966
0.077860130028685 -0.756226413750284
-0.371821317561449 -0.860712761231679
-1.18112750702009 -1.68340052811655
-3.25083772471107 -2.03340279139203
0.518330715613636 0.322602887652099
-1.53769213042292 -0.876094988716428
-1.02759786995369 -1.58641402138385
0.865596057745321 0.365900078457217
1.18025939873964 -0.532712001334077
2.1476523277103 -0.762882350273646
-1.38575589881588 -1.23781435287597
-0.274961336986481 -1.0676531599116
-0.107094286877777 -0.975457077062879
-0.554532000475601 -1.56491182387444
0.171145792908613 -0.0971579701924561
-0.518874441514857 -1.31886590170724
-0.126914280477053 0.205431494240716
-0.404184448709304 -1.3264097973393
-0.623691222413985 -1.52923378160487
-0.0786603412163449 0.155645121335747
-0.363634065494309 -0.915742079394195
-2.14930162391996 -0.996471816328381
-0.277627686301378 -1.10597071742661
-1.12043300798093 -1.63242986980491
-0.144276095353429 -0.0333739806278321
1.92905090552867 -0.976620338407055
1.07098154255154 -0.971770228454875
-0.285783873398791 -0.799837770171919
-0.138914796216059 -0.380607542047673
-2.55774811137957 -1.32048028097441
-0.706283467924768 -1.68953039504973
-1.32466917974204 -1.60414155701659
-0.33978570178729 -0.965986935948304
1.30383050762593 -0.682058924149796
-0.622221687978167 -1.59270586050786
-0.313641981108713 -0.616307736195302
1.1214188008623 -0.295935396946055
-0.628582405065983 -1.41388852865936
-2.08921772461107 -1.42527814598628
-1.77239313413444 -0.956005413548292
-1.11168521863951 -1.73293862615429
-0.831006907036082 -1.7800211380492
-0.896021593586991 -1.81605155802409
-1.21200067766715 -1.82565309332364
-1.5363780133206 -1.2884630286847
0.458907156397187 1.1607144112138
-0.647580148680398 -1.58954462265457
-2.15307681945353 -1.15428576537413
1.48773232355101 -1.66720889252149
0.522557755047201 0.82738790346923
-2.27136913713085 -0.989683053631013
0.19053623295453 0.345870993031434
0.525966620090116 0.433593537685569
0.435435141354385 1.46536581273038
-1.07821642329054 -1.6390708867316
-1.57943825612634 -1.08878755358068
0.0353737295892288 0.326706473543889
-1.27928602721376 -1.62778587735697
-0.149292097969289 -0.688930391764356
-0.881440228202386 -1.63471709685212
0.313486694853842 1.9428336013968
-2.28134408716273 -0.835876722446393
-0.0324335271796133 -0.244000275985904
0.643843997774203 1.24085798886095
1.89975450356011 -1.51836913528217
-0.627063888309811 -1.5788339049745
-1.83017821400045 -1.12684248062214
1.76563632701881 -1.24732701467351
-1.23096808689488 -1.57980346358971
-0.113339846842749 -0.173621221719764
-0.984497664491067 -1.64509952182584
0.985133528583659 0.408530085839188
0.335858833719329 0.218855363357799
-1.36758483911762 -1.20615186513039
0.0174451965030336 -0.272222898452292
0.981519091311603 0.00927254242973012
0.915497021410924 0.433279615727052
-0.0750392936725198 -0.743241896060524
-0.866684542373418 -1.59076636909254
1.2800702596846 -0.955868614302046
0.0429586384848182 0.0668911009470837
1.40265904535679 -0.458323655332974
-0.60770904551394 -1.6504611319629
-0.738307579104989 -1.59353200759468
-0.116003284725834 -0.0999791888794653
0.610843987772712 -0.115931857179539
-1.09729206894281 -1.74108457882203
-0.99020214438325 -1.85312178078361
0.198034024751939 -0.246980301207885
1.29143985293711 -0.099833296693836
-0.85837208918714 -1.8395769870001
0.451304101008087 0.285085707514242
-0.170152924886244 -0.215334664919875
-0.972766009252354 -1.68022019018309
0.283090295570163 1.48315299704586
0.305144870300233 0.72955124693309
0.428016785345437 0.275863886582537
-0.333889069961645 -0.927411363664478
-0.0869598911934604 0.10639437613785
-0.215033498631886 -1.01634474157223
1.30411763637591 -0.525085670437329
0.58884358983002 1.33885969002922
0.674027550744146 0.10239276509705
-1.52252017861258 -1.41082237838186
-2.30960495381751 -1.12324288535899
-1.10459899157913 -1.73558439956984
0.947793445812928 -0.290290080431499
-0.156267694630307 -0.365896919431239
1.08777347058657 -0.145032686186158
1.22427946554927 -0.607166957308135
-0.496251578210739 -1.09683556697944
0.648226700769392 1.0652786350244
-1.00069531751105 -1.63043122164153
0.669262937433227 0.488083131909835
1.01167803490445 -0.469618506503306
-0.196323855376254 -0.0749112230286444
0.12795298881725 -0.0282094106688831
1.27495466370881 -0.351115851814195
0.776020073396351 -0.297852511449393
1.25803176566675 -0.634262616050898
-0.3610369962959 -1.02981714422666
-1.50840383600669 -1.1870497404396
0.7714426917557 -0.641986258678507
0.20290907542686 -0.639826824430657
1.33028284915728 -1.310534804047
0.0107637456885972 -0.287510822725229
-0.745124377809796 -1.63237445902758
0.0596880419197077 -0.134638109682207
-1.78466610933592 -0.881196846933486
0.772119944698748 -0.11410037188752
-0.477979373434164 -1.53587402529242
2.82419833142019 0.0456631317330222
1.29772599650214 -0.554635807011569
-1.37753846435972 -1.33130510432964
-0.156554295066273 -0.892085782341914
-0.24931894998575 -0.346939639921941
-1.45444778470776 -1.6684374128496
-2.51222155508462 -1.31272094929556
0.585603977066533 -0.096639563512015
-0.0100647067834003 -0.198493263925596
-2.22138999865359 -0.984445843675107
-0.984000641044853 -1.77893875493523
0.124893606863669 -0.0538410655361874
1.4594488631774 -1.37270333918905
-1.01653405830241 -1.8068412280872
0.523070647455386 -0.274111743013515
-0.957439848492545 -1.650735565151
0.165829065094682 0.418373931236533
0.636557351359854 1.37946553915497
-0.878953981985669 -1.70742344056027
0.955743036503385 0.48660840220933
-0.989027965281126 -1.80388915923305
1.22768978431553 -0.931629124467511
0.275162784526467 0.969342803325362
0.512019134863753 1.79053471284871
-1.38393482261403 -1.65408820262472
1.08325183114397 0.044381695491906
0.0815119870938849 0.0568086574573071
-0.11671224207087 -0.913084267082513
0.0612698957847425 0.732799161945667
0.557671707629616 0.894889226333812
-0.159581460831376 0.0034126703925893
1.59597237658912 -1.32122974837354
1.17735918635278 -0.683320870414132
0.453494320774026 -0.542106000047319
0.854010859656349 -0.132119522020087
0.719471117984204 0.616222172396955
-0.233349004125884 -0.720818641387801
0.350210912545354 -0.213149129987323
-0.920137876228716 -1.64981390443311
-0.262861863673965 -1.57992451819204
-0.9496822818282 -1.77456349354708
-1.05107696155674 -1.60179605831361
0.0423171128354522 -0.710156600196176
0.693977400976749 -0.431638925382023
0.285267056684424 -0.0762082592912784
0.927554061292691 0.361941225226812
-0.000814745994862412 -0.263283514752022
-1.48922278668325 -1.01380705054643
-0.102733543461154 -0.867145684222434
-0.646863831216771 -1.41014076414686
1.50744762877764 -1.70591344505946
1.78110624182596 -0.99458963534
2.24274521036786 -0.859944045769578
-0.6223676935285 -1.49767047201165
-0.353698991090589 -0.669193563820433
-1.53036271833183 -1.23619388293037
-1.05439371129297 -1.74480580799636
-0.377675959956198 -0.915207526176177
1.61676462223526 -0.955823555915966
-0.260042374746712 -1.2209862124296
-2.86939236057992 -1.65812835962495
-1.76313159698421 -0.910962444984829
-0.125992259966185 -0.316608627683351
1.36593740223039 -0.389376250960282
1.33841767763552 -0.594497155709101
0.519158364613746 1.28320087603812
-1.58604129033177 -1.73043985781935
1.06149757510857 -0.0028633671902277
0.487445357330986 -0.0856482988287263
-0.248307298077486 -0.530308256091184
0.776012578659349 0.36175568759884
-1.04305180732091 -1.7673525212327
0.676186865825344 0.316044389350215
0.998369232652862 -0.246225131823162
2.54187782328353 -0.24389514807547
0.180589253383342 0.529868892402767
0.0298020580086232 -0.410856905585562
0.414038287231516 0.422877880398781
1.62623884271955 -1.28001230730082
-0.455280210800207 -1.42311240365699
1.39465446310144 -0.339570142193866
1.04360330947804 0.256518055882762
2.43173151349229 -1.70502633971051
-1.02909807247427 -1.57208664779181
-1.92792386754098 -0.926838660407978
-0.719357985024294 -1.65974163948256
0.608928573478346 0.0192617147841394
-2.25797008724389 -1.20630801627345
0.487499623525559 -0.284218316665943
-0.679740789452435 -1.63119887183141
1.51768190050658 -0.674782058302351
-0.992211200734872 -1.64499746964415
1.02462154514186 0.166116744413511
1.75829330834262 -1.12756500459799
-0.0466461752173864 0.0602524694585583
1.14877351159115 -0.0602408686819841
-0.37897877549596 -1.31343960359875
-0.167155630668283 -0.451481078117011
-0.408628674778343 -1.30065709200371
0.730947350206988 0.330743482622149
-2.36591452354301 -1.40352630879729
-1.60892021721487 -1.02394571428231
-0.724099159858763 -1.60890222425467
0.542196450781594 -0.122973683541639
0.488231400910561 1.35796840789898
-0.549438200923626 -1.39705005215074
0.731976377287958 0.219631782547924
-0.00867045003149659 -0.740876803500738
-0.93953742639321 -1.82789098836079
0.742913458561992 1.25274557186641
-2.81287583011853 -1.64532677629199
-0.363923194180471 -1.04082335518337
1.57938880235668 -1.03246570834939
-2.1826008634213 -1.38280793371313
-0.600829643206796 -1.4684426050689
0.97641079053074 -0.127504437463799
-0.672386697957778 -1.66618256045472
1.27321199534405 -0.46059395572865
1.04142465994852 -0.340235208116789
-2.33627622890732 -0.850412543973897
-0.65071235688567 -1.60926078818562
-1.50677443243358 -1.36688961529703
0.751768063627342 0.413972397761353
0.507494008964076 -0.191163887426657
-1.21667194022949 -1.6053399305691
-0.32177848501957 -0.793025199489617
0.943019777819898 0.738175156631398
0.39057275438246 0.619005748194611
3.75496479051835 -0.930799106401883
1.27143055078416 -0.705494015333046
1.72712677776938 -0.933226185489009
0.746628642642191 -0.204864782413298
-1.4268070467413 -1.17568635209975
-1.31248007751459 -1.59799522926795
0.665815205330304 2.37469611910646
-0.829891442396431 -1.85095173008466
-1.70867447164271 -0.983290301897631
0.769283791180769 1.15508405827726
1.15734378407465 -0.977485267977685
0.471693889810716 0.520118211950236
0.297708342507972 0.198052634920373
1.19648770204546 -0.42714843705011
0.422950444968068 1.4699357978533
-0.280779791931281 -1.27045457379797
1.24275045241547 -0.207276906871376
-0.770895978376545 -1.57599049076524
1.08877625197944 -0.427279656538944
-0.87438362060018 -1.76551340502934
1.23109686743371 -0.360112177584901
1.09938561332626 0.457587612308826
0.666977263651551 0.389816817908159
0.384205797883742 -0.371744166766327
0.374375218551183 1.00776273064452
1.06908361813847 -0.093475845716277
0.433789615845626 0.778648162836048
-0.114353569977164 0.191695328485362
0.688203178570866 1.30965046801581
0.675468060706182 -0.207409492041241
-0.436298796724815 -0.818782551285171
1.02522893291016 0.453394155468491
0.294105734012651 1.79963518017422
0.358027865235159 0.482423618487259
0.959051225555012 0.18310974553599
-0.934635174139592 -1.83074883873149
1.0511122051292 0.601159525691582
0.523187382372223 0.633041461709932
-1.5973305254364 -1.36667699956925
0.346385845004577 -0.403980195968654
0.902941005301209 0.313157361628465
0.564338070768299 -0.00859127658448866
-0.860044937627982 -1.69084197953941
0.334162521552782 0.776340533713382
1.26659754507494 -0.176470770941601
0.0353963311717777 -0.451747308287545
0.343266886603969 -0.311460447049685
3.07677483805748 -0.21710872756838
-1.24871613600084 -1.30217789850449
-1.22766664753166 -1.58926725193689
0.758186541308804 1.60144115159709
-1.52105469611619 -1.4649164212607
-0.441661364418384 -1.54178398247733
-0.614065960854407 -1.65350419330118
2.20735923212959 -1.10860290846882
0.663043337883925 -0.218764210858085
1.15081073047195 -0.0216806127440706
-1.41186977881577 -1.48713762327104
-2.78330110926113 -1.51738101794153
-1.84979445417077 -1.08398868163083
-1.39728357454312 -1.29994163182261
-0.463492615648017 -1.1486004339071
-2.42345193407241 -1.40596910125292
-1.15937491281118 -1.58029143190455
0.384657314201654 0.205939142499243
0.385681406790201 0.915133068523059
-1.15043975987745 -1.70326466026637
-0.555879318973617 -1.46106747192463
-4.36824210936931 -1.21559332515259
-0.55475229045529 -1.55371126701002
-1.11885687130237 -1.80978412864239
0.8758201800283 0.930300701000496
-0.203299360065537 -0.604662119768474
0.239611184816538 -0.279035579396001
0.474828490668895 0.045522565064811
1.73077850366323 -1.41200631802902
-2.96439419680414 -1.76162384831163
-1.98657755083782 -1.34997965298828
-1.92308589636646 -0.961534714682147
1.09035465696896 -0.080497902781618
-0.425416361531056 -1.40219194163066
1.06130288274593 0.307408534128405
0.296142342115778 0.288685009993276
0.506961844391336 0.363952158148666
-0.759520490278443 -1.58380008913894
-1.65564385722747 -1.34184331558384
-0.59664528598502 -1.38957825947641
-1.81373958446612 -1.24066262139377
2.14196382924702 -0.820373484640479
-0.786219475425567 -1.60723570130459
-0.326706385278666 -1.10108412338379
0.272091275941227 1.03722557258752
-0.240468993702545 -0.929974684386349
0.489538893769841 -0.585155701123323
-1.84333487270291 -1.09265237674399
-1.70167607494365 -1.07820098013072
-1.02255168361898 -1.74457394411371
0.279958555293014 0.350457666728076
0.751242754783211 0.543249796435612
1.71905491211149 -1.27178040423312
1.04256534322964 -0.509480876355838
-1.87664642857445 -0.873928606017816
-1.11805294647555 -1.77621874026105
0.125689673205341 0.406340678858306
-0.466665643376958 -1.52323574056267
-0.903395304375417 -1.64937810115547
-0.378636113541098 -1.04570339349488
-1.59662398838035 -1.46591515963228
1.15756630292839 -1.0155736338347
-2.17923712946227 -0.973292509711204
-0.161316791005767 -0.0553764229622997
-1.07231891187294 -1.46791895539654
-0.617785987852652 -1.5716942646086
-0.470047268990971 -1.42825932972256
2.2178095939028 -1.36902426091912
-0.0966052946346591 -0.3091244355789
-1.31465472741323 -1.45423436665471
-0.85008198855564 -1.63415037738938
-1.53210897362085 -1.06372045815719
0.258302144290688 0.918097337968103
-0.256335107897438 -1.40889048879063
0.205228700519702 1.81219325986941
1.12115024546992 0.419255362125586
-2.46860713350023 -1.02546927573487
-0.313480202427793 -0.994504939093268
-1.90862999385651 -0.810000977266923
-0.192058102971491 0.0667746550992787
0.434196303783695 1.27521204605288
-0.73217321024676 -1.63924945818893
-0.864051816134882 -1.64558553416741
-2.42051715182399 -0.915959648871492
0.292455488751484 -0.123045569823547
-1.42038457092727 -1.80706743913332
1.12031530076591 -0.39916233855008
1.77486705051139 -1.240361019175
-0.360680715263927 -0.788735313136035
-0.378124007633831 -0.814432890087734
-1.03080074494638 -1.72202309518615
0.873894451055813 0.775099529219267
-0.930361368395163 -1.636172467228
-0.292039924664783 -0.927326898681175
-1.289281425476 -1.18377433082757
0.395734133788018 1.35581469603917
-0.08140645442709 -0.71769380930411
-2.0039478129626 -0.837294543532495
-1.62562756282487 -1.10390304405323
-0.392961551558915 -1.08334050330668
-0.17814559887639 0.0690802954107003
0.83193683595588 0.528136845813978
-1.522463532198 -1.17750277533809
-0.787438232908009 -1.6157852549953
-1.01203490930111 -1.64162109168987
-1.2204205849666 -1.41725708122676
-0.03869344161004 -0.0421517545746203
0.0625459498420928 -0.403766184092706
0.0044180165881997 -0.72449134446797
1.02657173682124 0.454490145813394
-1.03221083286691 -1.92224083641005
-0.384665110714602 -1.40140969887702
0.263972763010123 -0.858733647670402
0.292483891763248 0.63295446476708
-1.57157509481369 -1.4325515467997
-2.43680197218112 -1.40648789310908
0.593873335009441 0.477793452027298
1.21880896352609 0.36761010567409
0.0134729692515473 0.0948173650711301
0.333693594465304 0.750578401721587
-0.0479659427015913 -0.621746477422622
0.145600309597601 -0.275117770066007
0.0541615997398186 0.0328319515639697
-0.644349683111466 -1.53541501866378
0.472649384237857 1.2359882352737
1.6170311037199 -0.946468670256969
0.899747534283804 0.59338964635704
-1.60090979637034 -1.23440200499616
-0.356967611242103 -0.545968069386243
-0.115811044081344 -0.3898874992694
-1.51422567550594 -1.3041378432084
-1.29697264962032 -1.47847164339936
-1.7753632644366 -1.09462734421899
4.12944525219477 -1.33888835819996
0.598978117288132 1.12959972128827
1.33041973093413 -1.3637622489674
-0.935207255704617 -1.80594984742268
-0.133375279665086 0.516828381179774
2.28839656210066 -1.44670816885979
-1.46017325661061 -1.38876007650097
-0.950448787020464 -1.76374967932427
-0.740157368548371 -1.76964594300989
-0.0319715536681453 -0.00634983745854448
1.74838098868132 -1.21094885812443
0.477058894017417 0.0330724492979831
-0.167011990252801 -0.629289817181662
0.975772986953293 -0.292610216274055
1.04847879444818 0.000859722415709058
-0.417615157228796 -1.26075874389825
1.49873620233732 -0.897972617023476
-0.791966964052327 -1.71101034705726
-0.676605097543489 -1.43495733682739
-0.966684177071955 -1.80235515120412
-1.33658995566016 -1.41252203084293
1.75307462523884 -1.04860354685858
-1.70478263188956 -1.55669612641529
1.16394019538401 -0.20280625759694
0.310860502506625 0.76192070754711
-0.263944660406203 -0.464092847173019
0.197931867984331 0.554236969817602
-1.62571605474479 -0.998382926631897
-0.792068289644366 -1.62971099105256
-0.265222671251597 -0.605408736985462
1.56459473987287 -1.42306064380414
-2.29383668388711 -1.16152254275797
-1.02595828509508 -1.69463323874632
1.32639203284986 -0.949411757601608
1.81672476288414 -1.24524159590778
-2.64287686937174 -1.48784295664864
-0.347055526448994 -1.20360089719613
0.517696087493298 0.579461665535841
-1.35501619541398 -1.8792912704688
-0.212829134415773 -0.702150953954156
-1.46283679851093 -1.18798045340059
-0.15159852232962 -0.441501828050558
3.64943743024813 -0.724101824089759
-1.19980568619865 -1.69715182922948
0.176432852324104 0.112041160489589
-1.10739417240452 -1.69227391088976
0.540132967334008 0.418871627265412
-1.14558380750738 -1.63939935874836
-0.768583245474352 -1.5508368746146
-0.938548967413225 -1.78812845993221
-0.457816731850443 -1.38460071791525
0.442312056833824 0.0246028529943642
-0.815299894137017 -1.67783933719276
-1.56371779239634 -1.05689660104216
-1.57631783072412 -1.51441716560774
-1.25846535306523 -1.24747353313417
0.286251433848459 0.623560859403014
0.0543806043919761 1.19646729729039
-0.975039684393025 -1.68892166949156
-0.918517683126144 -1.6762561093407
1.58734175819057 -1.10391469691121
0.535345336474629 0.752762586752261
-1.52850907674295 -1.60703862934139
-0.830664732502174 -1.73110041996235
0.304800249314236 0.760224345939389
-0.954428783840214 -1.69653957147382
0.719002793311376 1.76051375297804
1.54531781558734 -0.885415106495625
0.407218561105954 1.08269498862116
0.202530774526014 -0.0957128735179215
-1.59783935313998 -1.23246365684665
-1.22325736167188 -1.56154673942413
1.3987108424392 -1.30979838409809
0.369143401487488 0.240107252330652
0.527340439345948 -0.359392216645243
-0.924792695886382 -1.69348551600196
-1.28723403235067 -1.48345352063255
-1.13511049522185 -1.63481064870206
0.934393831342985 0.291965940830222
0.527330190763823 0.242867999876162
1.31849327879424 -0.393290701814335
2.10636311099717 -1.11387377587764
0.0778508910112676 0.72648531310191
1.70751503897981 -1.14792253198055
-0.429787051693973 -1.12400074720782
0.613877242093664 0.805992296024439
-0.879084614941697 -1.72847764753241
0.118295681918068 0.467388324480994
1.69900986478058 -1.17838203608093
0.428370178253687 0.0673178913829649
0.525153430409727 0.94110698577866
1.20666043432873 -0.237715398406367
-0.137973854350233 -0.0785265896031735
0.871533948236752 1.03627168372379
0.615631301687953 -0.630047180974899
-0.389929777329022 -1.13189638564016
0.722000437037384 0.469881063272408
-1.42102956202218 -1.30908477807162
-2.5516810926813 -1.39098183823377
1.36625996391565 -0.768817126992308
0.645528600453419 0.951775843978319
-0.317715371198571 -0.464370011593766
-0.0714380979539614 0.512796209487327
0.154246541130251 -0.50479518654465
1.72246771480221 -1.14492675935822
-1.19162190779548 -1.51137782026637
-1.50085652081322 -1.33443258799811
-1.16593840270821 -1.60435894412229
1.21577470284814 -0.648627769827968
-1.01531387308297 -1.83013212998604
-0.745867925596706 -1.59812355298547
-0.0171342090068751 -0.294148479549922
2.20007889768235 -1.35606587701209
-0.909693986046729 -1.6102904961686
0.726268037334685 0.212257175226567
-2.83709575612164 -1.79624368424332
-0.655575948972289 -1.38837045174799
-2.12212273896268 -1.03688573634113
1.80348475061876 -1.43708450814669
-1.33604578745231 -1.47656918896347
0.0905484232941814 0.307318919399487
-0.370145392165593 -0.940770549011048
1.50353777565286 -1.13557428087768
-0.368470027401068 -1.21317031232446
0.991053279290441 0.0642891676334028
0.273903286356309 1.23100771495392
-2.2645287005402 -1.25973594197549
-1.64449551685363 -1.01030996561821
1.17732935948396 -1.13177641539554
0.524735169753456 0.276275225277492
1.5732782530376 -1.28129534739327
0.527853720572521 1.10754639039707
0.461200452952469 1.27208649524412
0.711811665477084 1.48273220633671
0.764247406861336 0.391337220581001
0.443881329259358 0.323773331597697
-0.157656621476101 -0.806490933955807
-1.8336560865656 -1.09177716431219
1.26473557292053 -0.474074238263947
-1.32835104391136 -1.49334072016355
1.1897223811807 0.124929607899592
0.617831734379185 0.949957373496339
-0.178489242450598 -0.195074998363842
0.707667390134878 0.67926246171273
-0.00185926103027511 -0.577969341825718
-3.258311963739 -2.02813138462674
0.980875085348134 0.16678754786722
-1.30332283434624 -1.5680342132235
-0.620298159878537 -1.55267364612708
-1.57231541980946 -1.18586488858914
-0.892315532113381 -1.7886357117654
-0.254552430799366 -0.666806528142045
0.312294365538042 0.970214628847171
0.0973884127960671 -0.238622641365404
1.65913823448532 -1.05005844085914
0.235705405571426 -1.28085416238474
-0.194002849428693 -0.0970182625612951
-0.340403941504973 -1.07245482428024
0.721676591135852 -0.347305827015471
1.70321923170927 -1.27372159585016
0.80276939689749 0.457174519208878
1.49685127943971 -0.959640829568212
-1.49621949657797 -1.13110176076968
0.801853761302364 -0.189790349251645
-1.92761841069592 -1.37734297382855
-0.441470277337577 -1.28141194566411
0.00193048165015063 -0.753199372542989
-0.0948878640720829 -0.628183636796916
-0.777728095148512 -1.60036539699807
1.49422503038119 -1.05502980538746
0.0109605570071137 -0.234537203936408
-0.234794411669369 -0.400883269089949
0.883560971833453 0.457766869517069
-0.823347661328236 -1.63204592792886
-0.328031094202368 -0.817062722903266
-1.58344071387391 -1.30339749565245
1.44122607421213 -0.759544043102012
0.366764183099573 0.59228993318542
-1.62770909420984 -1.19234568006698
-1.50937022070975 -1.25595288189732
-0.157109349417186 -0.976303436020126
0.334420263467683 0.505287495816149
-1.46851018950024 -1.3897843614172
0.758472329634841 1.27910671779909
0.9123416229667 0.105947410777369
-0.722986396545201 -1.67213995953922
-1.20962363609517 -1.5424293897953
-1.4819102636981 -1.31528219720135
0.978970638417463 -0.102626271293732
-0.738672900225723 -1.67078801497372
-0.763333529367852 -1.73176518218211
-0.217386124768911 -0.152747736160025
-1.02107065104977 -1.84210602131447
-1.64506471258486 -1.12214528812377
0.116859883960711 1.02100007487387
0.825329107421748 0.188044560462302
-1.02518070398625 -1.68868845143842
-0.724040070695206 -1.58470961544242
0.298736695312661 -0.343703464775521
2.2330743575548 -0.68928381519071
-0.527705167853597 -1.54886482222856
0.68080638757112 1.06561935360086
0.11114214217282 -0.247881766630661
-1.30102302278547 -1.28549314850591
-1.98340219618097 -0.990084828439385
1.51807282001724 -0.963855165419068
0.328533604820558 0.110213703412828
1.25156602426079 -0.0148819079973274
-0.311452662530799 -0.865648781796928
-0.306588341327781 -0.79984253348511
2.08204165752893 -1.29910894271496
1.77087415449567 -1.12006026606132
-0.552797606928121 -1.34236529809991
-0.282668672829453 -0.887560067825109
1.60976863666357 -1.15189078240072
0.92545368209559 -0.0463068931785275
-1.43916895373795 -1.40665573203457
-0.0132489188760824 0.123106133029437
-1.36793424535019 -1.46908397155625
-2.72891498828564 -1.75834791802171
0.19595607527058 1.48083080222697
1.15426138047155 -0.65499360425557
0.776211634124502 0.107287660069036
-0.18092163346756 -0.958608028476531
-1.06367778338874 -1.57693499498844
0.781411988094256 0.469575959218397
0.623146197384544 -0.454575403107531
-0.946571533920203 -1.83635063828683
-3.88545268678384 -1.9172655435319
-0.554216392080309 -1.53440069665857
1.12397883975308 -0.0862095927365064
-0.973553369260124 -1.77221364648625
0.0583435695762581 0.103112022087271
0.683732524309882 0.635930697216796
0.553065687410973 0.934416659043713
-0.147737058480487 -0.658689978571499
-0.399148509010902 -1.29821314060617
-1.29976676298127 -1.37909940849683
0.953501665244677 0.711195926201536
-0.867849630752643 -1.77315441465538
-1.35865707153411 -1.53842168089123
-2.45589693344081 -1.10999356532593
-0.281665212003904 -0.789392662764232
-0.0861447584038129 -0.0760610364542681
-1.71153727753342 -0.56426947400551
-0.313907652248959 -1.07144009209711
-1.23325971348609 -1.53625477562518
-2.58644622826793 -1.41647379596105
-1.8710919569885 -1.20890476754198
0.00149780205801089 -0.527214711287497
0.48243274513751 0.674919191413449
-1.18350544758861 -1.54217471930561
1.36833754098 -0.371794933162839
-0.0163085814918747 -0.222249005286678
0.179953964551703 0.111029403438436
-0.512817048499314 -1.42805902504786
-1.20237161686402 -1.56795077022849
0.527021620236921 0.670931510138399
-3.1279138095568 -1.99959527359657
2.28030335980765 -0.965983655829329
-2.45485461126547 -1.30562008921097
-0.0207012570451278 0.450659673161373
1.84638177424463 -1.29780953186958
-1.60246821266454 -1.45328857608702
0.452954544299148 0.179008253648188
0.673779371787076 0.861186932541682
0.574491239612295 -0.214721837788582
-0.821879335886617 -1.68739745656463
2.4286157346623 -0.58040848883792
1.78202299105914 -1.11575696197971
-0.701549916895813 -1.64076437460649
1.81603066681146 -1.15205023200361
2.06617580142475 -1.15273846186551
-2.14271218143354 -0.62146674540538
-1.95075356187071 -0.975376696815566
-0.390419983952173 -0.824623577493968
-0.451175276106925 -0.953467406297969
1.14908139663229 -0.0763187319568747
0.176980407195085 0.401114092561241
0.535791827875837 0.565710546296638
-1.64731198918861 -1.20175385438607
1.02392656302818 0.811449724928789
0.338821278707471 0.812257232466818
1.37641596487928 -1.0112211192188
0.791969782745821 0.329208633398471
1.24313700665498 -0.819554726257473
-1.25515146963824 -1.57618979982876
0.382434087526919 -0.0504318228080786
-1.98481078937105 -1.25580415671013
-0.572408039240815 -1.33451069397038
-0.622488184583394 -1.48889049090172
0.0150071630584615 -0.135397875784271
-0.808282427900876 -1.74073425715856
-1.01995613352222 -1.69334038845163
1.13807723028081 0.392479125369364
1.58186671838722 -0.977815746104277
2.36668466284907 -0.700294982889831
-0.756474001561247 -1.87242668434554
0.312037266446281 0.74132745277608
-0.759202114603556 -1.77970687008709
-0.105747050696889 0.0546491483148981
0.736303711903375 0.549089290826609
1.31152313089601 -1.07018200567586
-0.394936407086412 -0.952495032708814
0.0196643926975297 0.150200013413526
-2.15250696849094 -0.684660538293032
-1.34858298921216 -1.3345360163552
3.05085051256304 -1.04906754409435
1.51657287757622 -1.32756570327659
-1.39642569444987 -1.35354937322429
-2.24322588065297 -1.33466878611065
1.76427818316409 -1.5210199238733
1.59957685357367 -1.29237456929429
-0.602945159359392 -1.48626654073348
-0.00810331684620222 0.684918371907917
-1.95691554981402 -0.738156225372108
1.79021015126985 -0.967160393191033
-0.345839365716842 -0.805461997622499
0.97569818882202 0.678824961493171
0.169566744829344 -0.167646459427921
1.14837005718091 -0.276429432846799
0.165475918488294 0.263994312382192
0.535008397032538 -0.410263579633077
-0.057896960449134 0.0186971903504862
1.06404389902983 -0.466026206610835
-0.0127022116890664 -0.188225215261248
-0.351989820255324 -0.800860635992422
0.621346077088592 -0.163261132261645
-0.305902294466797 -0.959052788224075
1.89923173685324 -1.25948302666163
-0.188967983487657 -0.764812600105411
-0.539401594838107 -1.32250169292505
-0.174319296483685 -0.380490269192618
-0.0195833026234976 -0.85400503759465
1.74026160837097 -1.19479638741947
-1.01194889086504 -1.57925635529525
-2.16964902570364 -0.715411166232583
0.161458621935581 -0.600325579473945
-0.672983039110532 -1.8000416960153
1.38280214817094 -1.00614272004128
-1.43220447582746 -1.50978738317902
-1.00454713503549 -1.74500965309207
3.87083957391453 -0.763754788271839
-0.586699926991132 -1.54466482006563
-0.989969162214095 -1.55034301665743
-0.0572070061671748 -0.0659104528598323
1.14214222278783 -0.309891020358338
0.893125451821322 1.23169376168917
1.54315578992674 -1.31181717921468
-0.741469280023338 -1.5801397390456
-1.9406834714242 -1.36596927844187
1.173826720292 -0.937996309244039
-0.802480675564249 -1.89601796647088
0.492437464776675 0.00808612839553668
-0.745023587640517 -1.5589990622751
-0.382003365540812 -1.49213493737762
1.79176600414015 -1.47588481226577
0.771394562196429 0.997513653085488
-1.05781573278151 -1.69716872279543
1.13927143414176 -0.525557734608237
-0.932753935349493 -1.72233217254781
-0.440356263567228 -1.19559063507095
0.35014197873347 -0.0374181785191877
-1.44704435564081 -1.3427782713931
-1.52937611810288 -1.14427844465718
-0.724438915327634 -1.62207337317906
-2.12133178618661 -0.949327897401532
0.138594893847693 0.314184511965865
0.462320452169832 1.10949267052152
-0.312798821590841 -0.419724825041412
-1.22929248889919 -1.62645364573756
-0.31779583852477 -0.935247370180837
-1.77371791409578 -0.89808969679649
0.182891203770829 -0.508543188943506
-1.7340712578601 -1.27203596785327
0.936145204128021 0.100156279511133
-0.565069659049422 -1.33836250517867
1.59721210569097 -1.14093743313655
-0.654567900196146 -1.45026496120296
-1.03737487927562 -1.65280189239329
-0.091737048907348 -0.603658144488676
1.28577823994859 -0.674773523842399
-0.197568054747608 -0.454095516974083
-2.32465012909308 -1.48673611563178
0.149683135197238 1.04340833395843
-1.45837356368271 -1.32970407755063
-1.35495857610066 -1.5930959763825
-0.929998666766899 -1.52161956720866
0.606656243032157 0.52483170780414
-0.969333103761765 -1.82926459535508
