1.52266785415124 1.69373779595522
1.13468157244453 2.14645525406446
-1.91772732785965 -0.211138228699442
0.982105825661374 2.01475941817785
-1.62234212285934 -0.477650486378279
0.219365840441632 1.63849900325741
1.38880131411711 1.98814011378906
0.335913978732135 0.518602074937984
1.69751953695515 1.27676396043345
-0.78792292809452 -0.511647979546531
1.46240560002688 1.05888842530253
0.0151089918825266 1.17528488493989
-0.479922708369882 0.134175142222451
-0.648464326998288 -0.355724590971815
1.50573335616162 1.05648667457604
-0.342252623118362 0.606655798565639
1.01272660926071 3.05970762617609
1.45620080664674 1.15655409837394
-0.993016670184795 -0.535721017006974
-1.81344354898392 -0.504742173174776
-0.0329704477524286 0.0877830792150461
0.51547027722254 1.0116288219445
0.662840092156293 1.81875785327972
0.837466296733555 2.70229419691454
-0.0955050302696271 0.898907298387979
1.66802671437811 1.08989174074271
0.811500216662327 3.28207712319663
-0.659688097972303 -0.410620246013055
-0.183255789350464 0.726241118398028
0.0965362703611271 1.77515594965449
0.387934210893381 1.33153677139286
1.19727948987198 1.218787618895
2.16367178589644 0.748502419817931
-0.0519833572712824 0.995874234220106
-0.205219936439095 0.407086351746022
0.467919070772111 1.25525029228781
1.27352671943176 1.60297570599192
-0.818199097051517 -0.325891477073633
1.36624035728346 1.61060108728997
0.831640270447182 1.21169923886508
0.423277650817332 1.80199869872353
0.341356005924609 2.24597777106118
0.473822929738234 2.32554105736703
-0.253391931343216 0.984363514647714
-0.641447296282354 -0.188057497147326
-0.0984796258433021 0.769281276131475
-0.230210923529247 0.0375072427340765
-0.268336328007978 0.194374626140135
0.765560378868222 1.4588913896855
-0.783099673764278 -0.50866828479315
-1.28432121559627 -0.593140938607141
-1.37484778647153 -0.614961367334085
-1.41127317168118 -0.521544709992257
-1.33272317476839 -0.558488223919234
-0.483388053597237 0.0438097575474647
-0.591655533209039 -0.301354156672628
1.21106714022202 1.8757886736698
-0.0434686891308692 1.59663151459226
0.456251079843497 1.5087204366337
-1.77757577667448 -0.372456161976713
0.878805513544918 1.82094134210414
0.0243269012442742 1.12480339858497
-1.43615294583801 -0.53664589118474
-0.373062547675806 0.940562797730158
0.328538491622081 1.40063844006367
-0.35230696658358 0.537732892658608
-1.35006482404982 -0.648121700721128
-1.01505303982492 -0.629194731219546
0.234515579661206 0.87173455087254
-0.366762838716625 0.533383548360396
0.43402120434376 2.05862562840777
2.75122511019935 -0.384826595945981
3.84935606503781 -0.623047497102978
0.0430450463932791 2.71050908970696
-1.15383916144279 -0.645276138150865
2.09896067279397 1.07662919655704
1.22423560071011 1.87367679055283
-0.101169015978055 1.03651845346677
1.08719591268634 1.86649718497774
-0.757304868982323 -0.420874759892811
0.212009369838411 0.693049413421215
-0.520951976071073 0.26774879949665
-0.254641414009471 0.312717537732788
-2.18762399974913 0.0926690904714456
-1.43826423848209 -0.633247060930235
2.39667883532088 0.220441982551488
0.238269781802066 2.56694106408021
0.645639908037861 1.99270487470998
1.59986200086284 1.18472439795839
1.1178604175889 2.69862688740259
-1.77833388853651 -0.407950934056005
2.65943054388395 -0.193943903579259
0.66282867353845 0.590561354781234
2.26661248822089 0.300488291628683
-0.708557790325344 -0.151814040452111
-0.559012361255067 0.136661133757242
0.804598988589758 2.48875253838813
-0.401488919996669 0.106219661089384
0.184845860804584 2.21539223674886
0.028355472374136 1.21409477091206
0.47677120191003 2.55750780749447
-0.0417605913065079 0.970519809661133
-2.52111520732503 -0.263115809242552
-0.939225936911083 -0.584312800506304
1.91289133335172 1.10016280645245
-1.56279142150134 -0.547960970290727
0.362559488372423 0.563544365341545
-0.250224082403906 0.926768736241632
2.20865292751515 0.333655465187008
-1.00149048479474 -0.593917721224903
1.13405077055465 1.13977062314445
-2.51480364211058 0.0284320983377908
-0.183090439087594 0.375737942015518
-1.6438715367899 -0.300907938530097
-0.871441428325505 -0.492099237928884
0.59235390740612 2.07415017285464
-1.9019040247166 -0.242640808995069
-0.0259443800801023 0.890225466514621
-0.988257702788477 -0.609328679031503
-0.619367639352435 -0.142890535666158
-0.349900164143795 0.120475648687208
-1.11307265877903 -0.684698219803492
-1.62006454429581 -0.41171518629342
-1.27949143849703 -0.58749777296968
2.12925265770948 0.491368631327735
0.940124840948619 2.37015981802118
0.607850959127988 2.0032103123501
2.29321457185458 0.164229140595793
1.40688882251493 1.69033925048505
1.3034377234211 1.52608659526862
1.07573284394996 2.17999802015217
-2.35275114818389 -0.17661682259136
-0.630947308892954 -0.189893038760293
1.61724056472512 0.706864298374296
0.344694786915441 1.24552297735548
0.330973528049554 1.62592192058536
3.53079381408475 -0.76650135575678
1.27589873809548 0.601937892262813
1.85384197990328 1.2669160262083
-1.90712176807352 0.0266051107605303
-1.32079757425228 -0.627159383172185
-0.786828863017549 -0.609851591261292
-2.41692440206569 -0.158516682979472
0.235134128655965 2.013844682361
-0.750858572300016 -0.271503626585969
-0.181581152704304 -0.174034501059954
0.993499769144015 1.38925968522419
1.05446925330516 2.06403427552091
-0.672229792088936 0.0542218796789965
0.0161447051127899 1.88079478326964
0.88181351358291 1.6789013234042
-0.251440715864528 0.157164961743836
0.667516854314757 1.37795898284621
-1.23487018877833 -0.655894110350052
-1.64103820948621 -0.52565081954929
-0.498880736472393 -0.382902229899235
0.270565715698366 2.2643860157836
0.792046600192611 1.4647658854551
1.67417300698427 1.40994924623837
0.437011481609916 2.46601877041117
0.113243153542197 1.74326436077557
-1.75167866564499 -0.187067186498989
-0.503022994626395 -0.245679402291786
0.61433997908151 1.93352812191284
-0.556516093273609 -0.166651115251734
-0.180065062305271 0.86845189823127
-0.196170577578488 0.749101496848458
-2.64354668483792 0.111347448092719
-0.870570446091415 -0.454791821224992
0.0389413455719549 -0.156886710092167
0.320002519422747 1.77424460118623
-0.442716310837345 0.0948178880623535
1.00649914310497 1.26274222807285
-0.706197099451786 -0.21957181808022
0.636621737606896 2.18829569254862
1.28318133322 2.35250383807429
0.174910731973639 1.09420806174284
1.87561406264502 0.804210665961158
-0.419448365538285 0.178358407764198
0.430350154040933 1.68602479791987
-0.00884981016503571 1.00143815586915
0.0446207840757781 0.804963526195112
-0.712223052045145 -0.134851793618398
0.688785138145322 2.14530128039847
1.94052088821231 0.272971135084107
-0.152260976332028 0.150796908964037
-1.58545928701608 -0.447267204966571
3.71430103597093 -0.716544444259034
-0.295405965744588 0.789129584018152
1.17709097661013 1.35743387033784
-0.894547312274617 -0.542133640415468
-0.753482817348835 -0.398014504117706
1.91795106965248 -0.159156492009413
2.24309929989781 0.951835657362744
1.44745060043731 1.4330348821256
-0.00958678372312828 0.68582789995975
1.08676310940018 2.40896285280472
-0.35468769461621 0.34457759822459
0.375385509786797 1.67436402814853
-0.0927004977855435 1.17730450633848
0.103292336035058 1.97142853498073
2.31093374414551 0.298704655270457
-0.535519525228081 0.309657047184269
-2.76636239145251 0.284360832477345
-1.60183940028124 -0.39311388165769
-1.047671944631 -0.608832835063336
1.54104375350293 1.09383395902519
0.317184676164077 1.78270823476482
1.38145669995139 2.40587360969534
-0.000537266443600789 1.40547969690742
0.989464755240289 1.07584176014213
-0.179792739660892 1.03731524152306
-2.03006406552507 -0.231239059667203
0.295803375571792 0.630070322292699
-0.337081752961698 0.444657126194995
-0.628044681913731 -0.281794912174735
0.66246376232973 1.98036380871284
1.22659684904644 1.77166897929711
1.90220359350495 1.15913950088539
0.13940226123848 0.962259901550855
-0.400972480573663 0.629852656208136
-0.640560369919932 -0.244392906637482
-1.5543761748908 -0.508713409633248
2.25363325519017 0.044579817286669
0.682595975869151 2.10099690162264
-0.0325444931234903 1.53155685616029
-2.13202283858848 -0.199284797867276
0.374572489138574 1.23559653865695
2.02955331234057 0.210136213742886
0.571403034950712 1.63032599732466
-0.623951331196271 -0.275408582207576
0.400183523015539 0.462244289165615
-0.844239240588683 -0.41512679981932
1.58123845603502 0.871855053902962
1.51294960928499 1.67670362281967
2.75543029005768 -0.387368996322745
-0.627218603105266 -0.181261136514622
-1.62709663287621 -0.388683389709102
0.322540434488508 3.29080995304908
-0.651180676883903 -0.301987076904419
-1.36475447153196 -0.600481625377314
0.30504052188819 2.18357521974592
0.006111083174811 0.926189357182674
-0.214155733359989 0.360620673572183
-1.02742534008631 -0.650950935210827
-2.24809857908242 -0.109835062642232
-0.316964315513627 -0.413301151361722
-0.594785204749692 -0.259721647530742
-0.186731872327704 0.852655833762225
-1.52357900795039 -0.590624896090528
0.286205441106347 2.0202017235272
0.0573924803986563 1.6538814699615
-0.735748530623298 -0.272516972824253
0.0790494872497469 0.736847922949772
2.37691325698375 0.0457926333736018
-1.31134806223108 -0.698793312730577
1.97699629238292 0.880537542791959
2.94603504412148 -0.545805219331982
-0.216426554068698 0.821511384783828
-1.6233318827398 -0.470763713881415
0.0905089600904625 1.01707455394935
-0.788164513676847 -0.379559184805169
0.98482927223664 1.84265965497841
0.130263426859583 1.57190045842573
-0.860028206450828 -0.601563450459495
-1.65197850957273 -0.460300471206692
0.316558098471569 2.19566381734053
0.316476902832066 2.76309426130094
-2.33022218934717 -0.269013423667799
1.52356499000233 0.770092866348303
0.323418613382754 1.59332036733486
1.67024936489036 0.898736385827928
2.31043214829456 0.58605884981158
1.05860555785894 1.76320046155258
-0.179576392054488 0.661607614049102
-0.581376143343306 0.108002921947886
-0.0336127046166015 0.79079822683604
0.516286623299012 1.32548451305961
1.34843236830111 0.774647031421299
0.201719943969387 2.47610972171993
0.817674054286285 2.11532815226915
0.901784029425204 2.3359493892623
-0.740033845207451 -0.2515524999853
-0.672255785495481 -0.343409724933147
0.286539670065699 1.36107503766946
-0.295204742689537 0.435054903198649
0.198395392468363 0.569451852919893
-0.0766442094623488 1.49614074496955
0.130857426072553 1.92678204443757
-0.501795652769506 0.386776142675365
1.62995576096497 0.973125472490153
1.66499669507728 1.06299208478787
1.7469441628086 1.42706285104011
-1.72371259717672 -0.592063330104525
0.702355646177693 1.90480548489737
-1.20211607634615 -0.626650584291416
1.48093428240341 0.56090377676392
-0.910192274477039 -0.412727926085053
2.08668396800753 0.276015618518051
0.49007808852432 0.586294662004184
0.991600172555007 2.19265498987253
0.5467576591793 0.780235529974346
-2.27787554655551 0.0639955908239253
1.28652640017284 1.07235298814095
0.63531368857078 2.57443559114232
-0.289219070514831 -0.333481336141566
0.246331935680982 1.73878995385644
1.33248603469378 0.831725075507621
0.968563193994317 1.3943104596563
-1.07139016890504 -0.615825713425771
-0.899023158232948 -0.527127917958847
0.890955493082373 1.49012358270594
-0.780760859380652 -0.384417252040419
-1.99544038915412 -0.028537436348251
-1.14026316642183 -0.642886401752862
0.0166417887405044 1.49274529572648
2.14960232523447 0.515447980021947
1.93960979941966 1.15035926215781
-0.920548812348761 -0.546025277621127
1.05170160796723 2.85554266148574
1.86939003060951 0.331834060228993
1.24642764048795 0.595370699840053
1.71247467236274 1.79360292100561
1.03635501294876 2.58636743503488
-0.674800010909792 -0.215657898762267
-1.2917952077534 -0.576331713639715
2.36396338790696 0.122334984565484
0.556101393002283 2.54446684362646
2.99389921224306 -0.600591776380067
-0.163057928641275 1.28329169633436
-0.0602813571667299 1.16598364845994
-0.146280830492675 0.660011741081247
0.916252880089657 0.589273637854302
0.643952614294839 1.85002511313442
0.8166725782835 2.10287146479306
-0.308895486339933 0.380059611604452
-0.423286503123124 0.119182339040987
0.700890502133918 2.11982412160774
-1.06603446492231 -0.64433420441657
1.80237384804347 0.854217584390905
2.63628236034252 -0.145791927590656
2.07090350491726 0.886105475931077
-1.20777969615155 -0.636198677063812
-3.63000631556417 1.18692491489872
1.26109128317384 2.43454175054681
0.617116967612039 1.86255354525639
2.71679322208625 -0.336190812993449
-1.02618174765437 -0.707021227954899
-0.389718880600213 0.427188925286581
-1.88568270908533 -0.1413515728045
1.98857965590327 0.620942311746922
0.658647733463442 1.37489700636562
-0.291772051224263 0.377415997041213
-0.886880462494757 -0.523223679040965
-2.41764624503734 -0.0666701545125347
0.605291356809626 1.93035621704281
-0.23720149731108 -0.0246393819186286
0.101850096089075 1.35958384666866
0.0448293328385098 1.09906520621545
1.03474278876092 2.40335075381789
-0.638846305449239 -0.265237411582758
-0.364887599418158 0.356920076131109
-0.245762003186993 1.58808961092555
0.20208932058588 1.81422393607111
0.52569984622291 1.27927073809715
0.98889712629466 1.40202353131126
-2.8525605539402 0.280668862479497
1.13783212297486 2.22834410790355
-0.521106333180137 0.294514063619097
0.882185516576679 1.96350468564534
-0.516924354922467 0.0221140195728016
-1.22916362723221 -0.625148593194021
-0.891474281515935 -0.520904704126799
0.16649711406818 1.45411223947912
0.0599950042912501 1.01670622471241
0.838185954834386 2.53423185530576
-1.26998544747535 -0.655024501588022
0.0292753641204185 0.845670657370474
-1.82383241186563 -0.479021217034215
0.991819626759831 1.75246684812878
-1.23285405138179 -0.651603019314558
0.194997150364731 1.71751543692932
-0.848405444036304 -0.480585576387238
-0.260256071474926 0.774361471089555
0.465293193532622 1.91875456206501
0.259978437087331 1.18333807961306
-0.775157647013872 -0.380155907741955
1.25639873022629 1.84190138175728
2.66428576787207 -0.0667850730285009
-2.14728969337314 -0.0512821101826755
-2.26902174415787 -0.22487905864462
-1.3922513403222 -0.608096307500143
-0.518404646346724 -0.0169283273965503
-1.37451629613322 -0.625735958411139
-0.33619886674023 0.727537872962298
-1.53010992983286 -0.521731432298106
-0.898744528072416 -0.515935712289577
-0.0336299660924299 0.857931549243132
1.57710990019024 1.28735852935949
-0.303003356474836 0.20502742177805
0.276677766845967 1.68493639188209
-0.352210840697121 0.560266110573166
-0.801350312508202 -0.568569671667533
0.658578694914919 1.10604172152138
-1.97976878992188 0.0303785850964383
-0.413751059434309 -0.0400679581881827
-1.13045645138235 -0.697239077458166
0.795892436763293 2.21762223092314
-1.3343353590311 -0.583680044273478
0.242228813165406 1.76970935813261
-1.31842538995053 -0.655565937758279
-2.65298671720809 0.312407844513464
-1.37540547729466 -0.575438720250077
1.0193849194773 1.88041719731044
-0.868448624803887 -0.491821997232214
-0.497971429402508 -0.554965320080681
1.07096584334781 2.20210852961073
-1.00524821860907 -0.647993343298575
1.03080255282947 0.834867719789879
-0.275757700384506 1.20200437345909
-0.92611284129794 -0.641083748080759
-1.70731624174975 -0.396605270260568
0.602893857049258 1.02837913787014
2.14616763767901 0.431548686602177
-0.859940842656534 -0.55798270228016
-1.65787918618058 -0.494848895490787
1.7005098865056 1.80840951265745
-1.13060305532188 -0.663300759322272
-0.609299432681731 0.0620735699674366
-0.912972050562044 -0.626498895028208
0.0750082125281301 1.92255913793114
0.65798228437038 1.57644654171964
-0.778339658869002 -0.346144932315427
1.89446212832048 1.60276684643494
-0.110799023978023 0.919817649812058
0.603122483082757 0.705023154526314
-1.00202321068345 -0.632410939805666
-0.24428446574034 0.89305424207656
0.790294016594096 2.30026595163488
-1.13902449655163 -0.642794346023648
2.41287761228416 -0.0278693036544705
-0.477354984711899 -0.120074730433562
-0.518424154873226 0.21549582737545
1.21438221884943 1.76744585179441
0.496824625327123 2.51276079445778
-0.915751560653406 -0.57019680440785
1.86110477950788 1.35504691301304
0.57200193963223 2.66727227688185
0.461298988269912 2.58632271958714
0.744520837163002 2.56673151526368
0.93105892837711 1.20365286761339
0.631583171815548 2.83393089768376
0.0492179762106132 1.43054542432975
-2.69420064789442 0.140867334638275
-0.681054959012598 -0.242029961066879
-0.890970162544633 -0.71543127834034
0.796632160028653 1.36950678239799
0.609231735705192 1.63761561711617
-0.344589780325647 0.338664311384493
0.179235432752663 1.01702348643695
3.36744159536698 -0.763076673762428
0.561060568300439 2.29111214010105
0.655263271723097 2.83372654495573
-0.401910426129105 0.328252443656383
0.0149812455062479 1.00234214548745
1.61884992999319 1.46077415319986
-1.48087195673735 -0.523268874991079
0.415179904829452 1.27165791488142
-3.31577818518806 0.17146127407755
-0.0878752452067011 0.451776346128856
-2.09198588486375 -0.14965020942947
-2.44594113534054 0.129297066036648
0.233193666944178 1.85687537018085
0.701654365078375 2.19553053964641
-1.18665584868549 -0.657811049843712
-3.62477541436212 1.60098029114177
-1.204082748747 -0.673379813182471
1.05185281346359 1.96326792281968
0.973095116425014 0.84628614897796
-1.94803139360541 -0.329939458152238
-0.68588957371207 -0.192133352334218
1.67529708216199 1.38963281183673
-2.90855900308139 0.261352545724406
-0.451762881747959 0.312840223348348
1.22151357542019 1.34412003643404
-0.841256298654572 -0.53804877635458
0.665106524247218 1.81356850407796
-0.54973207342843 -0.0185304937626251
1.56781711564405 1.33967518944344
-0.67021162085898 -0.398916859941665
0.652784723231383 2.11167942929895
0.311718749679613 1.81780995034975
-1.26340073774286 -0.645150586884279
0.49873026501598 1.58101129527702
-2.93254079387564 0.179689878573041
1.08523261818273 0.434678681614567
0.930354833739028 2.48265142554305
1.05409280747561 2.54975188847635
-2.62234255077163 0.216908168190359
0.476759189266297 1.15901427031519
-0.644660794167258 -0.186594244985466
1.22557954389908 1.29678952277909
-0.766594502288447 -0.374212526183745
-0.92354608721539 -0.665447451536445
-0.4471777206952 -0.359968300929014
-1.29306733530284 -0.607548785879874
1.24384438317466 1.75100168736131
-1.61231075522072 -0.616416672094714
1.0740750423036 1.4760352240227
-0.267539260692258 0.533221121762573
-1.31114288486016 -0.620741389386636
0.110364189515414 2.38729165441888
-1.98327090657598 -0.191093882426943
0.730854084048162 1.73131892779926
0.699323632281367 1.28411649674836
-1.27878255500558 -0.652857905481045
-0.622711820221426 -0.145710119804794
0.0784267078617776 2.01950185251751
-0.728527395216485 -0.147010193617256
0.649574862323466 2.26424881369985
-1.3425825822395 -0.623320908874809
0.185151151223189 1.97883422521336
-1.4730609018747 -0.590341565222137
-0.499346960195024 -0.0435140391204449
1.33359076890056 1.55174719894226
-3.20824732887406 0.249488668229995
-0.662760639404666 -0.30204941143692
-1.1763029876989 -0.684805481080968
0.503850450925713 1.41419248381907
-0.163635527649303 0.0757151196008669
-0.85517735977582 -0.481192259377014
0.82061076852545 1.4779960316744
-0.824739888596874 -0.392224470520599
0.344830005708988 1.70097947153921
0.745881741774468 2.02615882665054
2.09521459842707 -0.492238534993039
-0.396518441582373 0.465106812185467
-0.450007884476579 0.0831440175933272
-0.594071047772716 -0.0847254048509951
1.09323987266999 0.7510255728768
-0.255243922664313 0.786518219831528
-0.0532574737965918 1.16217159507607
0.487978164694905 2.24345339614896
0.113123793695287 1.37591822358537
-0.56931128243304 -0.137728414931206
-0.131068694413028 1.27724179792414
0.440426517581292 1.78101019247042
-0.901375639858776 -0.598879388502654
-1.02694673407389 -0.61330645761393
-0.291277294575205 1.05872420566353
-0.68688374843232 -0.373898073201252
-1.46005564830854 -0.558030226296894
0.125012467643255 0.293567292755049
-2.29557283219117 -0.315117831423743
0.853247635304701 1.49561794352615
2.35131796551032 0.352634700094928
0.358787209414233 0.453395197870404
-1.71842862576064 -0.375368056901266
0.415557359191249 0.512371634895642
-0.0400565326450322 0.868532312057164
0.865157939225407 2.04546502068939
-0.0341683317470543 1.26842779351949
-0.391673856316234 0.465076172323292
-0.523986530147852 -0.0634920871874354
-0.321682968670828 0.185812573842465
2.11065497533198 -0.0926147586016389
0.289938190535077 0.872882249302204
0.59862328479072 3.02050661612676
0.195329635932666 1.39667666375452
0.77523916800375 1.65048353524916
0.00700610313332922 1.42157578445814
2.04791860507033 1.02957929525093
1.29833555510187 1.89354632408796
-0.142021313836034 1.73038139219853
0.298687825674447 1.59874831262032
2.03055657699166 0.286963684290137
0.774359764017044 2.22782370805239
-1.20285014357422 -0.641604886903351
-0.305644545214713 0.573216388985547
0.545316225260971 1.875749224886
0.223206564961149 0.963869390199315
-1.59565574975562 -0.577351525010946
0.221480619230937 1.05935190682579
-0.264432639711516 -0.0127770600043395
-0.0311885966267292 1.34343746569792
-0.290713088150619 0.215036243648149
0.659739972610423 1.81977270650455
-0.278472672935241 0.516192428648769
-1.50648181878494 -0.520571946349534
0.285560492928597 2.39002365706476
-2.57506367753879 0.0581212855437063
1.04457433033459 1.28413405243841
0.213096020007778 1.97413982317655
-2.83016858544804 0.432892916200333
0.0184091678439874 1.17638651928696
2.30178510995426 0.229299563202503
0.990415201533252 2.20999300825863
1.17791201792401 1.68593461783093
-1.20883730967845 -0.693070367416006
-0.184063114563373 0.41002877019967
0.122469628218614 0.925086885988183
-2.14904734986209 0.0034008590411933
-0.522605203687215 0.00698009629538018
1.13975960193627 0.857014576559298
0.476479981181217 1.11423537990783
0.519705192267572 1.38189987323605
-0.528759571007973 0.0744951099382115
-1.02954542989254 -0.60452455923775
0.594972807367522 1.78192132139214
-0.547030534333711 -0.103942187672718
1.1974403954736 2.74182323020214
-0.706776380420702 -0.16616604657769
0.0561104010740046 1.59182642160677
0.479754626051927 0.626987420616945
-0.104992719463105 1.3914736802622
-1.69511490395718 -0.423628565640461
1.26744019538022 1.66725219857745
-0.810452336356407 -0.366617835756707
-0.10121639469075 0.7120619261527
1.72940510967485 0.793472437532858
0.992304724159627 1.3353016132394
2.06498345614814 0.774803488310162
-1.32668707837427 -0.685918070735988
0.685379296748643 1.41122847887427
1.44713888229745 2.49682758129731
1.30966946665692 1.52015325160978
2.04180692963416 0.238883183012857
0.47932738770241 1.94388542101325
1.1781832062831 1.74500446419577
1.12510745709525 2.17111218730303
3.80002907741931 -0.712349579112684
0.735665272759687 2.01294299063603
-0.82414063358924 -0.41575402873304
0.937155247339523 2.86385207800351
-1.64423898071182 -0.492600910717209
-0.824091817661869 -0.566610663876526
0.53175526693341 1.02268882770104
-1.01773564237901 -0.598273138091107
0.505529592347598 2.21889783943708
0.0362838099032212 0.709577827756256
0.480313295273079 1.37617475809958
-1.22775182249716 -0.708549854828787
-1.74541403814688 -0.464205232463946
0.474832797244122 2.0451655892504
1.35079471169215 0.398099083533496
-0.542883594351397 -0.606156422281642
-0.916220869129048 -0.598458948993234
1.02924979102479 2.17638227555915
0.0135125496574986 1.64513682512994
0.164696625888702 2.41673112272602
0.0735945658162108 1.18234435290201
-0.902509644629871 -0.539027165803521
0.49558645937392 2.41461195630681
2.85521955298456 -0.425131301554564
0.812062394949974 1.57026408251064
-1.84471629114302 -0.554662807188496
-0.0371548936975253 0.887018455215407
-0.765458928881264 -0.359441873461408
0.770852617087145 1.47711197590031
0.272867226163753 1.87711234028921
-2.86266243713802 -0.0575495237652944
0.459449829727388 2.01493808067178
2.08347382589314 0.706357657490014
0.652444024093472 1.45280936150592
0.967832319423677 0.976396287955797
-2.54875521076869 -0.20484903434581
-1.55182602540593 -0.523618018283341
1.53093741712384 0.922300379463162
1.24042479446817 3.09159686451419
-1.13977107634649 -0.624973328543823
-2.30548596379097 -0.0057748782541171
-0.232269108976002 0.436608678679811
-1.01975089704029 -0.629054088101889
-1.83880117888155 -0.226587152141626
1.74497699809511 1.15532471249152
0.665969589136904 2.76368791076256
-0.282675032481412 0.262803743624593
0.81771110047452 1.57280680034809
-1.10484017165065 -0.588004953869714
-0.501942315133974 -0.210666259140374
-0.135784583606926 0.834062797425282
0.250180998586646 0.939736086769078
-2.32896651675922 -0.0650544824566511
0.974698812381277 0.861445252557474
2.12800081671085 0.623489460093947
2.63915974568403 -0.254549879092819
-0.544816673976516 -0.149743049832982
0.403021627966793 1.86845705623438
1.32703235455115 1.41198139400303
1.04185002859974 2.395689519723
1.5072998624739 1.0606111318055
0.312452644134229 1.5040381377276
1.69176806686163 0.613398022514465
-0.273092509773065 0.609370401592551
0.444426783517777 1.15271999225437
2.05029419832367 0.200486670338178
-1.82438874093636 -0.302325655371505
-2.03463654837052 -0.247062432955384
-0.113830134170112 0.561443582753541
-1.52135790897146 -0.606727868258591
-0.856431849987327 -0.460206685016943
-2.56532958263107 0.123159727396239
0.513866748451445 2.56304843337279
0.64557514037694 2.49807094836409
1.17424593677174 1.99624778382925
0.82332566985184 1.49283547525033
-1.11408247390645 -0.686054184987095
-0.241627455727935 0.705161168820403
-0.0216379405582183 0.939914906791564
1.02205637602753 2.74512917660336
-0.293011248305981 0.334103505782233
-1.71653173582742 -0.466435539698409
-0.500108527225066 -0.244280472053675
-1.0523009977496 -0.685783303757516
-0.33415162366291 1.08243861631185
-0.0196619622055421 1.31201545486533
-0.660545763106813 -0.123179354579897
2.25354695875657 -0.167878085817492
-1.04744356377592 -0.625819428033453
-0.593701097604037 -0.0785972424198222
-0.0504753577711128 1.02742046908146
-1.01406068830044 -0.676018877096622
0.530973770490897 2.71464552241952
0.180997530750629 0.527553814463873
0.236859784589507 1.54171062786472
-1.2481711677573 -0.650903885318102
-0.143095847791538 0.925890920378465
0.60239457384935 1.37853282149339
-1.77061332942574 -0.334391267160571
-0.176779950772774 0.833748164694766
0.69289791984147 2.59805455818695
-0.269995615446019 0.542793757799757
1.33919311778634 1.32555519106727
1.67814384820714 1.07078073012682
0.711367970472365 2.08046250454558
1.31553038900823 1.17779235098529
1.10641726505223 2.67476119049012
0.368510176678617 1.93925083968186
0.645951283869581 2.81069590413021
0.197227153414403 0.316388251614267
0.308052960348678 1.2059859413142
-1.7608004847714 -0.380657757003139
-0.252794894190622 0.79208682589809
-0.293903888059878 0.9315508224747
-1.23350560956895 -0.618323391236595
-0.978428796162261 -0.598740276201429
0.904380524541213 2.2839721240772
1.99729480951296 0.775851260360871
0.529905052198066 0.535382823063942
-1.00654985875683 -0.579997931427551
-3.91262739619495 1.17320192985591
0.50979494781391 2.47368402754732
0.137657932440688 2.22467362814624
0.294651356179156 1.66438782302657
-1.80701755174293 -0.298126774845853
3.72698798509336 -0.71312869355693
-0.971129298542057 -0.613560547299822
-0.186440877469831 0.751732986839062
0.217571281833122 1.29915647296982
-1.01708133323366 -0.654294122711562
0.0047156388251961 1.50763129787766
-0.76932605919221 -0.387592540091905
-0.380102268749398 -0.0932490917367018
-0.122894657917661 0.0486068887483148
0.613587741127108 2.05035156012841
-0.508170375575641 -0.0591371843342375
-1.67091096685314 -0.500359251582637
1.8431341014033 1.11869594178612
-0.293850312300243 0.890095105731503
0.197899963975462 1.54758945880242
0.915636003903408 3.0786063581986
-1.19045812661282 -0.634417335844673
1.60535624516768 1.65019107573149
0.625603931143285 2.5865652417829
-0.303643351682291 0.167708484838357
1.13081205243356 2.10436902864591
1.17739351678177 2.30246622239685
0.687173843904483 1.34545020223155
0.836660265808617 1.89564166239601
0.442752906780376 2.04616433910522
1.34684219028571 1.43360358345853
-2.49215596059494 0.120078582300482
0.979932010102679 1.95750939745068
0.671909124675269 0.962255177088239
1.34079890211486 3.06190281878672
2.09425529058161 1.06500860232205
0.80592503114062 1.15205349760347
-0.651809862661669 -0.348577415560574
-1.17355120066624 -0.67470873463877
-0.392255449933229 0.252571156675822
-3.64867559614019 0.614371683889392
-1.76547737695498 -0.35159399930354
0.865146379180221 2.09377771546343
0.621595795316749 2.02928330475111
0.0708857481791373 1.39099865293265
0.363791301025055 1.91125325710986
3.16751666012879 -0.700812096748313
-0.676745547655935 -0.0787501465842453
1.36160025482633 1.18129024422868
-1.42068585218337 -0.589943356522727
-0.496676583405571 0.350739002559261
-0.183621166592692 -0.0848502897554322
-0.697625947430853 -0.219201606005947
-0.919246679618166 -0.581640508470356
0.314862897549418 1.69282167930627
0.583878817338136 2.36428590193998
-0.0442858376334475 1.47181407007408
-0.709380671679627 -0.0829266885717803
1.23231995820709 1.5330866371553
0.543122342393146 1.7491611827465
-0.503328613159848 0.117969098972982
-0.499507745336955 0.050498229884305
-0.188129057472857 0.690532237172759
-0.0966681273204441 1.01769431098868
1.63873815634463 1.16120488354629
-0.0107078367203469 2.03038800345873
0.278463776579957 1.22525105240495
-0.334798790458611 0.368743123342907
-0.173890863752459 0.524108417658368
-0.670656186424227 -0.132551999707559
-1.68214370143055 -0.359052460002016
-0.388603669274555 0.305861996256193
2.32504266540133 0.429901576236641
0.795143222592697 1.00801616103974
-0.409936501680098 0.0802363272766271
-0.219722109959135 0.895566743811406
0.232968479465593 1.55359624100801
-0.569722974091093 -0.243869393585712
-1.06065132821684 -0.664415252739993
-0.706923881021262 -0.39617866776584
-1.68587152890641 -0.371714897137057
0.568872507335922 2.45217772366099
0.997257450191697 2.14843286225612
-2.69982030811462 0.139825473187917
0.467266240829787 1.80811120666125
-0.701441739572788 -0.29542965056844
-0.832254577111427 -0.520799136200915
1.76585227900227 0.470009968338866
-2.33384796473097 0.017132940442431
0.632642948187318 1.25265247908186
-1.61135763895577 -0.392619104276968
0.431047456874531 1.89104580728309
0.23318610585315 1.48724414074783
1.89930382471834 1.29898759984548
0.519360004141162 1.62640285915286
1.86469398495464 1.1185715981215
-1.65048782309606 -0.445057802540851
0.430658631954107 1.76990447627713
-0.21432644279506 0.912387887219053
-0.435765829694435 0.343186572395932
-0.786910527913396 -0.398141069398479
-2.51879205429376 -0.209430237990301
1.17125045861085 0.937852781490205
-0.680589956655827 -0.279814973878849
-0.146693258923295 0.929797681455843
-0.0464974340309846 0.773833225322264
0.867384103628065 2.12524611097585
1.55741792569193 0.878210626402726
-1.80402180206906 -0.417530578801008
0.742046803518064 1.73404212656181
-0.64500147675712 -0.244366669665208
0.14041357467687 1.82282790776516
1.86224949789167 1.25688586300178
-3.26078082445647 0.577234764865762
0.975924392090914 1.62048461384171
-0.489324859019666 -0.0966171581413273
-0.490879954233923 0.608367265469119
-1.56327293533913 -0.517181702865869
0.910415148851082 1.99961593121351
-3.20040571200279 0.580826598378983
-0.112091248882665 0.450899113253727
0.556736061689734 2.01128055638638
0.783152834255256 2.6028682565986
-0.441317419894095 0.247173669168308
-0.261604074820809 0.884682745206989
0.659353289272538 1.57156369976764
-2.19605634872419 0.0023294572102051
0.148671466174081 1.54167013124387
0.308540758930165 1.80327210482128
1.09994695666177 2.24691997622975
-0.596135047019602 -0.182880829062874
-0.267089006598977 0.532095139665841
1.10548495769868 1.95170088182257
0.55745326707109 2.923705830236
0.850985348695629 2.33613112672082
-0.737626333852726 -0.255837670904044
-0.665523615503477 -0.264657078271248
1.03799177265517 2.3454958386517
0.262294069349483 2.00903752706753
-0.0970202314853358 2.19220448076776
-2.48486960291347 -0.165503418936484
-0.192174139049862 0.518385136143515
-0.294691488483613 0.148211530533513
1.27209951176997 1.55655733573586
-1.34658635872579 -0.628087371908888
1.21228421716398 1.04600172168643
0.331560110767335 1.48064778358852
0.323772852456199 1.7164557220576
0.803955868659192 2.32618619796117
-0.633212690996438 -0.252708281559726
-0.0910919112172591 0.223067760519043
-0.285628534327826 0.868366317089269
-0.491250372193671 0.347774625631936
1.49111642990748 2.36571407076484
-1.35387560110065 -0.657715546379402
2.01439765699392 0.530643392633334
0.887294125555124 3.35258877591846
0.362878395607988 2.89742895473296
0.84178797497053 1.57688332217426
0.344792100490235 2.49825032555309
0.0219059833269772 1.38077115139639
-0.681788403922446 -0.293923707057761
-0.126947887990281 0.973801268039992
-0.352001783217075 0.332965763532267
-1.6212573024392 -0.47651854307785
1.04994820971561 -0.193429627030773
-0.387675258708315 0.0789111456247482
0.133876750449238 1.69590994398694
-0.291335015881298 0.634922457787289
-0.153817209223427 0.486826987272972
-0.906800048488063 -0.539963748776547
1.01379319957529 1.84782489253466
-1.82525565050313 -0.378812356326757
1.38393877915968 1.34110496054057
-1.63341167463003 -0.516771636880558
-0.505375255084612 -0.0120827093932273
0.829361037330467 1.35168942558668
-0.174943780849627 0.673232336387869
-0.854227263034546 -0.475309731381373
0.165500680098254 0.909551687778064
-0.841008534765254 -0.462066770719663
-1.06456427960226 -0.68820054477536
0.0125376872879789 1.09961366953884
0.727435023065857 2.25364755754181
1.84783925045925 1.13016431703341
2.18825156290717 0.695961004950164
0.957823900894279 2.54224200939574
1.79866249205464 1.74418859012043
-1.89253382375052 -0.503366155576335
-2.57386587621416 -0.0407317354883472
-0.409924399362197 0.497388284648738
1.69588221094013 0.419561609448124
-0.702458700735821 -0.533532950980254
-0.583141845984351 -0.131044028630133
-4.63667057479182 0.0582384950269729
-1.07301036868831 -0.588112024081554
1.81253481299192 1.48124632594357
-1.25217467589044 -0.69722327462925
0.278372272237372 2.11582445106433
-0.156280952756683 1.22561830816544
2.37914130529894 0.465164383500837
0.687668040753898 2.60432799090133
-2.49669484028455 -0.189404894248313
-0.253243011199376 0.491236462130847
-0.988678250756483 -0.644747243704149
-1.20399438369201 -0.68121822905677
-1.55730460346384 -0.421221666285071
-1.89910172697795 -0.114820062939012
-2.04859011141055 0.0912541599408213
0.947412148050318 1.41190087456328
0.618847692597885 1.79500808380262
-2.09200563714356 -0.424086832518061
-0.0628689881935215 2.65366627913084
1.25368886104094 2.03989126876217
0.68138944677626 1.82541620786752
0.562426398448194 1.12505065033569
0.0480092085384119 0.831416654481831
-1.79890644771314 -0.331205923665748
0.277229149338766 1.37560044459022
0.948420884876553 1.37026270616659
0.115584339375417 1.33526876205926
-1.46882695040025 -0.586212617583319
0.639272248549125 1.36407487849399
-0.812966840740654 -0.414805163866917
0.563630517765941 1.43540775483747
-0.518302635781331 0.154945330813844
-0.481084893723643 0.0475596354350757
0.193073799596219 1.73855254032439
-1.77869327125147 -0.212909543731042
-0.888020799860224 -0.497138071529795
-0.905786679593693 -0.564196179760238
0.672661060694782 1.56232996982463
-1.67182521572953 -0.24765509979309
-0.266658225725467 0.865078513190374
-1.29621590499559 -0.613656840208591
2.13417420357863 0.933267350333736
-0.556476000114687 -0.169796661208584
1.0147347140475 2.75771375595307
1.20761336820115 2.06548343434897
0.296938263519767 0.645748262102131
0.687504369039193 2.23632600164387
-0.374747225466192 0.494686480411312
-0.953330546390208 -0.545333932739808
-0.622081809937391 -0.328095832626241
0.0369214560471503 1.3932219940122
-0.555626018223024 0.144746609969834
0.460583483630391 2.50749545469196
-0.0283708151231415 1.82148039758456
0.0955304591369754 0.930372291730183
0.856506831038762 2.09621658893837
-0.456971814791796 0.129509641417854
0.658971034338187 2.06939854683269
-0.665675872227805 -0.122744201604759
-3.16090214011623 0.481932286693054
2.50049159723744 -0.336094855227001
-0.352336176955443 0.775055849530453
0.474841484508958 1.62485965594051
-0.705986471462623 -0.229833763776014
-2.03558275390377 -0.14460979091342
-1.19937825873169 -0.634570703804722
-0.610071060035953 -0.214321578575589
-0.534572719098219 0.106470002023432
-1.31068264708425 -0.662481528279369
-1.07929320426282 -0.579942673581886
-3.90354178014137 -0.0684517114976
-1.19471790807174 -0.626428479290986
0.365719664206329 2.47110994401532
-0.293273241638369 0.490870621121116
2.51433646561112 -0.0522849412887585
0.488823928831467 0.324302935093286
-0.813668989613814 -0.417761907796227
1.06051798373736 1.88280834686319
0.14851335930431 2.45083673033418
0.874843767632566 2.52593752046703
