-3.08812885096865 1.07100098660107
1.50893327423802 0.400083939604702
2.16401130633026 -0.0290246532935983
-0.725440664443146 -0.191901640555853
2.28399379866457 -0.250526378446128
2.17515720639528 0.201304948251271
-0.125525545950924 -1.23767172405011
1.04225413506545 0.646070814181032
-1.14549972898801 0.862128238779042
-1.50579539649682 2.58537091785541
-1.37693153656451 0.642652080101405
-1.08673519752696 1.09991407644084
-1.61810280785334 3.19278274639015
1.14300210984157 0.323677421953147
0.209587202182953 -1.23382453256739
-0.903846375400476 -0.180599944531871
-2.25897726253189 2.12296100277169
-1.34885865765408 0.365390355470794
0.405626681470407 -1.04627197506628
-1.55278144021607 2.02684306564996
-3.64802524131579 -0.344956490073035
0.626266533729073 -0.881364902600359
-0.762220879931811 1.0017270894194
0.581197686485459 -0.875269763729811
-0.437601312240132 -0.708418725142553
-0.588540849647862 -0.284300578095993
1.89297382853733 -0.125356345523421
0.780254704380224 -0.502628801323476
-0.0426559840991257 -1.27984301547874
-0.600532930064555 -0.36745954986884
-0.729245994583878 -0.0880486512336103
-2.503802898852 1.54849706835853
0.889548724842238 -0.306451221812594
-0.513062235879313 -0.50341132038721
-2.49342104114729 0.19156368961628
1.57470133581749 0.174848680722099
-0.418957737287157 -0.661090805832237
0.325152997698813 -1.18254924995618
-0.996230125036256 1.12937681194767
0.467344407561474 -0.916826945544681
-0.71564360018799 0.342790802410074
0.478119435879626 -1.04706283451267
-2.52641049945535 0.973363397042036
-2.14165610928466 1.65022492498292
-0.0799914258485846 -1.25398002319729
0.859240795855845 -0.426242978144022
-0.80011541467704 0.451633648171431
-0.502329883874569 -0.225048847518472
-0.928960170905191 0.481730225402354
-0.236164959412264 -1.0394829737658
-0.715604843778853 0.0321600824244047
0.650287381634136 -0.858319318650937
-0.4000069407581 -1.0866254680692
-0.128102093454646 -1.23014998951739
0.42296504681957 -1.03103701134146
-0.716757651413721 -0.0663593982496625
3.05941145623367 -0.520522086035205
1.01481505398654 -0.0455737632217017
0.2419084191784 -1.21072497616732
1.49908898417102 0.422232210680984
-1.21724493396577 1.12786241742669
-0.0749806800282668 -1.26597876154758
-0.342191453710823 -0.878977179651412
-0.240614374788087 -1.13929006696162
0.250531839742926 -1.19227742059126
0.0890419429120265 -1.29432170578989
-0.852660935794167 0.0708077251669833
0.397795648686511 -1.07251119715061
-1.21137835481579 1.8199567972585
-0.120146195588197 -1.23669907274252
-0.405700020417148 -0.662564640011146
2.88517178340621 -0.891418170850029
-0.310227836666587 -1.0211313558015
-0.278109053131844 -1.05480104963258
-1.3814828839463 1.16119588177086
-0.488396759414197 -0.803988730421488
-0.54174637992241 -0.396667355774897
0.283110333863816 -1.21502056188458
0.952711510795736 -0.445894834839971
-2.4512699611532 0.299544352211426
-0.817416581758007 0.560916596506007
1.28825173907642 0.435568159303182
-2.65430886052901 1.46716413488237
1.22405563610003 -0.24341908952411
0.554081408749618 -0.808710567627148
-1.76033352044624 2.71524035098967
1.0659077783732 -0.248721610766024
-0.883278000234286 0.355679654671462
0.567070315343137 -0.702412581697429
0.420133366703452 -0.990099797275708
0.670717668832485 -0.78343867054334
1.08468121002608 -0.00118383813128181
-0.61057728746898 -0.460799231536241
-0.646553465366563 0.0463824375984873
0.9628412846725 -0.134324779618935
-0.918486397889948 0.190183448190925
1.8139562534304 -0.014516997107876
-0.210108664720245 -1.16274787585633
-1.61440504186061 3.6419893077713
1.76191759292981 -0.366849364397257
-1.11373487593225 1.35619344391892
0.227385161784262 -1.20950221039561
1.46467861723348 0.31895792523298
-5.1941381420924 1.48438479050267
2.5102474112193 -0.628101780092436
1.35670795373521 0.278041540773004
-0.630501505617236 -0.264372992076234
-0.838155081369097 0.327316899017644
0.437535224253131 -1.14425762756086
2.00002776604943 -0.0276450370568024
1.45869604599123 0.254557680184206
1.70528053415292 -0.388069611315089
0.519565787036822 -0.834245679320065
0.877471480052761 -0.550073420983601
-1.0484368140374 -0.0963994939182571
-0.771632462061436 -0.383298630659961
0.984162149452997 -0.757215066163347
0.891973319760094 -0.4829221218856
-0.708827834957413 -0.162987167049034
0.743680413203839 -0.381818866637123
-1.26424486405891 1.66252663285486
-2.01954351260405 2.29235005322348
-0.354674842821165 -0.890792603970226
1.07444111287134 -0.317362874053703
1.46181573525794 0.100923908409107
-0.0978350615270516 -1.2531861539356
-1.07563834774305 2.23723557740034
0.350185457638095 -1.12460578549837
1.82697944551764 -0.107847136885498
-2.05379536894004 1.3256174164622
-0.601151444188984 -0.553208079955454
1.67623342363569 0.0786052916846196
-0.0771455780003417 -1.26454057837814
1.2232513758776 0.248842874207462
-1.09650307110186 1.32533015587695
1.82241297887149 0.668480611268796
1.66288760352644 0.194746285782739
1.75865772044506 0.0511321860255812
0.437043173906034 -0.945758875519727
-0.149344583888368 -1.23627723051302
-0.0887472341116045 -1.24831680540179
0.0207820955928369 -1.29789640664647
-0.41678301416468 -0.739806581523969
0.36160678470978 -1.12433882905161
-2.50300982824564 0.540956486006155
-0.180124070205179 -1.1463039653494
-0.515745270653709 -0.478808683712015
-0.103853104444992 -1.24801926306297
-0.127940675798298 -1.24988419305041
-0.447262421779474 -0.89560747247314
1.50352365343905 0.119584675815657
-0.698703029074052 0.166310788357709
0.215660127962044 -1.24134706318501
-2.32907355926576 3.16571767081769
0.0158053278705817 -1.29700299992955
-2.07131870414613 3.28818940686675
-0.376979479818365 -0.83059316697683
-0.173487466225848 -1.18097992164494
-0.696356808645258 -0.313816785706686
1.41616340042238 0.297411071959302
0.783267114326088 -0.256723547943284
-1.43741209335819 1.22319420118393
-0.246184835133702 -1.14132414014866
-0.353542150277492 -1.00546911143259
-0.810595034357518 0.528995634359825
1.94520222668136 0.104944576040707
0.725904797048163 -0.595189388439133
-0.0148969644039733 -1.28945345540859
0.629271896917523 -0.820218488510573
1.65819524716104 -0.0158074324743052
1.09166572282135 -0.0403387070567473
-1.28326438876288 1.96613184964584
0.814512618280035 -0.682157452825988
-1.52101844512918 1.771397549701
0.0949405855358586 -1.295148473727
0.49343629553156 -0.878875836405478
1.99877266003676 0.133271886521299
0.71604799613794 -0.782434364403641
-2.17096365234493 2.85146666557899
0.823420021990482 -0.509882242735934
-1.11240806547736 1.1141261580039
0.62600437535175 -0.815189717075055
-1.83161468058956 3.8396426855392
-0.189385180933355 -1.12907713080929
1.09653748976748 -0.361680690765454
-0.712126326621774 -0.581576085308712
2.31461154122153 -0.269122291636158
0.954116303028773 -0.265025860395913
-1.66405635951475 1.58639370338328
0.564358129266751 -1.00274518083353
-2.11140901576064 2.60189079440548
0.185875032216752 -1.26542594349566
-0.163741950843947 -1.1842157592147
1.28279453897466 0.0722984342187227
0.870639773102896 -0.477042724604757
2.94867379388974 -0.944887985235594
-0.767572971101087 -0.0598706674051658
-1.56900578660558 2.14464533869652
0.706552779898503 -0.480786046438279
-1.79617326093603 0.931636408137494
-0.887944215320287 0.87107784230905
-0.694615298112155 0.214003343289561
0.787669204032327 -0.295021241987445
-2.56622572969793 2.2772184344088
0.705293848138479 -0.70466379423424
-2.1995927636366 2.65252239811591
1.42320057349612 0.1966519430563
0.00133965502005285 -1.29746124956619
-0.763538073817397 -0.0490368460466062
-0.0452452515465267 -1.28602765591676
-0.0214535351700885 -1.2916205115517
1.94197861358946 0.176564043937045
2.11608957403228 -0.404933706223485
0.625366178177232 -0.570561383897943
-0.425684822905564 -0.725438060329352
-0.0151592089205557 -1.29324182520884
-1.07451306552854 0.908059045628973
-0.124003081400733 -1.24169274893831
-1.85020915167991 0.960054923962265
0.179547380162 -1.26372217029814
1.46616496404485 0.0829386899642437
-0.0311164195541416 -1.28721193004831
-1.16609737995365 0.408949506324397
-3.79002984376813 -0.378603556471628
1.56938980466269 -0.336779773680567
-0.685730302698212 -0.139379853173678
-0.308047724329014 -1.05102675420263
-1.66243770691124 1.39865692153154
-1.46324745200872 0.993383011329651
0.0989994289164411 -1.29477348737694
-1.25971748631516 1.53356764049156
0.479496134969209 -1.07310917536138
1.57946785858788 -0.0446219876040543
-1.964595427103 0.63382434020246
-1.43722539480518 1.64210058856897
-0.658137119481052 -0.508706006674456
-0.274701895784549 -1.0483804110707
0.898509600784751 -0.182631920816597
-1.74032375181118 2.69352536393928
0.455106272951206 -0.915049846987795
0.000673136394163058 -1.29519647666544
-3.3354632980487 0.0760231524605557
0.0663276369995725 -1.29879952027819
1.19341887615077 -0.226965152713497
0.518091932177714 -1.00634700221833
1.47723293365796 0.219805644892793
-2.27687309760747 1.99261226993954
0.257887393859409 -1.17188591502921
-0.299596713796076 -1.05836070222405
-0.403146604722146 -0.84224008044248
1.78191312144741 0.291834827609676
2.27147873386547 -0.29092005894115
0.793096085644547 -0.752545326801461
-1.56819001273485 0.669694470522555
0.532035701189948 -0.745618776015602
0.771389052431759 -0.651267915184284
0.260497084848795 -1.22487984700837
1.41063331993438 0.605395440060984
-0.349857150516601 -0.922112902912656
0.0731979285364287 -1.29818684180959
-0.0484572934005016 -1.27592824246143
-3.71156886189536 0.172798562350973
-1.09290194374078 1.58081217334737
1.71433126098774 -0.397991443702836
1.42130073380917 -0.437963274876654
-0.216840444610536 -1.1769165107659
1.53089808764181 0.447768616181801
-1.73825472991623 2.34904142273424
-1.84022271873124 2.55047255822206
-1.37395240787464 0.652166774631063
0.219701659198243 -1.2297426255916
0.215155833461114 -1.22878321313116
-0.162084238614223 -1.22362303005244
-1.1084092587144 0.955803606962234
2.6682679317951 -0.412745605896603
1.41584744056875 -0.407955072622186
-1.15787892514945 1.43160338672182
-2.53286156441095 1.68673858465115
-1.00420756919568 0.797942690163641
0.333927625748943 -1.18976366993323
0.495428727218567 -0.837553281484023
0.741034260122162 -0.421721746186233
0.395523556411151 -0.996211588494681
0.894305174218924 -0.339679212033847
0.0925526372693182 -1.29508309072485
1.08952547634675 -0.0699072884783011
0.534610079830776 -0.649844665263418
0.90339328494805 -0.542602461754506
0.0157222100883747 -1.29756475199623
-0.232424153668119 -1.11517953559454
-1.92473291806539 1.97042052391295
-0.529187687555862 -0.0287701082726126
0.160302066175946 -1.28424381971047
0.808588015372824 -0.144691049798689
-0.724034941433654 0.256737567665258
-1.38350514428647 2.76831387742472
-0.472092998702899 -0.847790762545233
-0.784230125406055 -0.0203687822205688
0.74437968005415 -0.530555979294004
0.355082525811314 -1.10242652372801
-0.436017079079551 -0.704298279460422
-0.666800593182357 -0.375651355998706
1.1826518496133 -0.327895693550657
1.8525356849564 -0.138831497038636
-1.64349237191616 0.823043502409603
-0.540791390743578 -0.520403142695986
0.992050430683466 -0.615528862374186
-0.648978474565394 -0.26129530305557
0.396085299540548 -1.12721839419144
-0.375912122943496 -0.966173214965677
-2.0656622986508 1.65872692818001
-0.301187241596352 -1.11310053214143
0.357661424014877 -1.12425548010492
-0.714697463590937 0.10493709129465
-0.129152797443 -1.25620539485795
1.88257400168423 0.260420372497761
0.578998775688817 -0.947957034951203
-0.478555762504441 -0.860501839938617
-0.00284775196153875 -1.29591828783864
-0.223020562012148 -1.22548031396414
-1.08516337569404 1.36218324762123
0.608241653733357 -0.805526031911089
0.503129721383185 -0.917603431235162
1.3883164590884 0.710957319425417
-0.178338010777164 -1.20866594747379
0.292506500560031 -1.20828683115611
2.19675255128647 0.0131360329911865
-0.455517366095186 -0.607215033644453
0.872526433508239 -0.0356585588402197
0.417058657038915 -1.0010557932894
1.13326700660056 -0.223417369272814
0.712963113943303 -0.679916377506101
0.952260810657673 -0.383344435664768
-0.698135523132132 -0.408982875678683
0.772401944231523 -0.801868831324047
-1.71686778814197 2.61523579787052
-1.34059667587712 1.49453962605265
-0.338754297098193 -0.846828835868886
0.685846309991906 -0.623661154586477
0.166422517153867 -1.26738518659443
0.742580090720129 -0.538969593600199
1.21674930964553 0.0466254757723281
-1.07205445490013 0.798223677814204
2.47375632474777 -0.369394332139451
0.604509260573505 -0.700106329451225
2.00714922531385 0.0616646548192334
-0.0424695351722623 -1.28322815496347
-0.775494476838337 -0.163320574270015
-2.9677501637526 1.41053342888287
0.946304875959776 -0.421991102037391
1.48194077293821 -0.304776758430306
-0.468692896561173 -0.73201424407016
-2.28171291032372 1.18638659857082
0.610262710861885 -0.740256408221808
0.40868003630704 -1.08483853043348
-1.68233521638052 1.84559020598598
1.00028601025167 -0.250528737374521
1.94654485327477 -0.0560772831338172
-0.604864470965838 -0.497836111313118
1.24847246697899 0.22880810598893
3.44956083970034 -0.967121010656469
2.18646979303487 -0.38299443629082
-0.545332631530562 -0.334583371095079
-1.21670363413521 0.527372205419804
0.00210037406040799 -1.29675932214178
-2.36061356409613 2.34555532794581
-2.42631377001984 1.94218407642291
-1.24250714451606 1.84307132018077
0.207423102965336 -1.25246989446203
0.19588761267708 -1.23367091268014
0.831642499389415 -0.276404695263683
-0.240083239748029 -1.13952840478621
1.33827687242317 0.700869498871662
-1.24245505923268 1.54200137787877
-0.711818930559869 -0.257892693575688
-1.22052020289386 1.2835967263466
0.680805539233451 -0.644404249962242
1.10564474735085 -0.385905613757589
-1.97942607473206 1.44130786799543
0.783127794142786 -0.77342785346617
-0.28765007603292 -1.07459263277519
-0.438956941620229 -0.881331400412555
0.334680222767331 -1.07663736193894
-0.836239636786362 0.341325329725697
1.32092973680394 0.183149254792664
0.28593240877585 -1.14852402711822
1.00691232462872 0.0519146027155029
2.41990376223412 -0.448251473873733
3.36650141448727 -0.897679693898997
-0.940226770910359 0.434297885019426
1.27816706174712 -0.191598756687238
0.854324239680858 -0.518744046108619
0.178924281131267 -1.25207588794393
1.03624253500018 -0.677284406462007
2.10308845770077 -0.185751708167337
-2.55511575376854 2.03701611602548
-1.59383406673022 2.55429480930922
-1.22778618204272 0.867080000221121
-0.577983234976438 -0.387530703668581
-0.724739244208467 0.115406999613097
-1.23803377588342 2.05174917362507
2.76054800530474 -0.555388708735276
1.38433308108121 0.218167236050614
-0.0369599140316518 -1.28948598866722
0.721737449197153 -0.778712750108875
-0.46398188010841 -0.838005971440582
-1.39692464798027 1.64129756310835
0.870970394898894 -0.909800609297878
1.26582150771491 0.0667210076825955
0.38757961476157 -1.05888047321924
-0.696293454974182 -0.224583786616525
-1.17233387861409 1.24163826834713
-0.902804817783846 0.277035677868685
1.40923569632807 -0.45704345678289
0.668731666298608 -0.532206702294223
1.23933538191748 -0.315346843550923
-0.813405773125676 0.074925804235081
-0.178518370543304 -1.2031743011728
-0.224449701843276 -1.17053183337975
0.421573365574529 -0.953031736278563
-0.0569029874581866 -1.27963590993757
-1.37223164375326 1.9194941734245
0.235913213094136 -1.21251448509002
-2.47038731949482 3.68659754917899
-0.941990675345607 0.165393518243549
-0.546534792312263 -0.661117824436146
-1.84497530205814 2.51004359995291
-0.642267465529161 -0.414541019207917
-0.16142493135367 -1.22418646251652
-0.720644448643245 0.19446247757988
-1.27737153955291 0.809327230351822
0.195985939105871 -1.2629474898384
-0.602773719523796 -0.893200087711063
0.388129062637328 -0.99608129103439
-1.14720248029281 1.00324072346232
0.832883052549692 -0.706287009235568
-2.16083415934753 1.37884819871376
-0.158520002300085 -1.22250033078798
0.353592007283488 -1.17874477350041
0.343343482272419 -1.08343455379546
-2.48763657812457 1.70657343120358
0.406870983511934 -0.978888815359122
-0.155481447300206 -1.20533905709057
-0.456730138137579 -0.970222867921692
1.57308969075722 -0.136061688495133
-2.31006750752434 2.28674231831421
-2.44577031996568 2.2118476586562
1.24414025310383 0.476371503283842
1.02028551263758 -0.155768016764203
-2.50602744910204 0.134157074959434
-0.708257090268585 -0.178440568878338
-0.434754642330004 -0.86719650446858
-0.493709185945768 -0.529244408266282
-0.63488956541334 -0.365200993087651
-1.83182408032169 1.98638087305982
-0.10755943738813 -1.23598953889856
0.0217044355693022 -1.29841917948039
-0.533385929422301 -0.3085482809279
1.21655726009117 0.172944627726607
0.705348381238521 -0.504619098209585
-0.196148490048866 -1.20551890968877
0.135595505734495 -1.28125849997169
0.471312406209716 -0.987721544594823
-0.441360498965365 -0.607148713209434
-1.12568986822961 0.795890696678057
0.257556115683198 -1.19056271636297
1.38451536674973 -0.0434721503938461
0.0280047568525918 -1.29896140738492
-2.27502573104054 1.86715409108646
1.06791212706513 -0.476260608417495
0.389459323080898 -1.02195104728506
-0.205944373150073 -1.13300277770263
-0.354460236034176 -0.994381427011439
0.300015682588194 -1.10612784616946
-1.16832120858826 0.923139239518191
-0.681344161201139 0.0812706889975681
1.68742050081459 0.171424452282427
1.20930799366278 -0.485770207291715
-0.519261455062378 -0.805037537189464
2.17204558244999 0.149287139162683
1.31179540371209 0.331086132993795
-1.05123564689157 1.45954873802262
-0.727221517246402 -0.41005854079885
-1.84336360221666 2.00388814746574
1.78320527328876 0.449372146881802
-1.36248927291659 2.1640912478874
-0.740678547432594 -0.0295001048354553
0.756840199815751 -0.629960038043058
-1.78990367725469 3.22331558983213
0.825890851455997 -0.77059454597865
0.346961115033757 -1.16765470279536
1.14764680173187 -0.499690629761506
-1.52015689852909 2.52194612566537
0.964452161800709 -0.530358668816067
2.43021986323094 -0.592318994350138
-2.80197017969877 1.29557098257156
1.44978163414807 -0.0117183319232897
-0.156282662459592 -1.18375642988814
-0.172655480528909 -1.19169337500665
1.61596253435843 -0.0957399349724858
0.0460237958556291 -1.2995797366861
-0.480277725421489 -0.63001334234338
0.972906969333003 -0.232649240532799
-0.194279438047476 -1.17427610851838
0.516720647550107 -0.867239538098294
0.0990331738558974 -1.29039793984664
1.41714334946714 0.0559638877738258
1.91313572692502 -0.878340991706459
-1.1823803210295 0.375350975037402
-0.647549993309615 -0.481014964983314
-0.121018103185075 -1.2037862628278
1.50209651058916 -0.191843184413598
-0.872352363268415 -0.0670197341208359
-0.115801673288765 -1.26958952024997
-0.71015969087512 -0.201857971189907
-0.820670247914558 0.200218778070615
-0.952110101147464 1.38374560854981
-0.185396705125378 -1.14571538963773
0.990772316856401 -0.368492869132929
-1.15919337331181 1.66739330833852
0.0596055917659055 -1.29919369130664
1.66720016552196 -0.753594470838261
-2.01742613172607 1.37165811889919
-0.687994039438315 -0.00713429173555036
-0.365167856995542 -0.926600504560084
1.93931885655849 -0.217361648157113
-1.41993354527198 1.47874585647706
0.43380143511718 -1.11078245063599
-0.277282807110646 -0.959243808789421
0.269229599107744 -1.19684188991817
0.220805231300836 -1.2575245632894
-0.578504696789721 -0.320247082111036
-1.53351425005281 1.23221748967357
-0.576673817852276 -0.532703590041585
-0.946869135360037 0.354794260209967
-0.435457104259833 -0.8109468196113
2.47803210184763 -0.389531173859984
0.0940751343200418 -1.29380030222376
0.168784958188277 -1.27168885285901
-1.25900810872396 1.38071720885561
1.19876156070852 -0.275950127245349
-0.0166536554498899 -1.2851481230519
-0.776868212350983 -0.21902555246676
-0.0335829151382073 -1.29068182003561
0.191561606585644 -1.26520879956825
1.48304525573127 0.353336684750337
2.90548528494738 -0.769151873323809
-1.49782847015447 2.3293209367024
0.441198432958289 -0.934538889784986
-0.180937999444378 -1.22975726794816
2.10548266421718 -0.424876239502182
0.170795261438948 -1.25844100046992
-0.0121446634369511 -1.29515982402211
0.886372766910257 -0.261726405315448
-0.701761860094454 0.0743069331200288
-1.66521312579048 1.44910566475926
-0.797492978261936 -0.119371288655843
-1.74927218907228 1.4630358108294
-1.68535205698979 2.43328537444757
-1.34133631795695 1.89187049373085
0.304734313604737 -1.13461952034442
-0.449188309737895 -0.792408379515712
-1.27592601309091 0.360862844217272
1.79007039243853 -0.427750452214745
-0.132158255432811 -1.23080501280554
-1.34178788573784 1.131159621313
-0.757397125012864 0.591982420205245
-0.821832292082441 -0.589323985809428
0.441415808913811 -0.930274836024858
0.470759939744694 -0.819293562089465
1.46760391761956 0.131502283352504
-0.687645034516109 -0.267804988464181
-1.40391176068703 1.91574692563618
0.242537336347597 -1.20720947266341
-0.217837980045499 -1.10294225489848
-0.821610757785114 -0.471713087103428
0.365093239857343 -1.03843752884917
-1.28199488411087 1.75851068357
0.173492591004266 -1.2658334013618
-2.52722909645345 1.20089339147644
2.28942497670209 -0.338784138863333
-1.55582758037607 2.92933307872914
-0.975993894936403 0.38934367671142
-0.445583950674424 -0.81815464377449
-0.758568808945098 -0.297114631311935
-0.471540249380503 -0.69215977578693
-1.83531839182639 1.46720678579483
-1.01933842211672 0.83838551346601
1.30228817717649 0.210501386120739
0.347622792793821 -1.1610452390682
-1.14231362957472 0.766372267888044
-0.0584673577425644 -1.28305152614596
0.824130863701365 -0.176430938120732
-1.22204803518818 1.019217810654
0.621510567387908 -0.782053210616329
0.394291793396801 -1.06331747090814
-1.55502048881421 2.66921194568279
0.0918115091625719 -1.29440683540806
-0.464877028775748 -0.674335797109077
0.190891552183995 -1.25037861932442
-1.91021605981792 3.6736847768992
0.251079350070837 -1.22674015900404
0.0400323956089329 -1.29949215448782
1.13268006087196 -0.0904593528736304
-0.411946832707926 -0.630611422494935
1.90220542397797 0.429441694525699
0.0807893302016777 -1.29624756888992
0.523275708786251 -0.85408396289119
-0.739873777012449 0.2385923964844
-0.833198563546591 0.32189106417373
0.265638501871382 -1.20962600911963
-0.232582164853337 -1.06899893049395
-1.04984395108939 0.957786425600525
-0.489904376988077 -0.823999483120901
-0.806028410432735 0.866537363574137
-1.22373642483111 0.689874397837503
0.931742970209353 0.000101685861104372
-0.494738445916704 -0.736250191843718
-2.7459583303997 3.02098504718538
-0.296767781542633 -0.979256796310576
0.570018832206592 -0.814031263620462
0.690677509868685 -0.714003907971213
-2.13170031265529 1.82526917661319
-1.18851605179669 1.20631049994974
-1.7024999027492 2.54440570975949
0.0714549577410574 -1.29796674203243
1.44292736045292 0.417369054332766
-0.238779954398809 -1.11192645382454
2.45995025396023 -0.163643024147032
-0.828024834464898 0.48310664103529
1.29576889385646 -0.250929987688553
-1.19573967123066 -0.0453092466885334
-0.034562282025412 -1.28856382153191
-0.501650053669512 -0.737096860432649
-2.27730659624677 2.08341717053857
1.56498668923292 0.278056066555944
1.2622062926487 -0.527744246241042
-2.21886857905256 2.06124897175568
-0.729685947565085 0.216612657013
0.603396482420873 -0.846591864034127
0.967457937204385 0.054068971306957
-0.415824769839297 -0.690598829942755
-0.567801722826293 -0.660447710210847
-0.462272442865863 -0.483160056934747
-0.358911354845198 -0.921387852882513
0.255700073990933 -1.21809808248975
1.38295121381332 0.503867639737535
-1.18256156701951 1.28702018113214
1.02843605740163 -0.151381153663345
2.21660879982256 -0.20719196824056
-1.1840912523296 0.358376329404772
-0.929420387092974 0.439999484918581
1.17064234331564 0.177074229489993
-0.353471687832849 -0.956783038462851
1.29184024839454 -0.184229466827805
-1.63026013780481 0.220865400040386
-0.707114559587781 0.144508758238713
0.208356777904294 -1.23173002001848
-1.87146432867977 1.94765505178053
-1.98955963173884 1.22356708184255
1.02360718241732 0.29984139975828
0.0823872859744538 -1.29540980938669
-0.191744051948622 -1.16450594479157
-1.21043416194482 1.9985285782621
-0.584600152163979 -0.206521029846053
-0.174023752390543 -1.15467180471423
0.134836082888279 -1.28302026206015
-0.385977893961915 -0.872315859634504
0.241658749015715 -1.21420216437457
0.450450306437706 -0.983142585038196
0.0575548945652319 -1.29929825742523
0.717804033078434 -0.59020510000235
1.67639193744128 0.487783452321056
-0.655251191382099 0.305326235095647
-1.29454873366176 2.21189151230038
-3.02348089994882 0.0826197303961903
1.43757090212282 0.154330367433417
0.319469919575388 -1.14221883863128
-1.1835686641697 0.795974234468442
0.217598238880264 -1.25629350003865
0.0336717527678091 -1.29919945966393
1.01218430339267 -0.639038624793965
-1.04208899442572 0.678183392197254
-1.17007693162538 0.719898433178908
-0.420618965005937 -0.736519789817112
1.23098635503061 0.225645391593726
1.84466980931988 0.264295883158054
-1.26358621497832 2.00374174068182
0.104985463466774 -1.29259309339531
0.23249726988281 -1.18367142977166
-1.05900494585581 0.0529744440951118
1.72666083107657 0.699870321675257
-0.281750659323767 -1.09797457566392
0.744062868348332 -0.692374524864485
0.416006929762154 -1.10276575670312
2.02298873225606 0.0744551095448245
-0.115315847145668 -1.26400846534709
-0.281224254040471 -0.984602651848097
2.03348260741352 -0.0132196257418247
-0.851104441402546 0.197353506318918
-0.432907957286848 -0.725274049092228
-0.912741482174734 0.139952439486096
-2.36474899839806 2.67925266799131
-0.566858446564973 -0.257063206645085
-0.548308055136262 -0.568708641155037
0.950391841477782 -0.532224589168385
-0.767802780843961 -0.4349517179926
-1.58284476302651 2.13031535184408
-0.121139374550866 -1.22596691314246
0.972054692224077 -0.57871482589324
-1.43595896716885 1.31856568944917
-1.79742934812585 2.46562221208213
0.0580934801729889 -1.29921174989207
-3.6774392160934 0.509195538129734
-0.87817342829297 0.363928751556067
1.02048535491574 0.0217145345358289
2.08020058103894 -0.266247906922908
-0.497885103947596 -0.552852295655632
-0.0591888339499323 -1.27361835749903
-1.54679359736404 1.04441743517308
-0.0418888101304859 -1.27468818502146
1.65873395162331 -0.439471356093739
1.76174951976865 -0.653407412254455
-0.152295925235442 -1.20314777401897
-1.23215389412172 1.14541364836659
0.701447726043374 -0.44417986141516
-0.0246559374290261 -1.29158270550518
-1.19937245194242 0.644030718719268
-0.386845490188569 -0.83643147763492
1.59924619452668 0.429075763988163
-0.577157053080891 -0.13048019273098
-1.63802885922027 3.14481751613584
-0.483729874281099 -0.56962028558315
-0.00869769970190248 -1.29599375904495
0.0802092469366752 -1.2965801139342
-0.327642268523997 -1.13916735678948
-0.95852216431212 0.624701873811931
0.616031790172774 -0.784990388243882
0.730241266641636 -0.942713446828343
-1.49508065266292 2.75242236743897
0.535713327002278 -0.955141442299843
0.358456819808403 -1.05740340678399
-1.91839939720066 2.08010364549592
3.09584220917763 -0.838708254009257
-0.316960717488224 -0.935613726438671
0.37267500424843 -1.0863200027551
-0.905908372572372 1.05772826344473
1.29800244477838 -0.457703706250263
-0.660046024609237 -0.0375009267378695
-1.02267322441385 0.683392852624174
-1.03262797798124 0.700123633498417
-0.00959256749273379 -1.29342036562867
0.873858862699905 -0.78718266320152
-0.238005289146968 -1.09756045796187
-0.877170077273074 1.35297821766898
-0.459596932381023 -0.785513753162877
0.356451362628653 -1.13615636490527
1.32974132757566 0.667085231457928
0.331944078542812 -1.20338778017191
0.494193047588336 -0.940982680974821
1.62123961230682 -0.151554809499557
-0.635114517032753 -0.0897211134464821
0.693771175288332 -0.603335711500761
-0.0694492765537075 -1.28295361805157
-2.28420311157688 1.98120200197245
0.874840602078 -0.455147289323455
-3.09244251705515 0.326157948544633
-1.46103156351516 0.572454661134884
-1.87295529880221 1.40463031092411
0.400965618926229 -1.14926499113424
-0.0910336233538738 -1.25089973252105
-1.35076713223649 1.40332396794637
-4.64891769817117 0.667735309263029
0.0474316865945655 -1.29957429183953
0.0838103674160569 -1.29604718770314
-1.4831459197905 2.17761496459462
-1.06534782129801 0.647700036197683
-1.02958829826101 0.569270130644623
-1.02500322570913 0.222577104370193
0.0855091834630203 -1.29592038484872
-0.765939853624479 -0.13480476212159
1.34279137940103 0.321872153293612
-2.283554626597 1.58303714704419
-0.38541015062215 -0.974673130601657
0.0350458447778483 -1.29928337862934
-0.216679401015593 -1.24036850118345
1.57011081900955 0.0271993787186778
0.00203888823188268 -1.29660415906029
2.60885058415199 -0.518334162771203
-2.57912255735762 2.79411503082783
-0.376029768895961 -0.87470236027985
3.38471408505543 -0.911097110634067
1.62539603068668 -0.168005634502278
-1.67630181150006 1.82841597927683
0.475629902387163 -0.937003849878493
-0.482363131732864 -0.773102821094401
-1.62718130212277 3.18285307253598
2.02646997623582 0.155792594580264
-1.09242866829749 2.67321064063367
-1.05214765567417 1.89988773374372
-1.57536366425396 2.71661760334321
1.26874936407291 0.64814706529759
0.581755201652617 -0.759325262485433
0.5011624780005 -0.900566940230874
-1.0781422454659 1.16489861505841
1.51521593231855 -0.150252247521937
-0.990771248555861 1.07051273373598
-0.175612231058189 -1.23610404840549
-0.0868954769701594 -1.26600229330191
1.25604689448404 0.197463970207147
0.282787298926919 -1.20322948779972
-1.57308980982297 0.530055192761317
-0.920126573178031 0.820001950517365
-0.19686753173196 -1.15739539871338
3.21410675205973 -0.718175008645774
1.06329311737882 -0.281991876239738
1.65058037880877 0.129924177913917
0.0791409387487687 -1.29707224421979
-1.65547999984708 2.73845226403715
-0.260340502481991 -1.12392931151146
1.63989515598671 0.251320795494016
-0.859111905695308 0.139808472630536
1.46977689246264 0.252675612276627
-2.19271248370152 2.62055854866575
1.39924673542857 0.565729860479212
0.98786105717461 0.555505529256928
-0.909037005438379 -0.129135310142761
-0.276123202666674 -1.06349969668082
0.512309962173998 -0.948640485492345
-0.884581834030133 -0.0336818271932258
-0.308503886251004 -0.9383384245064
0.725581746594212 -0.358359643354319
-0.536255294599117 -0.321489337065945
2.07642916485908 -0.28104067816007
1.61038745879482 0.492045673078097
-0.446857764781719 -0.886603799425311
-0.623616579099723 -0.146449242459549
0.379041050353818 -1.00312376547167
-0.940374817782503 0.288689835625576
-0.648737311302725 -0.147438322687359
-0.513483365179541 -0.918513693636441
-0.327227075097621 -0.991177345544896
0.0150448128812267 -1.29684124437202
0.207968655287919 -1.24502017266456
-0.633551187198881 -0.291352990039851
0.0371316013115529 -1.29941384346918
0.815401256477207 -0.458443134538989
-1.39814810171843 0.21455618016446
0.504414660637584 -0.871298552515859
1.11361257299204 -0.0911616014508453
0.157161964999417 -1.27109071218288
-0.69965280497698 -0.204154971844373
0.0979414369822025 -1.29259565705484
1.3483948586668 -0.159307136015509
-0.0241967390450552 -1.29196757982372
1.4270842818978 0.349357649814055
-0.228526579305649 -1.16367055775318
1.33076841840147 0.705749162616512
2.87778038202092 -0.622767516262798
-0.833451651747929 0.136122907158091
0.429753981257585 -1.00080042536173
0.513619770991503 -1.15173693083745
-0.280831185367009 -1.09652263393441
-0.49364796372361 -0.639455610335479
-0.0308476269258495 -1.28526052049724
-3.83380717626824 -0.194990866982195
-0.633670899840618 -0.0525694481559111
-1.14239995946941 1.42842116565238
1.95293225162637 0.249578321768714
0.737752712414509 -0.452965137117741
0.123940593643016 -1.28358430664006
-0.125047457893147 -1.23294008067238
0.143454646062027 -1.27958059593093
-0.875115860348774 0.794206081881039
-1.51689125663743 0.978367335797936
1.62479418211496 -0.408493578786736
-1.8178274030991 2.96849902505103
1.77184888142426 0.27976133414325
1.2765185076454 -0.0347388220578908
-0.30189918113002 -0.904146269417682
-0.258530827665348 -1.08117276385696
0.923654193441562 -0.204381814172948
0.450478568657107 -1.20667996280554
0.356993165646017 -1.12162983220982
0.893775204594432 -0.235414662734268
1.16574699174126 0.477629592460055
1.08849743754334 0.481267200593793
0.689449268619989 -0.613562282862801
0.00839029984512012 -1.29507017325091
0.875979514776706 -0.186531274729323
0.182198012150493 -1.27253345444218
-0.44029607259479 -0.676521106610529
-0.85663319887631 0.370971952693796
0.942336879507913 -0.41710109559888
1.78597204198102 0.352639930435384
2.0072568277281 0.202267667412692
-1.20699647789664 1.75070272508403
-0.852823788693675 0.722927103055308
-3.37915597957826 0.519410226955664
-0.493083454298494 -0.756624839296839
-0.930475568255103 0.765765887547459
1.69897443707191 0.00451055727623853
-0.684959656197849 -0.271220176850836
1.74312743505767 0.468064844664642
-1.00334031016825 1.12344516474293
0.413015977981918 -1.09639760093087
2.28329165932155 -0.00287671138110562
1.54178014765458 0.215051904315291
-0.904223841317417 0.479804842662988
-2.13996938591646 1.79126716380334
0.955021622689743 -0.247513908484691
0.406009375632304 -0.999836461224386
0.0665111168441172 -1.29868826359024
-0.395907375420068 -1.06311719030454
-1.5611101539503 -0.05910921656701
-0.0937669334117548 -1.24356075214758
0.620875355046149 -0.883073835025746
-1.26290614603735 0.915365856423976
-0.363265135463596 -0.782599253302038
1.05331013867047 -0.821912795065016
-0.830561264220224 0.792976862650078
0.460713440046642 -0.913161037301894
0.447530213419215 -0.961045880939273
-0.49549243944849 -0.870234027904441
-1.48730450748296 2.15124045773386
0.092857992966689 -1.29457700796839
0.0980109947225001 -1.29351357143633
-1.79005588591046 1.95661372224189
-1.96608081946406 3.36387018737577
-0.81762292311352 0.735558228634471
1.02520114225485 -0.511420026655348
0.102052316678289 -1.29383793777666
-0.794943401464151 -0.202818420540271
-1.85272177436281 1.29026821089298
1.69568937925553 0.290003006323796
-0.566754258221979 -0.43530241679169
0.99686236308486 -0.0713935118089343
0.996047824384091 0.166192593838167
1.72915447088523 -0.654423848442942
-0.290378284067884 -0.97484926477979
-1.06837644147376 -0.0895271533985984
-0.801244846546147 0.177385741246426
-0.557165213126279 -0.545502920436532
0.375820634735544 -1.03850063446645
0.607790154108838 -0.814723489572861
0.743077958952555 -0.406974337272994
0.0887185357496837 -1.29551216125459
0.566279984168758 -0.791710193005777
-0.502595384215557 -0.50722001675526
1.6667074488207 0.334449099445297
1.33505323573611 0.484671070885606
1.92694099850581 -0.435376268984664
1.84127822836411 0.161178517738011
0.278975383513586 -1.21434956485299
-0.506974724761751 -0.540692306480327
-1.32062333118596 1.55351335525744
-0.253975233211738 -1.07347226712964
-1.49425472758244 1.59492610182212
-1.79207732283302 1.84397277941592
0.0430535688414304 -1.29955754887641
0.1046027376851 -1.29160781748361
1.2083843258775 0.320262026256484
2.3225188802419 0.315882373196877
0.175565319156898 -1.26132088759959
0.233905365905505 -1.21847272813853
-1.5910712928962 1.02020753914567
0.2520755083074 -1.2005707605299
-0.59144345108558 -0.361911253442105
0.417980560421087 -0.99459122433477
-0.270418246322106 -0.995435608814694
-0.581214532016441 -0.182203926556406
-0.272443196759343 -1.13781436823739
-1.89193448953882 3.083977645364
-1.69963801518241 0.7805795272239
-1.32070310412344 1.22056192687815
-0.672269305264757 0.0909769199649279
0.120485188485093 -1.29102667771827
1.5475077887742 -0.0640239320155607
-0.950903142387088 0.489968510082224
-0.257244445084097 -1.02335215019963
0.783389328818171 -0.559854482350352
0.977672214013252 -0.397736306280911
-0.629724013129085 -0.0176492505301572
0.0818499950475487 -1.29589243199829
0.0305575578915685 -1.29903151817168
-0.136895121501565 -1.21275361770991
-1.85045238212773 2.48151917862517
0.318931804289442 -1.14771507994017
-0.49360155364192 -0.488911996190331
-0.150530387700283 -1.17235291927101
1.66522777400485 -0.15399780720297
0.0760414125382579 -1.29742215744286
0.523669522299167 -1.06843204033477
0.876617232709995 -0.234552400897472
0.58887682109054 -0.773408656087222
1.08077996573272 0.127637764419739
-1.27864149480601 1.39520577200522
-3.12914366272472 1.29892868757865
0.711838080407055 -0.5083700791128
3.29718294679454 -1.07930901151211
-1.76595993643653 1.33472358737832
0.625933697427341 -0.714831081608507
0.562440123558557 -1.09649147929898
0.458900647199319 -0.919561520890197
1.24485771825039 0.060906414899945
1.09490010607659 0.139717268942469
0.553097998948653 -0.748985252376895
-0.295037855671148 -0.971414501070997
-0.758614752838768 0.242506072879141
-2.16916356225109 1.07636280282068
-1.94923348209577 2.90708853335405
-0.115719939125719 -1.24706481254231
2.94512754495284 -0.684905501965602
0.046935363379937 -1.29957619143875
0.193901294215577 -1.25686841447968
-1.3727803574386 1.93602496568897
-0.305425918070689 -1.0634086264567
-2.39367204412041 1.07157030752544
-0.620263506607397 -0.0496473077863648
0.864186270231964 -0.659191049237881
0.00278900457069504 -1.29630493225975
-2.25687366280216 0.506767434826232
0.965837953510801 -0.138788334109461
1.29066831406029 0.225147387070955
