-0.359226282015703 0.560275253582233
-0.405281505895144 0.285030129345165
-1.86067705506725 1.61660212497575
0.605791608637925 1.21682144670578
0.260677770255717 0.585419502048892
2.66924958135837 -0.244976359498779
1.03666656977715 1.04773331820955
1.09690290920898 0.567275823695408
0.695982185049126 0.663582956292878
1.89920414719787 -0.304067017784078
-1.71096904685099 1.74085058790001
1.46202932570196 0.888738131565518
-2.53082736812582 0.952574109451053
0.692067602630813 0.0966214539217018
-0.0779744750649503 0.149838337641349
-2.58905779870338 0.356545687190424
-0.749152560338322 1.17056456615138
-0.0910905998006858 0.178542936522524
0.661711865055075 0.915378146799984
0.828990646557236 1.46936794706351
0.998249146812934 1.25240222185046
-0.921010396888232 0.467433143473029
0.451970706731917 0.746402819879859
-2.08018635437799 1.19441451338196
0.0511774695416851 -0.515232891771805
0.326582573795909 0.663194557855043
0.641843414031347 1.14012159974195
0.617279558492642 0.953988531771
0.0838506319593771 0.133819911213559
0.649777075788759 1.3585697362653
1.49436663195866 0.359042242041812
1.2908894316462 1.33566291107968
-0.273298339834565 0.457035106901666
2.25392707545121 -0.257086263425093
0.468346201075372 0.993895484417331
-0.331574411472659 0.00123479241447724
0.778524702959768 1.2312466088316
-1.76733748643925 1.62066975712779
-1.84955651167138 1.24414581324981
2.24704847938715 0.171152118159242
-0.135397532677635 0.48703227898561
1.39252479123767 0.638413594920884
-0.0975589442658574 0.0745191582640041
-2.43231350124156 0.577416673375738
-0.924784885361288 1.01660658364753
0.233771388216233 0.72900476934223
-0.321193346737292 -0.157329953093276
-2.20144541292292 2.42498613776612
1.57074138325647 0.832537725904081
-0.093622510009329 0.202677510878173
3.67267401325876 -0.676241595126515
-1.10717704233709 0.96479163847303
0.702455235524109 -0.61177941705446
1.13088197651964 1.0359219271284
-0.37735865588588 0.295496414189861
0.61428279406376 0.384561347947119
1.14832873043473 2.11090538547882
-0.781588845219841 0.408989312611128
-0.563785189083864 0.657115569984258
0.244338257811896 0.456161783290748
0.3184388976784 0.896966285997844
0.338675599734301 0.271703353323206
0.727633550940244 0.687855483981186
0.765184225947487 0.952346164782866
0.301719238991245 0.957766601835422
0.418878112581283 1.10840653364734
2.4493099453195 -0.169786686869864
-0.573262889997937 0.564598915042165
0.852510411401059 1.63682220740144
0.09224856083987 0.407737476736409
-0.281435772391821 0.495073612888761
0.964009399447059 0.237089537895142
-1.53142368273018 1.00436757186971
1.46818467441712 0.615382854049441
1.19225754336709 -0.110749646769001
1.01511321980407 1.10876074439787
1.00495340545707 1.5487299838374
2.49666407454775 -0.117107696055408
0.176718037271101 0.620972452999726
0.609251134972343 1.30043220969169
0.0243182609395914 0.109764645024512
-0.883026408281858 0.954684825492705
1.161930369249 1.66454454356233
-0.444631695314638 0.247374469336327
0.799408916440946 0.87042851635529
-1.01927919185408 0.692811428791376
1.59417229094412 0.199240083079249
1.68034045972154 0.0182311131261379
1.14237782483954 1.16882590721177
0.206114910741804 0.602530794624107
1.86688968699769 0.490834910841245
0.449148648073363 0.543066275817004
-1.14498294472242 1.63891334858998
-0.447319704107958 -0.100628577347669
0.752797211063377 1.34718173368145
-2.31080729990744 0.18530505466816
-0.279556170008372 0.0190148484246251
-1.3536706195734 1.68531798287079
-1.06495827588112 2.18840235662033
1.29944262238805 0.931296812146366
-0.57518026707906 0.567918354560114
1.13402813062278 -0.277923110252301
0.555132107200207 0.686094870732879
1.51807585560734 1.03203279388636
0.149136760552485 0.437025385785081
-1.786617241835 2.15992379832327
1.32235590025476 0.914990688368899
0.61565150800824 -0.276081277855839
0.373200173549707 0.820791893385187
2.62202575961151 -0.217861748291385
-1.05141024061937 0.668952978674598
0.131196966735388 0.288931276689464
-0.00558483697132732 0.174755146159258
-1.1860594843147 1.58154350706289
0.941925537642992 0.740926520630984
-0.871877375535308 1.38568286659638
2.18577930652255 -0.0674378220058035
1.73990278539004 0.425433060752103
1.216220374764 1.53471782721255
1.06140870727381 0.585538303803363
1.80897221969797 0.785991268149111
-2.02768455813566 2.15153126175965
-1.26429909783249 1.85181190655999
-0.948173571955284 1.3584009389545
-0.240155073795993 0.247675394410077
0.510791371549629 0.864744870075627
0.134952792744161 0.515594637027922
0.0384705626320906 0.0510914038936102
1.65455006417207 0.524818821439176
1.57375276774508 0.517272409348018
0.737548901453305 1.27761163531233
0.599367425215604 0.850326557252299
0.383210443641557 0.888364827905471
0.856979488130146 0.202286850444724
0.466352043505989 0.915611195093973
-1.93365761968339 0.454986170621604
0.829733940872215 0.496939534329198
-0.117030915142361 -0.05467297694415
-1.29856171914254 1.74959878542771
-1.09442227207932 1.36690414554743
-1.71186851238316 0.829914319912749
-1.67396029774077 1.45300314600323
-0.941491946979687 0.918449316472899
2.87909070332293 -0.302030238936928
-0.335321476429314 0.0351188111978341
-0.459888099593698 0.297666354461501
0.546002882318931 1.4448546483266
-0.787170955703919 0.545259107684269
0.443949820325939 0.844659822167064
2.27066525788671 -0.0576285037448715
-0.594941593317936 0.480932198920189
-0.427802261069694 0.0795981624969447
-1.85057448490146 0.483432095200573
1.59444033105907 0.255269596434675
-0.105956068755527 0.0613938653276513
-1.91283959008497 2.36795248066554
-0.347185397293624 0.23376660152549
-3.12673729048311 0.334448457172144
-0.213208530531238 -0.0586213261106212
-0.943713651959781 0.593706413740848
0.34469881691294 0.717680429034588
0.078829468941128 0.257671163791697
1.0682629239565 1.38064369129239
0.651772247702842 1.21832095852458
-0.478788786678806 0.161358176142371
1.32886029297659 0.674704599666931
1.12749228591249 1.1409556953192
-0.528402263814164 0.0778318403796102
1.318368917349 0.517906393967569
-0.692748151144829 0.0799150108784719
-0.789956070699223 0.431703047686643
0.585551516422301 0.81547139964927
0.156755835157627 0.849025279133507
0.44298542662308 0.716160558341089
-0.320140493086938 0.368937981782886
1.06585010752641 1.24498622190643
2.20786617382903 0.182689624297376
0.570285028600312 0.631426261602639
0.769927806069002 0.748654612897641
0.421474542192618 0.231664203196038
-1.03442588602637 1.61323286044746
0.160195937998484 0.694780072968581
0.554380279862871 1.08972074678997
-0.655465202058311 0.733526695221651
-0.809623210207079 0.739566642081691
0.915439143105155 1.25594795218662
0.24301371250438 0.499576375609691
1.07287509782917 1.04424984916308
0.327564698839349 0.877509307096706
1.64858813815383 0.77179043798186
-0.598651231194435 0.199916969469015
-1.97820540291588 1.73419400566262
1.12534066770331 1.33141322103837
-0.401282326657234 0.271232356954853
0.443217974234222 1.2007560062477
0.267060595057089 0.881525766704496
1.27199964470738 0.915253782566753
0.00403150669290641 0.306609324047258
-1.55694949780918 1.1139327367629
-1.23209544562959 1.46729537356521
-0.655871107085959 0.446426855948577
-1.01606224229957 1.01540318397961
0.572368074437706 0.769766398216064
-0.600930831362168 0.887226147669464
-0.523809993381809 -0.0235899291838556
1.12813023379038 1.47965222081901
-0.438188688027356 0.0215556675823999
-1.44580163985898 1.96095299584485
-1.04492870104725 0.862797203144386
-0.557549136531496 0.219040743093391
-2.98898723275536 0.81421231850702
1.76042805220129 0.594194135035613
-0.318061836008932 0.138075203520051
0.584305453630407 1.15345518249392
0.868749438804137 0.853115566892092
-1.36165395253168 1.4317304985535
1.26483790491467 0.642206671831743
0.655923603363095 1.70806231297269
0.221829164401259 0.146812865165536
0.0819295897258167 0.779182253851044
-1.36897262060011 3.16246995964634
-1.76623979410636 1.64025073532713
-1.45585511142538 1.96143591345224
1.83878037240112 0.212258597790254
1.37709205999547 1.51786100161777
1.01423530319504 1.16807688210777
2.13102641760632 0.145585937017129
-1.56767171993661 0.567016634584911
-1.48151361377611 1.39571867595133
-2.24856492862791 1.25133608025033
0.807842699059611 1.35174310453705
1.62916865865732 0.161975864967555
0.0906976541794813 0.133216620307622
-1.73438566147195 2.14091425497468
-0.667005044793083 0.418075211167592
-0.873624104813416 0.378146205983114
-0.262821699098562 -0.146718975348448
-0.328407046258259 0.231725000507648
1.94344710548469 0.415743698540222
-2.25158877320741 1.18999705872576
2.95337274745241 -0.408387730939815
0.736710575761055 0.735795019209976
-1.8202979062252 0.852169323641433
2.19011322583658 0.248006312541522
0.977305905816508 0.524224664193734
1.00030744541137 0.845287369507594
-1.05212807066681 1.69953593422872
-0.70089722605467 0.335462523099824
0.738109290594567 1.40150380985688
0.41727991357702 0.020683346994553
2.31470385550473 0.20824469291311
-0.462483724696577 0.46215398750371
-1.59316652033229 1.9152800490753
-0.152661135725756 0.124841827576274
0.51922721420155 1.07120137135594
-0.628135184227824 -0.00361851770396099
-0.801423205087901 0.60754502925023
0.519416868814274 0.624262560516486
2.19574256350545 0.126608294998515
0.0487619646023517 0.513450399813422
0.187007494741963 0.844992460546733
-2.37427611789121 0.417364466449355
-0.0329031535634855 0.143766204541154
0.257082172310639 0.116601893443147
-0.679495464970396 0.308248418072081
-0.181655339381534 0.304346330115458
1.81674436260852 0.689570642387816
0.0130595355095571 -0.197968921101333
-0.162882523123356 0.240017201288454
-0.896482106306192 1.37291945202509
-1.92159807567813 0.834881524420947
0.0343679980646016 -0.17060635914963
-0.793658638024832 0.775655053016993
0.63757404638275 0.922271376530064
-1.99997673830111 1.78240239600749
1.03163328905752 2.28871645365402
0.139432977397947 0.579102309302636
-0.771773883898997 0.509821108725793
-2.0159105720434 1.37111971884537
-1.00283694599198 2.06615148239741
2.4365733052065 -0.14030788777631
-1.77458717909345 2.12871381191712
-1.63823944898301 0.804382398308884
0.000865327593839363 0.307080406878395
1.35224707998451 1.09271618654685
-1.13905823139209 1.29262058240135
1.56944283987244 0.992168365217332
-0.336368706016626 0.0675325307686312
-0.994041155684755 0.108972908833437
0.742053051621268 0.835945421933116
0.751984959892002 1.03824505601387
-0.319259146753767 0.40075764707115
-2.4227731842807 0.713013104434513
0.490930345290728 0.861254921056524
0.328397528566084 0.406106135332057
-0.37620328186969 0.45834658982827
0.237942983234404 0.35439841838997
0.0145047584367514 0.00877993000193175
-1.56197648242453 2.2988626920222
0.866941587771019 0.789670503425715
0.739603911166327 1.35476308486302
-0.132265242300932 0.344361376237442
-0.7906451663677 0.714788776813186
-0.962706578557161 0.470260284201314
0.0280900970116207 0.590408066259051
0.707216468057781 1.7193744485788
0.619827118992306 0.700695479680699
-0.825877521628543 1.24617902001474
-0.639805383707117 0.411846995967514
-0.371703634527892 0.192347303621194
1.19080003215535 1.20040682561146
0.735342015832362 0.570303169420426
1.20142533276387 1.72811858672139
1.07100697856773 1.87111738472601
-0.0894197623928708 0.287054124493916
-0.0456167133450785 0.579847795321829
-0.872032226721346 0.0581084586662687
-1.05742513754804 0.904586484811998
1.73004081779312 0.907556856032514
2.01477438831203 0.134947366367047
0.68361171343793 1.16544545740016
-1.21048127127917 0.551609957612232
-1.50287234431078 0.99341693741081
-1.9248422212799 1.95395409658376
-1.02702656723208 0.655423463087025
0.944813158890865 1.16844243238107
1.35479628373705 0.505595022501509
-1.24387060669253 1.14879500787252
-0.87600176141206 0.75536020283227
0.343484373688068 0.42036523094354
1.6671488670869 0.157319030201273
-0.929269255257775 0.921118318174358
-2.10609442955717 1.76835961743393
1.05461641482748 -0.239352356598089
0.174458563930671 0.270980571975356
-0.52950050181932 0.336605834861112
1.88634844188759 -0.202994555147291
-0.853610289860905 0.521803156401684
-0.35891043176718 0.132164994847506
-0.655723062820742 0.00123313056543378
0.234692035952479 0.498162057079112
-0.121875234936841 0.550715059245413
1.38429554470148 0.876636353116788
-1.74447779178798 2.18858969812013
1.67580475121401 0.803001898184448
-0.774505562007675 0.242738834717612
0.641015888984513 1.8509139784099
0.377526520906188 0.28892673628985
1.39528384468995 1.06029833221535
0.413331946566372 0.73317945748163
-0.556975133807647 0.520733082694541
-1.50312542139856 1.7477935729707
1.09815626682758 1.54335212882457
-0.195551761562684 0.346815765697169
1.67781785258798 0.767489647578937
0.256522839764005 0.397571832671995
-1.09398579436471 1.03769448072368
0.908109293039183 1.23317928458415
-1.09565386380436 1.77566120534226
-0.249152556021188 0.290292250177897
-1.00689802123498 0.783720728914226
-0.809054942578638 0.784882012782552
0.833252317382776 0.728829591699667
0.246148637555879 0.690478317678143
0.567218891138247 1.26542570108119
0.257674933155255 0.701844983438082
-1.20492639439408 0.979862529448037
2.40443072804376 -0.0384349056517674
1.42093309398743 0.963459908206651
-1.68419551241772 0.902482180773337
0.37740096319422 0.278045893999407
-0.173134654290589 0.128658972991494
-1.89029133068072 0.594651388102725
-0.409915656870722 0.180613635920298
1.5256581122371 0.903430781736232
0.528456860258588 1.07624146134317
-0.74293478541956 0.552386358041013
-1.36307818332686 1.05847777545849
0.137015304268754 0.07828533674018
-0.218224636972275 0.281625718420015
0.640283405386068 0.377194882686123
-1.51637994053458 1.65287442618751
0.0258510834666508 0.192105736600338
-0.791400582197062 0.23079995702492
-1.62484885327338 1.89460270697247
-0.891190973990412 1.03088151722042
-0.62470657402869 0.304977791215744
1.14607792598586 0.890411717064243
-1.92399972345436 2.02458136032926
0.821475769508688 1.28418404031338
-0.289526830006027 0.0483420683235673
-0.0407853230920709 -0.0654028306429401
2.35635780443531 -0.216870506569495
-0.987037033446808 0.214171966025351
-0.50841122153906 0.0395535369875771
0.812697183582812 0.273960201020125
-0.802851617244412 0.921669555782607
1.41103102336211 1.27577930782291
1.21241981219646 1.14533653450524
1.5504580041968 0.523573157896021
1.48246220584624 0.806105995543268
1.46786383434434 0.615450180819526
-0.179457681741257 0.0601161435723949
-1.8220566497403 1.36889610178179
0.0122424340231235 0.239984598256098
0.869583720688445 1.1817656514716
-1.00250763063795 0.445896516914352
0.998271689347222 1.16620668648975
2.51693464373859 -0.0801847696831831
-0.0659736916426126 0.130074609552161
-0.644802244869882 0.802120674943326
1.36219287099945 0.333330878742208
1.75099780305692 0.114782423148314
-1.61189318495889 2.16848533965064
-0.529331348979693 0.0659751859918976
-0.106194832985293 0.145275317035483
1.3670463365265 0.524027874574888
-1.56995326344656 3.24536979914463
-0.580176478291215 -0.117135319835873
-1.35852406096945 0.555924966721371
0.288008606156591 -0.056246954617836
0.421408484871565 0.657492942260372
0.341091430011105 0.910335861577354
-0.886641364720683 0.45543736209611
-3.7821725506437 -0.375123192275989
-0.386984598841677 0.066136977926434
0.380523376134526 1.07591249323257
-0.112269523749669 0.262294179134726
0.182265108652652 0.0522404210304517
0.132565974124541 0.711871776231972
-0.421387328172599 0.367383730303131
0.67996565707024 0.668920844685879
2.02635028274487 0.307803698153381
-0.411984957033329 0.47219415671796
0.548077758257738 0.954212899223615
0.154757450153079 0.6355909032111
-0.0420471138236241 -0.189442870910557
-1.87606117183439 2.00780493470833
1.23378329945842 0.504761195817473
0.5218167331662 1.21207003856147
-0.0186576304006557 0.492357563288696
-0.232740863164238 0.307182036743664
1.90004170202882 0.232321512799734
0.166870874432275 0.19978524980946
1.73205170185773 0.551347138824831
-0.195223049109661 0.235568662132189
-1.43844673436819 2.30533725731095
0.0906450441416958 0.451129230026856
0.18748924118858 0.723034702011537
0.0309555939002628 0.657561074941283
-0.144760358085764 -0.348969398997547
0.214704325962468 0.20911614111706
0.0295067761556814 0.592033131156167
0.460752697132549 0.533450861138336
0.800277045368425 -0.0015818500173348
-1.21045379769358 1.27006821499475
0.473246210219906 -0.184406958796586
1.91322442370251 0.69080741019973
0.648463108794959 1.62488383045453
0.616542144157002 0.807840812430895
-1.40955822029648 2.45597650351097
1.23526503530493 0.407715026447592
0.898718039334821 1.15092053188194
0.57809063704259 1.43617062840603
0.901102101344356 0.711356510975224
1.93830940168744 -0.571967178814298
1.06621711771565 1.61832798808813
-1.25660035311505 1.28938473018
-0.029527471901856 0.103826611558983
-2.13937467699499 1.31823151115444
2.62001604954789 0.0219951516160537
-1.88164615694594 1.68596764303857
-1.18299875907265 0.974916771708052
-0.937071191282069 1.07359935757052
-0.808133638203542 0.514745528827599
-2.06804935720113 2.34800859190787
-0.0423971008223092 -0.212086775989811
2.32888981742118 0.00391762887032857
0.20914613879295 0.886604621668334
0.892013057894917 0.709141182019383
-0.69148420955529 0.733268406679309
2.48652802232149 -0.314336760814656
1.39245686036709 1.23442020921911
-1.43958811050183 1.36804856800973
-0.841484210830977 0.792413141973027
-1.86534657800281 1.38142069816501
1.07936759695742 1.10825366115883
0.969348387377069 1.39252359823948
1.43739919577734 1.26627494964896
0.104681693108646 0.102186639182099
0.673749127575947 1.21206098670863
-0.314112639488722 -0.0809571831677529
-1.73019592212222 2.03184885020468
0.170632305484048 0.215071800502759
-0.37073533236947 0.34273140500589
-0.61658773831068 0.649107371626551
1.59282611302311 1.07655602696104
-1.39055594376581 0.82708217438903
-0.935046103813146 0.959486706925315
1.4277251383419 0.893026750075666
-0.0940131632464619 0.228112785497948
0.165583601327674 0.493871515630725
0.894762951448917 1.64265137436583
0.838522525620804 0.604984535492033
2.81821879044455 -0.4009595166122
-2.41467165433998 1.03557380606511
-0.21975099924011 0.162813770633226
-1.2012871446485 1.03446139628345
2.02740844542579 0.332795304029111
-1.18122454011851 1.13481962209218
-0.288882134043617 -0.148679057039448
1.24880265220345 1.1969138402224
-0.530200238303559 0.863397125415402
-0.388612983805468 0.210249650064544
-0.450195827038084 0.185122278241631
-1.62578149273508 2.31444418984184
-1.65557259333916 2.10636303626061
0.0997127679299209 1.06967344518844
0.498059867606601 0.512649058800664
-2.25570136974903 1.82991315866586
1.39833690558948 1.08811847809766
-0.985582950767607 0.468947067915111
2.71519809211971 -0.284194847856402
0.845880155574915 0.909541860511927
-1.24410237376145 1.18516330032342
2.50230274902538 0.096169424333103
-0.594933734207113 0.102765430293393
-0.335292505573945 0.23822654722219
0.842901326707833 1.00507321744164
-1.41867396377984 1.80625095156814
0.152012983891756 -0.398958023522811
-1.85553329776325 1.2527111139106
0.654015583435073 0.514473473954981
3.92193570118672 -0.778036840136276
0.0491427109016302 -0.336419918053233
-0.83932123223905 1.18020131682993
-0.985344927852962 0.074372511516272
-0.350124388049779 0.11041505755189
-1.36997047492028 1.24155034268684
-0.371319964625084 -0.0758935009026263
-0.0614693015200922 0.0356848374774368
-1.62506837823623 1.57064115902356
-2.7561268638953 1.12506448453928
2.26462927471242 -0.0609896062500768
-0.108315171590431 0.301937171921352
-0.232650662848058 0.299520419244294
0.290523251933023 0.902475661462438
0.307408016524317 0.089229260827238
0.43096678348864 1.0112811745863
2.31153942147528 -0.13492205691786
0.1030981514009 0.658885364305283
-3.13415672828596 -0.158838418583076
-1.43630599815832 2.77378839016609
-1.08211118637837 0.699671301652737
0.371558890642238 0.616880787399297
-2.03981885988602 0.104667238857223
-0.260622841004799 -0.107872883695615
-0.645433550606749 -0.305037247947933
1.8283524381077 0.764558746598006
1.846223993129 0.35008875783135
-2.11784983443265 1.30357545548914
-0.275737869406997 -0.191741672387131
1.03945457982157 1.05997441254081
1.46268931084914 1.31893928382301
-1.10118638024839 0.736547230454647
-0.256969500610982 0.0921886161834101
1.84853194060396 0.347769504516907
-0.0627029939586401 0.37891440469084
0.71188202470744 1.19250665103967
-2.03013738765936 2.10900603414052
-1.10514375237796 0.540723560121572
1.85618186653355 -0.0287683219203876
0.0696315930226126 0.261934650799968
1.42238179689181 0.4935198290616
-1.77908554282934 1.73024925453543
-0.290355652492352 0.074054238035707
-2.40579280595257 1.65635758779106
-0.762742757258052 0.583770580688831
0.612527569928367 0.700195555026957
-0.782711599802117 0.98222153011712
1.63444883044916 -0.354143632563394
0.824401567419609 0.821165038036118
-2.64977991468978 0.553689502278639
-2.02474891079165 2.14181617489396
0.0602704540259118 0.648596514087361
2.20106733312893 -0.153261894250584
-1.05903784656122 1.64122903372341
-1.25681309798126 2.27520467710606
1.92938474665394 0.577317195976916
-1.28977369839939 1.52510728732887
-0.56533070187936 0.0583519796725023
-1.82862714688535 1.08332604208059
0.645390526495765 0.70758650144288
2.77409178786285 -0.292829313533156
0.612549354946663 0.229657471129673
-1.36995490409028 1.68006800904829
-0.487499989992761 -0.024552902231759
0.979928939680405 1.8589928912856
-0.399838038733564 0.71327284948103
-0.491625488926143 0.193999746907843
1.62043300938649 1.09720434947237
1.69741728148559 0.525496884312871
-1.64530894443702 1.74804724750427
0.280448157769868 0.125549787425385
-1.1616101322953 1.53493086234789
-0.285643056002161 0.281640537927044
0.123024110365986 0.257040152943492
0.738803240585304 1.1570111935736
-1.44916140858694 0.0026898427146349
-2.26842165899721 1.71894997453821
1.98083344886584 0.62335481933091
0.758271562894929 0.491273915442483
-2.26480518422209 1.03147960001676
-0.268199930661291 0.277305204900438
2.03072362163182 0.18500063817179
2.37454604173472 -0.223846408890845
-1.35313214117267 1.51967457518475
0.315715972712969 0.639335812281921
-1.31304599935294 1.75571393581508
-1.36640180687321 0.854494876006248
-1.25336555242295 0.946554625653771
1.23506460967461 1.22347974358673
-0.7510408075776 0.854458816424063
0.938770756673308 1.19051870309673
1.19915365215054 1.75444838800673
-2.01531004193193 2.20537748855066
1.47386730228078 -0.327590786743795
0.329269217020698 0.821022555020247
-2.14874959272486 2.26047641901125
0.0227883242857348 0.334132040418134
2.51719266518754 -0.0429261164965694
-0.93693468360493 0.738157985032873
0.52510697898058 0.312533852503789
0.0465975552169832 0.432682807836623
0.486996187387569 -0.0363699411880333
-0.0144269722627851 0.135731672373114
-0.811710063159136 0.329610696601855
-0.642526028757181 0.540396469371423
0.0277190076974046 0.075198172653302
1.0772250081018 1.33721444010208
-0.757734135497476 1.08152335164311
-1.97069744109297 1.82613839990337
-1.41969927305953 1.31520216153263
-0.906936160942143 0.94980193044279
1.55471359024653 0.280628440681587
-1.30072095901726 1.29316313397739
1.69702420249364 0.44474419513296
2.66332922300536 -0.285003523210916
1.36946879416718 1.44430081519116
-0.154907533979423 -0.0296128869911302
-2.0246118116311 1.34882574298306
0.895823515163943 1.3790235165635
-0.845936419554884 0.661901703553048
2.12918332607187 0.314743016602308
1.03422143524019 0.977135702640247
-0.167299356988687 0.509092693718211
2.3550937716031 0.335378131793518
-2.64777980345063 0.715698306966452
0.651985564881311 1.1628919722505
-1.12375020628307 1.63210885247685
-1.37769229167875 3.06784967296888
-0.30197707850408 0.299691436241131
1.32831407139623 0.938277005085991
-3.19987155541173 0.545522223390877
2.05848944300994 0.127426384884282
-0.742621345066422 0.438277377746532
-0.778130254164993 0.802035231494654
2.17890664693784 0.447949490257907
1.14955855728358 0.984077412621432
0.119294867016703 0.610714446137502
0.285129675134711 0.857176875914339
-1.67627259817321 2.90243717411585
-1.10100021441656 1.15381792782932
-0.422306316897006 -0.155492153813016
0.472970672226825 0.445543047671573
-2.11390258022953 2.06186045919348
-0.110666310788161 0.681559803514688
0.642756400089376 1.19691960822744
0.34707225623174 0.459072452005318
-0.0390248675490117 -0.0578195157136507
-1.10804379970777 0.445366526237029
-0.127808189822647 0.308387885182423
0.0996864215176831 0.0829434721226904
-0.0675694828354383 0.0454863591493103
1.16321723370003 0.468655772140716
-0.900546212875845 1.09431151110179
-1.14758388615924 0.839521296001364
0.949617809190901 0.856810705215988
-0.859118539119573 0.971212494885538
-0.0537491663175754 0.0641302755183458
-0.268850237272998 0.339639688600582
-1.06189522279555 1.06390701610011
1.21974854174492 1.52472680278627
2.23468523898189 0.355288709547618
-0.24632388994146 0.228618839980321
-0.129984544073544 0.449691833351547
-1.2729097395658 1.25751020330673
0.547349218420488 0.643706350042372
-2.39579600093476 1.08345520070054
0.967515418452623 1.78965696522517
1.66031912929856 0.149752969924138
0.366949800122245 0.770738192411521
0.408419683140624 0.952938706197354
0.0892904440551611 0.222966530979646
0.979432126447739 1.51484928575812
-0.170236918768848 -0.240095301692796
-0.634688077170452 0.427498744636464
-2.17824679248922 1.25400289590124
0.76253520901155 0.506538958453877
0.838080139172808 0.86432682971879
-0.578822547830752 -0.153934224906489
1.36144554743549 1.01235897570514
-0.231987803605811 0.0480619400308789
1.0314951307478 2.26848430591369
2.28841411047062 -0.171048761668526
0.140568998603835 0.677856053796099
-1.79154893436461 1.9682066287338
-1.19106339538843 1.93051000946986
-1.47496975995307 2.22180431498938
-0.113424487947766 0.422041916179902
-3.05882851842567 0.180487308888347
1.28457351381871 1.36495340171708
-0.616589280413896 0.391977125117024
-0.438710233569657 0.00727737185775609
1.98833389038959 0.354888644926685
-1.16394448737665 1.20983119211346
1.6892429302451 0.152793799442967
-2.23038489209326 1.58237038847972
0.0929822656705407 0.315176818016705
-0.0699316253094298 -0.315935158374264
-1.37176798856477 1.63420422661714
-0.107904495827517 0.703678111297672
1.00347573770067 1.58214229567817
-1.42252436639323 1.14549006706044
1.40329356778559 0.836466575871122
-0.679205097880013 1.05306774172523
-0.436912437330781 0.0112278039846652
-1.03341533217201 2.16816249270853
-1.22957876789297 1.47773457713696
0.0618067883668239 0.468365103806203
-1.63037234907099 1.13714624417719
1.15503884888032 1.23839831160366
-0.722423704648953 -0.0965372760558203
-0.926277327633296 1.18650101140715
0.594145863589492 1.46789272703897
-0.991366272190129 0.52102255135268
0.660618636390684 1.1464921842776
-0.227992428892346 0.0187245649782286
1.30860141268378 0.641420949535206
1.12624269982234 0.840061333118497
-0.292097731989818 -0.211112756914609
1.55497867938929 0.577519175319374
0.835121036607303 0.887945902566801
-0.102012838428287 -0.0271502317903367
1.27896073729595 0.862299214301611
0.776157480511529 1.94980577955356
-1.75839728899592 1.76548869622592
1.36397327955841 1.07463955544485
-1.17172754338863 2.33446295219368
-1.465283813903 1.63574989165913
0.0196213023604299 -0.0571805047684111
0.553197366090036 1.25903279247715
-0.187015614779276 0.135840434952972
-0.577801818283703 0.602092109660432
0.510497985816408 0.483626893952269
-1.08696235447485 0.785771347905937
-0.290568250158869 -0.215896031626899
1.03050510925872 1.13342457432987
1.77447286118652 0.813420478981379
-2.14448201511609 1.63504236721148
-0.113967845896536 -0.0830699017619576
-0.634269160768059 0.526080775999456
-3.97902741776006 -0.668615612506279
1.1125422497026 1.78173702290446
1.15601296308884 0.831734748232581
-1.26573193933308 1.1536257458577
1.06669618879298 0.631035385152595
1.0332205337283 0.95302597846566
-0.481178578002151 -0.069661225597154
0.175653927102724 0.182772302503936
3.58501460674639 -0.665209954356268
-0.134813581451604 0.306485748265977
-1.28954285631144 1.51458036990932
-0.2082141434808 0.103747156009827
0.825780596136976 1.47171387321674
-0.266161098016144 0.365035648340764
0.5953344014245 1.05328556734733
-0.919326126331137 1.30881643793718
0.351919927000867 0.354335501288796
-0.482049553541821 0.135196130965019
-0.296206570502576 0.0194656563176505
-1.82805467173996 1.29251697591035
0.0679137114856518 0.11464406307261
-0.620689494813158 0.439347038669045
-0.671504869994762 -0.135569526939519
-2.16362115188909 1.35986925441815
0.703662312812615 0.698706004212449
0.855219435871204 2.23350112377143
0.13942048314479 0.499030006576339
0.502304643609267 0.704498317314855
1.01696930522229 0.707695220097593
-0.51291336919153 0.165647476824933
0.691641512809628 1.09612957975411
-0.14699125577012 0.287499657671797
0.667086081876559 0.692226864075632
-0.801867946883385 1.86283485564424
-2.22077617233992 1.77949307007147
0.874068612373985 0.868856241203542
2.92867090367654 -0.497458141053805
-1.29576868579265 1.25668264599583
-0.264370603216072 0.394343511637255
1.01710213871595 0.132996518679313
-1.26927711991389 1.5563635476016
-0.356251379816844 -0.17252619032935
-2.44490219593107 1.50273217027891
0.400550247791294 0.699357821065822
0.600632393559666 0.650458867808887
-1.45454692224457 1.72357184141354
1.1495098175717 1.07597168431954
1.82801275183549 0.0853476790193715
-0.695677214224552 0.583679249836728
-0.71167545736291 0.677474090104411
-0.292116770593514 0.138049306786861
-0.636658956171202 0.406516530835769
0.561217147383841 1.05351543806162
1.14796288314991 0.846268686873386
1.75384203869852 0.296256053615163
-0.974575072643225 1.30146353960157
-1.52731302492062 1.2115173466735
1.46085936012232 0.928735219923688
-2.25454942093282 0.782530406702852
0.547876593498412 0.980971484629433
0.0335605744061122 0.195421923715985
-0.039344311013879 0.00793744862165499
-2.13131880175271 1.53421775541187
0.824637635174315 1.83245071218689
0.412534684981207 -0.259369279534971
-0.350801477241989 0.148328843526024
0.436820822147654 0.73909458134822
-0.598723365450054 0.481853379363776
-0.996021287911074 1.01159342846363
-1.16414429624217 2.2101984836894
1.52177914207823 0.582915435971309
-0.56928964907355 0.0228903451092699
0.57053139393799 0.748952110652043
1.27804821049533 1.11009552882612
1.15503678324283 1.17352765351772
-0.846722241929245 0.398681595454729
-2.36261530056489 1.12609381656195
-0.745369116379827 0.830118597920064
-2.30844483575682 0.493176259045789
-0.0458049409432145 0.218466080498488
-0.473813548103511 0.0754699535048892
-0.448611673747017 0.113026116976645
2.6345851436596 -0.303132295298674
2.07861376711212 0.164161970368057
-2.09394289325427 1.60437950844793
0.586785458330016 0.489063090660509
0.940332493642476 0.805787855377567
-1.83077161609345 1.72273098671507
1.27707859103073 1.26083294020639
1.42662239274997 1.68428863059002
-0.0869160849092981 0.463028167808289
0.737655360832975 0.439975241018345
-1.21818158840943 1.65251772249001
-0.896782210141151 0.0924762971663194
1.85576970691314 -0.0976914491022254
-0.225768091724905 0.197070755044449
0.343354083384546 0.687277602804669
0.223585042740131 -0.0144248629666772
1.44752439508682 0.393687346310321
-0.0152620968713853 0.237511230790976
0.816840555420703 0.910784043345582
-0.098776864779858 0.340726492558226
-0.35436325835151 -0.0161252240640346
-0.613384956649462 0.603203698981826
-1.71856288290303 1.47415877808111
-2.68772313493985 0.648015896114092
0.00699464407054808 -0.048170874906919
-0.00216108870654209 0.671856889228928
2.09054403732109 0.125213898626751
-0.0843497831257648 0.456329078485673
0.711167586220039 1.1381882494169
-0.944523919863584 0.689555762066969
-0.273642022602348 0.393122371107409
0.260882952787982 0.20438113978073
0.830043275518581 1.09555261873648
-0.479782647317356 -0.247229220447313
-0.557505143369071 0.274326132798874
-1.04339895234556 2.02518254404001
-0.400781026188107 0.443193656093806
0.393429138881042 0.970121777408909
-0.850784127560445 1.10684998795078
-0.228137653317629 -0.351463935013149
-0.917985968186178 0.323890661958083
1.28923165961687 1.14501801630841
-1.11965562707028 1.74614077106642
-1.18313036726919 1.12734168949127
-1.2284708127294 1.25154367431896
-1.16223809554387 1.14082424783925
1.6691955058701 0.768501711955703
0.590277491141047 1.23900525300705
0.681715141089907 1.4449478190079
0.164640593633752 0.702365669279666
0.852868527070807 0.755019615029529
0.635507722309128 0.179370347357236
1.41999768467247 1.07428856141358
0.73516133586312 1.40462390322439
1.11579695558411 0.730846266136092
-0.871560469126494 0.302320625891708
1.17745564964424 1.02286341075469
-0.218908200777679 0.318465320086647
0.511803042114474 1.03835065216484
0.33864334225213 0.844413330542354
-0.686720082748847 0.262491258251816
0.102968131738143 0.319116008675536
0.0126259067086628 0.169721896256384
0.531523431278062 0.934619725576058
-0.95229047475623 0.55365651296502
-0.528718765024274 0.509423531502801
0.740484352748132 0.404555327493949
1.46057131216298 1.44319567675511
-0.188367105261858 0.351181113799543
0.79934679613753 1.37352941652253
1.46692178928833 0.411695638355145
-2.55519174168598 1.14232125804049
-2.29211911590429 1.48607940337698
-3.66988355401131 -0.259911455060223
0.123149878607779 0.0540486654610687
-1.69150101525552 0.640112612672944
0.52992410031991 1.25081816664813
2.0941798614065 0.0484257700376403
-0.803179473333169 0.339084510728571
-0.254722261128427 0.152601013730092
0.807556814389845 1.39098813090396
0.942787647752456 0.553550938954071
0.10310650158853 0.361096681065939
1.51471071215842 1.17412887092016
-0.551117354820878 0.123249114811918
0.373503803383417 0.886234803570401
0.186321730080096 0.851436832063687
-0.0770185938909518 0.153433884642164
0.595805847818583 0.486108710555397
-0.260694934826871 0.292606817463675
1.79793436285768 0.446911588069637
3.10037238596098 -0.319161203692093
-0.690554970712279 0.159439410046198
1.01442538104791 1.5287488091191
0.811911886360669 1.08173813373785
0.848017675504625 -0.00614808603607608
0.310119648460811 0.336490645544421
2.36995317503429 -0.263833743930778
-0.0837074157178779 0.0266956800174484
-0.0489750242495837 0.561761039874638
-1.42002211742642 2.26871940262545
0.324369245546784 0.432480248098291
-0.268162186470356 0.935517249742919
-0.317601812482899 0.0826643917010514
-0.793039091072877 0.952323153146156
-0.776129469876479 0.701357897367318
0.518525988745711 0.417359277795608
0.419960030794063 0.978704033709414
-0.767781573218745 1.15700563147531
0.0323224704475405 -0.110743846823031
0.294064957583875 0.343588224367095
0.937648711141361 0.518430116038631
1.52597072309679 1.89983370667814
0.647131242176383 0.400660146852198
-1.7129048814139 1.71545461418759
0.297453546964663 0.318713374885933
0.29137852758478 0.84344407754063
-1.90677774443813 2.98737483451509
-0.723569360430662 0.773687347911296
0.321065620409103 0.0456555102628187
-0.826627160659093 0.396527829069116
0.522167589055638 1.3241905045819
0.806245836913351 0.94181402882948
1.89204881744895 0.750298750121144
0.910906693555606 0.402108476385493
-2.20135989063911 2.25529510324049
-0.258287162284203 0.51654654782542
-1.50956299410797 1.53521517611632
0.827451567998838 1.21321947059816
-0.479684449551015 0.425563119571356
0.56087296983557 0.414774501252277
-0.108797664346616 0.000834119495231905
1.03310780385856 1.97427502582553
-0.868563473734749 0.326979526117321
0.75193199339095 1.16663543129268
-0.501962291654439 0.359548569013162
0.102210911196673 0.0109965877859203
1.71757448965074 0.20428228263086
-1.01535453603278 1.27068818830388
2.9670315209425 -0.379819375704187
2.59271555176727 -0.231136477862562
-0.307984337830024 0.296182532026217
-1.43771197529024 1.18548268424699
-0.700162061555663 0.266941203438003
0.211187267327873 0.667976113902867
-0.401887502882937 0.384829937469824
1.1482824770811 0.953677913577216
-1.80998188336958 2.26203627855159
-0.161684722859677 0.0111872419655782
0.831888165580979 0.533691029327228
-1.81945928924894 1.81862125557002
-1.92134174343788 1.12276607554466
-0.335088292796492 0.104003300363897
-0.722596265170762 0.515692030408463
1.91423023337324 0.324306264139425
0.376096166268175 0.208680977975925
0.0668813093566184 0.123529610742076
2.40179326268478 -0.0952127650935676
-2.09295518307897 1.4089752583764
-0.0372728456410257 0.535040185745438
-2.26036748314298 1.73766983178892
0.792839465777637 1.49747185185514
0.0869559750496826 0.602648678911562
1.64654268631653 0.88119339546157
0.459810186017535 0.750245388274035
-3.03542502389026 0.484556613163381
-0.163122239048084 -0.360435438033737
0.401222556539321 1.20252538185001
1.37777357568914 0.910834677802093
0.187172970966119 0.751477596426238
