2.68744260836968 -0.802387164020025
0.437388932211652 -0.0274272298713899
-0.382314528722725 1.0231056350876
0.899420728851028 -0.0478014786542183
1.31664741956992 0.487855595821349
0.457349810326293 -0.375450895460606
0.252611454115553 0.475540710527537
-1.73064448220352 0.285198252240445
-0.856915775990358 2.66137940222973
-0.401274252065418 1.78668068453507
2.98790613257231 -0.774429579181896
0.656128775570072 0.434231211899356
-0.736897761423982 1.49092131405004
1.57341058893932 -0.188494805035614
-0.362644439315828 2.26135494508523
-0.750474825748953 1.72060482757863
0.984593342140209 -0.0112585752205586
1.93568992448029 -0.508394521042057
-2.01060768023901 -0.0875889260933673
0.977578089801867 0.182706408470327
0.105378101537558 0.612529485942556
-1.14270908197924 3.05674174129343
2.37804349152968 -0.631841287408386
0.231078995099443 0.630397927775291
-0.332655390296702 2.14442723471787
0.971920331076645 0.213592562009502
-0.221972163002524 1.73411735186092
0.283526487658615 0.0875230709201084
0.492091166480516 0.382669677351067
-0.0549024064758274 0.400841274778198
1.32127820015664 0.13535031799618
-0.0636268384747434 -0.262792198722454
-1.56267122560779 0.896235072246824
-0.075536703595804 0.628500776279959
-1.6540884998444 0.940543597729473
0.150630973649808 0.000119069300577368
1.16919082780668 0.306322226136654
0.171933644639512 0.0755263356705532
-1.08386305406282 0.414545615180641
0.117685597346993 0.149595319476189
-2.30038114311799 -0.436600924079946
0.86241639685655 0.199458072901445
-0.828682403774353 2.15348457421205
0.515557814168219 -0.174274188403934
-2.01384057782966 -0.431310246688321
-0.164892084354782 0.116348251456836
-0.400616588790318 0.384423739366149
1.42746759576315 0.548558473915543
-0.673207127249869 1.76330440238289
-0.103721429477862 0.865058655440525
-3.26201177763834 -0.435389939928128
0.75104525000313 0.327031094754207
0.341277927791233 -0.183342278763734
1.20646289446 0.0747562095631063
-0.136261136934791 -0.211478400232836
0.899484106877766 -0.322514329750307
-0.158716179014481 0.0756941670287703
1.67200217872441 -0.0908428135602677
-0.165579438371474 0.0473571227778296
0.152402692859017 0.178273084374906
-0.037724337861222 0.619687328154644
-0.500140674789057 0.59155119757245
-0.184058252424783 0.989917629758291
-0.9453418710814 1.94325501902527
0.586100081778223 0.131530948983808
1.1046016435656 0.277629429844953
-0.559105240688354 0.572551603069203
1.12971243093821 0.568338794819358
0.0797093516609538 -0.0764551537750803
-0.9389629755734 2.1698684743882
0.633321358501008 0.214030141295579
0.79074957639187 -0.417887458858631
0.283802370379495 0.427542118334521
-0.338346162618804 1.78307648089383
1.12338760185087 0.144379368181446
-0.750442863928083 1.1275680151653
-0.816528674633818 1.64874811552932
-0.696785314619232 2.20281393477337
0.194118720297569 0.6167284936391
-0.285342096610278 1.55399750204813
-0.65951688104104 1.50614906500777
-1.38561878611607 1.53472879066649
0.884388040708761 -0.0311766958763825
1.17849550306464 0.0703223563295388
-1.33120868065382 1.55854901820342
-0.225410309069516 0.434130650711463
0.373224473725652 -0.363228317245717
0.647308740787815 -0.535374451435551
-1.25682957525332 1.95061602492937
0.599034049250404 -0.0174181226813464
-1.01410568938154 2.76845454155786
-0.0855798905077687 0.895013356048372
1.03201526668478 -0.126673141439225
1.48950967611259 0.408183564940807
1.0469850390189 -0.82829935548459
0.87674270673146 0.0524089600857803
0.33161471736634 -0.262139579918614
0.245270583043825 0.0351919919006548
-4.3461396731813 -1.14276662691939
-0.0357645349726409 0.0475879103531164
-0.236932373625256 0.522966704716433
1.42513003340269 0.353865686520845
2.3966863091167 -0.49293134976135
-0.457438464066427 1.79607660167285
0.181871875843656 0.180966004167851
-1.33347995442239 2.69020929380979
-0.363487867505953 1.46488955849926
-1.27041194039477 2.76615825934697
-0.401960090715489 1.6366128418875
0.115866266657823 0.171690534387535
0.363625990053166 0.314710360859354
-1.55497441263213 1.27413901350469
1.35111462054035 0.415886644561201
0.137033229591029 0.130712236149285
-1.89085568049013 0.0838144840543034
0.358019981024336 0.210772484973978
-0.305271670228798 1.38583947974013
2.64068983082406 -0.692506309928061
-1.51832077426648 0.338367444770067
1.80753202542087 -0.14632752947488
-2.02354336165394 -0.157068426933514
-0.80491743149444 1.3917201760971
0.418993340986777 0.249205095768469
2.70165966973395 -0.653354783645717
-2.60894048222474 -0.476282532458607
-1.70112887803065 0.474189969390991
-0.856620142924636 1.34903916913607
-1.09996795364645 2.01983865732848
-0.229024498757901 0.604832650663642
0.181817655327824 0.654525427520987
1.36123578227887 -0.23596070518556
-0.662879404799382 1.42763666035574
1.85917675022065 0.00860759095248634
0.323759078251982 -0.315800775682361
-1.62600753075293 1.01947644626291
1.46679098469264 0.387802552325909
-1.60782035832235 1.2934592247218
0.75892304632714 -0.309815055438615
1.7981858840867 -0.317524222992723
2.07830565667871 -0.148959847835274
-1.2033318287394 2.51857139807082
0.881148662184014 -0.301884288194629
-0.675461658785122 1.95890056096405
-0.231589596563827 0.501371927962347
2.119797916464 -0.369122759491884
-2.51711570272992 -0.604549094499481
-0.297467655776544 0.894533250866943
0.61375444257437 0.470642075018689
-0.651833055595571 3.11443546956979
1.78602631685776 0.213204178636133
1.64957824212933 0.219338951848622
-1.76106582535334 0.307946823234457
-0.597112637810695 2.07280647775956
2.73317571691608 -0.864506872411007
1.28741556509319 0.514280955761696
-0.423025367999423 0.912845938121575
-0.555686028341874 2.45216538928581
0.194052510906474 0.00710512565459714
-0.357464245402653 0.98561913258397
0.0278180407865791 0.59323852955332
1.20654498490071 0.406101003702416
-1.18959363381889 2.3171770528905
0.465970280926987 -0.901742904076458
1.10978976552237 0.388923030367678
0.533692319322801 0.177844388762419
-0.804344775274035 1.09028909662545
3.12645442534664 -0.773930508247744
-0.812915465044838 2.44605310914984
1.30037545985691 0.0643279966346416
-2.04513569358924 -0.0292086960780741
-0.797016018261877 3.68229839163039
0.900544604804473 0.116816649075108
2.1283641723373 -0.427176478164716
1.72665434753024 0.0623206568557009
-2.48943087154638 -0.667277468091879
2.24842570380703 -0.50480441109125
-0.51205190390781 2.35911675326756
-0.0374185749142263 0.682269736032742
-1.8026015594302 0.568952344674717
1.11945656580269 -0.395291814544692
0.45120672085447 -0.0341195453121963
0.471345271479339 0.31933292744969
-2.52747328230121 -0.531958335251935
-0.906009651174652 1.15548673598948
0.751507715222161 0.127768762396044
0.906808327943107 0.17903787113029
1.10160153060132 -0.36440884878076
2.80187746341536 -0.753665895853987
1.61079630597341 0.181244531288243
0.641580213035086 -0.187755048006238
2.52747600867204 -0.763344489747432
0.511207319194691 -0.157834135053652
0.875516817612438 -0.486646981772002
-0.430179194222528 0.41969425927551
0.173283724902937 0.307154970175067
0.736213619111312 -0.410616647626721
0.711655588042364 -0.712106179107382
-0.384235986988661 1.25980809320253
-0.273234654909171 0.650981773483428
-0.341376685284852 1.86214550803716
1.38916139945805 0.195501232300532
-3.01593343292005 -0.498704887764048
0.890168074744681 0.0583176319163356
-1.3446595587743 0.447147674399931
-1.01764623123888 0.0608967031192496
2.40754069757197 -0.772928616191447
2.40698730427147 -0.73445443253275
0.46829399520271 -0.21055053795046
-3.42771798315891 -0.430042407059779
-0.444634363378254 1.1422079914942
-2.8263749304473 -0.511134848319356
1.84757318576029 -0.165368348197818
-1.29749707505638 1.34186196390287
-1.41585441173817 1.79198911302263
0.342327863385906 0.447693252219098
0.00792616731426323 0.430592782498173
-0.221787575450883 0.544302559516729
0.296904926374159 -0.550880692151311
-0.619282482281954 1.4373426235064
-0.411292654109502 0.842966396816163
-2.20969237200228 -0.128159377392647
-0.088846962750789 0.348844257173884
0.38421196759193 0.520502736338528
-0.385735151243121 1.52525848036752
-0.539603850596841 1.34445056425911
0.0098721783933207 0.478859414430624
-0.0204779125362583 0.784086019086863
0.70352845235719 -0.0102691832149352
1.38305390178575 0.195821422507907
1.84224606439248 -0.305391651312739
-1.86423346808957 0.176792640982535
0.227994038491037 0.15857385224589
0.77919033557099 0.400007403003747
-0.697281502086124 1.98322810002223
0.176882494052194 0.522611376049907
-0.79295470104544 1.0405946370587
-1.95696222845933 0.208356565253203
-0.549371474278644 0.548164694264354
0.510600243712685 0.508602350493211
-0.608019635982997 2.7243266809761
-0.741260057570343 2.00773053416025
0.371697072843184 -0.226834777666038
-0.415742277736939 1.22044724354639
0.536616456943079 0.149658225888256
-1.30917682805145 2.30520427529133
-0.886665657486273 1.70631263360109
-0.220255401067108 0.57753702065364
-0.844967609416267 1.17978095476946
0.222674479718118 0.0306911405243458
0.583770162875886 0.294697378215237
1.29372706315392 0.103723780227879
-1.81994882408277 0.912173762649709
0.314252517031517 0.158591666632407
0.123659634048065 0.409529890333542
0.608216945863764 -0.299209306023488
1.22640149464047 -0.157237217932452
-2.05263469895023 -0.239992614582165
0.183789265261604 0.170503585405392
-0.30663367529504 0.690378623205418
-0.118232781792066 1.15735692876519
-1.59733680101477 1.47256147813671
-0.376485258568173 0.772697442557539
1.58169643000157 0.200190062476783
0.381438521028167 0.13573640013371
-0.199712105445345 -0.142101473222099
-1.25941103708579 2.55425067030081
0.221246171016411 -0.138258746177607
0.568026930946003 0.0887948580785431
0.222612608363665 0.610707973633107
-1.99309868780549 0.431081351955292
-1.76119438969021 0.990241783025088
-1.07515401794898 2.34254061424435
1.42228948398596 0.281829581324221
1.03787810220451 -0.0285711600422382
-1.14085405118426 2.08408000965922
-2.30728497814417 -0.635080797429578
-2.23599070930266 -0.413388563482422
-0.247882369933428 1.21309199453015
0.581489953688528 -0.359205581485159
1.25764292610782 0.756053587169021
1.15746838203068 0.307359631471927
-0.389360777783227 0.983080195113762
-1.28020322818482 2.26059909866809
-0.122352069848221 0.798807969287345
-1.55594807076662 1.07612048837853
-1.00943888425799 2.66110436859862
1.97423700425928 -0.224898121348072
-0.492855449911094 1.42671816835055
1.58520803147924 -0.801961564726051
-0.160381565292094 1.14004723456076
0.0532576172392227 0.906357553130713
0.462452858068839 -0.314660015280057
2.31026836744516 -0.552657972428029
1.71656448259722 0.357227796385396
2.66809929747038 -0.895376125268099
-0.210491180092134 0.2530461203377
0.0505107823166673 -0.473234180820168
0.890820792496777 -0.387246144206082
-1.92654148989065 0.596317271715259
2.59207917363499 -0.750472461416369
-1.095616419438 2.66578286931296
-0.355917294191393 0.56990695320567
-1.54305710806931 2.324924565475
0.285037254300383 0.176808620632236
0.731829126809772 -0.155359016824231
-2.22045558875942 -0.425760684464342
-1.05342782979612 1.71557005019599
-1.33091132110388 1.44417863235332
1.44277969364209 -0.137264759303929
-1.70663714898518 1.0357064233355
-0.372225796751151 1.25341410904457
-0.491069724466506 1.18639399108132
0.138012514685363 0.391423988435972
-0.505122995734418 1.88348954380866
0.685885615117782 -0.617610029571312
-1.59614380755023 2.00425218022353
0.311188073788347 0.426242345031775
1.00470815208974 0.603094941974829
1.53017570677462 -0.569231617932286
-0.200759733055265 1.36895556902746
1.19399117669716 0.185209397956556
-2.98907374250383 -0.576104719175932
0.460743537472578 0.218557310695705
0.777532454269587 -0.35063777553769
-0.143299474201105 1.01056000145896
-0.696285115283776 1.18835914764806
-0.0422246443905384 0.588782780715416
0.837506763500122 0.254015181372146
-2.01861516715546 -0.205856797434189
1.50656097565212 -0.244502202639551
-0.193302528122587 1.14822564335639
0.102342602470929 0.557336628179522
1.06463044203205 0.346329690145821
0.671927946486759 -0.00553898226061321
-1.45580089484533 1.68053199354149
-0.309879878227468 2.3793164019693
-0.299566400701979 2.0273019668599
0.193903303556496 0.397624338390259
1.11236446672797 0.0543100660786034
2.94100634378668 -0.82746796549969
-0.08623747066118 0.662682757672901
0.505242267015259 -0.257199626271714
-0.777788716075781 3.03633710171887
-0.272917130292354 1.60974578173234
-1.62711030640211 0.565324868292789
0.294516406367531 0.554644604078428
-0.0818217681297283 1.19786885565878
-0.185070415952493 0.346509319852347
1.05578788756174 -0.334991205577376
-0.678246648647959 3.06286041228649
-0.594560113949513 1.79407418755
-2.14925355062766 -0.0571284151221073
-0.581167880339474 1.92596580914726
-0.456244690418756 0.99860398938677
-0.141049563450339 0.525776364237613
-2.19178971335045 -0.260063865288648
1.63654225233646 -0.346797657267419
-1.03521880983099 3.56454371080707
0.357957835467417 -0.410284006259397
2.15281886042953 -0.399947672401528
-0.884705685354339 3.28236301272587
-0.45835987020136 1.88374491580882
-0.481428778988596 0.657862806907118
0.49179867560825 -0.0846183979889341
0.0532741414596175 0.630765234746501
1.70094354712571 0.0500473860740417
0.725585515011787 -0.0907751498459481
-1.49884654087181 1.95824413240272
0.855931176591881 -0.151158334441196
0.396881877961914 -0.167140744746673
1.18425594084813 0.165502657904498
-2.58276150265472 -0.467062091106272
-1.18205290042076 2.59707258085172
-2.85132029660938 -0.850528997827756
0.4995288113039 -0.14254728893757
-2.17178990916931 -0.00192528722497592
1.60431416182234 -0.125544417105066
1.07943268691707 0.597485182720165
-1.52472523242954 1.71230176530605
0.849144777501587 -0.283409506475928
1.33573493648623 0.353516754997954
-2.09239308922997 -0.0710189031812478
-2.70389801307412 -0.833129785341068
1.12184640163982 0.0811679018936222
-0.5836932514993 1.64673421480353
0.227761582452823 0.247572990057003
2.86286465458086 -0.818860422528616
0.514042346209719 -0.196586989557265
1.50159611928981 -0.175670425557645
-2.09192428112759 0.437776402753067
1.55731455816101 0.472432949420167
-1.10341715143328 1.96027040685688
0.642675423950883 0.348576104027946
1.59405713628151 0.0710382803814901
-0.812567627120202 1.76565399047213
1.80461308979062 -0.419270392261349
0.701224344321322 -0.120166386075984
-0.654356890517821 2.01697785023807
-1.70884167417159 0.485414140946173
-0.0622668843827513 1.41120146348817
-1.26118773885282 1.72978595145702
-1.29804312373824 2.00051069071739
0.669414521915717 0.247230763154518
-0.708868407450754 3.29618554075063
2.33271284264389 -0.519295787293056
0.740833850641471 -0.0460414097478959
0.818932939415401 -0.0900888085057251
-0.977377585734235 1.5832147771004
1.23361941857437 0.493134385255942
0.45026155429955 -0.214530913519973
-0.526045559536943 2.23846646284119
-1.94731711598526 0.412632535642424
0.110825308463992 1.05955747700383
-1.28971204397641 1.64738702472346
0.708770831929093 -0.304687653751737
1.46947556708456 0.0759830732526478
0.714558655957628 -0.364974125472886
-0.379711771387811 1.65171158901033
0.698668316423311 -0.11121513122237
-1.01581252687699 2.15762191034764
-1.44690767094418 2.56862111261231
0.752833647877546 -0.309814842519986
0.955944647419239 0.123030572016165
0.741134205044834 -0.647631284569173
0.362009168913523 -0.42032608007546
1.95058253103339 -0.0159200939889826
-0.367456714275555 0.97553779768474
0.363294384817259 0.346633567940353
-0.456504119364945 1.73573480539852
-0.495475378943411 1.59353471469462
-0.313687797291832 0.655003789411492
1.90198813460571 -0.162729111308519
0.827581542970833 0.24524009647685
-0.126437474576335 1.69076633905925
0.965062436243796 0.130327885137963
0.921728450674068 0.668945436247735
-0.900368892956408 2.90795549288212
0.183272773740616 -0.287007880071373
1.35259075331209 0.590025792698536
-0.269004922640979 1.1383808156901
-0.498368693731073 1.41458516738155
0.247053606137835 0.611237607859042
-0.921766378702562 1.93315946887058
0.224659421350184 0.706862772447939
3.27694262589262 -0.771280384496706
-0.516523100524399 1.56762640689314
0.273027325321344 -0.314375770949672
1.65195900870472 -0.10480789157284
1.61847378311309 -0.102140724788867
-1.86644478808283 0.489806835774551
-0.883507957964449 2.25579477067272
-0.491375255783922 2.10483911996904
-0.947554164910738 2.53002593484918
1.42728136134078 -0.318972828312344
-0.025523702163993 0.520872168688637
0.141630018707608 0.425291853342258
2.77111335987947 -0.836790382407797
1.80787199245549 -0.200903684440181
0.0103062564795365 0.419744749778033
0.58179188309631 -0.270321453468002
2.32926096230399 -0.483825192499253
0.923104900556131 -0.262129655944113
-0.805867195249683 2.4380722737255
0.625897310051052 0.253191582759671
0.519580710326619 0.312098080006981
-1.78526209935382 0.316031097657499
-0.655962080202961 2.64099262424437
-0.257578340490439 1.45986253491226
0.491854614431854 0.00467947582188414
0.762470390560583 0.013631950170311
0.83387027167498 -0.0470335826589887
0.563727741995416 0.375051892555007
-3.43969681752242 -0.430973053803369
-1.30347908911747 1.90682516497217
-0.519801277369539 1.31462001491192
1.39034096227587 -0.000990744442936897
-0.744387059243492 2.58612905885641
-0.903692054562856 3.67574972208744
-0.165240654162102 0.517253752644639
1.48259892185637 0.158667978533327
-0.0912818907055349 0.0623166715611881
-1.63142461245172 1.20452597778069
0.276353992265463 0.243325612612179
-0.412048986096346 1.8263192185222
0.0993501646290878 0.0568432573575405
-0.205084815480706 1.17921834366513
0.80184342737748 -0.481026295759727
0.804844612364042 -0.172648366480609
-1.27159592532099 1.53622737302983
0.298680120946321 0.371762707244663
-0.109609397245619 0.316857628000116
-1.09149542924601 1.2964986646971
0.921902927227763 -0.235292224554211
0.690349770369365 -0.289618089833823
0.430848241829182 -0.141314394949893
0.0356668792157698 0.128670264723986
0.23655774250175 -0.0887435206719602
-0.256817669165275 0.929267453737634
-0.5253641836209 1.56262428803433
0.0607634317204574 0.277687004826709
0.832626164934997 -0.431064193964965
0.727996276906563 0.317979064027777
0.878392297176526 -0.322674583918838
1.21835572561752 0.156375623954218
-0.168757362885533 0.406216151226089
-1.23588898345598 1.5228236767305
0.863975519504005 -0.157638068559904
-0.311353145156044 1.16146984879198
-0.62202920609081 2.1809066947767
0.255202881657813 0.120497602400488
-0.0364511823741962 0.0469212603367521
1.22478406009305 0.289242318625848
-0.561726421886258 2.87736051540259
-1.5258545311073 0.67589830927393
-0.0842675314481641 -0.423162527991285
2.12738661821801 -0.70177326031996
-1.10810031189071 2.26179042048542
0.407062184775229 -0.0677320313168924
-0.428788704043761 1.44238618375731
-0.473315447599156 2.35128323300726
-0.108022190039404 0.770697467668728
1.12038159145073 0.596173307713753
0.0235472197184935 0.0869930581934507
0.352620290586116 0.222086807863249
-0.862159443759325 0.462560866226348
-1.95564050557064 0.113928428767335
2.34287057530591 -0.581290898949103
-0.761735768649077 2.79902894427057
2.47912709602401 -0.828717742638855
1.51315835526729 0.452408648020849
-2.01873250447591 0.0748886535427549
-0.950250397756751 2.02327449501521
-0.937520606150977 1.76436166930991
-1.07093844873 2.07101662238958
2.88980508842519 -0.796721496906979
-0.901412440008153 1.47321089938088
0.382214880231506 0.0137555882777489
-1.02624583671762 1.88003984826637
0.33793200553015 0.389238664660303
-1.38290916042848 1.86978824960311
0.219405669056572 -0.000752466636776777
-0.430055006122211 1.15080333431065
-2.30025006649834 -0.453849803656973
1.50762788446486 0.397587470530295
0.511176116912203 0.543163631523598
0.0386863425903908 1.11678119409185
0.0556840190470491 0.410613219959279
-1.07253317139731 2.16986157440496
-1.95487411103022 -0.0753072783512042
-0.22450301459765 1.06524816916697
-1.08254870994651 2.24258192408051
0.102303333255899 0.0344356880539656
0.486001192115399 -0.236091827470015
-0.163608177868027 1.03451943557555
-0.685710736243175 1.85525441082435
1.29141554756766 0.54579190554659
2.05547277101143 -0.139523220674268
2.84475977958136 -0.880244001642724
-0.518467843882637 2.38667182645918
-2.68109780916758 -0.651377231120363
0.282773271870745 -0.108110839875018
-1.37733632307419 1.18685579977728
1.71601119277745 -0.783324447866033
0.619076277086747 0.404324765497534
-1.30082659125579 2.69761655049509
-1.10647566249804 2.87484348751937
-0.26510249572526 0.587463594092356
1.50040614331077 -0.0703608648134163
-0.400728026321303 1.34110177574048
0.425248964418234 -0.492665116704826
1.62550976548492 0.101432551959608
-0.994475920249723 2.68090356608234
-0.14781715851961 0.973558465336758
0.469851246040724 -0.253458627194062
0.490364672965032 0.0338442378710825
0.936143332333881 -0.0740832386843347
-1.16333249250972 0.883954795575432
-1.68857568724556 0.734210467287102
-1.06554369559054 2.18701820962918
-1.1216904514338 0.937611754136888
0.886344831328247 -0.185490268847733
0.551568963205085 0.0780873271170009
-0.397765525017011 0.864088294091627
0.277414826588502 -0.167768136266609
-1.70130422804922 1.06799180043902
0.921707747037158 -0.497114748290059
1.91962949291455 -0.201737683365647
0.539648578191555 -0.495932193668202
-0.324887067847012 1.68416079405726
-2.03906547224357 -0.0730706639653796
2.8428593149365 -0.739987852193022
1.251504570489 -0.22330232631529
0.400937677249925 0.230572790092112
-1.78301298971002 1.00070994931048
1.36475605603834 0.479084233457797
1.95395753208087 -0.232577317596206
-1.27805881429298 2.02043345424509
1.31617045838897 -0.243919771422129
3.76935697487458 -0.813492623253592
-0.355182551290297 0.409946970956378
-0.928301281587044 2.31176122903378
-0.718774420471577 2.62898818947166
0.0998961307719763 1.33557527326753
1.69468313564474 0.246858119051812
-0.0688205067234284 1.45342762889349
1.5738700469769 0.368744326935166
0.786719427217454 -0.237613074105099
-0.741231585589453 0.42506286352913
1.97979042933507 -0.247362805615655
0.0483032708183833 0.990306032847959
0.241089430178808 0.00881093448951464
-0.030207696725443 0.614262694085992
-0.128227724173809 0.753524326511613
-0.2195905472816 1.15205421088012
-2.31257007070326 -0.254926085517921
-0.144379326141752 0.0451904877232905
-0.866385386775602 1.10508505145485
-0.586780303763822 1.3813862305503
-0.760797094454811 2.60279213998438
0.108052124927302 0.702664913100098
-0.618383797299703 2.41716879516976
0.499713651560853 -0.0547341387279309
-1.06091356552078 0.471609609867519
0.114330385391521 0.316070148098721
1.20313537828445 0.312665340459522
-0.0629045425844047 1.31440277296606
-2.54765967811472 -0.718016884423771
2.42455456029804 -0.899395191858418
2.17910871081937 -0.352777153090008
-0.223872267187884 1.36252452897849
0.343566271270505 -0.0249303295634321
-1.93243071995199 -0.174216123765414
-0.400020226899889 0.373024228653531
-0.356750175599076 1.5301789632737
-0.661162208917629 2.99810619388373
-0.921291721157043 1.10130307711362
-0.809214344120581 2.33856598096219
-1.43050283855319 2.80766066772909
0.821249466744268 0.17718196625461
2.00911635795719 -0.431601378710855
-0.503031524941322 1.96510857266301
-0.808698627057046 2.69126151435353
0.27833850541535 0.391025634673894
0.595316069281969 -0.315117045605241
-1.25587071362963 1.25848786153567
2.20626088058268 -0.647081793340562
-0.936958871224275 1.51072540427585
0.273265204557973 0.0859455498657515
-1.33730672223291 1.46397204467556
1.57473880126853 0.0394256842578615
0.865568643906236 -0.00341371677569706
-0.278372827517385 1.48045823044141
1.17673226756284 -0.10044914284798
1.13342169903162 0.0746799032546195
1.32311771065858 -0.199369843826166
1.06746735454173 0.182096290039047
0.346703663309134 0.611730749388503
0.681599238546143 -0.367732843523882
-0.985171466829864 2.56093001553904
1.05866154257453 -0.0339536575582496
-0.72931391811793 2.1179451224043
-0.777979781993146 1.07330916140071
0.458859586806181 0.111235374043051
0.451256906618799 -0.482263378244484
1.1758832588863 0.151817228586888
0.1966634171544 0.204985606520892
-0.30490024652563 0.492085729962181
0.597963779258403 0.0381929862355489
2.9725353745952 -0.80295168473448
0.043004368230966 1.27162922195058
-1.73733881733302 0.634785944775173
-0.391198889642737 1.69435922239549
0.961337219366586 -0.139753710111001
-0.160367361606941 0.466392430093045
-0.131568046361665 1.34032391424206
0.153349974640124 0.407804396745075
-1.55312004604157 0.974150118068137
-0.359919250360759 2.47533538116969
1.27742003168088 -0.217651123761482
1.06472291202033 0.479123354198261
-2.900428865329 -0.423604511633075
0.50964350132488 0.303100762295391
0.56647190949798 -0.0751949590632096
-0.903484299804291 1.93998765028142
0.341789931446025 0.178796145619569
-0.0582088432483303 0.39151054086136
1.21614769029605 0.0948343050904815
-0.428764057622379 0.64466007514242
2.28782923617182 -0.496299037656544
0.109430207672064 0.346021758445642
-0.874564330971237 1.57779290401431
0.785299988119835 0.0931150174793696
2.70559956366434 -0.692141058194048
0.24202078232483 0.274608649111451
-1.91404507615642 -0.139415376691618
1.29229635074911 0.746929403531322
3.51258804860332 -0.756286233186546
-1.27635993189775 1.91832022171873
-1.06755087477988 2.51209206368331
1.3642117287476 0.0759066394335783
-0.248464971629728 1.82196171968083
-0.473577031886526 0.928182652819766
1.64933487036588 0.151652732586531
-0.86163796107728 2.79136514116401
-0.0982017413397497 0.318063506155525
-0.42729698937967 1.56881154329179
-0.188292311813528 2.23964964970506
1.23241376226631 0.452178729410588
0.475681976424505 -0.0923459890145617
-0.242361388888663 -0.0873116585104627
0.540585380809219 0.325805780332898
1.23449893742733 0.0737453935638494
2.13733256428222 -0.100631263732454
-0.927399810597661 0.987249925997575
2.14740640818349 -0.248658934694629
-0.17619407422151 1.02537797346208
0.825869619364791 -0.36521301365677
0.116944638771496 0.318226777945836
0.327881351593738 -0.363708723030323
0.612954032605507 0.038497903378784
-1.62605268538989 1.1671320962805
-0.305987245274449 0.827302229868693
0.335491191443297 0.359902389945828
-1.39672405027512 1.49626197863678
0.761982540645553 -0.129263165638493
0.640520490873366 -0.250004156078952
-0.696754089177165 2.6188669863101
0.585789903416132 -0.220885681159951
2.11505976836017 -0.286232096876579
-0.336567842764507 2.02463063696342
2.38534141967532 -0.868482703417284
0.977947935106229 -0.164039496304032
0.160308215717867 0.0275786726518344
-1.54891613938278 0.697520290273342
-0.21464010295268 -0.0197662709264695
1.39469166307095 0.591406236839637
-0.0822518689370231 0.399000638578469
-0.678286154230628 0.770472044132909
-0.573618201139805 2.30353241765388
1.15970822437054 0.0495064785845315
0.209865053181198 0.68443664239452
0.991947317481898 -0.232720459020692
1.20327042728434 0.200295177344865
-0.447164080339323 0.89474754261895
-0.0875761178547534 0.679428423354571
2.20549677246105 -0.331809983037285
-0.74921063529756 1.22042227786414
-0.190647379837619 2.05475897047055
-0.501533663016861 2.17434440366371
-0.230187311741033 0.7337978798883
1.13442304881353 -0.387078095367934
-1.34269434259547 0.474379626344509
-1.10062740122922 2.89723757895106
-0.457441908573029 1.90697333356991
4.09139347696205 -0.763426626349906
2.37074855658288 -0.448723839972653
0.294459720292924 -0.0680929498019102
-2.75284512058849 -0.521182763991956
-1.53570575412778 0.945695181437129
1.83506378088527 -0.183781178142813
-0.0821457419351142 0.391157971813375
1.04801301991179 0.413407679714831
1.46372978659169 0.0172795099673668
-3.57489094496351 -0.412397860540395
0.770931617482019 -0.163330101527549
0.280364140471913 -0.392109000965767
-0.440218226372159 0.216053013291694
-0.830376510540142 1.89209897372739
-0.702615020369899 2.5450954241565
0.615865395161987 0.086321130488036
1.8190158259904 -0.0649611229092094
0.315163354068933 -0.177736317972643
-0.491868703400563 1.45011586107665
-0.925584024907698 1.52227676961997
0.733289056157221 0.193369842101766
1.82131076385842 -0.286799780430603
-2.38348282373494 -0.582230557020898
-0.214564514820595 0.193480634543829
2.06484652976359 -0.37731709813123
-0.453628732689681 2.42076282561309
0.411290918997182 -0.107333390000464
-0.339243986203788 1.21686538345375
-0.545543053371745 1.84018192927044
-2.58216337090538 -0.545509837751047
1.28518330457431 0.102797448295892
1.75765691015915 0.00335862549885425
-0.0380362609150477 0.292281884932235
-0.555548195937716 1.69533619587048
-0.639159633158133 1.09799540109901
-1.32563666332611 1.64270289514067
1.80417621096649 0.397276995980325
-2.61170164487149 -0.673130655774621
-0.783374639834902 2.48826413249316
-2.81539887493751 -0.787106168175843
1.22826665998153 0.356093079457343
0.262146734948252 0.566704320831679
0.168339354479817 0.631174130282287
1.42083950851766 -0.568940732466932
0.799563840489344 0.0625939881708604
0.66083683470383 -0.120906112632122
1.34804892236892 0.183389548660589
0.818179710469919 -0.561198619205711
1.52896703657339 -0.1744235343558
0.516816153758503 -0.150087547289599
-1.65855245838242 1.75288723998678
0.729475734594032 0.122248108549725
-0.0555030940645544 0.590825614153666
-0.361410450951223 1.15819478719243
0.0417545145978272 0.626500778078542
-2.03702369541603 0.248657548061073
-0.726257120575839 2.45938799407715
-1.99643153537928 0.208066547217581
-0.244027585506638 0.834598412051387
-1.24791935334051 1.48902468324973
-1.93902062194522 0.765572452776248
0.524662989715409 -0.0178248715379905
-1.19813497960337 2.94988204129713
1.24259351964344 0.104775230932944
0.273575916880396 0.0312533116721113
0.905632735092636 0.0997220546333153
0.457706301299669 -0.249207761121292
-0.622258446852856 1.87565340819523
0.564980818486334 0.172419840686848
-2.43296746876765 -0.221485500652549
-1.37011716091321 1.67499832158169
0.332330526241185 -0.276459645285838
0.1731367384552 0.161025103443681
-0.358644929472234 1.58641127280026
-0.781596151122005 2.12560244383221
-1.18865800520342 2.0913786364575
-0.362636754278774 1.22402542591475
1.31937907965721 0.353768712247687
-0.944451870246567 2.11562940735424
-0.38771300560083 0.890090713957205
-0.857510102985633 2.28651974052359
1.83958149754525 0.144513681310021
-1.42609652507553 2.24788466576764
0.862754287925004 -0.0535020243748195
-1.9405147498363 0.375279567069257
-0.48927745529172 1.15375583439907
-1.48589053696185 1.64147134185633
1.36142542653953 0.562510955121687
-0.364775271310418 0.729064502749197
1.59486747016751 0.176213967505098
1.25247471534988 -0.127110354711677
1.11921422925323 0.0440368274256348
-1.06949143361879 0.993162105074555
1.09430723923355 0.574486263765771
-0.905801114756266 2.33189900675961
-0.885559995153711 1.17427378104782
1.16240480779705 -0.257533139776618
-0.783278163225044 1.82488152004595
0.537220107734011 -0.363755688310193
-0.96212319535621 3.02583571115976
0.457555171747592 -0.203663664560952
-1.53817645502312 1.05974994505966
-0.693967559101684 0.721547734676916
-0.744942241153714 0.951774299468364
-0.360940783793202 0.423540664161913
1.81962461561687 -0.499917230141908
2.90144173213535 -0.833852561246202
0.0359391026135052 0.300153563843841
-0.470155863325116 1.18896190803043
0.385184041400843 0.104001356191125
-0.762265125191215 2.02681696954007
-0.474678686021064 1.41473401721808
-1.18169396264434 3.24291573605324
0.044353180088117 0.771763443351342
-0.257134726799006 0.0958010524443997
-0.152609829085169 0.972767273630621
0.818234185035773 -0.00372675805803225
0.0521595354438726 0.504869786794755
0.606390723569332 -0.0749510665213242
2.26479759210929 -0.623241439869037
0.296421195622029 0.0939894497993927
0.130619915632692 0.267048831155464
1.13954552319256 0.10732120101195
-0.172869888462083 1.58994999164986
1.56512298120164 -0.164951226146761
0.797909540152594 -0.0709450139245543
1.45939818863911 0.673337287836331
1.79293979862128 -0.395892332895411
-1.34854494351822 1.99537182790311
-0.605230993447719 2.97899224825332
-0.547991166758869 1.9587925381835
-0.253910790896353 1.99647477253392
0.423163058041853 0.0418294402108953
-0.760095807305033 3.16009587023607
0.883398794315347 -0.251677185458836
1.37359417594037 0.242774091108066
1.59155864451611 0.318559933687457
0.00536801799652378 0.789833232348926
3.67608880428894 -0.900713640958062
-0.919326887795485 2.66977476537345
2.34862698049785 -0.44373027767082
-1.90387388267742 -0.284883208157391
-2.09524402291787 -0.297749288490008
-1.83793676987845 0.668170161025473
0.276746597069438 0.20893985759907
0.952190545542868 0.253867772604165
0.367442531834942 -0.0397425144221075
3.91514280673768 -0.617654466735687
0.371619643142854 -0.562291422541824
-0.0355218398854092 0.811218675836535
-0.971255333894198 1.3156787523954
0.766998535471137 0.0301593141329092
0.343245063852964 0.654491608933299
-4.04050504269352 -0.933322003262878
1.84163224064832 -0.149835354552078
1.9278075674404 0.0412981027079746
-0.0866960176100118 1.25071161228924
-0.654739465512188 1.36358639485891
-1.74675519215625 0.971352667971311
0.530705903231248 -0.0452312477004255
0.863546646046555 0.38191198958052
2.02356700422532 -0.31720382300029
1.45891083762056 0.2348903538671
-0.681380341637168 2.7292902832603
-0.91591977755047 1.72582859589924
-0.249401419818778 1.29735246058582
1.08856123163963 -0.376722680846021
-0.215138661289387 0.556410035505171
1.47850495863592 0.310061378816495
1.05529742897159 0.167751117897441
0.675340378701758 0.1232580940736
-0.430095331997599 1.79415625258909
1.74047003657192 0.00255941476792875
-1.29467073160288 2.24682443452921
-0.777498008464098 0.933631470772081
0.833316355214678 0.174715178919407
-0.536211362256516 1.30850858408377
-1.33467459989825 1.4561675774995
-0.674730455342999 0.833939059161152
0.679399226179516 -0.0530690625185309
0.225467604412411 0.390572855536815
0.0810295968675099 0.267238962140552
0.0625330415638736 0.59623510046232
-2.38608812351864 -0.298381777355134
-0.133776347436845 1.1244255873976
-0.173186559216492 0.62652400049227
-1.31503267910095 1.22733732935282
-3.04030314682231 -0.683174201744054
1.05935533163732 0.111266299548949
0.249821821469278 0.630062214457424
0.27537026718175 0.181286617949789
-0.0233696559123283 0.771897069354664
-1.66160314479993 0.835398041308989
-1.30247247682827 1.44428997148702
-1.50861662507738 1.72972482141422
-2.56064890747717 -0.621057428512015
0.282988676879476 -0.392326989686698
0.337187689419783 0.0361313229017577
-0.752978493313353 2.5181185393275
-0.16806190157201 0.597770770381044
-0.711808119634455 2.58277826615384
-1.40752618304251 2.36708740627914
-0.310422615015223 0.4999702045413
-1.65756960635887 0.87650613236039
-1.23655697620252 1.13285762692362
0.186708347247005 -0.080680109431682
-0.434787732635793 1.13484607308032
0.942573192922773 0.338177342323225
-3.13136168776174 -0.456463472912396
0.0381695750563823 0.461657482230441
1.52643259422035 0.696709741175028
0.457148831217568 -0.439815932294912
-0.593876975257487 1.62345706494888
-0.763348422300062 1.83621192103446
-0.249101110918686 2.03514084704288
1.86439584806989 -0.00224511186082643
0.484023962321264 -0.146817085548278
-0.545458747148256 1.05996645055555
1.14655096174475 0.467350658724214
-0.542832061363953 2.58223183705219
1.08028057835765 0.175321219423247
1.218499603695 0.575420157965983
-0.47318401466047 0.980452508834636
0.0946163906591841 0.522530675811837
-0.49168978036919 0.665674386954187
0.609748356402497 0.512468548492428
-1.96050089442122 -0.0583438770633193
-0.335378969425872 1.86053503287846
-1.83452054887229 0.920504880407018
0.520532675267867 -0.225165923476702
0.535719495421795 -0.233785242327724
-0.265446759183382 1.23334533339139
0.823809896071946 -0.26145704208901
-0.98378020237174 2.86796657122377
-0.18115771826154 0.758691207774919
-0.829136039681155 0.69414669077429
-0.985115696126057 2.45023693744709
-1.52857833897507 2.36345363733089
1.79022190734085 0.0990771571630411
-1.6374204792833 0.399619585632434
0.0678568759250081 0.0502406681005526
2.48593951039388 -0.936655781504293
-2.42111442281554 -0.62140284180493
-0.963710248607913 1.96452036001697
0.579450316974313 0.0247308165163006
-0.422321560988559 1.23970212543778
0.824104361662011 0.0960239060179228
-2.21384159772981 -0.611412832516904
-1.28850177896455 1.19362513693959
-1.37026627818782 1.27967145314325
0.0114141160275925 0.336300395027423
-0.93272982649729 2.13342160128489
0.138784961936757 -0.0721953365790212
-2.07183381094302 -0.411248246691598
0.874045055732806 0.0366518609081166
0.963014314867724 -0.0881426581802359
-1.40548234006504 1.42754016589359
-3.00137930944037 -0.576088025199117
0.160675654940489 0.0602322945229947
2.04543905446028 -0.2356624254745
-0.10516151136885 0.811679664326448
-0.451345491319551 0.35689963301158
0.796389002946542 -0.306374414565312
-1.31570463860575 2.58056848606193
1.63726824425654 -0.0625745975163106
-2.35087115351716 -0.422066881201845
0.453562184701245 -0.410465563920597
-0.481351230446425 1.87131783158548
-0.956008690572962 1.72209491591915
-0.22494929266056 0.476267065788645
