-2.28986144441571 -0.142242860009756
-2.31775781482617 0.493871207157526
-2.53743331419954 0.509071461287306
0.814642691055466 -0.398574239960306
-0.199533242379283 -0.921445217251001
-2.21706824171462 1.74968296366802
0.741266473869835 -0.387223842119127
-2.04213605922203 0.0852664535238523
0.351035674145367 -0.584101354023936
-0.827837381472762 -0.789279234382766
0.876095663380794 -0.0817828696789313
0.563553119888101 -0.40821054411941
0.758848363557073 -0.529989288971894
0.166817955167456 -0.817453283586129
-0.0180035428669348 -0.755429826019698
1.30397256955662 0.0970516544445118
1.80084122555017 0.321522770099016
0.0946674590022861 -0.791337168326404
0.894129524291927 -0.23367507040575
-0.405708601506953 -0.971880443474846
-0.874844928950317 -0.711750374444049
1.32843873186099 0.145648121562319
-0.500200907184933 -0.973664697418321
0.316654460071003 -0.648151168150431
3.16914384440077 0.17683997876801
0.669869371871511 -0.513024873207637
0.679312066109289 -0.652081344297932
0.643501144989572 -0.285542403400043
0.307763806194641 -0.500838557736366
1.68628025308369 -0.36758218884563
-0.287728231475359 -0.942302229528067
-0.150747866473557 -0.879821152235272
2.59897848395893 0.721379329376732
0.00190407274203642 -0.832881781926593
-0.562251846377031 -0.962403592217898
-1.48593471594893 -0.0985289890765661
-0.67508882616593 -0.935559930808006
1.6349194366907 0.770969676953258
0.28798047022811 -0.549172952288009
0.597950070727582 -0.458721936619538
0.961324475224333 0.042544442054798
1.97391722637023 0.372470956426866
2.42382531162939 -0.0148968006249869
-2.36993952771748 0.319621229295766
0.650237384888561 -0.420696891207296
-0.753380232187183 -0.846307785424407
0.0349776195221319 -0.734886886610332
1.48502691160675 0.211361244840799
-0.0356478889492508 -0.849636889481891
1.04741105836978 -0.10122935012502
-1.98421909644259 0.265818157220462
0.194821780351634 -0.581638695946969
-0.277501177670947 -0.937333736395681
-0.628866143646591 -0.930890972157222
1.73542906603252 0.0774171124579544
-1.08189579407799 -0.312536996354364
0.518934836243425 -0.450094671667625
1.57686426483179 0.385442502039609
0.495654635512719 -0.575136454651549
-2.29407289837513 0.140756098158836
-1.16670703461542 -0.125664652498103
0.280179555351165 -0.736108966451136
-4.32164077002721 1.37738649591613
0.584908888551452 -0.238479630827683
-0.476273180064602 -0.975685049603347
-3.42071083476949 1.53241213315608
-1.02704559104599 -0.638471699368882
-0.43576993372204 -0.975425381495963
-0.848223246078001 -0.802410880614387
-0.820361940631636 -0.76741176686646
0.842195938239566 0.0700974278869345
-1.09948081272491 -0.505832601442851
2.38724962107003 0.724765453389471
-0.200023704598302 -0.887092001118544
0.887261786689687 -0.283587936418585
0.380275288005397 -0.477807889545656
0.548583111718958 -0.276189091472348
0.834504485383648 -0.0765226282876892
-0.645299636565693 -0.929499720377395
1.26777948501849 0.529845391659266
-0.935930390391984 -0.69480528252044
0.0434690635912089 -0.789963136261185
-0.261120553782507 -0.925218571347513
-0.834101519114457 -0.694181656489001
-0.303728934240611 -0.95750849283489
-1.66310967752396 0.367086939990858
2.3368413790067 0.57494511640058
-1.57545463603635 0.270407751961106
-0.798569197279097 -0.849193261102851
1.52031103486792 0.0497713169947306
-1.31999498779352 -0.0714058846308457
-1.39877419165076 -0.0703172667985386
0.205729388869994 -0.649449007070151
-0.648785434694645 -0.937860711766299
2.03449629199718 0.0844518384168658
-0.64689385264819 -0.925093989984986
-0.589566894861193 -0.959398152877879
-0.140211782929545 -0.858292388467271
0.95839564693263 -0.345471826078651
-0.200953120752308 -0.88464154609422
-0.19998129920209 -0.868862610071065
-3.78754303826727 2.73625443241518
1.0788142985327 0.153320418004965
0.606615365559787 -0.366492826008002
1.40468829205286 0.229934724126285
1.30483985507997 -0.216620982257156
0.616379288004179 -0.474792372167735
2.48442560325964 0.599808721808467
0.445226169584259 -0.58641692968277
-0.164755386115305 -0.879441559458976
0.549419455609423 -0.444527310096049
1.15595451305833 -0.0256044445920603
-1.1618230513487 -0.353382560863998
-0.992556870702737 -0.522637034135229
-3.10898430266031 1.11855632200977
-2.00511346169062 0.520172596035677
-0.433382797086356 -0.975334395542323
0.413655376341621 -0.65620431579599
0.822684640664881 -0.39312825480994
-0.875254266525595 -0.804161932884866
1.81699416043855 0.00450664360859238
0.233048704673449 -0.66165546058761
-1.21141298392706 -0.234459922510466
-0.509880109948894 -0.973112394036866
-1.3793337212164 -0.0196231973313574
1.01882477369583 -0.160586878517761
1.82050279929021 0.199769958532437
1.48548480961336 -0.0328012674589623
-0.567414888554355 -0.959207518677065
-0.131903680122192 -0.906675784924871
0.0675411869418351 -0.708021727330795
-1.56094628337611 0.0268974726567846
0.895306022437375 -0.207047434052135
-1.04145185775394 -0.729755169911737
-0.836307011532414 -0.78459360358532
1.32128049770223 -0.0571613929571981
0.684548844072148 -0.269855401993019
1.05497671437282 0.117630250798678
-0.126416219123616 -0.87313317410913
0.77014664019994 -0.447317823601034
-0.828242798184437 -0.78644966054583
0.825908831341322 -0.441007165814978
-0.0453577223132485 -0.728351309031042
-0.414745506139163 -0.97340774551258
1.10837046777897 -0.190232169194145
0.678104169506328 -0.34792062148357
-0.439065402754749 -0.975419787642103
0.0923191419002265 -0.756078830301444
-0.702667009647216 -0.896303427805411
-0.823098123401472 -0.802406325027346
0.742842056779167 -0.423794115901019
1.60582189506946 0.863114201461531
-1.18772922629836 -0.416658332357974
0.876178186801618 -0.1960327814965
1.08073880373978 -0.178924729972406
-0.808227282811517 -0.831335424645576
1.13098344757807 -0.0768228341519896
-2.27612201687014 0.520360882799527
1.72196009987416 -0.247535687455305
0.844301307518235 0.046711502812827
1.31589166797293 0.168198497561042
0.710483724084268 -0.18143227006993
1.08849828579258 -0.0969518070101814
-2.74460709574456 1.04887638174083
-0.37891826376015 -0.967164573358456
0.0146279992746421 -0.789300596927685
0.291480984612837 -0.583344741783618
-0.510318685898157 -0.973006167338641
1.09646593480913 -0.380892888319574
-2.09541853832258 0.862560202301917
0.73994741515825 -0.315595414604508
-0.859670141317318 -0.771804396444533
2.08487381245708 0.805795777049927
0.310579932000479 -0.562214307307003
-1.35031211226263 -0.0875216389154215
-0.753948320371941 -0.851618552270002
2.02896996067353 0.591635410781592
-1.59343835615891 -0.157616010352447
-1.85914909391509 0.973408457750064
-0.455673292642465 -0.976035158514001
0.0496479974157206 -0.672246690119807
0.821856956460896 -0.214227248476752
-1.56065172017476 -0.170156891499197
-0.257120131119289 -0.93269459432429
-2.1991070785355 0.130676811841051
-1.79547562055317 -0.375057234323937
1.34034838148139 -0.270320698527875
1.98820323120741 0.521773827150044
-1.33825512490707 0.173129393844685
1.34288326476146 0.4638663079366
1.61430600250199 -0.0458220539335483
-2.12837232113173 0.583127159122001
1.97062300026798 0.499257336699907
-0.522210448220325 -0.970243436555015
1.25776482013568 0.002550159351255
-0.890901707870937 -0.806708274816084
-0.510344079263537 -0.972179133379717
1.23791996858659 0.0181333489807732
-0.0587785447570539 -0.864981492399921
-1.52776180037704 0.247507112231961
-0.524907316526393 -0.972322962851117
-0.217817491073081 -0.914828912588747
1.2827454007362 0.0459986328154811
-1.6002633694893 -0.0215508001907728
1.20131313833738 0.172579002225596
-0.735881546842844 -0.889858302415183
0.309639995880837 -0.624493235926226
0.928683323640017 -0.320059692985374
-0.131562471897881 -0.845964869395629
0.725781176601299 -0.353303198791519
-0.703722581949926 -0.919508347280547
1.65127211771533 0.932959999253884
0.761045391704765 -0.250943062701542
1.09833696409089 -0.285890638568402
0.941479401599431 -0.538424194494116
1.05943945011583 -0.551820240318544
1.07122733290718 -0.206451445041766
-1.27879577899637 -0.0863493752957245
0.854769984368761 -0.119415776870438
0.377399742071315 -0.540102818454586
-0.611242285860884 -0.935415154777813
0.223799644126246 -0.585613594734034
0.777915906409547 -0.149034788526257
-0.00760366887444747 -0.773141828082822
-2.01514649562599 0.7718728742453
0.46628871417088 -0.638958972428543
0.480621300365917 -0.302529366300449
1.30170801903614 -0.118077569124112
0.342097068715851 -0.67324281054988
-0.552301835064758 -0.962209547164713
-3.38938447651647 0.953377619296827
-3.46618488483017 1.64145032400619
-0.513889770871506 -0.972096536932789
-0.729243503666841 -0.848900497141715
1.07555023727075 -0.0430454360790306
0.776493180274854 -0.203071084950829
-0.139374632029947 -0.877982617381397
-2.20547030723717 0.798591554849182
0.0767791521657332 -0.801716686728486
1.50612719876306 -0.0584554806811333
-0.0772652300115867 -0.854547515938883
0.580047688838846 -0.60108543511744
-1.35647737290088 -0.263681424649176
0.352080768945594 -0.675632714086733
-0.972286479903923 -0.691321368509297
-0.186424713021568 -0.924367345944569
-0.732006799716978 -0.874393487467943
-1.33473634747529 -0.483900285275766
-0.338565870333177 -0.957277987751851
-1.94293354750889 -0.0606084422029862
0.135559889359096 -0.817260623030747
1.88615180353663 0.304096211895216
0.917391780675277 -0.0995622097603136
-0.267229401342173 -0.936148449328808
-0.499551902700195 -0.97423004144768
-0.851828286711582 -0.803608755770228
0.841737823722323 -0.167239065756087
-0.509133673863247 -0.973469737041608
0.770904295352969 0.0345398661057739
1.23906982504274 -0.266341433361343
-1.85592186267749 0.0629519222901371
0.754723130614039 -0.157892817478276
0.443574295095132 -0.671364221706685
-0.746736126111267 -0.906256423863623
-0.457931713914208 -0.976049121773176
-0.0938957748910275 -0.824220103306131
0.176843817978787 -0.587809953048244
1.98603120009512 0.702345069808586
-0.0970620534706271 -0.859266715161595
0.708718772458063 -0.351353917262472
-2.60708971864884 1.44616950557035
-1.2500600074993 -0.164172016762774
-1.96585790130949 0.244086936386957
2.01889396493052 0.526307147092453
-0.737013319187651 -0.846092509567891
0.384718081315636 -0.551987083163152
-0.258112132890746 -0.932039656867272
-2.42041159985907 1.11331375557485
-0.322787997823984 -0.958810944316576
0.742309827381225 -0.508588202795374
1.64226608346941 0.318928653203649
-0.806630312668618 -0.841251133040609
-0.891331667131909 -0.764645547827758
1.36205042220908 0.0204575941551981
-1.43189492058862 -0.421610938311778
0.886623445502003 -0.305959787830853
0.589049245828243 -0.436648247091843
2.23514803549168 0.509005101446839
0.0266105046518569 -0.763186528929031
0.398703480004507 -0.530533215026413
1.69645904197553 0.0981001343282976
0.523401777623348 -0.55929709303648
-1.93205537318259 0.366043103938833
3.35067148920095 0.211312212650117
-1.23847046647155 -0.117520559304759
-1.71924044067922 0.640384061162405
0.186130783863474 -0.644568403229492
0.718228166320058 -0.26674007289054
-0.761082641622636 -0.846859973012109
0.368990052794575 -0.551952925624357
-0.285663060557406 -0.942514125595429
1.60119347393092 0.128187234342757
-0.0706206072933796 -0.810756640073266
-0.552066416181039 -0.97004565423709
0.736031996789298 -0.437544479795483
-0.0174231436174805 -0.770093497793207
-1.12990457010728 -0.415299554838095
-2.33204293045623 0.291822814587721
-2.39955433919921 0.515071287480294
-0.194693831452772 -0.888661064080415
-1.32035898985513 -0.304934481471507
-0.753998552384962 -0.856313418805763
0.550394028149339 -0.324520147626604
-0.287037352271222 -0.949677605945676
0.293175238030559 -0.579308559217324
0.0384952998115906 -0.833320479044433
-0.219070751483547 -0.910407782422065
-1.61843036293557 0.440298006534545
1.42398886876715 0.115824412489866
0.394657608373863 -0.676995532652089
1.36747218110564 -0.0122948640785309
1.48568077825327 0.21935348509819
-0.722682667263934 -0.889847292208735
-2.5617177674781 0.66930585511394
-1.56026927023638 0.786504663030527
0.984951115379007 0.238826544118441
0.15313971622231 -0.684758199851427
-0.90781806758893 -0.800560235638956
0.266132335778077 -0.715943995838915
-0.683424454134683 -0.937187794862131
-1.15392478055228 -0.363938617833492
-1.32098376211645 -0.118299529494346
0.82627208617227 -0.000992823825528399
-0.932424680194172 -0.743851614385118
-0.425641629723627 -0.975098504070735
-0.351634390467826 -0.966691568965411
0.55257729492908 -0.521306479207814
0.893221029544071 -0.539071097045326
1.113439289241 0.0953478124878814
-0.253440282649677 -0.920994270113247
-0.147319615580438 -0.865793352639968
0.429160663091766 -0.6084546680821
0.23733769470754 -0.527177030990169
1.1347498316267 -0.42565625739557
-0.300375242732941 -0.938980232242341
-0.640264375374628 -0.934374321479342
0.499916727402032 -0.551692806055499
0.225610746433379 -0.739934869093502
0.214477111818705 -0.742089336952673
1.00626017608306 -0.116762767049214
-0.449203952496363 -0.975892577485957
-0.935331897434622 -0.64312362140491
-0.00758452755058077 -0.792562002422328
-0.0739555772848819 -0.809044819339601
-0.944352376967516 -0.72478520535702
-1.01629824645402 -0.56351034743651
-0.942656547197154 -0.682516641164575
-0.0616203482276486 -0.814063534904479
0.786241856447571 -0.654851047354049
0.748058154185751 -0.298453843931123
0.393785886853367 -0.471643954341059
-1.57246997553255 -0.283166460701015
0.0140445960976369 -0.848634707999488
1.46049851054487 0.129569825776583
2.61218572663558 0.332289636612592
-0.839244401703507 -0.834278378829893
0.903440119484585 -0.616713433813247
-0.227558917534729 -0.924195352536478
-0.934394304829378 -0.735857828886785
-0.995146801108927 -0.734237742503784
0.0570390032160199 -0.644605608432408
-0.632432335041273 -0.941107581178952
2.53766110415423 1.01268687094637
-1.061494163728 -0.665397558944618
1.12230819894144 0.0538974802808774
0.341362369694372 -0.532120068713373
-0.757660117629681 -0.892492542690717
1.72309303843585 0.253459838939258
1.02850361718041 -0.363371950512372
-0.227374403688562 -0.917163423803059
-0.240959045789558 -0.915032162461223
-0.67708989587504 -0.908214106925248
-0.139643028431684 -0.867010382720494
-1.32637079490012 -0.300172307928687
-1.71960759377014 0.770188576066842
-0.811150435915643 -0.778616119377419
0.0173746326422405 -0.771287988331374
-0.370153401107249 -0.967044695043202
-1.31484366294724 -0.0281065682973229
0.647278731597776 -0.617795427510132
-1.1815150261173 -0.272431382335756
-0.476001950062318 -0.975738615234736
0.124066027882227 -0.728155725033667
-0.941270570577199 -0.676414584432122
2.50309961580995 0.4171514260462
0.808060479589534 -0.401314045420438
0.364473826511351 -0.581943264453597
-1.82738798764101 0.426080654023986
0.661100272782861 -0.165419030590475
0.9351561182297 -0.484499880069291
0.181957544367301 -0.698419955921981
-1.27514843820095 -0.299579829844047
-0.175074646647101 -0.902426259302631
-0.380897617304072 -0.971199885684337
0.373755335164981 -0.578095106002715
-0.904766669874801 -0.663514157786165
1.03451724265199 0.0757525878392774
0.633368194769465 -0.261715666671278
1.24456301723129 -0.00196956732453444
1.25114270661713 0.12183233402859
3.29983660967913 0.400978061720016
2.54770123157132 0.5716413339405
3.19815015352355 0.441862242479172
-0.0636711673101233 -0.809251608173853
-0.364618605281119 -0.965072276700273
0.501814227317986 -0.386227950187899
1.97513404374678 1.1145111250201
2.79972524517257 0.661813723054764
1.22019119210081 -0.0579248037127127
0.461698229315127 -0.439069253178421
0.806838865229858 -0.122263948999147
-0.711039855117981 -0.924644578973008
-1.30860618828613 -0.0511307477746272
0.106217953166915 -0.642231209002436
-1.26180533115323 -0.217109023763832
0.109298138729446 -0.634045192896326
0.930282548005095 -0.287917404644861
-1.11872865715979 -0.346216958348008
-2.29351216240131 0.792145117528548
-0.876014612284447 -0.739614597944831
0.269003106162055 -0.681820896297082
0.47737628662554 -0.526713337082112
2.44934241059376 0.423999276213283
2.04460481665466 0.569754013332983
0.63656303269956 -0.444404853161534
-1.06442328657808 -0.350659587152591
1.17709530292219 0.03594722290117
1.81789066051968 0.0770239702795399
2.2061765027338 0.291822143797055
3.81832108822258 -0.512194520083213
-0.831986368436119 -0.823108526771859
0.338692774686162 -0.508036983612753
-0.0248380854761014 -0.842246438107588
1.72773043322562 0.820369337056988
-1.44554065735449 0.375205590477472
-0.0558859682824715 -0.828773538820819
-0.405067191628361 -0.973272807955593
0.689338098691966 -0.445811539342652
0.217147304558859 -0.635570339304063
0.0838708881892843 -0.741408052683648
-1.02194526461896 -0.608694518180058
1.26717128755165 -0.121890506309115
-0.912301952145614 -0.770891603792014
0.711457708406896 -0.505479003530574
-0.364624149054926 -0.967491727362581
-0.107784789601588 -0.811636649388596
-1.08338674041023 -0.542546922953875
-0.448553971150799 -0.975928060420112
-0.0568932502945121 -0.818965530611746
-0.134972017626002 -0.919361612138797
-0.781079867263519 -0.901869501256774
-1.11752932177703 -0.46549817585252
-1.24779118283853 -0.286141223197597
-1.73727507746879 0.214122162254981
0.577879019096004 -0.225015100462369
0.549734837542898 -0.264012455293312
0.16249839155496 -0.61893402116605
0.384350247267273 -0.536353067480932
-3.191484958573 1.93191716611054
0.376577506608325 -0.670611604174661
-0.788887209407115 -0.874434112648153
-0.971550343596695 -0.691825331566858
-1.23011009041563 -0.292799262365968
-0.0476855159403118 -0.801303374361444
-1.83350550789351 0.324937492111012
2.44539932308746 -0.21724374706704
-0.0418939921828118 -0.804784290614885
-1.21631549471382 -0.326101944034248
-0.171457185534592 -0.897375532640591
2.00651465751034 0.221714187473053
-2.35084242543242 0.569909126929885
-0.746240775222333 -0.828859166459894
-1.49653272960647 -0.293189258489598
-3.75721444226181 2.117090445456
1.45501821304728 0.232630566875987
-1.20651577122205 -0.446581405022585
-0.433072821823513 -0.975177085781404
-0.465448953471548 -0.975993228090533
0.0454766362084034 -0.702385629836046
1.28818931750305 0.224675943559828
-0.319616794897718 -0.955013643606504
-0.183687401080224 -0.883802943400657
1.17758423645117 -0.523008151833527
-1.42239416645421 0.0255431885181834
0.992357605034846 -0.0943255301262545
0.263106697677836 -0.578577772128006
0.309508516361246 -0.551219634111014
-0.669295035744945 -0.883653498197947
-1.82301427816278 0.396338563566621
1.93035231700502 0.625802568141256
-0.56872353893307 -0.970464396552423
0.311583911527286 -0.735109626314383
0.259001402236003 -0.608300069515061
0.867655446370621 -0.169864111722664
-0.787795569674071 -0.8415435599339
-1.21938980893078 -0.267067844614477
-0.910704471161161 -0.806333332450299
-0.60791984540126 -0.951345942653385
-0.884881532318333 -0.667851464722192
-0.266347811954932 -0.942769012047706
2.11621369217951 1.16255864801821
-0.1149528637818 -0.861229151728352
0.138775865899616 -0.696355977486732
-2.06389029176126 0.612638059708894
0.631277364946138 -0.539977564354715
0.49552980336904 -0.463771078565175
-0.706594671485149 -0.912153074837882
0.0661301580668283 -0.821194376483646
-2.68229368264652 0.92796494939395
0.261891013268596 -0.587929175986491
2.28596440654254 0.681427392043722
-1.59091358142862 0.199992547131287
0.743226016588901 -0.143676423830312
-1.07447078472018 -0.591288300414903
0.241904745957189 -0.616724827973137
-1.47579967081595 0.0159355507584039
0.281696856026571 -0.505268467164671
-0.673583721468859 -0.88850502836755
-0.180027264587773 -0.894139793772138
-0.916920066362412 -0.809126275522805
0.103566129700045 -0.743655279116635
-2.65493929148984 1.07287463806333
-1.08388192125477 -0.340374619194775
-0.480832177790915 -0.975381533237938
-0.580176176228275 -0.953919406797009
-1.0060729066197 -0.692469959283765
0.0919670677893125 -0.633117751627292
-0.0860911132477049 -0.839439697371492
-1.57056965963853 0.26048693279476
1.29975186701149 0.0860294727402309
-1.79339130685353 0.30583288155686
-0.603745322631825 -0.949340882516309
1.1041449663109 -0.219984213817601
-0.714641189596642 -0.882433086876122
-0.290387437610062 -0.947002794292738
-1.11023922534295 -0.221812226670979
-1.81913347250263 -0.37912917916614
0.287559190997166 -0.650273620496787
-1.68529175473758 -0.00244809650204425
-0.356457694104997 -0.963710589337669
0.971845960438168 -0.131346492055664
1.43683414603511 0.288190973427978
-0.00370684016831941 -0.687276138731523
-0.104509063893474 -0.83144532039958
-0.476739510967016 -0.97557450000237
-1.73664232355121 -0.0489805038026213
-0.387911033659273 -0.970665352144441
-0.726913028736973 -0.850160780891826
-1.38923755919199 -0.093680925088266
-0.000579625137736978 -0.773090918369693
1.91989989279221 0.851120568677838
0.425649636177787 -0.441143584156577
-0.7181583224945 -0.899441767805542
0.50894506211435 -0.478083934637595
0.113755720936017 -0.699485505690872
-0.178584786398867 -0.884646090872981
0.805933587184354 -0.161557665168017
-0.762004191317302 -0.870997511831658
0.846801214936488 -0.304410890821105
0.400625250243266 -0.361154994599194
1.09135735427092 -0.392324993073032
-0.295321365837799 -0.95417768829978
0.147492761915821 -0.576971554268222
-1.58007493483674 -0.120226342063186
0.485302818960178 -0.610513548991802
-0.738107338176309 -0.908124023557992
-0.480814954255934 -0.975618687180694
2.07400651343297 1.34993983829454
-0.121477060494219 -0.944321910539322
0.66850402393033 -0.187472522036662
1.01380448942889 0.106589620739255
1.21860099190257 -0.163489315031799
-0.714919863558866 -0.897692503733008
-0.151075975544108 -0.870852453783594
-1.80943347292908 0.167736381455292
2.81639799009396 0.652120331591007
1.04320810936785 -0.485871450711048
-0.127873224633738 -0.886820108771152
-0.34814884439507 -0.961412936838733
0.69590088459823 -0.28178998744336
1.1476662236621 -0.123991862839029
-0.407859128345051 -0.973149021764548
1.05652066529003 -0.36598036400875
1.39322853260988 0.143836742112629
-0.709963232426768 -0.886522387040536
0.118359793562457 -0.680411081767427
-0.224451150115975 -0.915847746629364
-1.35597540280159 0.0475672433779293
0.613160222206962 -0.471414045906367
-0.888206254853828 -0.753252272758442
-0.904472321401022 -0.825622784127874
1.67550514732193 0.128005745575205
-0.117811231525784 -0.883810228296571
-0.0345861971385514 -0.823656709349147
0.105731264313349 -0.695578046996908
-0.0447563226575253 -0.8986728863381
0.236590453964647 -0.630096582573058
0.588881715781445 -0.438338363769819
-0.271007331354508 -0.92881774862109
0.57865629413479 -0.389601352599207
-1.26101563652497 -0.447015939788821
0.886284798469839 -0.245040605396809
0.310160176615402 -0.628822897887128
-2.05138342187342 0.839923416100508
3.70479821741605 0.0553726149002012
1.26326087494038 0.057899365915215
0.0423884333444444 -0.760112843830946
-0.623001702631477 -0.93311655986721
0.974582978305436 -0.0513525960692223
-1.20993731987828 -0.217889353148152
-0.159316693563438 -0.906960927118055
-0.410381502288918 -0.973343747375816
-1.46442936869341 0.198017428184517
0.0148571887271192 -0.779916805964169
-1.4308213413412 0.207641734402391
0.326020888467442 -0.54218967894749
0.574320507585888 -0.419803486089564
1.03563610339324 -0.0423999074619332
0.419370128780849 -0.504190652503681
-0.890859973317231 -0.621017070681174
0.648749368642634 -0.357668916765787
-2.16931860099694 0.810516405046474
-1.42568333190722 -0.229280077312419
-0.0114424845270811 -0.803892860423275
0.658957278734906 -0.226711004635063
-0.212869937984369 -0.927444107977354
0.133769067803171 -0.700768845710432
-0.157709771525452 -0.850209256670764
-1.13634735588785 -0.486822243885632
-0.702426795032051 -0.914161641314297
1.59618743098747 0.471879131445967
-0.00255585692131068 -0.782151391477714
-0.0177093222826601 -0.799503254360561
0.258130801245125 -0.472950341358619
1.48107788100378 0.186933371833507
-0.329128980953944 -0.959138322542778
0.997572585824518 -0.404448064560484
-0.866949489053607 -0.70570689169898
0.456054629288849 -0.585698125501488
0.178567418276404 -0.644724248650919
-0.631068356976992 -0.946690760721929
-0.418643478749126 -0.974270787514815
1.27985505783202 0.197965407438642
1.15479514505411 0.138948382442774
-0.328023389063989 -0.954573538089711
-1.26304495047186 -0.0917955508221443
1.32212969100093 0.328570317248752
0.618596674226884 -0.462762957799646
-1.32100014869817 -0.162621510563046
-1.82673688722694 0.6284613609749
1.91000531107685 0.324363964236138
-1.45727708437016 -0.121745890121998
0.112147556001579 -0.779083494008262
-0.800447507262672 -0.785852937594231
0.509427571104355 -0.557220359822732
0.409924585009653 -0.547824443055153
-0.563249402504113 -0.963124883990313
-0.0139711019841801 -0.774362859162015
-1.92765043406258 0.749471548990909
1.70254806404301 0.387787706877569
0.375270061494029 -0.479995030465396
-1.20213787085309 -0.385088952825693
0.420601678063887 -0.445643093017741
0.333978887815417 -0.458463915300044
0.25704741578384 -0.612498839209568
-0.314458501675626 -0.959780377920716
-1.58484727504147 0.337110040620079
1.88837680663913 0.371422532296265
-2.75422950777044 0.544931908664004
-0.478083049139666 -0.97576580884279
0.807406667286472 -0.140289321823083
-1.95525881766602 0.218156978147717
-0.629950969099377 -0.940235486836794
-1.69531016947013 0.446313727831537
0.0750785855801473 -0.80176919922282
-0.98195341429758 -0.593206665739879
0.0492739568702184 -0.665804178361044
-0.101481609604429 -0.822965245625627
0.110352061923818 -0.639672631163017
-2.08480888680339 0.762117742670485
0.0543019592911259 -0.748653765722604
1.52884347126718 0.269263767467616
0.632779556342647 -0.279956488470058
-2.01266512562822 0.49211505344268
-1.58506689482379 0.0940357432389557
-0.972215328268618 -0.57872918786351
0.268459320112149 -0.66437455305883
0.229894324985682 -0.671817708712196
0.689213071985323 -0.32408947640565
0.0985361588349575 -0.692515494570646
1.26797866276273 -0.186251120482958
0.827778600574087 -0.0742983047729111
0.774699409428628 0.026425695364608
0.167778503529744 -0.606738627445595
-1.49690125980139 -0.175437092048449
1.14466680157153 0.234930107634259
-1.23458272984306 -0.542052271358279
-0.467137515837409 -0.975963784464765
-1.63557968775148 -0.502600519804787
0.0718578000771955 -0.66011446935385
-2.17321951832584 1.28723927059588
-0.306704372513881 -0.956245507824158
1.64495167435011 -0.0635423165426721
1.05709261352326 -0.0731349386191275
0.667640651122202 -0.0590455304830683
-0.73121223788763 -0.893188696990668
-0.464329819799534 -0.976031321244229
2.17010146595673 0.722889589203995
-1.51232011202961 -0.237716794514385
0.373315884910747 -0.525829087340762
-1.58291750710794 -0.400331377623044
0.966473435672872 -0.0857077002649961
-0.209732383325308 -0.903375318528271
0.745288411042605 -0.282623245877651
-0.507950120679933 -0.973005553748844
-0.61436943859652 -0.941139971354046
-0.267647198345195 -0.93438877192074
0.686859305626614 -0.446187804193705
0.216969546939792 -0.557817409834525
2.58750101628284 0.165577659399159
1.90513996872233 0.54983788090401
1.96535951294379 0.498061182547565
-0.0709748955862771 -0.809036433750008
-1.67240289312012 0.968963953244063
-2.37038763787617 1.11303594526996
0.310785989066244 -0.481875520478202
1.41706372033094 -0.00146206651994878
0.47429024724866 -0.479153573214671
0.529105073717392 -0.50901591250429
-2.28706230461295 0.997489578757223
-1.64821387332197 -0.0183900583911368
1.48903634834364 0.640365955675751
2.24670495033455 0.91164207001466
-1.00761734758653 -0.538218574620616
1.33633700952144 -0.0435688600202361
-0.389589403354767 -0.971802984553748
-1.8008387732 0.756270462562487
0.657672769308239 -0.615941505321281
1.87481119036441 0.473628974172062
-2.45117220267567 0.868002628614891
-1.97736607262664 0.735191896101601
-1.16424616876669 -0.554136407786591
-0.458373537701498 -0.976049912448334
0.758820635259736 -0.246183696243687
1.31991225370181 0.0520862733788145
-0.905914924890128 -0.628331388666341
1.85715620199385 0.0653467265056593
0.526228933652726 -0.562032327418858
1.87653345987134 0.233380506829648
-0.457179719439687 -0.976047003441701
-1.57510786846599 0.135493853221265
-0.216307623769588 -0.909067928039234
-2.18282270683433 0.538277525218135
0.686882476250733 -0.161487759536958
-0.74160392134298 -0.859948379630403
2.04341530391634 -0.317716961093564
-2.36328303353553 0.645976026787745
-0.0342838190688463 -0.86157573136626
-0.646354238429861 -0.944628165937464
0.40302909127634 -0.51595365591259
0.64545663276827 -0.376647949946808
1.01561099384271 -0.217668998989072
0.686639055721073 -0.539443348384755
0.866562728817941 -0.501783243950079
0.168045321460186 -0.662784569860144
0.163823558522051 -0.638999788981954
0.14700173711164 -0.710519244882204
0.110073507465985 -0.719163061017962
-1.28401052357145 -0.239852299812578
-0.719330484030692 -0.881959935836665
1.23035185736162 0.303851327181438
-1.23550042956479 -0.347686631101074
2.95592123350556 0.724455925888315
-0.21561122528606 -0.922436496387773
2.07733363051559 0.703506854583289
0.988580873091057 -0.218142478382298
-0.9640168337437 -0.663513560393593
0.378164683817516 -0.526175177544028
0.380684289316172 -0.605123114301603
-1.2737162538083 -0.357224532901661
-0.00917069472267631 -0.804467560721516
-1.08795530469332 -0.54952637582917
-1.67118559644516 0.017071564885783
0.811058742370557 -0.0966387477479131
-0.166552381331562 -0.909665817716891
-0.664164416640233 -0.934098510583571
0.959893309797085 -0.38950284141147
-1.96975521657496 0.11701125443155
-2.49772131908775 0.204611545974949
0.907456097644438 -0.032271866173969
1.27369374354143 -0.00585540231592437
-0.667207318983963 -0.943764591999831
0.271321252132358 -0.807160014646712
-1.1223048069888 -0.372253013976176
0.773948671607883 -0.376107093352138
-0.401125786697266 -0.971369481839003
2.38275455908186 1.24562145172098
0.758085933072659 -0.185843914358173
1.44497339813977 -0.240004766143118
0.0601094815703039 -0.645874029052426
-0.295715726033726 -0.949203252743233
0.915556892273764 -0.021947334995581
-0.895359498667904 -0.761203258516573
1.34866001993942 0.128359812632868
1.78424440617396 0.000803787496239716
2.02532064184325 0.415564463852155
1.08117234979969 -0.300805950932579
-0.646712053397684 -0.944636868338598
-0.149926500975846 -0.879227402186684
1.27203937206183 0.47854747322813
-0.790096631933064 -0.866529686125947
-1.17265116152066 -0.383247247734367
-0.185821041650743 -0.918701260771904
-1.11451568401518 -0.440112579803047
0.4278281740472 -0.586683855456216
-1.6946865080102 0.42407690582016
0.542510575730074 -0.601776307485064
1.67289078549155 0.567305804122498
0.922818407756291 -0.325333068102121
0.166376446059536 -0.587110810289551
-1.03490927412123 -0.592325961447885
-0.552367634830422 -0.967322874294783
0.536149555283668 -0.693342098044489
-0.564933266641873 -0.958944271878418
0.792799138850288 -0.428011712284488
-2.48159853277174 0.618390890025841
-3.16703550829947 0.990158355831333
-0.843337779119802 -0.834690288180037
0.0964850295589259 -0.766205539333631
-0.117649440241306 -0.860075590601003
-1.31807124412363 0.0973169686352669
-0.728379966933921 -0.890968758669006
0.45899563431019 -0.648721655994371
-0.126912310741136 -0.912837426483327
0.179341195248414 -0.716949747031337
-0.190239078860998 -0.874790635339544
0.0695328005135158 -0.794070031034984
-1.73226481477089 0.0723644349853208
0.898953003766032 -0.355788268151623
0.114604196630584 -0.787147836546889
-0.7156989324634 -0.878723629383915
-0.0634553509320187 -0.843894811858703
-0.674787337924284 -0.905211134280645
1.10792218702327 -0.439108730642278
-1.12056257881712 -0.367750221780046
-0.295357317270455 -0.943655029333031
-0.506104061042766 -0.974043491444523
0.479221898223821 -0.661788223504062
-2.02906055852519 0.537807434618261
-0.898465759196643 -0.834151940875716
-1.37908503012387 -0.159588741735156
0.651849221662528 -0.247065851600309
0.814437335339592 -0.383762728357072
2.5509941329782 0.712052976330883
1.13734186304763 -0.290678541708226
1.01185079327936 -0.380982118484949
1.95651452741578 -0.195266547846347
-0.803538266660837 -0.843915083486468
0.463131133978664 -0.662528401977454
-0.560641129160882 -0.963063249909248
-0.310493128247144 -0.955755395262558
0.303260168675646 -0.810873250320124
0.5318902041108 -0.488521702329691
-0.522340622233399 -0.971165921086645
-0.913596931390965 -0.781622260184006
-1.04153605843593 -0.827808156039131
-0.309780780692421 -0.951649615159302
-1.29219758649636 -0.000568601517905026
-0.799380744914125 -0.824847205627201
-1.21182989468201 -0.362335855348545
-1.25568877046977 -0.180878746134813
0.817363391594575 -0.328079186515773
1.85412077012425 0.504855040027851
2.34083334277797 0.973546017049414
1.43575066972598 -0.0770328575150245
1.39146429150065 -0.3235789128694
-0.7733786541132 -0.87192283555931
1.05595108553057 -0.0234880563547956
-0.892497348350788 -0.753430758981529
-0.0873608159687701 -0.843450545980023
-1.4493671242915 -0.240188505542079
1.90960972562908 0.199275368927517
-0.583778184866268 -0.960939808536036
-0.105575274759864 -0.881098594309077
1.00903144981129 -0.2660808083215
-0.816183697545882 -0.822008419284179
0.978067933724569 -0.0789846817415609
-0.278106579743189 -0.956865683236603
1.16616413099625 0.012594219302691
2.01964450716251 0.00517402745315054
0.631122504693524 -0.296026621402616
1.57564187654864 0.626057686537303
-0.169319792322205 -0.891997542552191
0.517461522431667 -0.52599625226972
0.562673028862643 -0.863120329970555
-0.288208115145741 -0.946682285799742
-0.58494776330158 -0.963534839027623
0.429219134034558 -0.701367844825346
-2.07397415810392 -0.0999688542668848
0.9512651987087 -0.283901613981049
-1.82393120864321 0.980390322753488
-0.619655744547595 -0.941511117127697
0.596274128046244 -0.493208841619843
2.97256184670845 0.607621501409136
0.339796436073826 -0.571202861783472
-0.684454851164684 -0.890578521448024
1.20464076238006 -0.0662764176918961
0.930053132987092 -0.188524342222252
2.3237380306367 0.210398606558076
-1.46805428340145 -0.0794571905618738
0.019095805943848 -0.688583029568199
-0.430037366599577 -0.974999551276532
0.314741755870996 -0.734268253196442
-0.970306491922274 -0.481759812444802
-1.96185557778197 0.199203345005113
-0.18782962909927 -0.900585005857888
0.0954731050101362 -0.648553170374998
-0.278439595163533 -0.944461607861031
-0.474235548874459 -0.975934531858254
-0.690470231605672 -0.913349169298501
-0.415213642495845 -0.973121157653275
0.186523850432119 -0.564836529263829
3.65085189949824 -0.211563538871932
2.25102583897609 0.963989296185775
0.58670043344703 -0.563593020749487
0.034269705071631 -0.823793139958651
-0.505457251013325 -0.973157764226258
0.655183739214711 -0.285812307033169
0.741886478375884 -0.346653428369866
-0.668902447914262 -0.929097098179196
-0.297737000786474 -0.942537257757623
-0.0812310109743902 -0.767519774860699
0.460265887972877 -0.538349037003761
1.07151735038631 -0.24705518857834
-0.609145540134356 -0.947540142906833
0.238295336756611 -0.642504018856383
-0.668177451229098 -0.917117122515814
-0.236036937769684 -0.928640658175228
-0.222167603403655 -0.933842022131191
-1.17222637196941 -0.675650557217564
-0.312744742114108 -0.954214885368085
-0.948840234669538 -0.826948252491874
-2.15666075474308 0.352600847742618
-0.466316365756844 -0.975984454198386
1.89377757383696 -0.396960109518229
-0.317182409655013 -0.964596514245044
-0.019848127915669 -0.752316063298658
0.327717136021359 -0.841769878885622
1.22812920174746 -0.0231158658612099
-0.393641636785557 -0.971047674787536
0.336440103583033 -0.593119345750521
-0.27635407409554 -0.933403335198382
-0.290857691496395 -0.95018763144329
1.66055720652572 0.395370343910658
0.397535604087568 -0.7170939551821
1.00854951636964 -0.221783099693745
1.20664655027856 0.153497414658138
0.551359557870998 -0.38400694768166
1.24473626210477 -0.176662989882398
-0.599659946491252 -0.95003631025221
2.24009919584574 0.961553880979223
-0.633327114310961 -0.948907250773028
-0.220681194601599 -0.90565670061197
-1.28019676334413 -0.418943123638215
-0.631203986282535 -0.933912552735176
0.483348835553898 -0.652687081448501
1.22810376710612 0.388750357546196
-2.91224345959218 1.63665704513644
-2.30795990324829 0.716598067377314
0.277290750185026 -0.575976767777111
-1.22268177715117 -0.190180243193988
-1.3432252656463 -0.0654747306311976
-1.14621982025754 -0.289885177034037
0.519857202170934 -0.288640638573167
-0.292968394875613 -0.947761883456611
-0.955683265520555 -0.721847922645683
-0.308279979982893 -0.959541188119652
0.731599592939977 -0.41460769951499
1.99588054254158 -0.010534176117575
1.50620239662015 -0.1247211150527
1.21744537962966 0.128230000323369
-0.0116705188340726 -0.753919007068449
1.64216423663478 0.270354105603745
3.1407127822852 0.46721197328297
-1.32164320231388 -0.0363682061193402
-0.334912873420736 -0.962418486112064
2.21359390512029 0.555555534100585
0.161539016806584 -0.665259057026372
1.06702866435579 0.345553172186134
0.389531488142525 -0.73931725420414
2.01922141934718 1.1002590483359
0.0671222830187991 -0.578356369574959
-2.29105168003507 0.583138219461025
-0.955757192853583 -0.740347709640437
1.20466412479531 0.260023274301075
1.04757329796697 -0.186535752807804
1.16742170968154 0.126729989756244
-0.701423692067749 -0.9107146617111
-1.31889664194439 -0.412655146988887
1.82853193301694 0.60845804131041
0.130613277127707 -0.765943717468051
0.673374742822458 -0.387618870478097
-1.88833798738136 0.314638800711528
-0.631013323447807 -0.949945079323847
-0.028609068457506 -0.745502229753801
0.742040941129427 -0.262558391203193
1.45289918528721 0.181679923457938
-1.09089447787175 -0.31145482877856
-0.797523740352833 -0.819188211309043
0.605995440327804 -0.602742588625427
0.140376910900115 -0.691188772885211
-0.680278501758579 -0.926892664709244
-0.262505257179727 -0.929181099056855
-0.269187716353153 -0.928599464918478
