-0.335637414454452 -0.26002824793393
-0.365246859397798 0.807537631926992
-0.194136256833802 0.584116960464801
0.0610134555360431 1.50651010395406
-0.455930062025996 0.456672423526204
0.219111444182702 1.26125464594538
1.03996762872641 0.240748365692765
2.6487699372424 -1.35052752434919
1.34074871361517 0.0624490217202877
-0.454035222622928 1.16849286522178
-2.76982595299662 -1.07820812930875
-0.572061189208815 -0.407231504507338
1.68084605206758 -0.602825430468972
0.546880875079368 2.10149535172935
-0.851783531299292 0.225831664167473
0.758423902593467 0.956157311987436
-0.454517292759439 0.459425192219558
1.07454766590525 0.39612994759556
0.0350298443411212 1.75328253808356
0.328294607637737 0.715441070256886
-2.22659939203819 -1.18521732294362
-1.77143246586305 -1.12847662196278
-1.36199909449094 -0.631112479325149
-0.512553430529834 -0.137199037265837
0.888250932785994 0.592329744732586
0.187517575569502 0.39188440761988
0.186991843527245 1.24926959843306
0.0166013223874961 1.49194619980678
0.426234469512517 1.40085435103135
0.465813257532201 2.475607793006
0.606841345698698 1.37814519139191
0.340981721257403 2.30323009115828
-1.42923008176578 -1.08380847723863
-1.93901301470016 -1.21683962172175
1.15522998935742 -0.0317637258029816
1.02155669138708 -0.0275902158031155
1.1559123540911 -0.213473072433628
-2.43419554965819 -1.11732215739548
-1.28936974826912 -0.484887959801381
-1.325078020537 -0.609119103612219
1.39268902076731 -0.881321521166256
-1.68095210547577 -1.23786332559497
-1.61059931545746 -1.3409922759827
-0.97575322450902 -0.187623243531836
1.06208338150411 0.353796968792226
-0.302442491550171 -0.506118669704534
0.26850908926418 2.24234879491843
-1.70533586563947 -0.693616076400265
-0.82255993311302 -0.732417358051375
-1.43574594126802 -0.752839046749939
-0.932618301957547 0.0212567058754026
0.199771822789185 1.43956497952658
-0.814171550452464 -0.179005347259909
0.415068500210428 0.799406648727152
1.32282746147974 -0.396689492095505
0.232884212585704 1.07513997736845
0.945294478222372 0.812679843566285
1.76243632016366 -1.01535363998381
0.989627053424441 1.98668214856001
0.593067577539291 2.88410244980882
-0.551621537656261 0.235909838333282
-0.608458120074202 1.22021289703911
-1.40763273411533 -0.763786453389018
-0.213874163274635 0.871052855823716
-0.899284747290318 -1.01952346718266
-1.13605607030838 -0.617277699689053
1.7494636981683 -0.555554222958086
-0.973961051386849 -0.929636448892153
0.0252482328419264 1.18254560554751
0.712457537352516 0.621498184784354
0.0443525197806175 0.156090295302879
0.320520516050908 1.73803311370707
2.16799907365573 -0.921890376878865
1.16801286910158 0.246009866066716
0.724041546598015 1.85137372509132
-0.175166645199437 0.469003007348517
1.20376235856229 0.331596434778711
-1.21573269952243 -0.881813734213087
-0.870102786059338 -0.346563069417271
-0.789545039364498 0.166661750155286
0.924282025051353 0.634194246071925
4.0106670896474 -1.81709771978986
-0.89560942349376 0.312058948218504
-0.58292172304815 -0.035584204848516
1.04780707215073 0.300847929122232
-1.1451408056572 -0.903963111445624
0.909353724180551 0.890224705439069
0.153231520068764 1.24619936276533
-2.30579732072502 -1.10037184748365
-0.321398967383887 1.71713509394576
1.32566866011925 -0.270904327819269
-1.29540833784755 -1.06088108187998
-0.279817005876572 0.436884444764634
1.05553023392201 0.448677095598138
0.61390151099664 0.918790723259212
0.808278671127719 0.404886829502173
-0.417357472392149 0.430365304239779
0.446085284567986 -0.278638794997274
1.34458569888294 0.276450664746657
0.166912238745145 1.58596085378219
-1.18390840925045 -0.848384361489469
-0.187581760922653 0.252646355644191
0.917704922544452 0.851668246678653
1.03236136708887 1.56014511873464
1.41350610119028 -0.0951724800140522
-0.680264028902926 0.737872239080587
1.00458999981342 1.9545976404892
-0.331364253387312 -0.113998648753966
-0.599365460211784 0.190598028744796
0.563387255873796 1.08730685253405
-0.978216040886126 -0.572927130430454
-1.77129472557829 -1.37498071091615
-0.861115029158814 -0.464619681172077
0.402022981936437 0.817423901118035
-2.74792393549442 -0.8548897521003
0.0163329344073485 1.58139925502356
0.203059694825814 0.772595377448099
-1.60801757034601 -1.11720892103707
0.217273223194577 0.228119571422951
-0.869035543131082 -0.729590093521965
0.978152754369395 0.108595599996334
-0.114225736256642 1.24354199064135
-0.377615566792303 0.593122042082927
-0.630556742639025 -0.725400027870899
1.98517355393239 -0.698363673829152
-0.763028076001479 0.0304230897926463
0.571609061370787 1.25590780981585
1.76617962867372 -0.932012118283507
0.572921224659376 0.436719573204993
0.384270180037934 1.68242675583293
-1.02399644651487 -0.339161146735785
2.68808582820695 -1.24986116195636
-2.22357505057926 -1.28769016197224
-1.95422560037876 -1.5907121313648
1.07735315878117 -0.574932402597371
2.67825336392043 -1.2206702920171
-0.210218991660795 0.789630305294078
0.0282603613034819 1.11264101794811
0.463492421886368 2.22907244900473
-2.6653043741979 -1.15885608066681
2.87863129488704 -1.59916093540834
-1.48870172231437 -0.864963711369027
0.848025622014181 1.32986551972499
-0.472772978493814 0.847757945022684
-0.0415787407554978 0.2983355204828
0.379482950642795 1.10933163316402
-0.367367634912861 -0.108764448958083
-0.213043619113911 -1.10970504340214
-0.196735386432097 0.658370970060278
-0.199517901562612 1.9707716303841
-0.982124422245676 -0.366089055770505
0.0586568814472373 1.7282786476047
-0.132940202288829 1.68688772888949
1.79496193812657 -0.661291966849452
1.12172583243261 0.853783579169726
0.850316416220939 2.17442796893189
-0.688678252687903 -0.621274846536592
-0.84640803386416 -0.126407481361507
0.200950477637654 0.583999718731324
1.15607918791341 0.697095870031905
-0.845676602199104 -0.125789870856334
0.0087877650955922 -0.229888662171123
1.39037105343163 -0.333593874975166
0.487495010693394 1.34075593274481
0.511650701572227 0.768981524752356
0.329086185607928 0.554507641823975
-1.61586024793444 -1.00169266987358
2.19769730757878 -0.897275054393191
-0.672741395423239 -0.0666350880921648
-1.28605847491198 -1.08739436904366
0.738880051425586 1.04378881032508
-0.465900742731495 0.426158522771039
-0.923438347550885 -0.338006035703908
1.34149120862598 -0.559666075726352
0.96263379022821 -0.179639649093578
-0.910942887574317 -0.544794182604665
1.05625138370145 0.722059438868561
1.16926078730759 0.423968784595798
1.0777321933224 -0.500269161045273
-2.13808131878082 -1.27115355736213
-0.0912326904780695 2.31389451881773
-1.16611516714102 -1.01462359995951
1.04297455732338 0.915472459121386
0.157512468430088 1.03882753094775
-0.970249761796297 -0.416815673988998
-1.10689252682442 -0.671618932648605
-1.50538364978776 -0.990756218820207
1.06124116414995 -0.537048098580997
0.209234188401553 0.641840829769102
-0.986244253017251 -0.381675614283405
0.590593877671375 0.678167004275174
-0.812540016869607 -0.211378799232519
0.369147774864276 0.706395804603795
0.0734712300386998 1.64210244245877
0.108608586328799 2.45934415964247
-0.103367434626061 0.528340839280385
1.31982178661785 0.500087627820597
0.00534567543649992 1.01267195921291
-2.10387596326093 -1.47259275519419
-0.626413378262117 -0.247045528761179
0.500512712200958 1.08437182396213
-0.93079125480964 -0.0115219470481214
-1.42739149096033 -0.922768673298977
1.21610752005704 -0.064968456024691
-0.184057112170183 1.07194437755932
0.152397357403446 0.380387358930302
1.87098125533376 -0.866789867630724
1.71230288852528 -0.727146016423335
-1.65577596621728 -1.09034424316059
-1.05911031764529 -0.457763578223359
1.02995617163067 1.0456995238627
-1.75509929638979 -1.1696818399034
-0.62695848985232 -0.17344887083121
1.12096610203955 1.57170193672141
0.184725836813715 1.22415269745914
-0.101629736512697 1.72778956156629
-1.31348097362661 -0.99811020567744
-0.926763733529906 0.0559220426060424
0.481917925327205 0.800531745216087
0.83114935254293 1.26248022774679
2.95180706709123 -1.7004614194775
-0.274395316992269 -0.32192055216182
-0.784470752543547 0.116793854506334
0.465729681571148 0.810884543121976
0.0792150957172354 1.52250245826148
-0.50394676343573 0.585928002624272
-1.0088578453712 -0.391957916231172
0.706089617140732 0.453837402447761
0.422649298634342 0.9391005709802
-1.05659450246435 -0.152379639915469
-0.127442971484195 0.78138676003045
2.28247474110912 -1.19199965846856
-3.01766393342391 -1.21065599024892
-1.25733816144112 -0.82966667438698
-0.526100334408201 -0.212138043633525
0.179000415625425 0.0204024536341167
-1.40871302448043 -0.889208137564349
-1.15937221497496 -0.638028263349222
3.49624568820045 -1.82525476871627
0.631084102062806 0.601365956401514
0.778854180291413 0.758291492173353
1.96636152739896 -1.14866526508291
2.57343385536307 -1.15486082174347
-0.175286806047779 2.70828371810398
0.362802099254587 2.03664933979216
-1.18495685202458 -0.629215168331344
-1.01051702577007 -0.24559348853128
1.78962317786961 -0.720567981126941
0.865944117340348 1.76644165590287
1.26288555288777 -0.992435769823818
-0.298217810881168 1.18072078538847
-0.061499111001615 0.191467058907644
0.00642868015149105 0.530413611238298
-1.91378592195243 -1.08643569965914
2.80662031039628 -1.26127640890653
-1.24726531350472 -0.756324111554839
-2.66775704808777 -0.90834390230151
-1.63810320656964 -1.13245159203806
-0.277759805826795 1.60160172861213
-2.21451753629193 -1.31452865425113
-2.11437552171754 -1.2873080611983
1.14683921452437 0.0379842390856827
0.685930386872889 2.36067459041274
0.232650710584283 0.242682623207965
1.17395863314168 -1.07867563307874
0.681584148336813 1.63119242286995
0.668719800490511 0.870738785800066
0.148830264673224 0.207085459238756
0.221311780761505 2.1316301679893
-0.341578521182638 1.32504918539572
-1.15700852406822 -0.723560827084127
-1.36137342623301 -0.687850790761494
-1.23786207409714 -0.658300902192325
-2.27731295489759 -1.43283013507308
1.36801333787122 -0.214453864922241
-0.249494223086985 1.455949131277
3.55426284935653 -1.83384327227859
0.153762516517573 2.17468281253769
-0.167699958972147 0.362169019791835
0.692425177774223 0.637833717190724
0.6615354401709 -0.204992930266562
-1.82258704924294 -1.39703446101483
1.37032717938671 -0.7718639746731
-0.0496489915586419 1.06105828016035
-0.90221185503997 -0.606192157773072
-0.0667606875058444 0.606285231776581
-1.73424716056337 -1.45997087707429
1.33694913322855 -0.0672866902895506
1.16447606521623 0.45938832707858
1.98179675017473 -0.578488941711126
-0.131125231210542 1.38341569798799
-1.15981554200068 -0.544849064891237
1.2382102182298 -0.827694185971514
2.40589684423223 -1.20187748863679
1.63625548795706 -0.252846868042747
-1.72209168109115 -1.16110910091975
0.961081297671601 -0.0275058823787807
0.30771525345239 1.24350407036005
1.70918527078293 -0.958180143585015
0.037668596181434 1.38417281951599
1.12923331672744 0.102451433199537
-1.21852564331991 -0.322997868888151
1.87564108279076 -0.879733727491944
0.223709006425717 1.34474786638321
0.677214885872045 1.03451218702926
-0.44060749315073 0.480841018936277
-0.123165358942391 -0.67612727728933
2.57540768784618 -1.40970397672901
0.0162006026175454 0.975680977355732
-1.94611832878607 -1.26457795465963
-0.180961708419586 1.30147904324361
-0.783397947393396 -0.0846804408712336
-1.87075796931904 -1.11336983654844
0.672671870893674 2.05290936532632
1.36071398132847 0.239310475712934
0.806219132866934 0.0293226740651803
-0.236085864924377 0.432399878176124
-0.420298087903904 -0.636089714455927
0.993641940495988 0.563792836363275
-0.0907576011818787 1.01336348461238
1.04710837999002 1.23044271520562
-1.86580175527853 -1.1525672246873
0.396815975245692 0.692045829860807
0.190469207493535 0.413635208454632
-1.29070369796857 -0.949565666409603
-1.29595917876231 -0.915582460162926
-1.0070900020118 0.0238167830261879
-1.59846874086437 -1.13213620776444
1.38265725974385 -0.0852844881033723
0.178954730875366 2.82430965518112
-1.93481580312526 -1.33380946699391
0.659070521746642 0.190548697188142
0.96704333646521 0.779577667478092
-2.99383801097018 -0.674169603094115
-0.648087548851101 -0.550169330080134
1.77323149289482 -0.737160429130591
0.341107149892954 1.60079339587618
0.609769767786624 0.10971688658708
0.796768914352112 0.612039210103101
-1.05063781428512 -0.504491548734618
0.263256038284868 1.52524325941766
0.965400323283095 1.14567823378311
-0.475627202407268 -0.319516022394112
-1.72697895116113 -1.40434827313416
-0.441947479939635 0.198271497279779
0.346388348094294 0.821622412297681
1.08280734637472 0.404822455170872
-1.67671861976724 -1.08949493044202
0.501140102789679 0.335326395203516
1.57180674543208 -0.114024246444848
-2.01670324216872 -1.3020941124767
-0.674617095805359 0.0565507101297181
2.1829193114984 -1.05812157195248
0.0630564983334418 0.675333577274257
0.852227928244445 1.09673916259978
0.786560520117077 1.08154389833686
0.708967526243916 0.0561782729363677
-1.13081384400958 -0.904043159076241
-0.794045933782146 0.294010541977634
0.765943542579866 0.72952079148562
0.806114837222055 1.66221211405592
-0.724150323471663 0.155398523569718
-2.28188541932187 -1.36184162666148
0.765322832874483 -0.336494451397644
-2.03526149231093 -1.25638317557902
0.644008310692201 0.171901522210022
-0.943267145202217 -0.30369394680202
0.368826939645225 0.358546354356361
-0.711823843773416 0.714037973847376
0.93533178134955 0.527223955814129
-0.219828510588355 0.341631821381043
0.72850171067656 0.974554024593726
0.156928026928959 0.793977064598113
0.820354952947517 0.328792046436952
-1.85625263008961 -1.39566785547706
1.71837562736957 -0.186542530612526
0.845082475187358 0.787056630833341
-2.61636083930318 -0.856982968939358
0.93804752665552 0.0140598535338151
-0.921686956714974 -0.273270607578903
0.882909781770948 1.02274516462255
1.67596300835161 -0.219266539765445
0.597346632653418 0.441214127023107
0.789450170938612 -0.980935368024851
0.305357274513638 0.59919303558151
-0.145343417622621 0.695433826066388
-1.46338018255088 -0.755036468579619
-0.72241753606485 -0.0408519336869025
-2.10377679315645 -1.33009579977847
0.360986059151769 0.814343340916397
-0.875069614969088 -0.32440176500531
-1.74225800838572 -1.27340826482068
-2.38121391812455 -1.22756887835357
-1.11581912997762 -0.140530856814481
-0.855576131625651 0.083170734224525
-1.95740966037576 -1.54551662432395
2.02499496009251 -0.732242205743414
0.408362645251507 1.64161490710289
-1.34743474500183 -0.793212078248114
1.48271617181669 -0.677828305077302
0.788139882170088 1.29452171140087
0.517233772691242 1.30248456573038
0.649942542958004 1.33565706074715
0.785865168757405 1.79580873023267
0.0107904898997421 0.566152534197308
0.351087021284337 0.546113024911212
2.12563429669291 -0.867594513469717
-2.0112032377798 -1.23916111743413
0.924853157849541 1.11642246759226
-1.32982389673629 -0.807288217946144
0.160601743593802 -0.610692398294427
0.574119591161225 1.30269435747519
2.21119036091433 -0.891221354601938
0.111044261037128 1.07267048915776
-0.918628385163191 -0.203682542800981
1.05330157531176 1.52349932722382
-0.234909769402472 0.96295286731036
-0.413252635936926 0.912531358787238
1.79455115311065 -0.385577966701845
0.498548249023642 1.69855284930907
0.456097387211395 1.5992688133057
1.49667086843339 -0.520906540697654
1.50722469373077 -0.139870081182472
-0.554028871944996 -0.220456393211747
-0.927108981935171 -0.108697359125615
0.36964940807043 0.885604935089685
0.783203649961546 1.73206989852074
0.751469150409436 1.61769994799513
-3.14509630950912 -1.07380272309366
-0.389896542481079 0.733687827669713
1.5129458000829 -0.241370668268087
0.604606869009553 0.697843914079672
-1.47981381807116 -1.32673832472909
-1.00341120296991 -0.560889733377494
0.449990392982234 0.429678117570498
0.232658625457375 1.894369471044
1.86691706496503 -0.765502714518156
0.329817121827593 1.52932843838816
1.25799061447529 0.5112260983358
0.892930976177252 -0.204050763017761
0.142950649082662 1.77368705403407
0.130509827340714 0.306627596166809
0.277379207954304 1.21563974684434
-0.0524222887786253 0.350062030391835
0.95873401278955 0.392771409668313
3.17890518244289 -1.70339728660465
0.01836072603258 1.15182376667694
-0.802788142319375 0.522916709803821
0.312056094956156 1.96194888220104
0.0861232473764894 2.33836313260194
-0.799193408239844 -0.0152224624633431
0.677821772791464 1.97490130698904
0.985058621367906 0.741670576405356
1.5257478978292 -0.0563452335574288
-0.817678910831469 -0.179236497213001
-0.0034473736611739 -0.264680438551958
-0.77723383632637 -0.0567480679674812
0.464712581323145 1.7604331099853
2.71413721182113 -1.26107890181942
1.00771171521816 1.05892048141099
1.90995813532606 -1.14388151976706
0.391301428356306 1.10330735870959
1.32198209638404 0.216882307728318
0.637554766473279 0.39942704313732
-0.763832129292344 0.194047641369432
0.337649037940745 1.82194177197721
0.497304041673633 2.47587905298252
-0.431516844555259 1.29313238259311
-1.80801430538088 -1.52695422265148
-0.273034169831742 0.859179493282602
-0.875035977666207 -0.644906044721301
-1.43725359936785 -0.821058718721217
0.448622367816305 1.43471811423714
-1.10827995623909 -0.0510082042767878
-0.899790970206974 -0.115417038153937
-3.2183775064146 -1.01542584976279
-2.85025794006272 -1.48878522275334
0.199558674986488 1.04650519660878
-0.144986485175538 2.13744660726446
0.318317356386841 0.638662196987021
0.230133494348802 1.45020246671932
1.93940544540104 -0.497352191423909
0.194753997004924 1.06345093012321
1.55592564433285 -0.354105502428084
-0.00220671637905862 1.8098916316551
-3.77838136164803 -1.04138430483685
0.615523243982244 1.3445281832542
-0.202173876480161 0.73817550696416
-1.33658885709481 -0.718939503916618
0.748289313474546 0.795716146159773
-0.504115880499899 0.388203819634114
-0.559835621883281 -0.0641574076688753
-1.70767021684351 -1.30458884825446
-0.60718250809793 -0.404375432590218
-0.655012017135379 0.881093521951305
0.731911465885101 1.0189655626135
-1.93310608379001 -1.15758675508617
2.04172632964559 -0.854586285534752
1.19661307858009 -0.176307502699079
0.593821826000388 2.13701392803297
-0.206151671272199 0.293693869307977
0.795394434703139 0.360746815480313
-0.209933190778576 1.14947873582271
0.503726209326557 1.08694284201114
1.28569958094555 -0.97934398802768
-2.53681188793992 -1.10082138762106
-0.29965034650292 0.773092907343564
-0.582047676475495 0.233278714024252
0.10717955668514 0.107795801628791
0.376285611426583 1.87475510937645
0.410775643856372 0.46269348909496
-0.795546706181818 0.317437483702266
-0.294086866865029 0.577766583345332
-1.27069020999459 -1.11163776285177
-2.32548238453102 -1.19756611169862
-1.93816639192919 -1.01716010373519
-0.220746704871142 1.30993662985704
3.71574857959658 -1.8375586085912
-1.49449993187348 -1.0946905535278
-0.208215334218656 0.955835437011846
-0.282217858770662 1.23983711030198
-0.251674193286093 0.693078097164996
0.45251799373357 0.586894073812045
0.415592747212431 1.97074104710738
1.49010355204674 -1.19984800388783
-0.126585715219114 0.120219389283125
-1.55032420349057 -0.746307448259632
-0.672628937244235 -0.0220746633956509
-1.82961807510776 -1.38272959944511
0.530064349274291 -0.39107464582012
2.17518467286939 -1.17976102763006
-1.41082907301347 -0.762850828015013
1.14032945587077 -0.0308684809583851
-0.741211257609732 0.235130984526679
2.79593589772211 -1.35822517753742
2.67529185943156 -1.47233245108616
1.20242514436829 0.386017580506298
0.204626954602192 1.85287407223718
-2.56181836399038 -0.883608083709924
-0.245638170363459 0.568482288694339
-1.21748133753724 -0.747155948257245
1.04183589619031 0.958493913718761
0.378735065408624 -0.0869225332395565
1.8411902688218 -0.850819797038824
0.0100991737001079 1.9041031238128
0.762661384200558 1.90788663103115
-2.07159465093665 -1.36294677025098
1.4002023432207 0.191303609932004
-0.168913250663681 0.226133938109303
-0.55975092791507 0.111740599181997
-1.4154602263243 -1.40332041087372
-0.925333379611933 -0.615018260311627
0.322267366143346 1.66047929881728
0.485416951186656 1.31270141374794
-1.49554710350124 -1.15156020857658
-1.52747406041368 -0.761817680482599
-2.14930984731114 -1.19595471111265
-1.25787381517673 -1.07234431524796
0.221393113541183 2.37045855651094
-0.7802128448881 -0.0942395037791993
0.182236766294684 1.76070576940256
2.41560440331689 -0.936872565623629
-1.40919407205729 -0.59258947465669
0.434184419579725 0.751815315599449
0.214965267005904 2.42477809999812
0.476187819101136 1.02915562017888
0.0790284995726554 0.335308199962107
-0.661431690436593 0.284367769826441
1.05325395026721 0.0341833640448897
-1.13329216689486 -0.715449034299151
0.213543029070631 0.924168862891769
1.04008998805966 0.141935257121329
2.21401177310304 -1.09161638327022
0.488686228296116 0.36596633763648
1.09853541666141 -0.202253513925732
0.230570675582833 0.864410524007847
-1.08469085138717 -0.378237139551652
-1.60139215049538 -1.29369390928873
0.122839373417082 2.19359203293104
-0.860577473091443 -0.254483543638578
2.00638457175195 -1.19993931073283
0.39765186163868 2.32555839318975
1.27921037971467 -0.596576076025704
-0.209031002372219 0.641058928343813
0.558138354210491 0.272877817145494
-1.02909142422734 -0.78483623746758
-0.353396860534719 0.442361548398411
-0.744622902142291 0.562942846088544
0.312863871394722 1.0912342999758
0.795250412718796 0.873096199195953
-0.446657147276598 1.43930223563446
0.882595779935236 0.368050489639409
-0.873751233032663 -0.105571273473883
0.620090440561574 1.5946906377065
0.174094822986376 2.15366545998797
-0.653227051760369 0.441414156373907
0.495228302533812 0.193336324362481
3.32431581338753 -1.76653868230763
-2.20732946899718 -1.24189948159803
1.13536613078531 0.574710826109312
-0.897087086915584 -0.0791343928152312
-0.457745000270627 1.06278557390228
0.702236898093004 0.048804452588818
1.04145488016792 1.0174906732626
2.23144909494389 -0.672599756305086
-0.469061564192952 0.986067870679287
0.0785786859055033 2.08737945198316
-0.163949127510764 1.93652397765003
1.104184646484 -0.309297633961455
-2.16360733308994 -1.44809885246191
0.0246189067421767 1.51533822406351
-1.92026187170138 -1.18530031499601
-0.542906264610187 0.772149529498881
-0.776054603300411 0.268010316305566
0.366206315977035 0.970318611613787
0.204603108790681 2.01127399837371
-0.887932759346378 -0.0739762984548323
-0.53820527763984 -0.576488866675268
1.24339880940316 0.0896366987680706
0.377397063737542 1.01338500937455
0.249499007092813 1.01735968345922
1.46348421978637 -0.160557449137323
1.97253777685166 -0.735609277609179
0.514030952578532 -0.0992115647994767
-0.798518530665425 -0.387582309374128
2.31751074240527 -0.995376363078606
-3.34573662984631 -0.965395416156148
0.921769052361378 0.345444098201234
-1.40463356392757 -0.959569963632557
1.27081253030289 -0.283480375079375
-1.2916628676061 -1.10325017436862
-0.748226422680393 -0.02442596814074
1.41480650309164 -0.0898182295565391
2.32948151254822 -1.10110227494938
3.56442876184144 -1.83425113007382
0.563819906905136 1.99855799647606
-0.792093725419898 0.119637791492881
-1.87978376810329 -1.27262114637828
0.294387533640353 1.03241758690302
-0.797978087569184 -0.0496288355468205
4.25708597825888 -1.83694769409577
-0.787577656528416 -0.0294051155102411
-0.959581635675354 -0.499474005468499
-2.6025502212087 -0.953013724140326
-1.1347199819315 -0.999343114420813
-2.98840113301172 -1.06046487453451
1.05309659183034 1.33271142170159
2.84744062712949 -1.46416030799889
1.51923487214063 -0.199406051450368
1.26789276119992 0.162496212936222
3.17040465322299 -1.65953847373367
0.755954046581708 1.18755771247627
0.296418700375303 1.01194747015436
-0.799927610036978 0.0407692690501141
-0.505498140165417 0.412558319087438
-0.638529255652583 -0.300033493661577
-0.084503428551162 0.495633548091912
-0.0222380533525293 0.407048181961736
-0.61871639093063 -0.695854013818261
1.2303786351078 0.547703819008014
0.0659421716916076 0.670486885847618
0.302136525287254 -0.0917503145843781
-0.389947519060961 0.815166936288708
2.91025241830469 -1.37982853878346
-1.69475556587687 -1.21293560690987
-0.0809193712003194 1.98028954135482
1.32898747003923 -0.0882509652231554
-1.40925980004265 -0.922608567926684
-1.32229333785037 -0.740677999836123
-0.59241895073735 0.756390679507211
-1.4913893037822 -0.965395086819263
0.888590677474959 0.566308446568861
-0.356316048359253 0.305721879375092
0.789382938518777 0.292829990210413
1.68533362742255 -0.140172154506076
-0.0787786935684338 1.67039226484334
1.75242359851558 -0.702129319454258
1.92786595910083 -1.10111363227692
-0.707078452652691 0.971467379569231
-0.168951396944143 1.03123929796775
-2.68369599027079 -0.965559155335462
-0.518715653207566 0.30375297097832
0.117028268155216 2.30930218128325
-0.523345709366996 -0.427866782683559
-1.61203012415725 -0.978207731861207
-0.328121148695657 0.776813354672762
-1.03288017907132 -0.660056787166051
-0.469135195107784 0.587434021536274
-0.907987822361854 -0.00551278107443054
-0.140801025433998 0.873598208072885
-0.0937990688224956 2.06679447495051
-0.393326735970512 -0.149298473588996
1.09302756943339 0.0311385815749055
1.32807159810527 -0.519516492778768
1.07664966188878 0.976908730269182
-0.133226179620346 0.547241743286761
0.579236229762574 1.63695483416706
0.279142549333213 0.654907523043753
0.108343076631393 0.756286860985393
-1.37407846630505 -0.769155967575766
3.03084350561772 -1.6300698872226
-0.551341563044978 0.405503141227668
-0.479788858575476 0.220757425006172
-0.405077284333145 0.247343469683393
-1.25849638598083 -0.99853978872776
0.767991423341218 0.936904972156012
-0.110361104047718 0.098515191068174
-2.1718400357358 -1.11976442760757
-1.97027743196246 -1.14790769464803
1.17462063041675 0.585819586630082
1.11106059599994 -0.193766250611139
-0.871168566603721 0.102697815148038
3.69190102237824 -1.83827396734923
1.34524907024405 -0.250812046145102
-0.685315843974571 0.605301544890278
-0.689678948323799 0.185311458516667
1.04295313752777 0.49936441609558
-3.15352564272754 -0.910110330632914
2.05883413320346 -0.952883664303662
-2.06895048584846 -1.08834668198482
-0.455727653710013 -0.106192795363973
-0.509380555738276 0.999899257104604
-0.0938565706408458 1.35856985854319
1.45474708050029 0.00818575902283247
0.11092119813518 0.0538767595694363
0.284654621156342 0.952499639725542
1.18808604610991 0.871472801227449
1.3665905087335 0.0692786032701766
-0.44443219990211 1.35898582098723
0.044672731462895 0.836324758627466
-0.315410944759209 1.01256522653753
4.23883999795987 -1.83333197473402
2.20128188217314 -1.31187113337666
1.10454793314551 0.481860233092675
0.707860516613699 2.02249367515751
0.722089399093361 1.78992964642663
-1.20693182076273 -0.83182224244919
0.245356106519074 1.07223022631247
-0.661336165912046 0.0372116881908949
0.575526069842606 1.95258616687748
-0.51877348780854 0.121731398008915
-0.00817497435056282 1.45243440592913
2.69393386913127 -1.4610039993679
-0.155588265279597 -0.0936910219167689
0.168245815915741 1.36608486466927
0.657619852056439 2.58332771517513
-0.389927387848661 0.00485282169269108
-1.19984381007736 -1.0202719299303
-0.511832630843484 0.495878196013174
0.490744235367579 1.85137699273624
0.375110222289688 1.51367920293234
1.35384775658355 0.86867539531335
-3.05455526378544 -1.03599517901201
-2.09405997262147 -1.26714567708692
-0.641376976465277 -0.344268251165169
2.08866313671577 -1.0630192379622
-3.3293264870119 -1.20804951260718
-1.81936093892121 -1.39879510857356
1.06728154038596 0.459132475915995
0.740270929652311 0.832327828393814
-0.342765388181915 0.571435767614667
-0.58137760706784 0.168851404794308
1.67112003875273 -0.859355945832563
-1.98212376322956 -1.16099691007561
2.48459468640321 -1.23382013462751
-0.16636771457512 0.462355390663109
-0.0672235011628025 0.973472291167417
1.43230983456026 -0.19546008680814
-0.351105198870886 0.332259453472424
-3.09962223036713 -0.86843574371215
1.85375343306038 -0.489430211979273
-0.821193171456418 -0.429523511570809
-1.38032155162867 -1.05673599055283
-1.33560202552389 -0.299090123343156
1.65682650803917 -0.349854361623927
0.815551742585187 2.06879225797843
-0.276101618196681 0.573381405846347
2.4289031252101 -1.05011297333295
-0.1703706707872 0.676644344532807
-0.389609293210524 0.206549097249016
-2.64600902821816 -1.18302464995488
0.158040831547798 1.50074985399695
-1.3178849709322 -0.88085955481469
0.532181377709123 1.59272839525272
-0.92081092802906 -0.464246279524655
0.758298223037358 1.83159527794926
2.39445866407769 -1.0802175605536
0.990494954043832 0.898166451414282
-0.549819978522911 -0.0303658809286484
-1.67201426317454 -1.09227759642506
-0.00188527550817131 1.50068501226518
2.2899967824023 -1.09055167921676
-0.262902531858117 0.911331160680277
0.806059175240259 1.53557838287788
-0.695086799888796 0.637888998825458
0.162712245303335 1.44988499391758
1.94770887541736 -0.686215186254334
2.1888902190945 -0.967438003480007
1.04439238798238 1.310303274374
0.323747054732558 1.5965077214298
-0.688680636287322 0.422035272572895
-2.02158375477621 -1.26450587197817
0.372039817683872 1.06970613262539
2.09120105598762 -1.1829398082175
0.150623078460375 2.4163761769491
-0.984599642247832 0.108344126155914
-0.301067996331915 1.29314900227954
0.524044679883615 0.430368031091484
0.918013865367493 0.175457283045229
-0.41550428138657 1.51035403325202
-1.64806131989486 -1.17903153500718
-0.262647441374624 0.680150838787196
-0.616449556045133 -0.577342383767385
0.209214333006768 1.3304109957686
-0.893985766882463 -1.16391766724069
1.22111656447439 0.113223192156022
-0.952905518455576 -0.713392448992282
-0.995537167430639 -0.834017564043923
0.0299065248808145 0.785151735868903
-0.927694011546032 -0.85913155355085
-0.114085708548938 0.302015048416075
0.72800660978069 0.301494313928788
0.11893725929008 0.73168993467143
-0.843260161820169 0.201370491558145
0.241248733796482 1.05675396964689
2.09426452247071 -0.72278002086493
-0.0776815586153855 2.0728781691469
-2.24540603213486 -1.28562070203175
-1.72281463134157 -1.36614957472257
0.652503087947637 0.467768547658594
0.410430180004554 1.11117042549124
0.845354632143514 1.86059185313971
-0.162264492870387 0.543890372825233
-0.0938276833640676 0.848305261192703
-1.17415636406518 -1.25626086502314
1.15507305886261 0.364711639151713
1.37801810569905 -0.168128436122785
-0.909156277450658 -0.492537582375413
2.61206936622076 -1.31582017571127
-0.04168031159285 0.614522618983907
-1.94707038258886 -1.56932955971736
-0.164096904219189 1.7837775421006
1.16366607028423 -0.212815228782889
1.18006820011615 0.844746512809772
-0.245627669457278 -0.0272351519993005
-1.15576790342403 -0.261205069456721
-1.2790187032191 -0.932449880534179
-0.845805180300141 0.0509496873330694
-0.787945095640997 0.0474929095349226
-2.51331533271371 -1.17080839242846
0.683599021455371 0.744930024369271
0.920440394136047 0.635318823203757
-0.880888518388488 -0.280267536271993
-0.432869600211756 0.314286954560617
-1.8853928312414 -1.3416589792247
-0.724952121107986 -0.0566072745592964
-0.324263106378731 0.484418512946135
0.387025814871999 1.21453501414858
0.903917592524546 0.474680112621925
0.868190810234902 0.413533354800953
1.19862330950678 0.254198981984057
-0.310789381950263 1.6467693476524
1.05497562843982 -0.346752404477096
0.28065108759405 0.54709260045777
-0.154788511721543 1.97581670367451
0.101814517091314 1.78309677441523
0.906885048520171 0.527206628281441
-0.0529994177633188 0.238943916771653
2.57733461484338 -1.19282873693033
0.48362576854928 2.63477410303792
-1.44568375087321 -1.22035404752078
-1.25714268853958 -0.853072533802574
-0.664444594498536 -0.089981694065229
-0.18560398575409 1.16145850732609
-0.416868211616333 0.208864385259146
0.291136231245205 -0.186191105047477
-1.73032732705592 -0.835518432451497
-1.11743027347635 -0.690797548241103
1.24153052689677 -0.470351623217358
-1.6569450778305 -1.14543447315473
1.20199426384462 0.165596534722831
1.93518664697777 -1.24959880397011
-1.23298476634819 -0.766667920826112
-0.275402385556133 0.265346419912943
0.0578988483627076 2.29797293796473
0.894711422749256 0.759755973982457
-0.72174877329478 -0.127555275403568
0.83497060406605 1.12857583999039
0.632488178663884 1.44699730774033
1.77428952264586 -0.268176804492045
-0.264155845509978 0.746345195489732
0.927970952738814 -0.672979409277995
-2.31991605539804 -1.27814830986643
0.670854786200662 -0.308179233531869
0.0134569096711194 0.01973291610809
1.3893981900063 -0.154987117831088
2.04702573478757 -0.794412348973589
-0.841208392731408 0.338909348629633
-1.58133738780553 -1.45344639634626
2.16556712853959 -0.803578413931656
-1.38367133548378 -0.930858742740399
0.190330703920622 0.709389448690805
-1.21345620903468 -0.610503192095414
1.16712787024574 1.51517511694747
-0.00527012583165775 1.50207297733165
-0.168366532485833 0.693322074508751
0.188245412751374 0.269795737321639
-1.52679964630015 -1.07328240343929
-2.97325153898079 -0.964479892403157
0.00567003159228293 0.196333596640873
0.386325029388805 0.927494203605641
1.24999097941647 -0.0707231338627898
1.84443039938073 -0.837441472066496
0.817656488897696 0.947807498541845
-1.08058051220682 -0.495235726536442
-0.702577753860442 0.0368917919256453
1.2008119482823 0.0332977924714177
-2.02772089725251 -1.13951027428469
1.63670994232945 -0.41470957847197
0.975975433739825 1.55744527757614
-0.158314055280801 0.00564607849355092
-0.712605623145919 0.510303047911043
0.549627999303264 1.20445076750496
0.819370776773857 0.736346758233926
0.639429350539401 0.558960944546771
0.0299248253715652 0.0337609828422247
-0.69814138359487 -0.16124929447344
-0.635196998387145 0.0151608626459408
-0.437116918064083 -0.337386311545012
0.637138590908657 1.09853757451008
0.75126481162351 1.59206116565867
-1.16274870307134 -0.513043502337352
-1.05773415407075 -0.786245051604095
1.25139785992635 0.92219785270853
-0.677854373386369 -0.0464915944855466
0.927620583871641 0.304528893726547
-0.855384691189728 0.2898645038229
-2.08025821833592 -1.34272274650598
0.922178892119377 0.290387164343538
1.08643404961515 0.0109734126165739
-1.97374292609743 -1.23822594505525
0.82418297205861 0.286585786834071
-0.244809350648767 -0.6530746672211
0.881400951862743 1.91126106505735
-1.82060328436202 -1.19858199976984
0.910077816887911 0.710118602002794
0.0756859552979138 -0.107592691022738
-2.25922073242381 -1.2836371769549
1.37951543677511 0.0606195627702832
-0.642571915286228 0.101813336703293
1.08440647202996 0.222290660659832
-0.126772675527572 1.98015256118342
1.40779679824041 -1.21855065392717
-0.972145750579632 -0.884279055510047
-0.386969573889294 0.866184114264445
0.240110887714892 0.494068650974781
-0.875810908349703 -0.436713881815393
1.0668729801983 1.11027978377878
-0.373816221892291 0.629289399609577
-0.0833759722376191 0.979025124192828
-0.586940504715109 0.381655469344912
-0.469801017510418 0.473476867348345
1.53435042641034 -0.630611837617236
0.731948761382939 0.343103613269458
-1.58551722898805 -1.14669315921367
-1.07616902625561 -0.936732326413708
0.784688259110795 0.958849667256259
0.0221197571162206 1.4055239512654
-0.305805947138929 0.0515977044848113
0.162246399051826 1.09886900675926
-0.605259985125177 0.38212552147253
1.89326065594847 -0.386841837254806
-0.397766564002296 -0.115351117618483
-1.02487599270572 -0.151421517256343
-0.097675121039201 0.205690811920481
0.34046014099711 2.49012296986027
-1.19321975223029 -0.710976196928225
1.3964248490799 -0.193359061614227
0.294037619464185 1.09459962258795
2.10774955062072 -0.84989124793099
-0.609241738091385 -0.188713734017855
-1.2543058268708 -1.07780545393126
-0.751712119402411 -0.788486883306902
-1.06084199195538 -0.230153039512682
0.615537449143087 1.31035975834005
-1.4114362516975 -1.02959718880693
-0.231182717182023 1.34425852402409
0.262072931544263 1.75940994487155
-0.898613719099746 -0.0733040995957542
-0.588335457139677 -0.162165537158779
1.68210303720046 -0.878258866007964
1.5489204821985 -0.406363039275301
0.758391432840084 0.24157343791303
-0.323818779032585 0.491038369291455
-1.1054039141131 -0.573412926103884
-1.10585783726097 -0.406943989693408
-0.908072735575648 0.141855844381849
-0.0234550470776022 1.22113619691292
-1.70320271072251 -1.40840127265913
0.559054177384552 1.41703365112481
-0.198224644347295 1.26673493962677
2.05898278834972 -0.939590275272626
-1.11501939629209 -0.590107826951031
-0.72090245331831 0.359812433693941
-0.650967681953691 0.0874429588615648
0.917872506325027 2.48328393010524
-1.39474410914688 -0.973653987530781
1.05573704771192 -0.0123811894164305
-0.662050256767312 -0.710709395585404
0.864356243141236 1.76872470956384
-1.01209805860478 -0.508365544298161
0.579777078601795 0.0885715241564057
2.01080729003467 -0.91114998966885
2.22077177759275 -1.34778773439315
0.0752165999421888 1.62565828829812
-2.0574007925281 -1.28475161009715
1.53119127000918 -0.903805011884715
0.980153783072335 0.76904230315787
0.893699082724998 0.867208354686759
-0.464752249397702 0.148024558419029
1.84236619096225 -1.07247867299096
-0.53722049490215 -0.29323787361927
0.4105293654357 1.06798293826161
0.287814352362765 2.50772232765848
