0.530640770532396 -0.853929557494716
-0.375807180088357 -1.86678824150922
0.0332920835030294 -1.81096790792682
0.189429129728426 -1.59257987996277
0.352632256989722 -1.48460748576335
1.23794001252292 0.0446369372870078
-0.692352602751821 -1.54021601670625
0.664028031187661 -1.12115758401035
0.402868007645065 -1.15998616828553
0.750306625817008 -0.883000886175373
2.80538066147808 -0.599911601688692
-0.601314807834013 -1.58060275329932
-0.393389890194592 -1.83529350007178
-0.328410854873185 -1.89112450878534
1.33706801776926 -0.120635443899713
-0.559822977529618 -1.55253122243082
-0.018843952172909 -1.86768761157202
-0.166978877873362 -1.90485616428749
1.29878711966057 -0.70705861516864
-1.76083080526397 1.87804538779947
3.50979446460326 -0.232252091763786
-1.3617112926362 1.2598790101716
1.55586426421796 -0.146834645711309
-0.336747098098009 -1.89645439090378
-0.0854141997688577 -1.89169589973387
-0.0593878539615854 -1.86502311572924
1.04825117672184 -0.841958181724112
-0.260682958801347 -1.91323473764471
-2.28324327766407 1.83362094758802
-0.232522406468559 -1.9158094281459
-0.35070592275808 -1.88176446429971
0.932383610539297 -0.260633068678044
-0.110563571152329 -1.88954222413382
-0.924917305703145 -1.04986681124558
-1.22317423682573 0.312849505479032
-0.687147092561885 -1.33613808385702
0.0061737569615828 -1.81711124724874
0.166819268781714 -1.46899757352343
0.448451419562484 -1.11297293139113
2.71021244991137 -0.620505311286392
0.878446191104609 -0.256165479476423
-1.41726705991442 0.475565508209938
1.46267482772771 -0.665506173115432
0.981485040742789 -0.768516920657651
-1.04816401693486 -0.405139999685467
-0.666257790379248 -1.6029826300696
-2.07563064854844 2.01943358965037
-0.527693615702898 -1.69181676760571
-3.13154736844324 -0.87481540921163
1.43549536507289 -0.661830889927392
3.69022688222105 -0.24267419077175
-0.966046881136702 -0.837115013464909
0.0290114476106959 -1.79339301677016
-1.63885989938401 1.28094081007022
0.164967693720352 -1.72927098341551
-2.90262416261545 -0.292408727465641
0.60066709519439 -1.08935969675076
-0.969283770838333 -0.345968783673971
-0.595941923896952 -1.51155845731467
1.41404277195545 -0.32436959162398
-0.0535067300655207 -1.87583616416266
2.46395912458277 -0.153037145264265
-0.768237626874067 -1.45099365634245
0.616500368899832 -1.12456124450657
-0.68406521028001 -1.18630428607137
1.14838543503366 -0.0117437420329062
-1.13001459245847 -0.207875058642
0.524046331225864 -1.10421707306853
-0.550755312357534 -1.70510068728316
1.0668795604874 -0.73503043879265
0.774429165688206 -0.518922188353356
-1.18005229616417 -0.227897374307958
0.304760331804116 -1.34419644169575
1.09603936682728 -0.772087102107745
0.0144042109607644 -1.78766630451578
0.701170490233417 -0.745242605955043
-0.0274522547155953 -1.79972660357162
2.19615924267531 -0.448663302702191
0.562152136280569 -1.41590283162209
0.0720584335191175 -1.7668101469893
-1.48121576039551 0.11603686184177
-2.14647460635405 1.97841042692365
-0.314934889045813 -1.90647571625499
-0.107450639796728 -1.89174761781104
-0.001896402741216 -1.80568992952511
-0.807014057286028 -1.38039486859415
1.07997098906439 -1.01318776650967
1.63417055073812 0.331748165088562
-2.74729977770611 0.885984388209391
-1.20224039935272 -0.292887868216371
-3.04933405300203 0.337097798038013
-0.730166105636952 -1.35268783958642
0.960704667889159 -0.802925175406652
-0.761942914607053 -1.11476975237552
0.149522281081288 -1.62717825460406
-1.79796178992793 1.35275444856382
-0.0642036853923396 -1.86353190593263
-1.55328615495211 1.11334055663141
1.44498178340018 -0.113286881232661
-1.60252440017179 1.98648601089715
-0.245673529736108 -1.91518234060693
-1.35290943682278 0.0102455630291922
-0.779893173571398 -1.33522973244213
0.911889405776168 -1.16259784926465
0.197666023990204 -1.54212632335958
0.506411545820611 -1.26307630961733
-0.721422159796969 -1.56231285539314
-0.582937374459452 -1.62716936467416
-0.0513855952027407 -1.86694496495117
0.594757610332018 -0.988928456829679
-2.31745193164511 1.68571084300619
-0.195911309953759 -1.91126384136013
0.190340272648846 -1.63644524951834
-0.525595176892774 -1.77618652600707
-1.19681849198723 -0.112389073057124
0.684814678383333 -1.04677534089787
0.256836493061541 -1.42612009690623
-1.68174086806814 0.248618155391105
0.470094899460112 -1.34468632130708
0.236593120273389 -1.45651976169228
-0.0921934463075305 -1.8649611587209
-0.0414752974810896 -1.80027305165339
0.724073849771921 -0.473490792341487
0.337410729229179 -1.30984308902981
-0.0114196619773463 -1.8112217511377
0.486344624925173 -1.06860753153231
0.990750222157171 -0.790052971830918
-1.13077044433985 -0.238471989839449
-1.29367769156417 0.918547495327903
-1.10972067327953 0.0693354652392351
1.16723404436662 -0.188973177646747
0.423577797213705 -1.06220735723831
-2.10010962482464 -0.15577463470202
0.649142964380149 -1.43246420163093
-0.248011591014635 -1.9148755179323
1.98521631555118 -0.623680090179664
-1.10327475346685 -0.103254842104101
-0.631424134654559 -1.41441112265383
0.805688097396119 -0.3778084389115
1.51818808598059 -0.0956885345555067
1.93038579587897 -0.556548473342244
0.211195949513089 -1.42084761978409
-2.70232135324023 0.958119929762389
0.758675885489374 -0.59774562147638
0.705541559649144 -0.888511900472192
-4.11561167194925 -0.908557341948055
-0.590638461785921 -1.65437675060138
-1.39783870500602 2.07788055957588
-0.0756077001154107 -1.87318550173996
-1.06159759708932 -0.899229418705409
-0.689165110905431 -1.13282543085054
0.887858835142836 -0.263135080805596
-0.551094104316692 -1.62900942295426
-1.06537843922778 -1.17922061525038
1.61880735759598 -0.334802411382733
-2.1246922514197 1.04624969633645
1.39861659160329 -0.603252256655601
0.84293828488637 -0.622178464758981
-0.871602384125596 -1.1292382282645
-0.806325805250974 -0.890358789081367
0.162138159491732 -1.64540820170672
1.5231386140399 -0.599659518172833
-0.791460446057496 -1.49523837753263
0.899265346592457 -0.442635079755282
-0.487574246493807 -1.74667320302191
0.315550656884206 -1.1403554864316
-0.723595750906536 -1.25175861416146
-1.77937767973551 2.72147845852724
-0.661902407035522 -1.30448787334856
0.0752785364219012 -1.72953335482338
0.546269712757211 -0.796318293398398
1.9290691806735 -0.216545609764761
-0.0442921690503052 -1.83909193931425
2.17123325412878 -0.691827703001663
-1.6245473237003 2.00481966274245
-1.729193069922 1.38501911515025
1.90832816409891 -0.133196214543605
0.621554843343764 -0.382808647806847
2.41993627804213 -0.37585957825597
-0.815945124652245 -1.10294027468224
-2.24120305671158 1.54363813261802
0.222092285756547 -1.62902622353772
0.870351699213172 -0.480027609144473
-0.558679717103493 -1.69558042755409
2.27547996331693 -0.668679097926789
2.92752978893398 0.309333015970656
-0.533685156159249 -1.60845654119463
-0.102694879910265 -1.87485522742784
1.40368799977235 -0.242519899312639
1.40743505406024 -0.456220811198978
0.608921742283816 -1.34162184918704
0.189995189258883 -1.61695033891073
0.546591018552594 -1.1291819072583
-0.163554018819444 -1.90938614171827
1.08761307912961 -0.415940094277875
2.72133771504182 -0.250791921110086
0.538484750799229 -0.874475245243487
-2.42288311701959 1.89278888074922
-1.38341479604274 -0.0308863867133806
-0.829791458236297 -1.21475719399027
-0.891418164295956 -0.872468073740537
0.63121825563851 -0.701158690127591
0.0249762611183228 -1.79097095422401
0.673747658087637 -0.762261214355196
1.83865399813501 -0.734300064094777
1.8485826065805 -0.0726983619349907
1.02565545886837 -0.50198399849036
1.43902663178965 -0.368623608121019
0.373225481054671 -1.24319541147829
-1.66131108989974 2.13556116616863
-1.28174916632489 -0.333312271497022
0.963876114373628 -0.220737073855077
-0.313924761146951 -1.91158026276676
1.1308580181397 -0.040981614411369
1.55996752766635 -0.118092537730468
-1.30522457977738 -0.279178443361535
-1.43979152826616 0.900713664975516
-0.420861453209144 -1.81684015372037
1.66698109451186 -0.663003806997437
-0.268922206427122 -1.91214594119918
0.990659939587578 -1.13806329344202
0.519461621464713 -1.09855351825225
-0.740943581056145 -1.28463804752365
-0.837034572405999 -0.880268165329051
0.549064661783164 -0.989558162719533
-0.414807432530121 -1.84098664769293
1.58043171203566 -0.366147342839111
2.02125913495763 0.0872879006177044
-0.56828077093247 -1.64510913407247
-0.0547392736694817 -1.8564300572849
0.217227072686762 -1.60308996010913
0.0970865999456821 -1.66189389812735
1.27082320660711 -0.25597834025805
0.9581657788163 -0.335697240241587
0.384040342269278 -1.26061372729618
-0.184175793213806 -1.9117146473129
0.854761158167398 -0.707720146354494
0.243941399322567 -1.59227114263485
-1.49024076872213 0.562280837968978
0.0205569806703951 -1.7899566690303
1.69949590060319 -0.09255505942659
2.80913925582896 -0.641625756000844
-0.240231799420552 -1.91571986381975
-0.292798287365479 -1.91027779753688
-1.39625301624369 -0.090794966169339
-0.187348998511895 -1.91036480377736
-0.327421747967481 -1.90104823878033
-0.795309394212672 -1.08767876836748
0.342643389888831 -1.41117011353766
0.439716251555487 -1.12176858476253
0.471657187970377 -1.32216492224941
-0.867413957692159 -1.31197653552506
-1.22292453031069 0.5926238691571
-1.29962662415881 0.879522071838091
0.26854043453972 -1.39032004454935
-1.39492709487609 1.02218897837652
-1.89629717910695 1.31516342757972
-1.2648952059648 0.579243338434781
-1.73246164083307 0.92872534896173
-1.4621545368855 1.59209499085215
1.62935232192468 -0.142996666513421
-0.839932098902579 -0.976209015595595
2.1465414447021 -0.43837910809471
-0.803248304980763 -1.10555602435234
0.0205427820607448 -1.80599229629607
0.48540804510222 -1.37908879611902
1.1384661040637 -0.297495355549775
-0.674122151493675 -1.39196865221589
1.73636648388335 -0.191916940754274
0.372837941187657 -1.17891415936192
0.633431078086169 -0.98023984771921
-0.835941399841976 -1.58500280178324
1.97207432674693 -0.212689154887824
-1.50941180827733 0.0800045962253444
-1.79143316328045 1.24633867561875
0.64566607784498 -1.33741061593358
0.239239875517809 -1.60277409320874
0.376137254758165 -1.51722347721392
-0.608397476543684 -1.61551146909127
-0.471833427833326 -1.7423497713424
1.34415275413447 -0.483279894637939
-1.01994441640301 -0.445812982289657
-0.632205217995095 -1.5362119292079
-0.0638128137271576 -1.87322769780322
2.20208899093779 -0.64453943313346
0.138032965212262 -1.55578751881227
1.21763114067673 -0.204394015241862
-0.998800606485396 -0.742797921347192
-1.43095949923131 0.667272532127639
0.221834075737347 -1.53496318918883
1.32295609962671 -0.758580172372035
-0.876955189372274 -1.27513071227699
0.362589172121695 -1.47943552856992
0.184689619510058 -1.69725909618959
-0.498005711222245 -1.79810298661143
-2.39417703905557 1.31464933701768
4.11783827332407 0.772202056783021
0.57844002529658 -0.888550697986013
1.05505402943692 -0.0714893394675431
-0.79513084556304 -1.0527666718947
0.820977808012549 -0.602823460829685
1.63447255540746 -0.090087943755582
0.344759067591524 -1.5830652175744
-1.30882030851697 1.65292452507664
0.27080050888858 -1.36780623296807
0.789382795855916 -0.255999184334812
0.0357678624201505 -1.72716227472081
-0.96124680745365 -0.716417268845134
0.182314371433688 -1.72424744076034
-0.493734580052758 -1.75042404213247
0.62757651496872 -0.9286761837361
0.0527538910754677 -1.76116143694011
-0.931346025661279 -0.778252853830381
0.683863944464614 -0.818163924864391
-2.45799563555895 1.2418277094472
0.219580240163645 -1.49506791134104
-1.14599762697674 -0.552505845804843
-0.601966554205218 -1.5827758805898
0.295194375827826 -1.51915368160266
2.05737624097713 -0.848898107094985
1.10056094590616 -0.492513385962691
1.04948872421492 -0.902293203275259
0.867262671568201 -0.649052210488448
0.983972749562558 -0.672309301653111
2.40918404952479 0.242191005870071
1.06693808298969 -0.443501398324391
0.433614455809659 -1.13605202575662
-0.209725973584563 -1.91524686579063
-0.0464537071846808 -1.81620719952556
0.780676470965388 -0.629514149322724
-1.39937167031993 -0.416780094892605
-0.143960079704132 -1.90001869605894
0.085847752173039 -1.67565421973505
-0.336902106775743 -1.89854960722864
-1.25612962004409 -0.427424251620535
-0.538785542815726 -1.65979198992393
-0.267976175834017 -1.91313886396916
1.39231341552834 -0.605283388383
0.877071343608217 -0.875122619932158
0.010834729127775 -1.79418292842393
0.154439245871987 -1.67839018407458
0.351571358658044 -1.36271811344999
-1.94322471098724 0.546107130066007
-0.867069808959185 -1.03210369669201
-1.58605575156536 1.12604927750301
-0.73611698952548 -1.20504726466123
0.0420234933386152 -1.78586529230381
-0.927722653265156 -1.18196974064244
2.11934627390924 -0.512247058112341
0.0113896983356014 -1.82310309055105
-0.996325285817346 -0.226037520699274
1.77337240857703 -0.497897274025964
1.16753661957123 -0.259341009019258
0.282862681514593 -1.52591764841798
0.497908940660444 -1.28511495904046
1.70511847982118 -0.874122844034778
-0.624504808156822 -1.50035543713787
-1.44400107639361 0.569089625418148
-0.884010631097552 -0.406410922313785
1.32341352094009 0.0911814035119889
-0.405337350190594 -1.84460049095737
0.0713247241210506 -1.73210699246727
-1.10258451472811 -0.222634918224606
-1.71633845098935 0.398267629637811
0.518317339472158 -0.909126451653987
0.101818025338591 -1.71545302565049
1.23282168671978 -0.315394612185538
0.406580932980302 -1.40244298855719
-1.89728068715076 0.30112970333102
-1.67971921406519 0.828548979742528
-0.625473787382 -1.51941005832146
1.13579098878795 -0.211504030471132
0.59482621301968 -1.20958254100732
0.680326632409079 -0.741070840849198
1.82663431684363 0.048304273734655
2.14618717602601 -0.561876012159223
-1.10203009331132 -0.0580222765874367
1.37714051086684 -0.880575346799659
0.189320304251091 -1.53040016206656
0.619799250679922 -0.806209274435359
-2.50724652519039 0.54273752650683
-1.0131135999177 -0.472529339752373
-0.82994955052888 -1.20108216787573
-3.56312691807687 -0.552333099033648
-1.3748017084667 1.18869786723055
1.79938531006284 -0.242198292125381
-2.4613939151066 1.9746752084556
0.971821405039199 -0.0212246968708021
1.2173923694935 -0.490891743198342
0.244926428745179 -1.36024960410308
-2.01962078755797 1.83573871659789
-0.561903522657889 -1.6680505159384
1.75604332449319 -0.407536506875426
1.42605123201042 -0.743457221049512
0.3758962579817 -1.38920232200571
-0.33270560737002 -1.89799452623705
2.46121556599816 -0.859209605537566
1.05732967654323 -0.450958819925263
-0.0467833569180836 -1.81999075971618
-1.40071472546871 0.87774152558529
-1.70931602905562 1.1960157740882
2.14544685483146 -0.487640529237767
0.31783463129336 -1.67638374928768
-0.987357137399295 -1.09412938295046
-0.121302439036857 -1.8921670622228
0.046492840698364 -1.80621900216537
-1.50087171421288 0.444157371848115
1.41486517859202 -0.0632965964766929
0.720913565023097 -0.826203245769857
-0.554905956618128 -1.56174115731706
0.433054433991097 -1.31358825065762
1.04732834598005 -0.703036068128161
0.331058477626038 -1.57653446618383
0.700264661360736 -0.908024286289646
0.176883406621837 -1.51858389387606
1.58506619764906 -0.448456896065288
0.674087826237303 -1.25076049774196
-1.01008653303976 -0.281999404792115
-0.288324567705893 -1.90908715397121
0.106961051110906 -1.6295284780533
-1.04625565894002 0.0123988917514467
1.95545318556487 -0.311983970086117
-2.33160234387336 1.3103985225409
0.645273312733126 -1.13200805631753
2.34575414992979 -0.415078573880687
1.66765405059976 0.114970710907808
0.293495922694807 -1.40470389190264
0.340230712310478 -1.16288005997329
-0.640737905887421 -1.5737478093702
-1.36098565262779 0.41475196996882
-0.707444085664039 -1.28381684659639
0.188392940791563 -1.63969525798238
-1.45841010431752 0.636972431398871
1.13811877531062 -0.369358205092471
-1.10232161289777 -0.570099608765611
0.579973417417873 -0.263985857425056
-1.86364658931825 1.39097724891364
-1.11111109790071 0.0951286115806
0.560656831705484 -0.846493286378527
-2.62824156605144 0.723421639806652
0.0457630278690065 -1.7625733961846
0.333253578047763 -1.38096541341967
-2.75377115059854 -0.361655928668333
0.222107980608302 -1.60338682613738
-1.36126176162135 1.0471077502275
1.56063331413528 -0.153921156066863
-0.411378844036217 -1.84601780594033
0.613605783563771 -1.37459091916696
0.00958249325773715 -1.77936851672508
0.811879540045282 -0.756055340583096
1.18117504368591 -0.44699168422074
2.24264654666567 -0.968838721283456
-1.29289155670681 -0.324821378795401
0.0409841245199335 -1.73144266480557
0.389127785140662 -1.3529382522076
0.407455115155919 -1.06028760823416
0.0560967431047194 -1.79469947183961
0.259114549272725 -1.69843059833653
-0.85029337344203 -1.14326050940441
0.0236260284803379 -1.76469562663293
0.26987428439419 -1.53498502252836
-0.106209081571627 -1.88309852343544
3.09497766360444 -0.173883273022292
-0.203434663446539 -1.91392223740666
-0.067413202156711 -1.85790303333335
-1.05237971991332 -0.623049554921044
0.15547762169925 -1.59986880102823
-0.0571277177479012 -1.84569229675117
-1.46276127700681 0.215728041673933
0.914625292273892 -0.521152539817163
0.896226886923201 -0.975321127883556
1.65056757636084 -0.213494710795613
-1.64802067997636 1.84603989734566
-2.57068497285033 1.74625434841674
-0.41295574971239 -1.83893016453004
1.80460852648304 -0.0520376421975648
0.0956535497371621 -1.66409684025569
-0.724361322147704 -1.2767552866158
0.111202440927077 -1.69706266886107
-0.383546877215957 -1.83774858300311
-1.64858948735617 1.26192141663339
-1.07740406628583 -0.78269933389389
1.08284845721591 -0.375336037487639
-0.656532963890623 -1.33809824140611
-0.225894662552911 -1.91578330611025
-0.11844814053659 -1.87688113161557
1.12890403172555 -0.462167251894772
-1.21756592469208 -0.543384208870851
0.361433188363556 -1.46203802052255
-0.729519224345062 -1.12299491339592
0.731725092299365 -0.909432939819506
1.65730637005874 -0.763650316416737
-0.831740650339182 -0.861083712842046
0.651048510398993 -0.572477107415672
-1.19425352392247 -0.197860037485094
-2.8701205994593 -0.117671355125226
-0.150597024054011 -1.90017627848636
0.60376742877199 -1.02150162344775
0.3303879767977 -1.28012808587222
3.08108542011536 -0.378921913638685
1.96321460592566 -0.927015824511445
-0.333921452258852 -1.89968209054967
-1.69294298225325 1.45622906653215
-1.30791245732332 1.06898191548077
0.688707538589414 -1.00613680375416
0.342583838528252 -1.43125730896685
-0.171183855458807 -1.90759951451945
0.541932628427064 -0.828144435297287
-0.477179313396594 -1.76459357135912
-0.53578306271555 -1.66895132870812
0.167525726173403 -1.66909477175314
-0.739940415250319 -1.41252143436844
0.638713506424161 -1.16103353969146
-1.61473186900208 1.80703553720182
0.702431699914711 -1.20799646361005
0.797645806861191 -0.526758683900678
-0.383177664388941 -1.86708967195837
1.03882425286322 -0.655137501209351
2.76780222032276 -1.73206092120114
0.0177616303021027 -1.78650173011101
-1.05310570547809 -0.512695298884682
-2.57622583979282 0.588891460997805
0.247191177296153 -1.46298120341682
1.7435200627559 -0.756132319517567
1.29867760592845 -0.200442558436726
-0.985854576158539 -1.34188308585924
-0.694957262858542 -1.2582438733442
-1.47209969260319 0.650067853482234
-2.06565487423221 3.45152577750173
1.18566075455852 -0.831652364593857
-0.60091012288763 -1.67805357585357
-0.258538427724952 -1.91366335840823
-0.522695950785684 -1.75909645881802
0.239980177776864 -1.38101227163294
-0.534809352464593 -1.63250827917056
-1.15144554829403 -0.319308995119518
0.884930401437385 -0.543685244159195
-0.601112732987124 -1.48439445541959
0.424769504753245 -1.141312758571
-0.0366843803080238 -1.81728288405012
-0.702006112481706 -1.29370852094215
0.785741400931571 -0.514942177633813
0.644341314149546 -0.68421541217179
-0.030007803228953 -1.84242900552385
-1.1294779820009 -0.483485812234031
1.33083492546921 -0.20245755266332
-0.631610617147233 -1.52930649828512
0.292529648559134 -1.36434256791666
-0.167662543953455 -1.90792263501601
-1.81848233635756 2.05028481461205
-1.14075726099429 0.909141250425328
-2.33465327204721 1.28839993630209
-2.77493950447945 1.37040488892176
0.545038920901787 -1.07482185885369
-0.492304661105817 -1.80958359324153
0.192742825996883 -1.64648320815167
0.811404625066223 -1.24854688129481
-0.925173602158993 -1.19316449560371
-0.0153783218896345 -1.85030694638777
1.96867089649134 -0.737877150084902
-2.14392078297911 0.250198211888097
0.112662668983322 -1.71646451333724
0.657254157274088 -1.01125016938898
0.0048143466706401 -1.8231352437524
-1.22521692127563 0.431881518597859
0.166135754607698 -1.51604394569376
-0.760114853124706 -1.42967469739187
0.0316780679579967 -1.73661894637289
-0.479404222834979 -1.77773133423737
-0.878750693072983 -0.761204654811869
1.2727917056241 -0.485878429448278
-2.38258456273942 1.74092370925939
0.0901143637218012 -1.69426931822195
1.08147997605615 0.164776617822892
-0.0863839236024144 -1.87359407813905
0.26971651637454 -1.44043345810804
-1.18314501328497 0.57916720620674
1.70658767816882 -0.665735689652984
-0.0467045550106801 -1.827936648556
-1.17159277731555 -0.290275081182125
1.20102621307753 -0.603312666384708
-2.46170644332392 1.76548950914271
-1.32344442202964 0.772054308480553
2.13577115620803 -0.482856298546906
-0.857263308900232 -1.17061533721514
-0.330842129940877 -1.88148688573275
0.678040265125416 -0.642261636631033
-1.29914781349343 0.75410793122656
1.08196719321585 -0.604338257189579
-1.43525844041895 0.340267687671627
0.710159557075497 -0.963708017989951
-1.31747303666876 0.513234380662007
-1.99732250366084 -0.144925909763131
0.434451232544784 -0.982144798305178
-0.270108782703297 -1.91244866037385
0.962392741228178 -1.22117810583043
0.316223371553953 -1.56893297785101
-0.256246101916264 -1.91394542182584
-0.377330186402697 -1.85944903298916
-0.0732293979533018 -1.85466676475726
0.113798378009443 -1.85540133412063
0.426361540435873 -1.10727526862046
0.508300089326115 -0.90552246558849
2.63245797504064 -1.02802091468743
0.434548867816766 -1.00617270511648
1.26780838598849 -0.134744339237271
0.233509621273629 -1.31438080149985
1.15418386967651 -0.648789131715244
0.64025830998076 -0.599970151860818
0.123834974078551 -1.70108701632012
-0.322398450263951 -1.89846353809752
0.455763042980351 -1.33439539207636
1.08209184048151 -0.652009733622308
-2.13641896908943 1.106152624915
-1.77793002117075 1.63341551620916
0.123819264203661 -1.77432521283263
-1.44949420758261 1.41570468975115
-1.14845449475325 -0.338087272846967
1.11701328908901 -0.528058494501571
-0.857237735357631 -1.21025857672577
-0.332565864987282 -1.89802299422495
0.58706388390419 -1.32006208634295
-2.12142860327016 0.138611887315053
0.671066703926143 -0.505197017458763
-1.21297618220635 -0.450842661366153
-0.522233034344573 -1.72857199133717
-1.24904326109103 0.803159619132308
1.62004582391946 -0.41194383944829
0.484410975477841 -1.54577678293418
-0.231482267628203 -1.91581385108132
1.78096783614747 -0.480956305732287
1.42377102265865 -0.500314123460078
0.185439314449778 -1.53779770710334
-0.963259341714425 -0.694445307729469
1.5971179016842 -0.949536693548306
-1.20440260048524 -0.238732105281697
0.379548082968395 -1.37728677376675
-0.316075322670004 -1.89882311326125
-0.701561007411208 -1.24380846579676
0.546701091163534 -1.26962019810052
0.349319281874722 -1.38855819480272
0.89267059853555 -0.308996759451697
-0.83056375434094 -0.890050733006871
-0.220359502354486 -1.91558279850232
-0.150016306797858 -1.90062920672239
-1.70753448324913 1.24839019350341
-1.29272410199005 0.887159674646245
-0.969031907676955 -0.609397949965454
2.03266240898725 0.0640858819071356
-1.19492739910588 0.664704486416136
-0.953150711660241 -0.854016962439717
0.374179870098971 -1.23270561383051
-0.042931708568024 -1.86007795230656
1.30385707713625 -0.746354236257861
-0.316082360394739 -1.89399700810774
-0.412139648608911 -1.8286847436487
-0.324671802055218 -1.89166105365847
0.880936995007873 -0.463443878234914
-0.318032813846291 -1.90107708756211
0.955431003911173 -0.801174626020566
1.09156630697862 -0.647821364815462
0.513073979320569 -1.22041203757501
-0.481442470204242 -1.6705175736468
1.01633568237384 -0.597423044362892
2.21587848417033 -0.713679337614282
-0.825859805570042 -1.43879767082506
0.331971047559637 -1.23221619167335
1.28568644596638 -0.39175810397475
-0.684610277909095 -1.26053852202659
-1.77865317516431 0.882467790928299
-0.701327413916445 -1.38855884593496
0.255789928959126 -1.47614188343772
-0.0477238494501273 -1.82620740107131
-0.979885217527577 -0.57124605712644
-0.775301334681133 -0.900157180922424
-0.390554609692987 -1.84507871852354
-0.0612523485442241 -1.83593204617766
-1.23100456739727 0.0918506747186772
-1.80524509709395 0.809082861368065
0.770469189608913 -0.592597696219131
-1.00235888053808 0.0675765888756004
0.79966141921067 -1.14134600686
0.609616433108958 -0.999689955889043
-1.90252327456671 0.290158052993039
0.613308064209683 -0.588446357216471
-0.505761618157863 -1.77042611128965
0.98143283960745 -0.508145680082778
1.64650932499063 -0.89303521732541
-0.987773729383905 -0.538884309020527
1.26232258121806 -0.360615753219499
1.58547446607727 -0.469835556028647
0.56061274089035 -0.864175079007629
1.97788268149152 0.115202357313535
0.481084819716789 -1.15390100041852
-0.0475988961283754 -1.83034206382534
-1.36196063957529 -0.454796858778834
0.803384653129464 -1.25511592379059
-2.4214290533751 0.835028720045159
1.21397093705199 -1.31174356038694
-1.08351883285256 -0.265733800927381
-1.08698662395946 -0.572791284437868
0.041667038514053 -1.74559920960361
-1.38225030390309 0.285213791723242
-0.999029942527322 -0.726545630426969
-0.966274422426973 -0.99777707720905
-1.82824367354506 0.567467880712642
-1.1206515409441 0.0730184491263439
1.41209763036327 -0.981124226017814
0.686098339093412 -1.11681047007804
0.0656584625455936 -1.74167604239935
0.764522504715095 -0.347730298053589
-1.22439112756265 0.0890918035537161
1.09952739210068 -0.293161984678802
-1.33937643419188 -0.241036296244145
-1.10514117572581 -0.132479094972077
0.791088548795123 -0.54406967854898
-0.815987627046426 -1.09055540217894
-0.47638028468816 -1.74592484189521
0.847975004925133 -0.810901236986919
0.934535546649316 -0.87208121792847
1.82500932974378 -0.568949709264171
1.40918372483171 -0.708580719386855
0.510944970726738 -0.763242918533351
-0.498197701423154 -1.79089368314702
0.11198571146798 -1.65611627245417
-1.36006698383736 -0.864890471529202
2.387095265846 -0.713485466001767
0.249116472025104 -1.36158135093649
-1.84688704903407 0.794883070926888
-0.277617256117923 -1.91088066731647
-0.772879926161983 -0.898014016769565
-1.31683057644644 0.551850760348986
-0.697799231883853 -1.29491090898901
-0.651888673351959 -1.42708344983925
1.22172977789505 -0.298711929961422
-0.918258974704566 -0.901556677060914
0.499083292908841 -1.04122164025836
0.936268108031302 0.0324579228742152
-0.449658668759949 -1.80503412107267
0.479110828626809 -1.24260052224596
-0.435842079517788 -1.85016802902175
-0.804294151819001 -0.74585028985795
2.11118018112743 -0.542451007500667
-0.737520463851087 -1.4629981514808
0.0227899097126609 -1.77881562422325
-1.51068656517599 1.31298232519072
0.63754660177878 -0.812324655622338
2.08422132830799 0.0296929168431148
0.503555140126539 -0.757941540305216
-1.62519369796169 1.4375649139771
1.17165761525309 -0.063914580412819
0.207777250361656 -1.51689957110167
0.146361792281402 -1.50378120233172
1.30483198478534 -0.329578439383906
-1.03339126398133 -0.61215290284053
0.0869945215961338 -1.64942222688815
0.629804740381179 -0.993440764234216
0.711270251824756 -0.955879771460968
-2.3729125665756 2.10655239703718
1.37557359613595 -0.0329636940485636
0.356584451761041 -1.37176215185776
0.342252567080443 -1.36834754558182
0.493294738449293 -0.991281369653048
-2.15752857227571 2.13201734421832
-1.34967881724997 -0.0209524909577153
-0.505112120972107 -1.79523798172921
-3.19377436521485 0.0902559740559033
-1.97777982896147 -0.416014309061982
2.33700083524008 -0.454012336078186
1.60745417338079 -0.840933757076709
0.170242055403653 -1.59274481021371
-3.45087788459921 -1.19145832149999
1.7042048392254 0.702759797309357
0.862538727738572 -0.736343351339789
-1.379263240773 0.641065335709894
1.19477725788399 -0.491505354277456
0.471968377147363 -1.19974060616622
1.57122482689856 -0.290983284161173
1.51507957940893 -0.443877384233182
-0.743399587170626 -1.2336004730529
0.811243272020635 -0.746825963789637
-0.230025987675812 -1.91582238962101
-0.182932904442469 -1.91028231445253
1.36927447141554 0.320272406757145
1.05510806341018 -1.07095481176552
0.518541487243156 -0.885193455095049
0.756639695461195 -0.290657070490052
0.157258968988472 -1.55077496013201
1.07700943346223 -0.115649757838108
-0.554472866999355 -1.70817018943823
-0.859367073332862 -0.840491229807623
0.0177594444366087 -1.82673154462656
-1.8689756683388 2.17141452127877
-1.52418528776177 0.282807998269625
1.62405979835705 -0.187372840308942
1.6223383047588 -0.587720276531483
1.37252429062614 -0.614594832602356
-0.0792919403481847 -1.86487855421903
-0.733037463982257 -1.2060257410606
-0.097689340261874 -1.88840823148729
1.54252613544436 -0.56384163555736
-1.2343347291625 -0.642149347439776
-0.760809653052661 -1.10238570950901
0.151981211963056 -1.61220025389753
0.468959779340827 -1.16431308655269
-0.842925546627181 -1.0572491584212
-0.0120307920848702 -1.78664908551531
1.48077593908907 0.224426841227648
-2.40076405504205 1.5102986935476
0.299794812311634 -1.47615026300801
-1.79771064256022 0.167045932374539
-1.53023864754068 1.05713929883465
1.18163529644008 0.0686776051498431
-1.05585248929876 -0.0906872796111484
1.35437914883959 -0.410204777013991
-1.97296265350842 1.03132737244286
-1.14466643710619 -0.282712842248874
-0.391964494700153 -1.8610985110567
0.793840668241473 -0.888054043132499
1.48053888321061 -0.502123401816192
1.57347113860214 -0.242007392582079
0.787658529296329 -0.707398950067891
-0.0191291554468613 -1.82803946933766
1.38335995591583 -1.08253197939116
0.150292902171979 -1.61397004386262
2.10465598200625 -0.552092793551489
0.854812112905118 -0.481948067947266
-2.36331187804213 1.74024714280246
-1.48610151586023 1.64068628608482
-0.282105543541188 -1.91179017324956
-0.955294260649871 -1.16358193482902
-0.377345791636803 -1.8621014617341
-2.14502673049296 0.400151802299046
0.160957018796527 -1.71034956945082
-1.33902222812283 1.00244561251985
-0.193962381678857 -1.91279479064491
0.30370782088475 -1.47112110296801
-0.954112827786092 -0.507165185744833
0.798656860387237 -0.943882662251986
-0.283279763692413 -1.90762884720913
1.02987006977828 -0.554953922614696
2.05700263447286 -0.885201152293812
-0.914549847702005 -1.04176163193382
-0.260983056244363 -1.91298966149109
-0.919473384606259 -0.711384129848127
0.878451301387497 -0.572567492748693
-0.418468497999454 -1.85479305446722
0.129933714582039 -1.61677528085111
-0.512852340410543 -1.69541851759858
-1.80632765317124 0.641108272980842
-0.785963190934643 -1.03381850619477
0.111029252127402 -1.61707972303127
-1.29714969122756 -0.223452438981742
-0.992338071092623 -0.333619808447482
-2.60772113736521 0.883274676295935
0.788934602469834 -0.386971410310565
0.611326596747527 -0.862828559838888
1.21954604247228 -0.540774950474315
-0.0303887912457308 -1.8468670278232
-0.443746726986406 -1.82266251073477
-1.09915508857857 -0.996135694180981
-0.279982824891903 -1.90880289954115
0.945573835081998 -0.73747697392284
0.759971250567179 -0.16496897495754
0.504904064210709 -1.32790345038585
-1.02293956796859 -0.151630763961394
0.834794943928415 -0.66020803752225
1.09624572538391 -0.218484707862722
1.54911502147257 -0.535567535483311
3.07747700155655 -1.12095605313176
-1.76282219411969 0.524081498987439
-1.12837122253391 -0.00833802815855492
1.37530938390971 -0.652184359483867
-0.150384837012433 -1.89791558497095
-0.24039806009508 -1.91555258247552
-1.31225019808822 0.929780717762786
0.233907339632375 -1.71254306982789
-1.27587954375518 0.160868470874243
1.67174594422571 -0.560595271061683
0.27693385010566 -1.42709928396005
-0.310001695969628 -1.90298949758858
-0.357559505341473 -1.87486187713702
-0.517042101787047 -1.7381081230628
0.408900563475906 -1.3142385343865
0.608451861572552 -0.708331627767019
1.48217015068097 -0.496676901828608
-1.48927003872161 0.950568635855744
-0.738939549187709 -1.19761280962433
0.895252920678261 -0.631440984589789
-2.09596433204514 0.534563566232671
-1.42641966395737 0.4439217816017
1.90360528762388 -0.397629344656398
2.84817529406573 -0.395597886258205
1.48892780326087 -1.05651314355131
-1.03269666114397 -0.299686491425877
0.768883294906469 -0.788016575171261
-1.8227139519372 1.63466066033087
1.66658117453728 -0.263994109434754
0.331377689589631 -1.12651845367569
-2.84045302147411 0.874472498841905
-0.56754261996719 -1.63914122942628
-2.50330014124495 1.32857995561292
0.0434737230182626 -1.77969804503953
-1.00906557235266 -0.595767634590991
0.356088704384761 -1.29229406533571
2.09294706061912 -0.51483931835825
0.603329725809241 -0.771482948067027
0.373685854960201 -1.31609818904482
2.78543123812691 -0.672144208065935
-1.6484747805964 0.422791698749001
-0.791564186110953 -1.05735825946144
0.850639029945707 -0.842827833737085
-0.0815070771968885 -1.85859415563976
-0.546090054403909 -1.64954725075405
0.394534602209423 -1.20047514281597
-1.12974822763321 -0.298297243855162
0.502494583402005 -1.109700450539
-0.587797304392917 -1.60070284132947
0.547259233557219 -0.660208736163401
0.366788272413638 -1.43966125348848
-0.0475908809981433 -1.81430488574877
0.303764258515433 -1.48442148766066
-0.800627386979085 -1.02555650866705
0.918330136069004 -0.488685540632794
1.10963879615912 -0.0477585550119357
-0.0306946734747407 -1.81457301584592
0.732106575861695 -0.439604455752159
0.046817347163736 -1.75114936097472
1.02868577268364 -0.7439631817823
0.649504326284319 -0.684056318308571
-0.929489254953189 -1.26680666670619
-0.221694661310457 -1.91565510746966
-2.92660373463597 0.45320175291277
1.19291155457084 -1.02445476094832
-0.0947236161629642 -1.85069175319105
-1.0314929807811 -0.229238485068796
-0.446376762298842 -1.8247721667208
-2.00883620589656 2.32720590569243
-2.49112698178569 -0.00782832430545377
-1.1678746042562 -0.250773037281432
-1.58477810087561 1.06262971424957
-1.38043836491542 1.28785670650648
-2.44665069223965 1.11774167989394
-0.830576115200412 -1.05432029450553
-0.790757969913559 -0.956555162875423
1.50736483673028 -0.353082696925903
1.03105009721007 -0.180561156959491
1.69444417080835 -0.114386992332014
-0.540662350287156 -1.70401483002636
-0.494283754766304 -1.72804565766137
1.49653554099092 -0.204713137454786
0.643461514846019 -0.74615227852903
1.72571641144403 -0.105528059455192
-0.0948661169947433 -1.87732585507146
-0.523920245877039 -1.73828772789563
1.51350861034923 -0.766727272736177
1.29022251245702 0.173733740840576
0.312350070581464 -1.49141411489133
1.17069411861014 -0.442786531042549
0.323204582109644 -1.25307161863254
0.864363637736068 -0.0699472074909782
-0.790175488378885 -1.21795795522216
-0.8115904050833 -0.84890139047032
-2.83710080335556 0.586285890648609
0.549879608040625 -1.34192349514527
-1.76878316222851 0.256873073002099
-2.42725694261212 1.2925065867925
0.163282197863727 -1.64263711439379
0.86024294482596 -0.674173704405359
-0.0981478518174883 -1.88092363733026
0.897782159720199 -0.831640735888233
0.0671551072596047 -1.78618357889865
-0.107049521711647 -1.89408760270681
-2.44048860055158 0.223508852112316
-1.71475294843817 1.35397973458099
1.41124353482513 -0.110970311754907
-0.0550680234675473 -1.8400983355907
0.65536434296676 -0.598643818217575
0.648211494804306 -0.633120408407462
-0.193598608250271 -1.91346249018046
-2.27294849316278 1.16114110449192
-1.33094731281 0.203678446757406
-0.130440685224381 -1.89383711374012
-0.607876610431383 -1.57953450104368
-0.48550956346543 -1.77621209738371
0.137401683611987 -1.61423094841999
1.39256656858933 -0.313555828380427
-0.506923597894994 -1.69510441536627
0.498398438054321 -1.15843701661324
-0.935134049120706 -0.990238137054308
0.537269348829474 -1.03243463641182
0.703722576646784 -1.49360177998462
1.10936389421431 -0.460242919566322
-0.587675212168179 -1.65795104400235
1.37513436620871 -0.558133249362931
-0.74757475086355 -1.37042530023444
1.26861710205903 -0.397834349696609
1.02766332547066 -0.627675648363891
-0.266254151495087 -1.9124769436829
0.677981213216109 -0.611364180775041
0.765032895113189 -0.217023117081714
-0.811010489323829 -1.15967224717555
1.75446627158888 -0.564647371929456
-0.628810671766354 -1.81447500940457
-1.30467104302521 -0.197282390836315
-1.01332261593715 -1.00588483340858
-0.176724345182343 -1.91137947382036
0.782800912257242 -1.25977857012633
-0.0328864697429805 -1.83645333994483
-3.68646667055638 -1.30007484242621
2.54521016162394 -0.822466575036532
0.365378431059643 -1.4133210072433
0.725809871097959 -0.860595824437248
-0.0382429577710031 -1.88552414606628
-2.87322933914651 1.10792625356766
0.254370464187361 -1.59600903337432
-0.189367636431409 -1.91198680172386
-0.851757711978006 -0.859517951858712
0.591868079877748 -0.813005158122197
0.404063205844129 -1.57022662055443
-0.309663234431703 -1.89736674460296
1.08929783265126 -0.582218533758767
0.777085244065867 -0.838755547753733
-0.871984743117497 -0.659742514770924
