-0.654232126321883 0.27830961377411
0.359345946506535 -0.380652620291511
0.530119335852326 -0.403829474931271
-1.02151186338421 0.0842714940044876
-1.91265728733354 -0.250781143090014
-0.920097563842289 -0.0749318380530428
-0.761993798296404 -0.0860733281226201
0.654913163776094 -0.40259148572704
-0.848168203279134 -0.0405827812514791
-0.000648564519400997 -0.237313670723304
1.39606224622128 -0.291328557240106
0.834459034313616 -0.380048677440072
-1.4330443149976 0.0375279834835321
0.0202164689509647 -0.17243269314504
-0.52845596858371 0.266164048582184
-2.10070484307197 -0.318066819192427
-1.05974502184349 0.24160829450504
1.72417428575596 -0.286916322922165
0.553298930028218 -0.404501423852819
-1.8553372640858 -0.283797890277752
0.266685535185043 -0.369141608386274
-2.43459866241425 -0.334072390026381
0.137725469431009 -0.266868605820196
0.421999547262301 -0.393623426319309
0.88666562322313 -0.37847940838769
0.708814967283994 -0.393809405967838
0.600762976899208 -0.404338944124548
1.22005204740676 -0.324954125954252
-0.67570071430346 0.0981197523841922
0.446082229837828 -0.395923409412552
0.16310505728349 -0.329033446505316
-2.00044973278519 -0.295115218401935
1.38215596509829 -0.28248831472985
0.376413857994505 -0.384240528580782
0.343360083893296 -0.385486300123994
0.527025752661454 -0.403467422819915
-0.441199112668682 0.174195239043271
-2.05769286401826 -0.275612239525581
0.0812078307233054 -0.303408401181483
-1.06416139408419 -0.0282197872276433
0.372147128384504 -0.377311493110952
-0.207076521418693 -0.232907746382495
-0.551993613306333 0.0700142021824732
1.35496779808845 -0.289370178860972
-2.21124915512368 -0.283253055779904
-0.794650200314984 0.0675237425997018
-0.0324193301903464 -0.169872125678119
-1.80492950863232 -0.277427158709906
-1.83274845040753 -0.193604362747602
1.34421438336993 -0.325894607250661
-0.533927683777862 0.0710067054476194
1.83815525551041 -0.221223931200988
-1.65932531659189 -0.129633035465541
-1.71022408126755 -0.163764789951166
-0.964125990407263 -0.00322342022627797
-1.83467046388998 -0.222852030291455
0.145854387280223 -0.293615060789305
1.60384827142703 -0.244116559251111
-2.38737702107453 -0.331323191814213
-0.891140518513853 0.240449963920065
0.048969653773608 -0.279345922757199
-0.263695004056669 -0.0615089208091236
0.627880546535973 -0.4032457790756
0.186018839422287 -0.321052765727686
-1.24565505524779 -0.0133611055739402
1.5078856826309 -0.290985871935469
1.29099375218192 -0.332614967711056
-1.52945110672317 -0.110538086300344
1.24916659084092 -0.333949710304616
0.168877357782307 -0.316356809074508
-0.120945245397787 -0.208380366370769
-1.23549510961482 -0.11057219900364
-0.248802159804189 -0.116986885919375
-0.684620063681102 -0.0112121839849106
-0.563802806968769 0.146909189454561
1.2042453805249 -0.318640580807378
-0.923650452223111 0.0391238150606762
-0.0983791954365132 -0.229161008013337
1.20815107258393 -0.315607820988146
-1.05969719064974 0.0303428866384192
0.29884439518172 -0.370557328101175
-0.72206736950588 -0.0191900409305234
0.954566899535524 -0.352286608670603
-0.933473320717569 0.108283161346417
0.272374829207143 -0.375018139458349
1.9637563430426 -0.145020087850999
1.22602063656234 -0.327884543838903
0.224425669028393 -0.350856933326168
-1.57727681810714 -0.106465329038691
-0.931669880142248 0.146915628048416
0.119308984041996 -0.231499674825747
1.21109962273697 -0.295093778572131
1.26518017123093 -0.337628542732398
0.722939441335388 -0.394572603434886
0.237040352423266 -0.345475957468964
0.417597492903136 -0.389354014735264
2.22762877809906 -0.122061849654234
-0.400742060723665 0.166121226168203
1.53807305646671 -0.274401218857368
0.00521164746444798 -0.260859193332167
2.30530177793839 -0.167593042052181
-1.6446687753539 -0.131023675881343
0.0399572489260091 -0.246747225178177
0.929317824153879 -0.37540048273025
0.00493412426141784 -0.268785379175412
0.0187752399998035 -0.244144004574518
1.63822656911736 -0.24948755533205
-0.903907309506498 0.0140493610837398
1.28795051671551 -0.288298026853481
-1.71744611764343 -0.170819224161268
-1.0346392143388 0.0479676109515992
0.411656395714039 -0.395073737350369
0.978744799723624 -0.378609183087182
-0.496067409213783 0.184104956321834
-0.591845493337709 0.0384013529480612
-0.0299009237519009 -0.151116399493797
-0.703195244485609 0.183540076604076
-0.953866269718983 0.0870629123281711
-2.89070197199568 -0.343788136536726
-0.351839025501724 -0.0330286039580856
1.73552241440891 -0.240901243834742
1.83490875203008 -0.270504684106109
-1.37014070490913 0.109200454531005
0.680761602279274 -0.40061439782932
0.0791510833271243 -0.271469460028263
-0.747463334883513 0.0249279077407881
-0.771883043860359 -0.190858970512284
1.17229413394968 -0.326262106690573
-1.19621649576378 0.040037686930333
2.29513860297679 -0.177864467976753
2.52119122951647 0.0489597272142962
1.24106516461894 -0.332079570061124
-0.132963286148064 -0.0567449965571392
0.44779801934916 -0.397567761539633
0.255212035396658 -0.352152967219865
-2.05869751152224 -0.32332055949615
-1.24277983953433 0.0671579799277198
-0.602167473608363 0.233499397519611
-0.930708291357678 -0.0310315082850197
-0.418972359500934 -0.259302681085834
-1.31913719140697 0.0122386643263413
-0.570986768486349 -0.063577695599153
-0.698770530721673 -0.165168337786197
2.0940593133057 -0.147931159853921
0.106162977674096 -0.269652721438555
-1.0542528408671 0.119629475993695
0.672244970240164 -0.401506476834073
0.320527465874996 -0.365399377644673
0.354205974412975 -0.381511645774117
0.787948495892304 -0.385317760286652
-1.6244723795636 -0.130311059636952
0.963594185141839 -0.369773634561968
3.27688432928468 0.319135120472336
-1.08952247545346 0.160483099436509
0.979295806812365 -0.331790751989461
2.02482481525066 -0.171321802838178
1.61287261306431 -0.244789625063073
-0.956738357152024 0.0319709037691129
2.06668657536291 -0.0879315657747358
-1.53032286770897 -0.145365817298694
-1.34646129601361 0.0229995839117926
0.724179886751429 -0.398056944658326
-0.0315045024124341 -0.146212548663528
0.246371277538293 -0.343926953872481
1.47216190944799 -0.268084557801
1.54031427797092 -0.268177505613608
1.33685209530547 -0.301579644031239
1.15263615868383 -0.363896162844799
-0.573898024477575 0.217655069552958
-1.8724476925227 -0.222963265846295
-1.81891468338122 -0.168576591649104
-0.267941060019598 -0.0664231844758954
-1.25029025074678 -0.116133270437893
-1.01761153997252 0.0945153221714332
-2.58840741744008 -0.345458898873627
0.163551230741224 -0.274508546040829
-0.10200141093046 -0.224170280549026
-0.0678753626105795 -0.119416525807315
0.414139883692653 -0.39269722593317
0.733807082309579 -0.394795986227632
0.368936515343651 -0.384216880712541
2.48258768329509 0.0340804929211635
-0.0143039301130574 -0.20952801690212
0.121499402566424 -0.312938527285989
-2.38651995035785 -0.326456008969963
-0.989205799073477 0.126838058123734
0.564230782797471 -0.404699459328505
0.43969676838635 -0.395940852700579
-0.472209071766542 0.0487574088394852
-0.841728781598334 0.264019552839247
-0.553448500316358 0.0838356206936623
-1.40138003756781 0.0810578639808623
-1.61133508019601 -0.133168541288261
-0.76301103562134 -0.0387829621199298
0.561661484555856 -0.404653660451002
1.03641455250396 -0.362703470371493
2.23666593896001 0.0451865112689565
0.904590330265074 -0.361969257794385
0.303167516981881 -0.360120810055365
0.14029305270919 -0.340282172228056
-0.0182707079703981 -0.200611462877271
-0.601185928296097 0.120735818250964
0.122567257257501 -0.3017061852679
1.6799461281939 -0.293246958703937
0.408883866142691 -0.386518202097023
-0.459735277527443 0.0901102380917271
-1.5674612474347 -0.239375074039901
1.66358469904063 -0.277209782733828
-1.04982040258278 0.320979942194249
1.07883826904806 -0.348883507890003
-0.208214549623383 -0.114021829112929
-1.25312322544246 0.0612707201679633
-0.724397736394039 -0.0411290299782572
-1.42243187717944 -0.0131368079084434
1.22207453193339 -0.337818656180448
0.454654339429032 -0.396609381327241
0.910353226084842 -0.363092140027682
-2.2683133743279 -0.320423244927079
0.514696104359558 -0.402905088138794
-1.57586147424548 -0.141741924170797
1.21663657048601 -0.321965229026572
-0.199505215124126 -0.161992141073819
-0.135942716578581 -0.0227686495019802
-0.808334801544029 0.151216072537961
1.23803813696561 -0.355559583871244
-0.0576687174171771 -0.147190822240545
1.33605624697654 -0.28191238060978
-0.379596469177052 -0.205140553230059
-1.07784288593279 0.0745610157925471
0.308586212748102 -0.363708115298805
1.10253986793125 -0.377344219339236
-1.19085487700611 -0.0578765897348826
-0.341709136305502 0.0290159551601334
2.06901512694809 -0.186736920805209
-0.470385933707032 0.0611389210544713
-0.743325098255174 0.191560549243968
1.57984275299236 -0.264564358537374
-0.748975077892351 -0.0520784602254141
2.40179908884863 0.172027331400123
-0.82540496316323 0.178273278570204
-0.0659627354484778 -0.197217471713358
1.29365127965743 -0.304480364499113
0.525674937071044 -0.403292190362029
0.796538174267207 -0.385002712939284
-1.09571959585976 0.130516246276709
-1.16353976563915 -0.0618899499083455
0.911366908555166 -0.358257805537785
-1.49876262874002 -0.123900394839188
0.981112444318535 -0.360094405626727
-0.353036956282263 -0.0972768729544045
-0.365445940810519 -0.0552365916460818
1.76720139166414 -0.215436594162991
1.41975963095439 -0.308666853524409
1.60888816689617 -0.312094046610107
0.918182162369845 -0.351481242843525
0.140557845407211 -0.328719301012977
-0.321233862675656 -0.180338452824719
0.321613289771819 -0.366530168716956
0.755460191035413 -0.389845112386298
-3.8961413230219 0.608054998425453
0.573856626481565 -0.404730618355258
-0.704072963089726 0.177954042112983
1.59546608643204 -0.256563700747329
0.396819283755372 -0.386854100531575
0.984436773171398 -0.361288036675527
-1.84270679302877 -0.276556802326993
-0.036853106935131 -0.20212177134602
1.04743588494742 -0.368836639330089
0.804172041308034 -0.389278122807094
-1.13435051218594 0.168647572903631
-1.47986557836847 -0.177788301203836
1.27532710902866 -0.322165599007028
1.67405013523129 -0.280312236491259
-1.57408373580518 -0.143839177380807
1.01100045650032 -0.34489460105871
0.103627859189636 -0.326468619107388
1.38985076338086 -0.271340848949912
-0.0465836748663428 -0.202898822106565
-0.671632141879356 0.0771353731282455
0.137101018207108 -0.34485404418378
0.301333741739225 -0.371025303527625
-0.991804991593089 0.114527906750264
1.59988782017498 -0.248908055911798
2.15231852492285 -0.0815498176855678
0.508262231761016 -0.402129192046688
0.281609615902137 -0.352829658915609
0.155062360038852 -0.295148150009772
-0.500203553524328 0.200226647004398
-3.5797214953639 0.206080146537966
-0.654990042686424 0.0403164573978372
-0.994692353623427 -0.0687246753887881
2.08682018523335 -0.121775690860118
1.19702442041121 -0.334970722574643
2.94751400867436 0.236812879784823
0.721927206330617 -0.393236101510209
-1.50963905082511 0.0428387658426536
2.48584959480408 -0.0193899193863447
1.20725789734038 -0.334168543577745
1.24897478263318 -0.325894610400042
-3.1804814007484 -0.253694301735168
-0.663286141894846 0.00364088258514715
2.90634913673268 0.0132133426564451
-0.525092870290375 0.0668949349395127
-1.30620341502815 0.12201522519791
1.51921931632699 -0.339651314879938
0.208441681559338 -0.321245524116602
0.107450059123131 -0.268172767163161
1.49912359226708 -0.292074700470495
-0.302583912910389 -0.0481418923205384
0.30639786224669 -0.375202923118586
-1.25679031493079 0.0253623960107612
-1.26684054662978 -0.0407288609826571
-2.22477441146705 -0.30513920976762
-0.564867603194553 0.0986376382500121
-0.179331830477918 -0.275063298861801
-0.586274237680696 0.246930366146641
0.296451310170758 -0.345112488299568
-0.0275755589441424 -0.180883055159403
-0.977571074150765 0.147593924113736
0.569580612527047 -0.404720531670609
-0.623836910801749 0.409580776621244
0.831269910070091 -0.391271895777065
-2.69999306625227 -0.319895443991466
0.394952303700856 -0.391832352805821
-0.827190846733917 0.0587350788400065
-0.140340855603859 -0.204633986821588
-0.86557216461299 0.0856222801351091
-1.45090152403531 -0.0886223565324902
2.21456502947063 0.0455819956029428
0.347806689606971 -0.376322626458765
1.58775003378495 -0.301770099900727
1.02145932248886 -0.342801817507899
0.177868766299545 -0.353201773145507
-3.60075966838582 0.225093944367156
-1.22337012436269 -0.0512144952932218
-2.58656084727502 -0.361857480464846
0.665699581019611 -0.403064479632256
-2.06496811612435 -0.326235144584104
0.01757681305138 -0.233943152781148
1.31775033891232 -0.312397578195148
-0.138832555534157 -0.148506598024611
-0.190349316096655 -0.122833687377328
0.205888597927373 -0.355428464650951
-0.0525291498823169 -0.169770663457309
1.31939144011452 -0.272731595371064
0.688272462930248 -0.399847249742287
2.50068261768814 -0.0841898819267123
-1.405983987292 0.00326295163959361
-0.47918553479713 -0.068365718224255
-2.22837654178381 -0.277900357420878
1.61886023186727 -0.229970243042091
-0.625590653971516 0.123581253983875
-0.131106558172382 -0.0852322165976592
0.845859336315026 -0.385573305345546
0.244416850311693 -0.332350969192789
0.414613785588679 -0.38995840929405
1.33971664035165 -0.329201155625496
-0.943734650204051 0.18488429777882
0.282356545544458 -0.367989445665728
-0.028471869866175 -0.18809841645023
2.49626994070695 0.054140632621946
0.541301607210044 -0.404282454263668
0.796162146064936 -0.386132618375066
-0.440509698366123 0.0326524595199471
-0.12127503219089 -0.176823156721387
-0.143498850316536 -0.170081866324957
0.740106225947926 -0.396141731632048
1.21506753637627 -0.322776055404306
-0.700050249704516 0.346360924222822
0.25079670264839 -0.341086676028188
0.401513955841297 -0.391199287067887
-0.512359824513842 0.164785532024667
-1.52000205345946 -0.0115726529564044
-0.403952738226131 -0.20761164579432
-0.376200406412571 -0.0255851781810383
-0.0385311251853442 -0.248933002270022
-1.94832915107249 -0.221905281121867
-0.241939516982764 -0.139359012262376
0.925212914071796 -0.36695992333598
2.49641357740031 0.0314204558954068
0.815515187863445 -0.382559248271698
-1.90211890495666 -0.265908956535266
-0.668836388696347 -0.087525975012066
-0.0451356631615461 -0.294786177211562
-0.902517578350453 0.169747510412291
0.515185153295977 -0.403194235316024
0.689388491763724 -0.401187646173224
-0.66979281462093 0.16024537500682
-0.0734154740852522 -0.17185234258357
0.466159503860849 -0.400461030925599
-0.850924628522573 0.146386013360051
0.642195807304314 -0.402728482528889
-0.689693045431206 0.0598016045918517
-0.275467390610565 -0.180199162394311
0.620161608812344 -0.403970354475524
-0.75856403348247 0.130208739682082
-0.0213246440235735 -0.217155612100353
-0.083563031538385 -0.237921678207693
-0.423174130683898 0.100927710829051
1.5996447065137 -0.278688616396616
0.646762263527949 -0.403679892098854
-0.710138325169815 0.264867539565609
-0.912109202561303 0.157636557566669
-0.921682616663027 -0.0540270300797622
-0.528146348613 0.0396695116514566
0.207351141587009 -0.364530489941854
0.348879506635543 -0.384749744147643
-1.00755579200351 -0.072632881040254
1.18574941878162 -0.312402890698936
0.352406975751279 -0.383012926415202
0.11969065305945 -0.311012071440699
-0.912227551768682 0.328745190793299
-1.26515773558558 0.0138863592741424
-0.874727510360569 0.138424455122084
1.86966561471708 -0.279649580089283
-1.73826587135243 -0.13649550712567
1.16775630170475 -0.354807454249398
0.232720893458392 -0.363656901323497
-0.129999093908729 -0.142625394585637
1.9404119896062 -0.173844643510113
-0.33415742030066 -0.0798275952319193
-1.26525800847104 0.0811480196616667
-1.06773606844374 -0.026344685048929
0.132615275102594 -0.289046416528043
0.0540706969396876 -0.200984795817432
0.100064247685643 -0.319694753428099
0.441564783742559 -0.396386094082934
-0.55408961759294 -0.0620260146197922
-0.604503698466252 0.231259161147815
0.758621208679111 -0.391328926162628
0.678522254150439 -0.39906178789899
1.4077465125689 -0.263955136996012
-0.736340326504465 0.160514907396454
0.113024568472252 -0.309784129741118
0.367268013272443 -0.377885516591699
-1.78217378544592 -0.23556280187423
-1.0776465872903 0.0220247975051593
1.96645406010606 -0.0833394663187072
-1.8094465061788 -0.196914259456446
1.66815955052377 -0.2297122013484
0.891853471595313 -0.363414204496419
-1.00218007353008 0.162457899463396
0.233308471998935 -0.351311065265021
-1.04051059535272 0.087739374717118
-1.48720521113867 -0.0920996741756557
1.68012123285548 -0.288735338278974
0.92757496419609 -0.389572550121154
0.807978501578206 -0.383137495558606
-1.5141590920437 -0.0716974482663256
0.138506274323525 -0.32260467805101
-1.20301961635441 -0.0247597867869563
-0.46889744812745 0.0246194522862871
-0.836170381336574 0.239489726859666
2.23759520032734 -0.149404723450574
-0.356533251179897 -0.0958715548763413
-1.87891088918175 -0.297118004222204
-2.87635537685827 -0.350090388551131
1.18009817762717 -0.328690862460682
-0.323509062328871 -0.0922001839058556
-2.62317621927561 -0.323533484153812
-0.0695896985482198 -0.173153890779666
1.42043400166247 -0.316545455889833
0.0973145315888312 -0.329293797023259
-1.59417490568464 -0.125779251284387
-1.60593398060832 -0.169595885708601
-0.753186448312221 0.0621505111650619
-1.33656498598967 0.111556049379358
-2.15432146576959 -0.329750137929561
-1.08280553078202 -0.0425101831488729
0.857106338252836 -0.376684448439655
-0.315373075673026 -0.0214492051149663
0.0288466831438125 -0.249949927148551
-0.944798036776731 0.465449226771109
-0.631634051013698 -0.000427560588107542
0.990495785025568 -0.355644664470319
-1.66334940176894 -0.108057218559443
-1.22995222913962 0.104421583888875
-0.399419991690103 0.0794685164423934
-0.472179819744647 -0.105527630842198
0.59015070940154 -0.404603691347948
2.97477471691146 0.22174344356318
0.824330299046671 -0.387276647087777
0.876363983691594 -0.366413831921933
1.49599543358833 -0.327722816914316
-0.267899357863931 -0.0155799273626479
-0.354982960755487 0.13494397222165
1.84458915997129 -0.261961079283261
-0.303709385494003 -0.0620505217261495
0.736150941687397 -0.393955047103778
-0.899414129174022 0.101803631076474
1.85737225380182 -0.241264498985375
-0.151992908346898 -0.210154329619942
-1.36476548519915 0.0872778108199991
-2.08036377534123 -0.293402491743791
0.121599673009671 -0.315759910458729
-1.73824034169823 -0.228844596543825
-0.713659217725932 -0.0195212688199564
2.07014537334696 -0.109289731954447
0.023515961114366 -0.269522866259706
-0.726422449260258 0.0954465860608049
-3.98994206712124 0.436354345600613
-0.592739144441426 0.0275485950428628
0.272726786889814 -0.363595083762336
-1.30035528645859 0.0844195413979076
2.52623371732122 -0.0619708609761923
0.726115536216032 -0.395741419442814
0.15729728728211 -0.309523508161199
-0.437301047560002 0.0211582237390538
-0.546351658450966 0.0183256468061109
1.73541277481478 -0.282181450597348
0.308900652129989 -0.371412980165458
0.771234033718238 -0.388121186504228
0.412182781479737 -0.390484554143059
1.90871122797546 -0.166780793739479
0.0993508181247277 -0.254399576223713
-0.914768154731008 0.194626214637737
1.90680211374261 -0.136068235301283
1.27434830050214 -0.339388638717017
0.500750400551567 -0.402595761139118
0.110102175003337 -0.256529843303407
-0.0326589872401736 -0.16760971357028
0.421776073042347 -0.397536279037538
-0.414194254352183 0.00674519589849187
-0.68971198243804 0.116485912239507
0.453866746435092 -0.398408306590783
0.342110584949384 -0.384110963404129
1.36633652255771 -0.348321115659129
1.56137842814685 -0.29297481092224
-3.36439943740722 -0.0523578102183175
0.0683342581587522 -0.268355071919872
0.508574338082735 -0.403114459395758
-3.27973845983265 -0.133380287135027
0.718540646638167 -0.394017717273245
-2.22711958982137 -0.27076339522261
1.68134325712843 -0.258923589735278
0.97661539345573 -0.353547951630735
-0.193872159778143 0.00366703108475293
0.634298259173154 -0.403171740154232
-1.24832653368775 0.0842770502412882
-0.402355490738851 0.108231560571117
-0.256567660755454 0.105944101291818
-2.74141446380158 -0.346804821769966
-1.85719677914608 -0.21996606501703
1.97622360999612 -0.134526886485941
-1.29837742815154 -0.1379661948466
-0.659791303080622 0.0869741045459913
0.937238993364259 -0.377392429183913
-1.60247709828991 -0.197290565718779
1.41908153286751 -0.342777404883705
-0.937645275654486 0.187015644335463
0.117979187437714 -0.247082979900595
-0.373004954843416 -0.0411553062089207
0.487495607707923 -0.399394791142531
0.0411663911271404 -0.228670836463057
-2.27078707960642 -0.33448315041423
1.12351598439812 -0.330463681276123
0.926269797328208 -0.353166266631222
-0.162629316717673 -0.170044871939818
2.44749344715585 0.262538605511242
-0.386261038067941 0.128356828558706
-2.19786811243345 -0.263728151323741
-1.93199868355722 -0.238260302530386
-1.1032051960049 0.148189413486264
-0.326793244807048 0.0864088458366285
-0.277426031732815 0.0279396244454373
-0.458909863244678 -0.0512632299845344
-0.822535118066546 0.200616759957932
0.618790352387692 -0.403652175714673
1.29488979328806 -0.300599117353337
0.469143972200807 -0.40027788483973
0.470466476772281 -0.401125527914346
0.547483453466546 -0.404506457163262
1.95701954551675 -0.129546645711832
-0.26859183569389 -0.0573811262064206
1.52112431705152 -0.26938490670948
-0.258978014223622 -0.0901484163694294
-0.724767054151713 0.38150722897529
2.16239039753986 -0.192786353371872
-2.3017813575912 -0.297206118227333
0.63508875703527 -0.403346691234934
1.18093997098352 -0.332012284512483
0.348405854454953 -0.375689901717643
1.44041290291583 -0.285617148236106
-0.148753364214576 -0.225522014487128
0.509326171419116 -0.401939214277471
-0.901639756107883 0.0306046627762767
-0.348795797999698 0.0754087514902848
-0.396370500638474 0.0520312105022007
0.488353831861242 -0.401864318389491
-1.54244701286182 -0.000144085998187493
-1.05778105573849 0.00364290873219372
-0.346614962673457 0.0240659708021829
-2.19698334062609 -0.307944772014547
-2.94000320281874 -0.349353124487157
-0.332630906105586 0.0242910978548677
0.191136691145885 -0.341087066844267
-0.698676057802789 0.0793331033964622
-1.98565807901255 -0.2390933958229
-2.37602537620466 -0.329337581491512
2.53211401723954 0.107231285536962
-0.806196399534084 -0.0473698095482216
1.68367588327761 -0.251970138208043
-1.69750814268549 -0.09635033273539
-0.410314250169393 -0.0235683113265842
-2.43084291676496 -0.342590822871424
-0.81351478472064 0.0194665050314519
-2.66728676573463 -0.332056747207374
-1.15228780735647 -0.109079150822632
-0.781591605281338 -0.0587691706251979
-0.830474455373397 0.127383699751447
-0.296072729311733 -0.187775798041819
-1.05228513110156 0.268838312989662
-2.491295339581 -0.338484499505924
1.37723864236162 -0.306564507577071
0.214616146823675 -0.31673063024673
-1.75896037802206 -0.289935649213177
-0.227492383224887 -0.0817204200706431
-0.131195766377164 -0.186098960794737
1.2298276377223 -0.305533171344307
-3.21687237385649 -0.154652639624734
2.73402969838777 0.276115790001978
0.833919067579389 -0.382417245495033
-0.816703068891986 0.0844470971053005
0.271127411558382 -0.335325613476956
-0.444639895169284 0.111962010343506
-0.278715293678343 -0.146132507730228
0.835100371697272 -0.379996670259569
0.793732268716587 -0.387222920691684
-1.21608698633154 -0.0711657183790331
0.731723682630648 -0.393249648467022
2.14668501059752 -0.00925033670627373
-0.951951486652001 0.0535982340937365
0.545690373246258 -0.404472242056473
-0.465064700671065 0.0382821685418045
0.917246087130806 -0.356218740947387
-0.0469286292822854 -0.18252688376289
-0.24814232542863 -0.18843629972259
-1.09306514562674 0.356575620162609
-0.0656338552044768 -0.216161344300839
-0.920331091611041 0.214990289864121
1.01386975023137 -0.368680745980076
0.182348405625615 -0.301767174211991
-0.623757972634435 -0.0271741354423109
-1.16636435273871 0.243864942387984
1.99313117359282 -0.0976903408527122
-1.73783748168486 -0.183208183230179
-0.595349951377793 0.128986519251762
1.4743572050459 -0.254224147497237
1.94643182861849 -0.236072720070376
-0.838671291751957 0.291001564110941
0.887303479606698 -0.367339279642852
-0.00370168520001058 -0.21901860057829
2.90272773652616 0.323427261662527
0.172586360111288 -0.309282522509612
0.805338764589755 -0.38742843419683
1.13257994140949 -0.33574765472143
-1.70644788901561 -0.248158964998674
0.477271727714134 -0.400355149124957
0.851021115495236 -0.380736936452165
-0.181888748558203 -0.253762161288861
1.08311583516934 -0.364191599975191
-0.906043424355935 0.0979238183544851
1.85548817358826 -0.227730953676354
2.51304584857515 0.13327129428888
0.386344362185004 -0.388701558416037
1.9931808081812 -0.133879897554054
-0.86668989953143 0.0999252972387619
-0.0481773206972174 -0.188224160874861
0.298741264977447 -0.374612968928201
-0.108119624579794 -0.140525503898273
-0.686679679050944 0.114896231681677
-0.46038726179864 0.0906147987628971
2.06022924553223 -0.201633442851666
-1.48788208031557 -0.0643815803263211
0.34826559462724 -0.369487748348158
0.660329555896515 -0.402949925807249
-0.530610706707625 0.128590033592187
-0.056272324115102 -0.159229028205009
-0.435521169965853 0.129057523127081
0.710120593154936 -0.393401049630278
-1.25976131347924 0.115299248931648
-0.500466415036524 0.138553788744852
-2.23921251794831 -0.284055054837669
0.693211302237612 -0.401201318060579
-0.438642036753592 0.179718428432542
2.36677764895692 -0.127679557364422
-3.26267994030269 -0.0583133798126288
1.18643166920657 -0.322570037414947
-1.18050526101634 -0.100490280767344
-1.31319524387271 0.00905021519779994
-1.56183338343327 -0.125922732206915
-2.27932815148632 -0.315408021463408
0.073713265900084 -0.313267926734302
0.163841625416009 -0.355080581271992
0.764758001010096 -0.389983601740829
0.140693291685914 -0.312146703512219
0.278874595420166 -0.352740335805521
-1.73416667611351 -0.278934505020676
-2.02553725042384 -0.274728895799923
0.420051847846449 -0.389142013281847
-0.487088911363267 0.141754125812693
1.47258929034006 -0.297459206941772
-2.02966198241205 -0.297079647979585
0.47783074524816 -0.399758018955761
-0.224889168381759 -0.186266193858197
0.113504492229875 -0.289601432026618
-1.52170385646657 -0.0107944624695946
0.365647805121403 -0.386415696366227
-0.0585452459410926 -0.200249101165877
1.204580039108 -0.318587010281498
1.44258996339826 -0.327565409345456
0.657844170867304 -0.401041467631541
0.0845568772978141 -0.22097878492796
-0.725801474388371 0.0177069161245731
-1.20899652975327 0.131595052525359
1.12183789901265 -0.331534094140879
2.5054689769021 0.102960204409838
-0.924084606780323 0.0946341448747319
1.97340272994244 -0.145644060293015
0.560158258499981 -0.404662043114984
0.793771145063483 -0.382406004269011
-0.944746577872545 0.0309351084836731
0.334253908754825 -0.379392665461998
2.27992454307879 0.0190146880251584
0.193316896461801 -0.354041635538684
1.00714811177393 -0.359421316851241
-0.656825793614072 0.149461222924727
-0.65925571445 0.226566261354445
-2.2522905540867 -0.300389145550946
-2.48316382624698 -0.331737867038781
0.369542882603308 -0.385963049067903
-0.90970466549915 0.0912901781245453
0.472584781323013 -0.400249176670249
0.443992122763165 -0.39395001760502
-0.0951197154124302 -0.175742432827451
-1.68330672049278 -0.143140664065203
-2.67296036318277 -0.36565558061152
2.15086780835234 0.00668506914011902
-1.97058147183059 -0.296759417488294
-3.33694534945591 -0.0572324402700215
1.74657434584855 -0.231225379383407
-0.835319162570391 0.28971680590465
-0.918356399826508 0.128783486569913
1.25194424816756 -0.30641291996337
0.106212546301708 -0.307828947608814
1.98812432171211 -0.0790560215795938
-0.170411869845683 -0.18932633035593
-0.660029747753936 0.00700348094025845
-1.10194426246896 0.0944072928767414
-1.3695533791462 -0.115813170223689
-0.0702170622722601 -0.234304187107132
-1.04939191599494 0.0859857774054644
1.57753398402935 -0.193154352904498
-0.87922651016076 0.302430526789792
-1.13530152208541 0.0144442411206473
0.029938080858941 -0.259157724526675
-2.57928670325699 -0.326304980983024
-0.507050453940419 0.0504579720067376
1.67439519689639 -0.256084298160088
-0.20222749252052 -0.0595483717391709
-1.23249354159403 -0.106793162334141
0.588493842762266 -0.404596855663076
1.36145335945616 -0.29121131676401
-0.540708239180501 0.0989716500682827
-0.706539996697017 -0.091126409634592
0.724997626448403 -0.392350516801318
0.735194617911285 -0.398390603961706
-0.137109565612468 -0.204737780522812
0.0618765773811755 -0.299570677231797
-0.136279379125201 -0.184725986709517
0.403396522864761 -0.391374057010622
0.612807967098249 -0.403959818698268
0.695409851669226 -0.401138948136104
0.0187750520617143 -0.13376561629188
0.394592720609851 -0.39338613501894
0.188070057174403 -0.344815747352295
0.382578047163648 -0.382449458407248
0.0572110233822578 -0.302070994462427
-0.441293275472286 0.197095048124731
1.06470446660795 -0.342108779128845
0.492070400295749 -0.401534201333689
-0.0952313883161996 -0.144499581310623
1.66045635753583 -0.280952806937504
-1.42835676778215 -0.0954536015231314
-1.604406157919 -0.174547603639771
1.31160758165581 -0.324741001935932
0.858349111882261 -0.368500587376161
1.04734271213101 -0.354228740919298
0.621676729227584 -0.403629986100313
0.812252852959873 -0.385503562151078
0.540411022324544 -0.404095077992948
-1.07996898481998 -0.0273669430010206
1.28570571564932 -0.280003388173477
0.705373722608734 -0.399733991283088
1.00313390453183 -0.382872420362691
-1.01639027756439 0.211814386232245
-3.34951419438158 -0.0675757054631351
-0.507063302432318 0.20179676804058
0.00800423697268936 -0.211614731378462
1.24512919304978 -0.313663522800886
2.34210341898356 -0.05313306155618
-2.43006881630525 -0.324808581185493
0.976206962076934 -0.373809313482038
0.130294753445555 -0.24270996624547
2.30293524315385 -0.0785369542479726
0.130782401190152 -0.304481513199595
-0.575710511816814 0.213600268371584
1.20263436742043 -0.316914769230309
0.701819340742818 -0.397129689635325
-0.264537313609385 -0.0375709987727836
-0.563507156550437 0.0625252231400563
0.298209370814817 -0.367030809661302
0.351409195539416 -0.380456113899193
2.5578334753732 0.11824562760626
0.205437466966354 -0.3190748620907
0.417950949997343 -0.392690635099776
-0.0556822408340655 -0.142470622105207
-0.65673276538308 0.159727026395786
0.144065378933935 -0.290790711662558
0.24150055734333 -0.339609698857493
0.162993220525594 -0.29856303285613
-0.806634631847637 0.116953735603011
-2.03518582603865 -0.289654983886126
-0.326288128256008 0.0504542206867517
0.812653063066404 -0.388776420481495
-1.289441518688 -0.0411656411629522
0.875443224485816 -0.371039047686436
-1.44012643642294 -0.22891803076476
2.06399079329965 -0.203126213850937
0.633597149817195 -0.403995063491448
1.06640470077661 -0.349942075839024
0.754761363399378 -0.394192327300989
0.756761293272595 -0.393978210251119
-0.458495821630675 -0.0130017974687434
-1.24574258412235 0.04909988546137
1.55368160699719 -0.22799857694138
1.64512688789788 -0.255497088384309
-0.321613713913083 -0.0485184745693601
-1.63706415591397 -0.173786800940706
-0.872977134884772 0.0656604361139018
0.383961466971629 -0.387981060089567
1.39141293611151 -0.30069281921578
1.05388266577377 -0.355657579745524
1.29083313664073 -0.321250792506893
1.32586865404665 -0.265965178714174
-0.601958371593917 -0.172169625310963
0.834326179011274 -0.378519577376496
0.357267302136061 -0.381689755334497
0.553420634884402 -0.404525932360636
0.309933315694604 -0.354702330533656
0.326944943882814 -0.364744953193681
-0.791237959532047 0.203367700061787
-0.600097906695999 0.179128960719577
-0.126304628179388 -0.1562938664622
0.471456670824142 -0.399189745450242
0.902324717154673 -0.377201556395711
-1.96209476920068 -0.266632306280497
2.06349205329928 -0.136597944966622
-1.24094468492355 -0.137297448686779
-0.291243079048188 -0.0394644378383139
0.676722339407502 -0.40014722829429
1.65603261195136 -0.284006768905657
-0.182823575733116 -0.156000116190391
-0.163225435784464 -0.144919644110731
-1.55407071745492 -0.126120207217574
-0.237395325738749 -0.207181557159349
-1.56627826191494 -0.11323685359286
-0.473171933609671 -0.0405520871004684
0.44262948726357 -0.396795884293842
0.0381813171581484 -0.219281208230763
0.050632472228629 -0.228041008036358
0.677444001483271 -0.40090668035449
-1.6211381516718 -0.0787720358175986
1.39320957886378 -0.272247398681525
-0.528058127804942 0.0728776276676026
2.48730661512732 0.0940418673084987
0.510233455504941 -0.402905494195758
0.427114413657112 -0.386623530144077
-0.562419618594808 0.173445683181548
-1.90676935434111 -0.318859536298437
-0.716491447306166 0.421936080277572
-0.313812441959348 -0.172773643644502
0.943044032250482 -0.362314678530257
1.60702267370892 -0.250290576590994
0.446438916450125 -0.39425636515302
-0.451923825349764 -0.0739063573561061
-2.25934361874869 -0.314322864822805
-1.14934647650353 0.133198341229742
0.606790534766667 -0.404347395034367
0.18992779510391 -0.358699325217387
-1.11558060073898 0.14171265946733
-0.701721440293295 0.0968363614096333
1.02845297585047 -0.363443615883493
-0.503624265630809 0.148764948576799
0.279499619748798 -0.355927338397594
-2.42456273741703 -0.315809478800279
-1.16007669372488 0.380618369667521
4.4513396912581 0.905541998391905
-0.36475846502359 0.0828579640849448
-1.36314568912425 -0.0039082429135449
-0.131473783536123 -0.167980595296331
-0.133249291081319 -0.234182508668754
0.136218511733376 -0.30357782451255
0.56700074909449 -0.40470744873605
0.255837266731763 -0.371910647121663
-1.7822503030311 -0.126358855532158
-0.287014582787667 -0.0876004268337301
1.38375486543212 -0.263016730531922
-0.268154025797862 -0.0800170243861195
-1.90859847467311 -0.242709647289066
0.415849055463747 -0.390570292204435
0.174015259436516 -0.30296440865581
1.30543491536673 -0.260109699744929
0.660104083301153 -0.402881275704446
-0.233796790672346 -0.196276277018722
-1.21556422187002 0.0261240346034464
1.43523153386293 -0.345180583312249
0.930875173411733 -0.377441956922702
-2.69377582807889 -0.33889473175184
-0.467549680291012 -0.085181568132258
1.01509547430753 -0.358663921036073
-1.53931584529555 -0.167414621989465
0.817941354670561 -0.386240649188066
-2.32839461732212 -0.32604311858701
-0.600994037498924 0.0843296478306206
0.4496643582464 -0.397202175190152
-0.229816686109093 -0.103567916388578
-0.00951409007699133 -0.228086845832913
-0.826308202544769 0.204018860222063
-2.32703031386323 -0.300152351679294
0.274820013815377 -0.344510121059756
-1.54169848858674 -0.228405827203917
1.02968944706872 -0.336561719766059
-0.518069713674053 0.0855726841916957
1.82863913885718 -0.195672990468472
-1.81877640196822 -0.200910382118737
1.52900836197082 -0.265133403358839
0.358336790585989 -0.384040046739128
-0.198975089773626 -0.172184030818262
-0.555196289039168 0.0682582923717579
-2.77511696562236 -0.330990170954336
1.44995049700059 -0.316086886212314
-1.80090398503496 -0.23225665444448
0.115660045237218 -0.307211389888555
-0.969079198663532 0.0896304247998334
0.652932068132241 -0.402159066483603
0.896820097250036 -0.363863229211616
0.236775082927136 -0.351480702210614
-0.129341592511382 -0.243087474301219
-0.658566850829035 0.216687797331306
-3.75891746494994 0.663281519935851
-0.0160870811179674 -0.180101012872485
2.0687163066612 -0.19269350311842
-0.0422807626129208 -0.147627642133885
-0.685371577387104 0.0993274075867475
-1.13605157158414 0.0593931036638404
1.06460954489342 -0.33480204124606
-0.66648472268343 0.0161390341529352
-1.50427617252653 -0.140917490278209
-0.127676188020674 -0.10842897565245
-1.62833338911402 -0.181851234945169
0.14666482068492 -0.291553908285876
0.751604145007571 -0.390326999159596
1.19802499619698 -0.311948175238341
-0.849335726539567 0.129086602310153
-3.80929870902361 0.625704027388557
-0.0698745614646837 -0.272791151193528
0.541512369287296 -0.404079159009996
-0.656413146348751 -0.0654313998481201
-1.25740541068197 0.129938839717515
-0.273962123273227 -0.123082180318146
-0.584742340540707 0.399725778510548
0.322559074072387 -0.382996804570442
1.64186917701046 -0.183305390346287
0.224301849190244 -0.315829026515593
-0.701917157723771 0.0911330817326636
-0.947601398641611 0.154640520765588
0.755879652250481 -0.393819162130184
-0.588904414517592 0.0394788385604228
-1.0818043070338 0.153182965927163
-0.593438937807675 -0.028040700892622
-1.05901122689498 0.0295668934461034
-0.865542505443294 0.101464560387855
-0.169560904582785 -0.146491156096668
-0.445514781771866 0.102571311908649
-1.08701408239332 0.201123702610507
0.85897728040944 -0.378355723770655
0.261006360282571 -0.350313490615087
1.22353614481559 -0.310569280212917
-0.374379967950789 -0.0184965844068488
0.471578855555013 -0.400052593719305
1.48430619802352 -0.298420495374287
1.12787254227007 -0.356338565414039
-1.16962463619143 0.0623793011516737
-1.16079825221647 0.0872989974034616
2.17577582646646 -0.132564196714073
0.803206877338713 -0.380559301970374
-1.14567922269388 0.122785299667996
-0.167409885054368 -0.152297352087377
0.894957684620235 -0.368744428710836
-0.661056799461268 0.116466154157193
0.0293768913667236 -0.216593364974974
0.286519761741368 -0.338566385864775
1.78616397350937 -0.235795590734851
-0.767621522316792 0.246125554393617
-2.65142372264096 -0.33501247702562
-1.52516702900799 -0.0826152449347464
1.07316818159048 -0.342505570150794
-2.78571400456743 -0.313235140012206
0.083927218649229 -0.295270776647387
-0.861691849322742 0.124833466813163
-0.769432801783659 -0.0759872399334078
-0.187054263049925 -0.0540599151634548
-0.633414757268321 0.165065806504685
-3.25450617877492 -0.1355790874193
0.307595749244013 -0.37147392031188
-0.717254906081258 0.0568826676501885
-1.5700875563183 -0.206708728318067
-0.587451846726439 0.078729955691276
1.67123823959142 -0.263097135571571
0.507846998022278 -0.401050506529607
-0.52750655482625 0.0420269931252844
-1.25188170363747 -0.0406570467614403
2.40436499960572 -0.147507139298752
