0.576161990175162 0.260056475292828
-0.294615384890756 -0.430257244625588
-1.79021339764753 -1.10772557339273
1.1044677325725 0.470465242754046
-1.65030441834859 -1.20538957796357
0.741944987979264 0.455787170304472
0.926252783193451 0.25345065486073
-0.81182066186594 -1.16797772237933
0.478141135547146 0.851780642742042
-0.293677291723508 -0.420019810236531
0.771005035970757 0.772585351746461
-1.64095756048971 -1.18796392130762
0.631715288115754 1.2466242664774
1.30285664170811 0.61458338995487
0.294221798788084 0.141958062140909
-0.685663582471262 -1.09120778614177
-0.258570944587181 -0.332190286146833
-0.772374703660976 -1.0261924028535
0.288929547369492 -0.0798731006616189
1.94100204649992 -0.393314274143211
0.183269903447971 0.716499334435507
1.60829065327694 0.159600878349298
-0.36371787820391 -0.736570182183978
1.25018483108528 0.462050895076275
-0.512846378234526 -0.664756158289198
-1.30377896049731 -1.38300572853705
-2.57529421028726 -0.217142127748156
0.723753417633456 0.500435851479786
1.50780742178473 0.0909587938515949
-1.87412547786507 -1.02230867088936
-0.738842441001771 -1.02361864629365
-3.87868381096479 2.78478906911711
0.41536031465278 -0.247522543924346
0.790862766501635 0.944691026980163
-2.45008690648136 -0.924814869551091
0.627734071410243 0.284985879457096
-0.148013486599582 -0.579799819239905
0.348866692690503 0.178796952388769
2.11168438185867 -0.584827198820602
-0.778180821820419 -1.09168905778001
-2.18991846789757 -0.813717872379677
-1.83591095731736 -1.04594572027221
-0.572839397711082 -0.87519956246703
1.38768589322876 -0.280645118704083
-2.45766993380468 -0.0896022501721316
0.793204089425578 -0.27525120420016
-1.64886993197114 -1.30189438861251
0.728663610186615 0.489449055799603
0.00347227936731031 -0.407226384890898
1.22185519264244 0.994915165659805
0.669787038295483 0.124046890708574
0.247248866398018 0.709936850076928
-0.0236170179975749 -0.626200410842898
-1.82503390279394 -1.14033071585759
0.241175896029627 -0.173281205307884
-0.830695135068447 -1.15520889467631
-1.01548113937209 -1.32168356728686
-2.0780182921069 -0.928532958092243
0.0632426046294013 0.349476910393914
-1.03292042470838 -1.30884179281694
0.388377265873301 0.480349206063535
1.590923979221 -0.344467247762243
1.57733185835057 0.515109922330062
0.603198504751798 1.41760275537631
-0.821149695902375 -1.20299568569878
-2.21031791823421 -0.489175452115518
0.695560158167106 0.803337583828893
2.24600530199872 -0.554596785124649
-1.18496507198676 -1.37261496184871
-0.380216441590081 -0.73870988716855
-4.64035376139447 2.43103517373425
0.660464264252147 0.630920380504297
-0.434369685498899 -0.717620784316366
-0.0701334434152426 -0.173860238697435
0.10407333799655 0.19381680464872
1.74544421742406 -0.428864428895672
-0.421628749134619 -1.05614639378153
0.364926981739521 0.791050171712071
-0.0410370951249841 0.0419262548366902
-1.93303291474617 -1.10361466380792
-0.373498675983914 -0.475649277193564
-0.247492696778323 -0.218528140407301
-1.72946278883296 -1.12825028941473
2.74499184947059 -0.960244901862916
0.943432293240186 1.10873587220898
0.939324045274623 0.0903427256915501
1.70237244386153 0.0168160160361312
-1.60473400129565 -1.25701535867545
-1.95709033310375 -0.907819501319887
1.88517602062468 0.00197114497111761
-2.38638487380242 -0.274469591079654
-0.0186142520361341 0.155645680180649
-1.51172771983319 -1.32714800623668
-1.59043789695624 -1.29366276211433
2.33170676972148 -0.583480889139066
-0.0196303129025996 0.561685934230825
-2.04655586812546 -0.945720047616012
-0.361297469794315 -0.557632951292092
4.38767354229897 0.931432840237676
-0.42763209114774 -0.862105517394116
2.86600598683062 -0.806040027225425
0.935549089919964 0.717115236410027
-1.77126003574567 -1.07090239335185
-1.4539487705883 -1.34160255611532
-0.600339940345726 -0.957949321148408
-1.40394380444413 -1.36933499849817
-0.323631664907889 -0.471623618135474
-0.061117724529948 0.220221243008246
0.126383966397304 0.00593057617576162
1.34945907876302 -0.423448572926617
1.62230169200961 -0.210145638300184
-0.520168967736312 -0.767553529924781
-2.28490480815355 -0.764626201905656
-1.67792206995032 -1.2364446795315
-0.197911545494622 -0.665230268225647
-1.24325520169605 -1.38332555291945
0.898874396427625 0.302537456640943
-0.858352721214593 -1.15493894006319
-1.5788444734671 -1.28419208032441
-1.80254261118486 -1.07330416229829
-0.487497924600321 -0.595034402874062
-0.4465661276305 -0.479463150784084
0.832550263688231 -0.276002756867789
-1.15605591233266 -1.37051952860023
0.28708363457123 0.31585931710915
0.739964279350289 0.813707267142748
-0.860519730165417 -1.21066057254436
-0.744083707606526 -0.995951828359251
2.00002616882674 -0.220570107721937
-0.39575656747803 -0.544036970755242
2.71785112782767 -0.946416968510712
-1.10690500125167 -1.34122807790417
-0.350920884840568 -0.112897633442817
-2.47269111945099 -0.428127446205002
-3.07173388566834 0.970796403682532
-0.52215391514074 -0.802018707288477
0.312219010696959 -0.604208828640292
1.61060874615601 0.0432464208115754
-0.930075448371655 -1.31115788042618
0.750997127813921 -0.241461192586108
-0.644428017378908 -0.847056887217973
1.20642885721061 0.292164414999731
-0.820548052685543 -1.18795039538543
0.44375010324515 0.935237793866911
2.35217853569528 -0.749571075063805
0.520184723599015 0.78511108622467
-0.34858565602069 -0.369260005524904
-1.04140331168513 -1.31349264738983
-1.82590916189369 -1.05425702744142
0.191579513719852 0.659823973408558
1.02040334603164 0.506396092466357
-0.195388730647258 -0.297243538781394
-0.0968188553007119 0.271786554889282
1.46775012728951 -0.416641023418432
1.79430643823405 -0.00747609705651979
0.18564191369656 0.411536049816605
0.706560265423778 1.03222489599043
0.127177589249735 0.169034037206016
-1.71435525776299 -1.17794311322955
0.600790761831009 -0.0247247980763768
-2.38845117665082 -0.436456258653759
-1.64453543327259 -1.25563349298149
1.28621975655002 0.686333713538686
1.14645476847984 0.169442710726004
0.30018690195732 0.752718594659486
0.393094909104017 0.346902850250472
0.408161773545437 -0.23454818493398
-1.2536459533616 -1.38320013319354
0.271940469046482 0.00390740904535231
0.309750876719353 -0.313441923699872
1.23493558506712 0.118388007532408
-0.728520060363288 -1.04306482723403
0.908190516623995 0.808905066715396
-1.20398841695368 -1.3773425229086
1.53616407160125 -0.792158813982659
1.25818645536167 0.355793163821169
-0.864594845506431 -1.16118071490415
-0.0122945475490015 -0.129889151422538
-2.79301770597177 0.733476497811351
-1.16423434758602 -1.37036369014429
-0.986046276330801 -1.30451226333328
0.228681767627383 0.785300379995758
-0.43477240580667 -0.40730290125395
-1.57802132668954 -1.28774395162691
1.27357831679124 -1.13762282593038
0.267259371026996 -0.236911105628698
-0.671052094169642 -1.04824682124572
1.47999876003062 0.470522667944811
1.92518033918618 -0.0959527639201942
1.00929242454164 1.20105787929444
-1.05060555868276 -1.30625858718425
-0.521489278744461 -0.588974770552626
0.548762539555629 0.412427969978485
1.60699214061327 -0.25396896592493
-1.32931635573038 -1.37967186300216
-0.165066306028669 0.12047971934241
-0.474066140642252 -0.504614191279011
-1.26407501036483 -1.38371364458069
3.27064409655495 -0.71628226164878
1.34419328747525 0.264692697242653
1.78219296513286 -0.0855226065162463
0.645445015790961 0.469320817425843
-0.510212761749073 -0.75031692031815
-0.972084117580756 -1.24197749066556
-1.99972260196643 -0.83357696495897
-0.574471519089166 -0.817983187143081
0.738257834670703 0.805904729240082
0.234288690989895 -0.39719512995856
2.23308864655433 -0.529751430022228
-1.47391797671551 -1.33904825058623
1.35816524144173 0.885509810049135
-1.11209310948204 -1.34194831949092
-0.205200080177269 -0.180766913336678
-1.41994895231798 -1.36384551978189
-1.07273621519064 -1.32275662898241
-1.1206631334989 -1.34745015298867
-1.21280809459068 -1.37901391898958
-0.0892432945230458 -0.154068848239828
0.899405227798697 0.484247934601339
0.223171966700382 1.12871107573113
0.0617414278214648 0.117072342154303
0.459838989573782 0.284913711321138
-0.202973617979263 -0.941964510782273
-0.844431556945953 -1.17571005855923
2.58783774519644 -1.06326458866323
-1.02151750960641 -1.32483721353728
-0.297969281694338 -0.427025283133331
0.353354977149707 0.00521652375442383
0.646323370149245 0.987780425202139
0.883836261937598 0.395041122463182
-2.5867567227623 0.438367712973149
0.177812880052954 0.521435273575236
-0.609630102838509 -0.661112163024625
1.30060089232396 0.394940804233053
-0.841828724120066 -1.19941513129531
-1.73977132967867 -1.20589764257136
1.7271571697739 -0.333704128372155
-1.96565145152934 -0.913395081001535
-1.69635894838581 -1.22595567149721
0.458620302792908 0.3479725597522
-1.127353591606 -1.355466906114
-0.234907483273448 -0.462214522004848
-0.132582452679049 0.036392047633245
0.831154850925589 0.722117399358754
-1.02599382344052 -1.34216636733025
0.785254992621801 1.26418368683857
0.357390715444548 0.828540075742693
0.203551690110445 0.286160129468141
1.48656250026277 0.514484230832464
-1.92271800253044 -0.871000258923471
0.67704644494847 1.13724604815472
-0.0878582820084569 0.0643185543953047
0.112209013569944 0.387929922881337
-0.616166554387187 -1.06731388689126
-2.82022537697823 0.537622879085957
0.461804924961672 1.29577004547885
-0.47595439177209 -0.66482641035826
0.797375410029749 1.40646246367744
-0.0641690563040434 -0.419457461820036
-0.820478359762136 -1.14605715052504
0.979585171607367 0.347967446612894
0.613511259482669 0.0891469397420901
1.43442963808601 0.398712007395825
-0.55475433280233 -0.945617669121869
-0.261523676571179 -0.436944875028922
-0.368717857727289 -0.786638154459476
-0.841223979434917 -1.1288450869285
0.20228106480409 0.936704707193309
0.622497385328732 1.39518615290575
1.81406381041781 -0.270204694715681
0.650338456718659 0.689005279132577
0.767901851136252 1.27341181228815
0.951582096138393 0.564216003971352
0.343017552309438 0.230864938206393
0.438635380482363 0.234880298356759
-0.592297578610587 -1.0545222119293
0.654339453392266 1.09844749333885
-1.29198861856924 -1.38338885552697
-1.24285346532684 -1.38270254495915
-0.398105848735055 -0.609153573470802
2.15154850363465 -0.653473177324082
0.702271205060542 0.125896634331295
0.688531630660664 1.13827396974386
1.53474358710365 0.105388493281212
0.693372797897982 0.259997956369571
0.0945729267049061 0.274676344719633
2.59137963788551 -0.881830552941942
0.435253958929341 0.110898064818819
1.63649588681499 0.174845199335014
-2.06884142112097 -0.808537831694874
0.494745411873023 0.684873763071908
0.71849584567822 0.673522322154348
-1.1811907530543 -1.3765360642359
0.396334901844127 -0.0388213715496633
-2.75603846221179 0.321273057805341
0.39965597362144 -0.137442911696181
-0.0413921986664796 -0.394106716178081
0.292419525439417 0.703326849481206
-0.532834154182937 -0.798768619817833
-1.22178665528895 -1.37998142700781
2.4774347741495 -0.900591465262401
1.79693106277458 -0.325071877533177
0.939853218190246 0.737714984093767
-1.33594660104224 -1.37952094815185
-0.94914256108602 -1.23646756420354
0.814604510759314 0.189415505216513
-0.0159951692239642 -0.264084780127408
-0.310618287856456 -0.285401570548503
-0.585295255965396 -0.825594066966178
0.773709769929833 0.745035793407342
0.292086174325217 0.654246281540827
-1.35914504341151 -1.37581633296232
0.166010521586329 0.634153981334712
0.459634258305709 0.479235769899461
0.650641411291254 -0.126999041827445
-1.43954213048562 -1.35453971094107
-0.527937337936761 -0.840606712661025
2.20457832299597 -0.63638251180842
-0.246113403847746 -0.325802825292926
0.676139165050841 -0.495680676015874
1.87551376028807 -0.501042250580515
-0.118329013688101 -0.131806340710228
-1.43396938785478 -1.36351774387701
0.540687375115703 0.605743404983031
-3.20173322249919 1.04155223699053
-0.202406285944147 -0.821462953680369
0.299680296436941 0.115980686635598
0.204348491295488 0.907959510274201
-0.743464386240461 -1.05545695628657
-1.38915309344237 -1.37704189508769
0.996135930385808 0.589353015372588
2.1633131261233 -0.838069284718903
-0.510298576746589 -0.887883525876468
-0.686782230829091 -0.955079532728415
-0.379946966879718 -0.107531012745273
0.203229205068754 0.621222985972161
0.649651334567989 -0.352253419165166
-1.34604844097206 -1.37661946097297
1.34302659473931 0.727198959031898
0.21643266346472 0.462533734645
-0.854391644885507 -1.1839430218867
0.239875532123246 0.415579046925931
-0.439643513418054 -0.657773397766957
-1.39187988646533 -1.37039833378632
0.496740017002656 0.71136535026412
1.79482252884066 -0.476715452793979
0.427048980464082 0.0156853956119051
-0.236871134394131 -0.509683775809645
0.886285531902503 1.93424334542238
-2.56619116212662 0.0175302652495222
-1.15131238001466 -1.36350101960025
-1.20748621519761 -1.37808531676155
-0.813364063865711 -1.13335523540124
1.18690981669419 0.0909216811869122
1.02961673623532 0.799935476568586
-2.26612226043157 -0.462613492323482
2.33782157145708 -0.553154647692512
-1.60669926101429 -1.2909867394023
-0.983158814198567 -1.27474018768177
0.886595586418758 0.841969599644824
-0.485354707169353 -0.916624808309628
0.884459927342982 0.511045786579312
-1.03033506700117 -1.29524047943158
0.351028617749516 0.739308173504818
2.95774783896586 -1.02119530149466
0.00727682443531569 -0.131835782598058
0.383299750721134 0.459306883980663
0.38373712456767 0.612609135019576
-1.10356941808382 -1.34145021213543
0.169271217579101 0.28073609739022
1.90408849173682 -0.519518815327124
-0.672182370123665 -1.15062583341093
-1.04795153742823 -1.32547622079856
-0.186237861410927 -0.0363338421751285
1.9401703368998 -0.548682299128622
1.23285716192353 0.186377084713608
-1.84304557523732 -1.06199571474482
1.78776669950734 -0.239457630598445
0.633644604090528 0.653796708365067
-0.237168522752006 -0.319246179509197
0.732014777876531 0.536203901783586
-1.03556100678652 -1.30815004470439
1.41248005230336 0.316864737269389
1.50013828066745 -0.0615443594586487
-0.373754488276076 -0.378359003736461
-2.29672754213401 -0.658187462553122
1.16651322498791 0.225540357640976
0.329965046840139 0.400492052233801
0.207668582568887 -0.139606423902487
0.160384465597521 0.489259384982411
0.762128933380602 0.772399678129351
1.27686842811343 0.797283759805501
0.412328039600264 0.739497852499514
-0.512340001019893 -0.981116874090687
-2.09972457866882 -0.690851455705514
0.355682150245512 0.485153173985439
0.799356315472642 0.332141732858359
0.242725770743118 -0.225643213427544
-0.212387800750876 -0.45266779432251
-0.18959670958656 -0.0129567004765252
-0.255433784834864 0.0422522911540889
1.64829766039873 0.382325747739283
-2.11775648666058 -0.775936243520459
1.38966378881444 0.265569294737852
0.701671607660372 0.357485397717005
3.48834539510008 -0.30848225848749
-0.11632670493654 -0.119526768137392
0.0698935077407053 -0.450571880400172
0.18319480331218 0.372906488595483
-1.21151559876017 -1.37813381489681
0.0593635939834697 0.167021546553629
0.806988699429975 0.783463767001273
0.116067813665258 0.380250063008852
0.661571197620286 0.617350234694892
-0.42825678241817 -0.641121055860776
0.294974000998925 0.621210619940951
-0.0365465236163151 0.329860312635216
-0.224288399765927 -0.163543142199209
1.13743434988654 0.0687236659006456
-0.115312172907379 -0.378788748419376
3.20710574134 -0.832369711643551
-1.49318571484124 -1.3359804799328
-1.10274937272323 -1.34363251972481
-0.565230856104149 -0.685384063036308
-1.5072216460918 -1.30604941488078
-0.318225607233293 -0.373837976891467
0.297931177425341 0.849604647510038
-0.122689165845149 -0.000471615576653484
-0.995526767873065 -1.29214087525548
-0.68608486735239 -1.0219544463851
2.13343783740969 -0.372358470415617
0.49842456407766 0.415929817035854
1.97670169004637 0.0633519661384363
2.9396838541973 -1.10461205978251
0.684171772949484 1.03036742599798
-1.17839930540418 -1.37678707198113
-0.460107354711824 -0.896460370445502
1.81659819719586 0.0457622865274293
-0.0847799141038267 -0.187322236647292
-1.04638568761699 -1.33444835040849
-1.80122990913929 -1.06334664675585
-0.63425749702249 -0.975407009745682
0.443991203909054 0.740268133463996
1.37943497156408 0.525677489950249
-0.538719977390169 -0.698454548274793
1.02783110129156 0.317047443101766
-0.196593628268211 -0.485148097141814
-0.763564454580132 -1.03441029007034
0.0510152961603823 -0.0921379101744972
-0.179726657873256 0.238836463532806
0.253792207197126 0.58470776913392
-1.39888243234605 -1.36596719177787
-0.0175792897295943 -0.0907561466364017
0.0679061279720876 0.0233141935051147
-0.554012663867298 -0.710570807320996
-1.42753891135367 -1.36384371026047
-1.18977015987808 -1.37460968176855
0.593829477936832 -0.0232343827636918
-0.267238149254698 -0.582903543328625
2.3707031755974 -0.520047634482031
1.13077404019645 1.13121913521671
-3.34018661477609 0.725294916962417
-1.60404801480421 -1.29877402741163
-0.780712051726947 -1.12387794612262
-1.58484239278222 -1.30964849073246
0.427069264167217 0.271630008131572
-0.356971256026269 -0.29298323040485
0.00810401185684443 -0.174268553273695
0.841128608374675 1.14656334524066
2.08980234186972 -0.367288154306961
-0.816927467340133 -1.14537984509513
-0.0184483249351556 0.446960859125126
0.0477526831912968 -0.0483225822466519
-1.9567128120744 -0.773216106290236
0.690701790329074 1.20720671277415
-1.02755718475806 -1.32352334708628
-0.903381320956401 -1.24993420726964
0.840965834212087 0.890400386978712
0.0119818870299807 -0.013563392502102
-2.24611908944207 -0.592015260012922
-0.271237594746558 -0.484425109900695
2.0626581836158 -0.467599618397008
-1.06108164636556 -1.31155119969269
-1.16493510927412 -1.36961882829527
0.771786342491741 0.119178946465205
2.19323807540968 -0.746802735544579
1.87178152035012 -0.330940543845276
-0.155109228691385 -0.866501513029135
-0.971148650832029 -1.31386570842734
-0.0721651634910099 -0.225282616842001
0.787698351376576 0.713390612853596
-0.759259749946707 -1.07705220464601
1.07300030860091 0.0155273912889052
-1.08483094359512 -1.33306267258806
0.855094654337404 0.139818715775361
-0.407965016691591 -0.669822418661661
-0.253033005209813 -0.0191697211549643
1.93418778525184 -0.259897622331362
0.789409158456168 0.666849295972971
1.30780117341784 0.338341568378447
-1.34638319498117 -1.37566402181229
-0.806973034237665 -1.08541346010249
-0.889760036873065 -1.23652313184218
-0.789027745458255 -1.12730340351411
-1.17156889337611 -1.37412866907228
0.573231039553307 1.39716524402962
2.3208152900838 -0.720076190772043
-1.80992294108728 -1.05559129547789
-0.941207214018126 -1.23231829258092
-0.00198022212618504 -0.182471133685797
-0.210272706339076 -0.755662609157534
0.0441104007665885 -0.322819514528419
0.905509004521715 -0.0484566642934822
0.588692107001284 1.08938211666766
0.934668335902929 0.948195779653767
0.683856123449874 0.372585488087024
-0.709450511562995 -0.985448072230544
-3.63869133862457 1.96266937348106
-1.10535059945491 -1.36045316700748
0.713613819293686 0.466383264925944
0.646146379328874 0.881037196144071
0.681097230000127 0.29784672589129
-1.41797961177945 -1.36344470100434
1.0465012328099 0.417520931400316
1.02765761101801 0.997646665055219
1.01665769503953 0.92067274995574
0.217157247377386 -0.450582696433827
-1.38881796969562 -1.37448129554016
1.9055594777388 -0.205130267610459
1.25958552624914 0.48510830270743
2.12914726224818 -0.47886032321307
0.0353983614703481 0.872228702203422
0.752888337883425 -0.207780338853081
-2.14477951367759 -0.750411242826033
-2.26283936199326 -0.369284603597112
1.31022493756216 -0.0291087178838433
-2.11619304934781 -0.8915289239025
2.57570173937634 -0.854831129340411
-3.01422082303567 1.06994987806668
-1.46391809896206 -1.35148852706431
1.08304169406319 0.460999622727913
0.432264732040922 -0.119657462259838
0.970758785279817 0.414961323541137
2.30754247191952 -0.853224638235717
-0.391065106451389 -0.425638314037542
0.863507040430443 0.979785561561354
0.380356814513813 -0.508216686777302
0.288954621357227 0.167879123619346
0.353225130696908 0.296215356726492
-1.37723647955372 -1.36779717733761
0.973129798696724 0.673477746306842
0.155836661157525 0.158491713835337
-0.0947241270685295 -0.233644531685105
0.701543613243076 0.233827862786252
0.477068274844935 0.836400756486847
1.02108552593484 0.403043677127526
0.410797760417196 0.198058425932583
0.523809732641653 0.576467133492788
1.04130869111141 0.14469874816183
-1.0613861447424 -1.305176427525
0.471198648977032 0.215296779387302
1.07390313772923 0.70734477318742
-1.61915243697551 -1.26273935068391
1.08588552318766 0.544028437288066
-1.94087298417537 -0.723286241516979
-0.745216597961769 -1.14994524744229
0.542131189380991 -0.0592976910372434
-0.252788744656561 -0.23155702413297
1.14235247973557 -0.0287067165025868
-0.0258104013516331 -0.0803782793152652
-0.154048378118863 -0.519003726585104
0.295204611079932 0.603761989738585
-0.793456665324816 -1.19255360360979
-1.25452877684648 -1.3835637967269
0.136560941968255 0.278789976750104
-2.32576440711321 -0.47523597494925
-0.267025270426891 -0.643423736945724
0.293990871079834 0.841051673649652
-0.0677805578428497 0.426906542027257
-1.46696741311325 -1.34529835289831
-1.17811467425734 -1.37626621761407
0.209392867895329 0.223535552433679
-0.160212747614876 -0.554340309515515
-1.05031158645636 -1.29924587654889
-0.78266221847914 -1.16698457887498
-0.803841989093283 -1.15849748072915
1.10545179728457 0.382963820534204
1.05929492245494 0.590877529269617
-0.334699689727382 -0.412720286426278
1.23722045754088 1.06449551743759
0.858581322002461 -0.0538345244114973
-1.07668347482022 -1.33747603117671
-0.307302276304465 -0.17589673088266
-0.777205972386585 -1.171631774435
0.441162368445091 0.789379873886138
-0.617965915081772 -0.996904956514099
0.16791516597183 0.449395409739046
-0.0541830906881046 0.24816955304886
2.33769036248021 -0.714300601208271
-0.228155073766289 -0.463275359742543
-0.444832077669249 -0.473143409783554
2.19943122149847 -0.551450415088671
-0.143503305168261 -0.223100270870333
2.89635135172749 -0.895503084879836
-0.557687673141639 -0.750901179372906
-0.185638203423071 -0.204452228843868
0.967822796796958 1.32516108138743
2.0310815460279 -0.228287315388593
-0.457591822001237 -0.759464159679604
0.492102420549602 0.487843140867198
1.60897615868929 0.379524342843621
0.599226712746919 1.33331872443368
0.236345088892723 -0.151917765482713
-2.06440878466149 -0.74477815530679
2.24203116226327 -0.584885427457031
0.334041607859407 0.459678147969739
-0.556193744798868 -0.984077160251001
-0.988331431258471 -1.28280125531779
-0.855924796345183 -1.21013576119432
-1.75937746547188 -1.19960112945963
-1.920029502756 -0.985117539464564
-0.871900989490684 -1.24179983503553
0.853705543831429 1.04162799987655
0.230598757418811 -0.300989193669082
0.317656606428882 -0.00666585356965699
-1.75952201859534 -1.21427298661028
-0.353845718453356 -0.327477392196405
-1.86703353518291 -1.01257095325202
-0.551150521892956 -0.897829684897148
-2.23247136309537 -0.377128014496822
-1.10329469282554 -1.34840570518807
0.904816076626367 0.704660649675544
1.5590590174366 0.0978166775168561
-0.43800092845415 -0.73745434147333
0.289114741890713 0.686106628058702
0.72757406885486 0.994323002746547
0.0422729821215769 -0.172701310293888
0.326246467198655 0.024816083754098
-0.479630611628933 -0.658348965468954
-1.92804782019556 -1.04428992808199
2.53876284786823 -0.943396491106766
1.22527673614985 1.07867595982331
0.319111748979374 0.550139818493808
-0.190093908601456 -0.324558118185009
-1.81749800112774 -1.08753443889256
-2.63446748316563 -0.0717639390455092
2.25782230147419 -0.728004837583665
-0.713753349428226 -1.07911605737194
0.460530944672815 -0.253950848450504
-3.07335196986848 0.367928917885178
0.865403937498518 1.01886145496943
0.230846589246763 0.762648401305484
0.539653768351977 0.260504918944985
-0.89458747747748 -1.26067880970508
-0.468053436679296 -0.664045252158044
-0.185342524598221 0.104483645574702
0.644039167522644 -0.167996986688284
2.24417695940735 -0.640587200068734
-0.558262361117907 -1.0640685451824
-0.201587036255165 -0.381268108741998
0.198047479033106 0.419168501178596
-1.5583196341361 -1.25229063272864
-0.40578362572625 -0.471309427952175
2.14278082499988 -0.620588213832089
-1.06995774527943 -1.32953818343144
-1.8881970615265 -1.12370451014233
1.30700568451886 0.469513801986171
0.248204188316481 -0.305644347690484
1.35006579085009 -0.0706139270126068
0.444656063079167 0.829253836765792
-0.935671937994991 -1.26563677265011
-0.308057212027477 -0.125184783543582
-2.11934953587073 -0.753357826254152
-1.50624561965324 -1.32089758850607
-0.561001817782018 -0.817553230731287
0.0956083924824071 0.532933417984477
0.394437079746388 -0.101171695917135
-0.24065721631312 -0.242875737351009
1.68713821550397 0.0044200403293964
-0.918855269965538 -1.27016312722037
-0.533378271188306 -0.834403623958791
-0.626154042066543 -0.941011336856506
-0.49284867310049 -0.679873068993394
-1.52943826314311 -1.35716685532555
-0.284003688002237 -0.333401864547887
-0.153870974181074 -0.418782173931844
0.248910607573331 0.207635806774052
-0.572570600484163 -0.595400028909889
0.561447224957189 0.0787206770594774
-0.478610186725182 -0.791384016804875
-2.2393746756338 -0.803160495737741
-0.665232440111515 -1.04263421532403
-1.22117882270437 -1.38132857479963
0.229355698324331 0.178830720710555
-0.673569446952159 -0.974249861897047
-1.25733771575883 -1.38367309456295
-0.628268341879875 -0.913268703962105
0.612143991224042 0.376974088519988
0.499660827610854 1.01212696116466
-0.254289891265242 -0.389343941555038
-1.24463659062789 -1.38270285399795
0.391261307393121 0.538493070134941
1.32228805234851 -0.831531472552006
-1.72957174726157 -1.14763744401471
-0.342505367688862 -0.381384317279664
-0.795925309596383 -1.09764196859256
-0.41700502938713 -0.914798402016105
0.389779929683223 0.347551523571153
0.838128748128233 0.498659230469921
1.75059916254758 0.204097306682083
-0.672126023637472 -0.924601873055883
-1.46374177647144 -1.34840332223984
0.260334132726397 0.303702372055588
-2.19429140565297 -0.6666850844254
-0.989563326741461 -1.30134111231625
-0.0446476675629843 -0.182774404018003
0.0727581861979733 0.227123909146903
0.109624767768022 0.326004719102651
0.323365062907501 0.358006642735092
2.00072458290107 -0.224892675677955
-1.18868123813682 -1.3754689128999
0.040682195932861 0.28978755515731
-0.017959831723277 0.0888335241235571
-0.932124571608412 -1.24951228759275
0.439145736718139 1.09252703448302
-2.47252137920887 -0.972339317791984
-0.93069395713998 -1.25709992740577
-1.25410824724216 -1.38318476335415
-0.386836323350033 -0.786161605041109
2.60098599178871 -1.0203876574477
-0.175933316734244 -0.318377943739872
-0.559926291618116 -0.90424837226148
-1.79057145531564 -1.13282204462386
-1.79974901904599 -1.1116490096741
0.284718543663128 -0.491956510129021
-0.0430446289272675 0.070402033153596
1.8639194856154 -0.551705729204245
0.0787417577366481 0.0409767297310813
0.414091389058098 -0.450061423619088
-1.26304606784874 -1.38367992544129
1.00783927346832 0.54047324639121
-0.965916274147413 -1.25259851804863
-0.93116093999673 -1.26001590163408
1.77129017037388 -0.306917105237331
0.388139046187386 -0.398958008729076
1.15836628858871 1.06102347220477
0.276835693582483 0.757012652045819
-1.00248783699573 -1.302000526024
1.96123207057841 -0.415584620667123
1.04178374839973 0.66594423293269
0.598859009502644 1.82645091614403
0.855042648690909 1.48397041953048
0.331453078839862 0.181272908842781
-1.48023158204959 -1.33282496595178
0.660551841530843 0.369487573097797
-0.46185203356199 -0.549952724857662
0.853177988276661 -0.044375195740645
-1.98711326228315 -0.891364201709451
0.0771351016696611 0.479588155341284
0.709972747754784 0.396317818300524
-2.19073894967364 -0.906436231891848
-0.867416104056459 -1.30030048311276
0.97346604629814 -0.185376932270849
-0.949722671777882 -1.25641798276074
-0.581616901239378 -0.808838935997888
-1.26060168720402 -1.38357455415185
-1.82450132151942 -1.17758531709214
-1.15181095449309 -1.3685772089242
0.887507353482187 0.625813052589398
-2.56333304730245 -0.249536034017051
1.54676990779807 -0.29093308505549
-0.201222822866996 -0.593378605110763
0.87457151036869 0.153308594383807
-0.8134873027231 -1.00990039296119
0.0503803194647383 -0.185694759328255
0.691516370710204 1.26720390892085
-1.06373706295974 -1.3333745556661
1.22208172584089 -0.0974232608773093
-2.03954911957438 -0.779403154805186
0.420258868924876 0.169665114563544
-1.09216166935247 -1.34939933942627
-1.34163967569894 -1.38008448608165
1.3539692619818 -0.271829116399666
0.36532080219372 0.488894888210307
-2.30845342906185 -0.511351941230507
-0.319901404380176 0.00937774336063651
-2.75273046799259 0.608689104628032
-0.396866518589011 -0.301964558033231
2.07690052393365 -0.199796597465346
-0.908538840571175 -1.27506843447652
0.00985102802031028 0.024348199793614
0.651160239317807 0.189266077624935
0.380503193140555 1.80202646231311
-0.932137338516911 -1.29547290197448
-0.859351022795025 -1.15925416976144
0.410805868765345 -0.120902480665695
0.41563836497515 0.847714783762195
1.65103239701005 -0.356492376911841
-0.246791441822948 -0.43095642530805
3.01846899355512 -1.04058983924426
-1.10474745940656 -1.34421869972858
-1.23189064147007 -1.38143793454279
1.52224420957152 0.606048918167704
0.248539489423875 1.19127567015809
-0.327279926177766 -0.498350848156387
0.668936871907592 0.624260375695857
-1.33140301201823 -1.3805804580683
0.649020238935365 0.695496763753502
-0.354948411816853 -0.541887171332093
0.692261831792991 1.20026890543645
0.590859406676198 0.131649699771847
-0.067042644260473 -0.253271890753625
-1.03281457317709 -1.31397799148752
-0.180024610477525 -0.318490472182798
1.11958943766051 0.391148028586954
-0.914707129998624 -1.20826713409546
1.08418477708409 0.25824959284805
-0.971538412797152 -1.27234771423814
-1.95227452543054 -1.00574503404011
-1.24613324349157 -1.38281278097358
1.27113958261963 0.554156910428834
-0.995544463534649 -1.30020891368087
-0.627516319717166 -0.759131638789839
1.03402969034709 0.642539020995776
0.0558612785353668 0.107994233334755
0.00322515461084919 0.275862705096178
0.932433383414492 0.932277365939172
-1.24751212264889 -1.38277942068341
1.52180461220616 0.854455085960764
-0.0262760157773077 -0.759391039971369
-0.599509062777972 -0.860797911859401
-1.15058860512625 -1.36021236771636
0.600754983496832 0.617124143069293
-0.994301490106579 -1.31334223477233
0.28260938399352 0.368367758360447
1.37900795489485 0.313622037971819
1.42963686851676 1.45269037353507
-1.57026871111219 -1.33049552212347
0.00234740976628477 0.0854667654073653
1.1339909922679 0.572550110380991
-0.825535741889492 -1.09786749218703
-0.986412322453307 -1.26552098714411
-0.891213456518447 -1.24029614401459
0.683018663668181 1.03146322464359
0.619507894547803 0.970343704039641
1.69548536806638 0.172020176613087
-0.724064706164838 -1.05400955521112
-0.0348372485310856 0.127245916398462
-0.0470010729381299 -0.543129739895072
0.706123401287257 0.0248468610407401
0.28587569905093 0.116644423312171
1.18922308890127 -0.0996124353663551
0.76038348221642 0.508162823427562
0.436307635510835 0.231900768788613
-1.59919805281195 -1.25155983542727
0.0476846220429756 0.0263690448264695
1.85230066161394 -0.198428146161535
0.789697363820787 0.950053696125025
1.2351108151902 0.203105606425335
-1.36524827536201 -1.37392745783941
0.104271970898666 -0.199728453776221
0.873400333361618 0.675268982926734
-0.320249111155274 -0.380917920810487
-0.246421988174215 -1.12888000944866
-0.422985454539794 -0.477225503609363
-0.664744832816804 -0.922482285480628
1.2501423832904 0.724453845158988
-1.85945296189959 -1.0523114504228
0.0566355058861717 -0.299484014144482
0.62646339134852 1.5650927152915
1.60651920008816 -0.297199823244444
0.578362176517816 0.223267857416963
1.538744434394 0.182282855682855
1.55867494413259 0.438222534484947
-0.732573496047292 -1.12937566729696
-0.933778230929748 -1.25013288751279
2.8724598198757 -0.995772500688921
-1.3404093478546 -1.38058092723736
0.206207258863168 0.978472910416428
1.37977652819293 0.047542187996357
-0.713559667245566 -1.14389462008403
1.47367838427956 0.75671819736722
1.14822980421852 0.469672728313015
2.56582801630513 -1.06149525892552
0.0974972699212019 0.499917585381564
0.739230634086656 -0.26107974418021
-1.56387648994695 -1.29115674738008
2.53794798283493 -0.797015506231214
0.380481949197841 1.47573738647374
0.679037021264485 1.2156184266855
-1.38795608323485 -1.36557990497691
2.10946385882307 -0.213788117759619
-0.93071527333002 -1.30759495003795
-2.95535168529992 -0.181879081826595
-2.34312524675148 -0.496147251752474
0.462335879411246 1.49475369770748
0.979360241102679 0.935127723677417
-1.74246280798062 -1.17872457294779
0.0397960450012261 0.241733199360928
-0.847630040622715 -1.12784057881906
-0.817379530053276 -1.10979643801236
1.60547556542052 0.00957286459237604
0.295331036751943 0.308055079563782
-0.862533263232488 -1.1461446029655
-0.0896105106819767 -0.0804581927908348
0.447810744001704 0.751418830187705
1.07396498836723 0.0327183161222988
0.751432120745988 0.814750480464098
1.94541878116595 -0.579986470729293
-1.92572923872731 -0.842037508706007
1.10361244220373 0.81700371136694
1.10769193157985 0.146185057753846
0.671204482675706 0.209928305477983
1.4146709558759 0.522333372315861
1.64856783219527 0.270716954096576
0.072519156240884 -0.208738739680861
-0.922155654709852 -1.15396386220985
-0.178291089009597 -0.106282698096695
0.112348489088001 0.513131377150905
0.310640864389043 1.13536426982485
0.730696282009583 0.737886420324703
1.31486788414012 -0.158951425460026
-0.784384842031099 -1.10490692226491
-0.465151780875875 -0.74413681232541
0.645645403054276 1.48259776261779
0.430298654529396 0.674573187625398
0.747954581346307 0.528379123934005
0.420556238422621 0.782646787747043
0.344666288206013 0.405223639768905
0.316682292410904 0.613500478606354
-0.990950602555276 -1.28752253526714
0.681549128125012 -0.1705571221932
0.711981042769772 0.53994499346291
-1.27116333858238 -1.38378011495829
1.66761688044393 -0.011054498071707
-1.32984230894433 -1.37931662023132
0.622990617288352 1.62110614847485
-3.37054564880069 1.61651480254729
1.15231311095595 -0.141739010997662
1.64724959210526 0.114770361029169
-0.433673925216383 -0.647325426050588
0.534341974497582 1.22131586116667
-1.43109683763283 -1.34496753227855
1.38992472156239 0.361313454259281
-1.87804438900549 -1.062413216412
-0.442874441451144 -0.415528190041373
-1.13402725184787 -1.36733360637237
-0.171235003743693 -0.513517997274439
-0.309605030512019 -0.596558106139958
0.25512417968039 0.388260736479855
-0.282823753573784 -0.566013496382472
-0.825414807625067 -1.16552259675548
-0.402811819471572 -0.406197831933909
-1.2706524028154 -1.38377553545427
-1.39955282604102 -1.37110615262592
0.139130362741483 -0.0423216112651451
0.452379085572731 0.959823952831394
-0.256226738189605 -0.492733283195278
-1.42685265059742 -1.36213438188848
-2.18130175780454 -0.861058753843405
0.61231382975522 -0.281732964320791
-1.30420263612525 -1.38274480555634
-0.852331991597836 -1.16472781868296
-1.51372003198647 -1.30396978926979
2.54918452835433 -0.894617961891941
-0.906689540764775 -1.26658045317386
0.336166368644686 0.315476113790551
-0.274720299635133 -0.176447493478926
0.818073446627909 0.444174148562687
1.32985754867345 0.147857034184639
0.839604844871313 0.401474384350793
-0.0898499222038716 0.20768170382169
2.18614574616604 -0.727789231210559
0.794677084154617 0.0042910665182907
1.68086818858699 0.107441442491033
-0.546517158312897 -0.766327064615938
-0.251447719751489 -0.503736099110414
-1.04208159139822 -1.34011329960066
2.02504587544505 -0.24853915889341
3.43565113037231 -0.266828376556436
0.676804386027286 -0.321910659558999
0.189769894399443 -0.0592981532673776
1.45582445492589 1.08770039852326
-0.407673746406987 -0.270823102363971
0.784228054228774 0.18951103059843
-0.11005521816154 -0.0528681183416859
0.273845227850232 0.513302984361912
-0.170998975973013 -0.0674571874422404
-0.422017329596134 -0.596451830237835
0.133868351740299 -0.30325536842115
0.773143378369455 0.125766451989696
2.18441015810181 -0.543192287559018
-0.993431779888507 -1.33511122247285
0.389183786344585 0.695393028504911
-0.00820156386386913 -0.257394174213813
0.987478264909885 -0.0786367814708323
0.956876441456339 0.341008182239159
-1.83198354284674 -1.05221690759557
0.865005528481304 -0.100374863707844
0.00534557150539095 0.0524271607083915
1.61936718674034 0.0638742210227068
0.615093393705785 0.961556182407538
-0.0861247054805869 -0.345670364582251
-0.902352400554578 -1.16963140803513
-1.64705962446013 -1.26009281906977
0.782115496654608 0.838270677874284
-0.361484755243521 -0.792106719081533
1.62698846905232 -0.145850642055674
0.933448785796293 0.812232761671555
-0.411772482732127 -0.696584373650781
0.407426939350247 0.879244485869686
1.54868209050445 0.308299383003378
-0.786941656953366 -1.16122440650785
-1.8650022811847 -1.0273914937932
1.11533640001184 0.875142872049843
1.71963471853068 -0.644727782408597
-0.440137558232587 -0.694407693752841
-0.249523202064244 -0.54261636205035
1.56722602287304 -0.218011998697753
0.392675451812658 -0.371116814643877
0.38307698640788 0.46677866951423
0.435307442260388 0.194741032226358
-0.561953725853701 -0.678988117228399
-0.570570992642224 -0.841548042831665
