1.47357546065117 0.710954640495428
-0.414705355022864 2.2545030401364
1.84120431664033 0.449812192160019
1.33769793163242 0.237070359457763
0.543092563363575 0.648628404098864
-1.65597735330875 0.340801593191016
-1.04296545222579 1.84328057160532
-0.392519769745083 2.8247044843631
-0.00728300319998382 1.3839488796288
2.51671616074528 0.592622805993406
0.821872046149464 0.348442576174079
-1.04211475162281 1.47173312668358
-1.29292755055342 1.31709155903114
-0.329634344088128 1.88923988287626
-0.37403868002985 1.40363188522221
-0.477277443861777 1.67239804092498
0.356373373799829 1.45458916553883
-0.983093588021406 1.58953694906817
0.549504807415571 0.629960026042181
-1.46896959984485 0.759198102417977
-0.278302704369994 2.38765790675071
0.507706826110338 0.741689127094939
0.134044704967962 2.34238860181572
1.04079322224798 0.423676279621123
-0.0783046448197457 1.74416491479747
0.597595905579477 0.60942379115156
1.49428537948485 0.437476395830998
-0.929031392260483 1.12523018814993
-1.31774375955896 0.995981471442707
0.0652686097599104 1.69134179454271
-0.288578411569874 1.72217524923553
-0.664336238135583 1.65094370282312
-0.474909296059834 2.64244164034511
-0.842061297202322 1.6508673041247
0.904010213119127 0.68570355582897
1.46142047780399 0.650792187473746
1.13479163020226 0.0641957636265132
-0.46340885061211 2.09970692476992
1.6830915849728 0.35075931051749
-0.303070855186689 1.67188248963338
2.21398855035485 1.1756473672525
0.787555168367397 0.640079488988953
-0.560812626864723 1.4986592006696
-1.11968306397886 1.26941874749753
-1.49889857803569 0.157835983982227
-1.41806891413286 0.920222338980936
-1.59057338773547 0.826827690842667
1.44389384303366 0.710283163159641
0.880590256284365 0.573154124708197
-0.295203582825044 1.75853357892296
0.368206177061221 0.482207309779051
-0.470554286234621 1.46069725822004
3.06444853904868 0.664647737235073
-0.979511111437474 1.34310914343965
-0.0706631081530475 2.65252831738181
0.315257127365538 1.249909538802
0.642474843265256 0.822758272438715
-0.18561130934004 2.26563733364874
-3.13331793672085 -0.214692239167278
-1.78336678537176 0.219500888612355
0.40818811837875 0.84356527555494
-0.0147725272566201 2.12235235787063
-1.22169689043658 1.20839936553796
-0.137086824538647 2.2769274274506
-0.963195494025764 1.09286233128108
0.332829285087421 1.00147657674656
-1.92366013281334 -0.0799688011235491
0.411621961861092 0.857097176491095
0.269979053530548 1.16505971821956
0.0913212024292802 2.272366256728
0.0259666273371067 2.2846240393733
0.29862925440746 1.32775578486436
-0.880859096366803 1.85591035760259
-0.119770842141843 2.09319673533586
0.731919101002237 0.572995814496258
1.52305654939556 0.459233678071252
0.147227566290107 1.86831025126201
-0.161078613230165 2.18797892543771
-1.17362610143298 1.52915609743905
-1.5874570902719 0.664921410290091
-0.800841817180746 2.50116332179294
1.30280735743713 0.64880004144752
1.02652836356296 0.406194883263168
-0.223139319668348 2.2604497040023
-0.565963385095534 1.0143535779998
-0.49467332709383 3.72194868934871
1.33194506555613 0.455331218665283
-0.280336511697637 2.23436364953304
1.46806603155136 0.323148250790611
0.710662038025506 0.547849894535982
1.82177881218577 0.821068066556896
-1.09243868839901 1.12790239545918
0.0100490435699307 1.6182557658808
-1.18308258126637 1.29313611881992
0.643748052589614 0.478994147950649
0.131478019137839 2.01451806586629
-0.327684755997154 2.24020844983122
1.75373480020316 0.647940745334184
0.240544361319224 2.0129901766559
1.26078304111572 0.440371368678071
0.820236210043154 0.698903233272066
-1.08670635986604 1.99769835393696
-0.774526035499739 1.68333639253949
0.0503604894961764 2.13601348631941
-1.39297799103416 1.30987828880347
0.592176137001848 0.321417832458427
-1.4574811895684 0.691823221634164
1.65162921091736 0.82239305406195
-0.595270853954188 1.28865294342633
2.19517472378826 0.648071682774843
-0.494730582469931 2.08824559581258
-1.18125061995376 1.50156616841056
0.0298149276279615 1.96769260685911
0.0366563453174657 1.82074093003456
-2.35320204583491 -0.307303593820752
1.26625537379614 0.0208719876712067
-1.26498672623548 1.19182766199189
0.431483527483478 0.863316063345697
0.655436145861863 0.413496977413564
0.174007013139576 1.41066972702263
-0.138885003381506 1.09471639660153
0.242869499757844 1.50781695138975
-1.14316611857549 1.17244239452683
-0.903982322224271 1.53684585053892
-1.20668674036296 1.26991238690481
2.17601475606381 1.52779649100237
1.87217946541436 1.61039929086346
0.304312403371742 1.61270202200208
-1.39689919258853 1.17950531764238
-0.00492230673836578 2.57050018366784
1.88980209352932 0.720753531062125
-0.595171747428416 3.06256904413323
1.01975213801477 -0.119850707265457
-1.36450305575189 0.800609588893923
0.916876366520962 0.328830839309747
-1.26861282504922 1.14673725495656
-1.32242103568476 0.882701284055241
-1.11911275849426 1.1597062879556
-1.20320111418403 1.24750591914373
-1.11399371250769 1.50476786053924
0.751485549679175 0.511922852558925
0.0825027758917784 1.93836266740523
-0.328122263130687 2.98474538250065
-1.09638382884698 0.910027065571114
-1.38999073237663 0.817582920648441
-1.07358618962728 1.26109723572175
-1.54047536653294 0.908193467277554
-0.610621358141199 2.61542854100527
0.500025664836357 0.701222811427881
-1.30477854165418 0.879050130368167
1.91148800192532 0.71911396648775
-1.683923341486 0.151361494639268
-0.100841762789219 2.97377560076966
2.99333202128477 0.898362329582851
1.2418981424079 0.160313653987955
-0.267915105246118 2.01962030418783
-1.06903486498001 1.13725601502218
0.809747535114096 0.0822371818463133
-0.0150455603349457 1.58982342852007
-0.443846339566979 3.27737478478253
0.371467198076933 1.07265195433745
-0.613023456775191 2.76816841355133
2.79623010451062 0.671170222548054
2.16306947595572 0.917071938205192
1.04606090536358 0.3632499901388
0.768210415365537 0.687788600077581
-0.664703412589084 2.2407680639178
0.945281902483077 0.0666291467341429
-0.452985106080566 2.69256044681023
-1.22661724965289 1.59120010079626
2.06962778804634 0.938648347588541
-1.21752685355896 1.61491537224535
-0.339719980194265 1.92916332062032
-0.760509122721382 2.32744611603034
-1.19553033192017 1.21334355299278
0.794605276629083 0.396321255001202
-1.55356122691 0.516938889219131
-0.263339759375099 1.86493523710187
-0.621288324305941 1.62867224643295
-1.81641915184368 0.025404238974073
-0.0791912980326368 1.94559355363875
-0.447849982574767 2.99299511998718
-0.775161089375228 1.09574144439041
1.29819654660254 0.232073185323677
0.575944271080295 0.911537223423079
-0.0996998094591683 1.00122670224338
0.166855508408305 1.53563736814111
-0.847332757076142 1.40169520263622
-0.259382907448166 2.94201803543886
1.33096511067898 0.520551968346425
-0.0185125729404095 1.72457336011387
0.165759669134129 1.53736703133915
2.74873383607704 0.448968054631656
-0.850380652965018 0.302501233261175
0.982016802797245 0.436352253039484
2.06490370619487 0.686673800659162
-1.23666890643909 0.952218695208113
0.0196092780235885 1.91016631222472
-0.428779459124926 2.01508308945016
-0.557389156850796 2.50666926388935
-1.19222362725365 1.0757429217814
-1.23323489695047 1.2296177924322
1.68530478707643 0.366105761716723
0.623965323152875 0.812862838052217
1.02860620208599 0.328841315577195
1.85237653980026 0.990985282618656
-0.403770750814322 3.30912271253835
0.819294955480029 0.19196376110836
-0.0615450627273955 2.68836264067004
-0.560580834239626 2.40193872176371
1.02307719126856 0.235399556645225
0.0422461424838412 0.987122834584838
-1.47309072205323 0.401598402241823
-0.332003078988446 2.65474235392349
1.82631894840021 0.88880226966917
1.266810189055 0.624981438806195
-1.58943206647302 0.485155356332642
0.10376183873881 1.46755914486021
1.03937757009242 0.280073365893999
-1.68895808720415 0.148883328779587
1.88700000045048 0.726393239145182
-0.679114977768848 2.07461264353543
0.39089498725908 1.14331573440863
-0.265662564911042 1.85691941512561
2.05859362128141 1.09624795446627
-1.55833107437401 0.526441622799867
-0.155814410460301 2.10765071216373
-1.24216222031547 1.55226893166448
0.573298653598407 1.19207435619832
3.08418964784746 0.396854531426296
-1.87644723502788 0.0337975961150287
-0.0689052189474879 1.85348576725993
-0.204189068629722 2.52348399002533
2.04136821499134 1.13933771716997
-1.3546432171236 0.303976104548907
0.638165389376018 0.68170941952851
1.71448781093968 0.995883779735463
-0.272949825168373 2.95120689242782
-0.985671216716661 0.936508113423917
-0.221476897207534 3.40051787115669
0.604967712083071 0.412225417328145
-1.35478974673693 1.20563616064988
1.7696290372329 1.25246592556033
0.00646420599861827 1.30574479540324
-3.59288199442916 -0.120419261853581
-1.20421642441863 0.87173415838184
1.91573887607183 1.1769182024806
-1.13418105176812 1.28049367959572
-0.124739773607411 2.5457393369895
0.057097131850197 1.39913050167557
-1.91686682666861 -0.0510079758147063
0.556829784490819 0.490299309118575
0.586250102593105 0.737413075247986
1.90222112716268 0.942777057179009
1.40670578291124 0.609305025101077
0.0982808039107236 2.45411447343605
-0.105426334042793 1.95394570068918
0.80858335846569 0.399502003074025
-1.00418712975094 1.95936679540665
0.111726982766981 1.64364217410878
0.485562608009096 0.233912816448745
0.652622017730919 0.588994454639878
-1.50276731412498 0.818220326210828
1.54125002457339 0.673991211740874
0.81224595965108 0.475584638489235
3.11779527250938 0.679499650844433
-2.16499457594234 -0.261596108229737
-0.709565759944926 2.70341820704221
-2.03172578444692 -0.187866385106276
-0.513300598965491 1.5266488708968
0.372062125155019 1.50306470374075
1.91632894677681 0.851415902446207
-0.569862091975131 2.45809880599931
-1.33418956684532 1.18122979030311
-0.413917320137236 2.32560099228316
0.835137685943652 0.329844683969648
0.229301024281514 1.22777532193002
1.63708390245503 0.953996660904622
-0.305786946627563 2.6082108275361
-1.96812838697882 -0.109408388553636
1.21875025153553 0.343204685540013
-1.11348819116719 1.36323848385933
0.842873839936945 0.482243535190049
0.538812548794924 0.765315251778099
0.386740878148678 1.14988486487709
2.29817806913329 1.27403190385751
-0.209164258347806 1.57519331143758
-1.5224664998005 0.458634618182197
0.0848351154165803 1.20108635075047
-0.244784308664796 2.07616373681119
0.737942493632948 0.260673616458268
1.88531532792085 -0.0373119710492581
-2.35546497030569 -0.305144258479645
-0.248845463184597 3.03665918485197
0.0834418742232951 1.56715127304279
0.6286959054392 0.967485352914653
-0.975354582108946 1.46243136850941
0.507776109908599 1.37446571482442
0.523762450094903 0.66126583719674
-0.017214854648147 2.52877498346989
-0.16433334426166 2.1033863078835
1.98874890484001 1.06488806264484
0.904008635847944 -0.0124312400557886
2.69222904382998 0.511104438021077
-0.364064981957213 2.25673732895021
-1.45710893839554 0.163198598437551
-0.541401971464247 2.28045242223498
0.130698965477945 1.88338826800343
-0.2586563819421 1.25434688500519
-0.444178491666436 1.972570455232
-2.19935074849729 -0.256269332455056
-0.958270679698196 2.18036185453235
-1.13839457566399 1.27180558912046
0.434438822019773 0.905026532736045
0.347514867229562 1.10486358670157
1.88245670598546 0.90861917050603
-0.393576563348666 2.71027868862506
1.11413164009189 0.370730211084827
-0.631626206109465 1.96313441953759
-1.71358966356689 0.108670533207317
0.559234304804674 0.616034243830111
-0.693095036919426 1.22541834672379
-1.09516676725288 1.38115933780585
-1.06534426141884 1.762070467839
1.35349607988284 0.535810638645802
2.025869650476 0.755577942563813
1.13749207637082 0.366308240131658
-0.322851962725406 1.60104327770902
-1.63536164902791 0.325783820144246
0.313264289307125 1.02498515352339
1.56078026956207 0.809347231707068
0.92418901625372 0.464432793932131
0.371232506064434 0.986546499674512
0.292639455148693 1.55028239493811
-1.09721542028302 1.48002041419583
0.513118715593687 1.09960837070329
0.072546580400104 2.4038930714474
0.0730015312506789 1.92984183425889
-0.277680783527807 2.16184610975776
-1.59135315273574 0.588965677905738
-0.632322159145813 2.77986020806821
0.779713531928741 0.273261004807733
0.0453143535687016 1.50149474878773
0.0171995372827297 2.3918125638179
-0.236760171102794 2.50356630043734
1.71890184224277 0.673520608618502
0.0213822608928903 2.40924600454229
0.287292812446565 1.56265783181015
0.187169266914456 2.15312620262138
-0.987353968596971 1.61111839742942
-0.0786715907783803 0.857599989055804
1.44492810303206 0.626361163623307
0.49526279149036 1.2109876659464
-1.49476492493999 0.412013780413937
0.0793496382042597 1.16027337514665
0.786402808186157 0.616603208150464
-0.100400647032238 1.82836269147442
0.794994224424341 0.423159943120951
-0.21450445538766 1.9135287275299
-1.06050326603742 0.925705708339046
0.972298603727581 0.55902681649569
0.348197579186611 1.2644183198591
0.546517629037506 0.956248862464676
1.40366206037558 0.77399647944541
0.269097758559531 1.58384036096499
-1.94344527086126 -0.0328810831763177
0.154737319205273 1.02932052642184
-1.94989045221214 -0.038513542367746
-0.611199090750182 3.42055224949042
1.26727762074132 0.405901942378852
-2.24652377775025 -0.288027971596459
0.147285773066885 2.05196423139308
-0.772346492530641 2.58860874145874
-0.309494352429843 3.21355246372685
1.28627496176846 0.465599308846689
0.629220570925546 0.560694894260807
1.68860227219912 0.90850645418741
-1.42337573012717 0.582220588323308
-1.08798615722649 2.13254586361437
-0.882758680766604 2.05425283129331
-0.161754671752877 2.92462193311287
-1.37983003198992 1.22408335035411
-0.924755671827709 1.69260442367811
-1.31702866929629 1.17628180782117
0.782340478192766 0.430345632395789
0.756325449526094 0.393592948225245
1.04355076886472 -0.10002965740568
3.13281671976911 0.384799112618869
-0.248816766486595 2.25204200306401
0.914225647249725 0.49699500051961
4.05686962944136 -0.0696374453287498
0.757538737872503 0.282611175264276
-0.095775921097427 2.56708757674693
-1.10982473073217 1.68557143111493
-0.638181730077355 2.35119165148227
-2.36450754652964 -0.314424536497753
-1.87341874961833 0.102224017389524
-0.506515660290854 1.3917526871053
0.428424356520481 1.01791361375077
0.0491523962885793 2.22660497309055
-0.533567225473209 1.67703049540872
-2.37308277989631 -0.311898177193576
0.700212095572713 0.34684794341263
0.590686913059856 0.719754030102706
2.16863561398734 0.734334692293838
-2.06710389881817 -0.143858960380527
-0.391595526187276 1.88282322609287
2.12849135042997 1.58290104926695
0.134241685820669 1.34433821181177
1.95538957118169 0.830399222027502
0.761691046285908 0.647126845215182
0.165546248118916 2.84501783193347
1.02522072760913 0.232749096635026
-2.11818151123571 -0.191070859761344
-0.387218423012401 1.80749975278867
0.806269493597024 0.372614540081578
1.60361305681265 0.726586648089997
0.987378869080389 0.549411411761805
0.215954759085454 2.1560899225349
1.29803535032786 0.70844221799139
0.0192611995622744 2.48149857723713
-1.17986719823686 0.949170923713625
-0.0306360807008402 1.33359603964124
-0.21969606404924 2.03464183751651
0.427622913165797 1.4718969402568
-0.473709740337593 1.81239800958843
0.669272599633149 0.931172866586616
2.67592404764633 0.85223925501039
-2.21943219875943 -0.271336773913835
0.687476755144664 0.510758222710727
-0.797677894997962 2.14473253809191
-0.644473496545143 3.05205014976568
-2.10131496891586 -0.169559263814845
-0.320465260204763 2.56911017092959
0.390259217881368 1.46589509082338
-2.0140713189096 -0.122203153765819
1.98305475679838 0.628030884139365
-0.786362099265233 2.37342739993718
-2.95043631702536 -0.252420682133425
-0.122961305083083 2.43401607845933
2.95658765788916 0.565131808759421
1.66719323898655 0.979875149399091
1.64393844943596 0.456233761670551
0.919246392826271 0.618092591689463
0.504348382222279 0.685005752789496
-0.56812925016092 1.80794830798279
-1.53066920649472 0.918808538874205
-2.66667757145815 -0.319559632844335
-1.65589439247782 0.193045656342106
-2.11885629062033 -0.23849678300987
-1.36881887257347 1.16346571472856
0.763615963717756 0.52262588582847
-1.01668235569595 1.02041954866776
-1.90046966820567 -0.0972197798368211
-1.00724546636767 1.98439525373534
-2.3367547571564 -0.308278156853302
0.958818404131665 0.164080034209044
-2.11751781835035 -0.214223335628546
-0.176939919986948 0.850540612212588
0.799924513725687 0.146615359780347
1.21259228554362 0.403767415842597
2.06787290990362 0.438792528385825
-2.07102207027199 -0.177525835531842
1.05715627252678 0.222338357383522
-0.688020120992074 2.80000890326252
-0.237399515446011 1.83868205429853
2.02308275316251 0.822438191363856
-0.742587572165242 1.9446087204892
0.722816483593353 0.530525555242463
-0.118654871832882 1.66338457630352
-0.691676300709494 2.55774755931989
1.47594997777153 0.634365118902535
-0.309169151354681 2.29217169244474
-0.245509172079021 2.74848884255599
0.844939412291226 0.559681548131916
0.992927877903027 0.133668158303336
-1.07352143998542 1.21152049178681
1.24400551185638 0.170291766786815
-0.817536950171777 2.18583994032218
-0.985548402757266 1.71673199422068
-3.21360593134639 -0.235657650089667
-0.168364207652095 2.0533356651618
0.439632198861947 1.13740544649987
-0.865816920627439 1.54720286096004
1.5563378271629 0.522418335813349
0.817279597537737 0.199638770191475
0.110112376158124 1.35361033999866
2.06530638294885 1.31636459084493
-2.05096818284994 -0.231515647966557
0.312344949739388 1.43167440618258
1.15057974110943 0.200763020985551
-1.38884041233085 1.0632988018079
-0.289979218987518 2.38851748460592
-0.0757638596130452 2.16814547436874
-0.475938412385049 2.51269207576842
0.0923834912124235 1.21106225117494
-0.186000464126548 2.64047443795619
-1.16241183865577 1.10644611956684
0.97386161373697 -0.0611712541046831
-0.6220135747567 3.3298139349337
-0.74297132422766 2.66234989584821
0.677257793952814 0.731937522123728
1.81555464844286 1.06113227154409
-2.42127635247228 -0.322374206922635
0.216614245875664 1.69162471464333
0.505834465852105 0.767960919960113
0.0391287904760807 1.27732086345661
3.3712059325297 0.181525682361935
1.66384086341761 0.489868145502453
-0.65998767766839 1.32705698761952
-0.798225099333696 3.15027016612624
1.10264743402698 0.373938709247462
1.12788577957025 0.11305251538439
0.739677546049104 0.621749384347174
-0.724469605227247 2.43350702731467
0.717395140923908 0.294836288999401
-0.0816418252402397 1.71184764250266
2.60564060373866 0.786147669858875
-1.15148682568991 1.97157436763272
0.0459442342365898 2.00256939375948
-1.04351845088547 1.18116026478855
-1.2297405608852 1.60803195003072
0.00485647844931796 2.8710676432967
-0.281765683190612 1.85274973114741
-0.590992929615964 1.8708859594563
1.94314879232557 0.536194335753212
0.0982248254006792 1.72977302277823
1.80526647776738 0.760144775798337
-1.38526024431669 0.743058621319791
-0.341247680006114 1.70992398981331
-1.97876395928093 -0.0434511830682948
1.85553398544031 1.59499853982589
-1.11994862105242 2.1104791931769
2.01460848728862 1.291725274708
-1.28139209005797 0.717916596402051
-0.115317724278144 2.08184869051373
-3.66914032047017 -0.0521686018937192
-0.320988597708165 1.85884614388261
0.0190671480426954 1.71817459204261
-2.63280211307986 -0.320645264544742
-0.373907406952587 2.40094175551781
-0.490202642503605 3.30432737379168
-2.0571637456011 -0.164463094245302
1.09261415195365 0.268170104452769
-1.22197817723571 0.445734351179369
-0.245007158301713 2.32096659855057
0.649927717347012 0.562655983894924
-0.679444148957703 1.45021915222136
0.984275908600408 0.354856869500217
0.149442798127176 2.86418820806533
1.68396099889307 0.380617137700553
-0.873478692699999 1.62975661766435
-1.48044691396587 0.485853982286177
0.458549643329301 0.844893307498239
-0.214860129488216 1.81815634875794
-0.407654006644089 1.51548348583554
0.625500019370945 0.810382582348694
0.524195850950293 0.670932581800777
0.0243706557659818 2.1448739961587
0.66997761375265 0.54716153154059
0.932550585222771 0.145534995248797
1.16150682150047 0.32533820336443
1.03518909732 0.428248619081427
1.63106979039356 0.306292594836934
-0.187143482923941 3.60242460992345
-0.477739517643527 1.18323967207356
-1.48842448475328 0.518589597522698
-0.253906736535061 2.31414288811386
-0.971824197672709 1.67484203626616
0.467137200448179 0.390842681990343
-0.221934649518268 1.51777061191469
-0.73163206799445 1.88342280253725
-1.21115247363902 1.31176794410178
0.0692222299901434 1.54070377854909
-0.654150443613191 2.88035133232124
-1.73998236171064 0.284038160219288
-1.43310416634119 0.303469516064115
1.39145071190529 0.289895997758296
-0.726546877313233 2.34259361522914
-0.957323986991816 1.78920795248789
-0.351853731293487 2.41402742585319
-0.703003876139796 2.03517116816535
-0.54844469878813 3.18470056217365
-0.367587744570436 1.94397841965296
-0.83748130250144 2.8323533585371
-1.30971804392762 1.11303017637563
0.797390006675686 0.453894812211617
-0.149047274082095 1.54433489206714
-1.57013268937916 0.386489712131214
0.841742375892014 0.726601307480771
-1.93674192069119 -0.0898138850577318
-0.547538359161171 2.12341785435385
-0.389305919090229 1.49587583550938
-1.09553292520644 1.20094161512945
0.313531730365975 0.837162056056551
-2.00209632021808 -0.0647929823117256
1.8236554667422 1.35284300907629
0.446475577012278 1.06427158674809
2.39231521351364 1.04457098310772
0.672308803562887 0.254964456048813
-1.76807569581122 0.370909148286326
0.828295617131815 0.334337617354282
0.491330070558127 0.646997377097814
1.15275487889904 0.387296324844862
1.2344768028094 0.696968725935401
0.626658030859129 0.692867051104308
0.647827187403355 0.392304880460124
-0.636904400702105 2.01757467945472
1.98641434095982 1.57966154209782
-1.79624876731971 -0.122633081724393
-1.8975580644393 6.36491687503841e-05
-1.41297161576367 0.907554030212742
1.0534036759807 0.361333292097669
-1.25506973152155 0.694267908410722
-0.418383744206434 2.59205938150853
0.0907982935486986 2.36475831387824
-0.537055709815303 2.16253353935494
-2.4720686210409 -0.325565077425871
1.59544233222573 1.36161328364007
-0.086776148995646 3.17749500254688
0.702193492313532 0.456045034637191
0.00568367925482098 2.5481330136979
-0.742343569737815 1.54868899641713
0.130424888953291 1.78408536870817
1.10773916943055 0.341928992311956
-1.59597745472182 0.599999211682708
-1.44332765369045 1.03503819207307
1.73474658142254 0.967576143461511
-1.01632885436446 2.5116874077538
0.019054813852855 2.08100664201237
-1.79748179252127 0.185774651131993
0.838306312793058 0.434944028131739
0.75360887354473 0.699481261475776
-0.273120516972871 4.15698921145754
1.82747706675367 1.23659711359685
-0.600338580578546 1.76738079817906
-0.301518505058483 1.70033623490378
1.25061811793928 0.42914956400901
0.609307504015941 0.559435756695145
1.14345760326463 0.103307224500318
1.60883709032214 0.628150733637137
0.337718534674148 1.47618620197099
0.681788208327978 0.561921279373015
-0.881597984246262 2.2441237537759
0.571385807766852 0.762631776582795
-0.329088902510201 1.9717231864237
1.47598828279276 0.803913194607738
-0.0524372338726031 0.857425569101332
0.0407056608759694 2.97792335355435
-0.00433247344560971 1.56031533779298
-2.35189335689456 -0.310374802752872
-1.06220153643191 1.74130461795932
2.68415004168673 -0.119690212088722
0.725465254064212 0.334411103086813
0.0504025777523546 1.68176191629425
-0.211824394501148 1.13510840882348
-0.203918861810423 2.42375203227642
0.542290408767471 0.569366270501059
0.92719780708567 0.326410136198907
-1.29076962167795 0.77369051381019
-0.194318360601758 2.78938183121216
-1.32620569638099 1.04078419990401
-0.493695995925598 2.47398742836091
0.594802108502065 0.481192612218304
-1.62022489080583 0.476166631836132
1.07931188125947 0.156472573344813
1.48280109440672 0.46647217984362
-0.0112539864184441 1.53360970071207
0.337629760649288 1.08761107581566
1.69257878505692 0.90500454392852
-0.820623432804945 1.6224414071408
-1.04597388683845 1.94315825469152
-1.40035303162754 0.458867961477342
-1.05041626306105 1.21634955189801
-0.951585483837579 1.8707697682837
0.389310412691898 1.20006778760097
-1.14876662825774 1.4875653865856
-0.284569889596818 2.22119014219059
0.215013807034066 1.28425006340275
-1.40818048785211 0.88049685235531
1.85819991625657 0.851590236831327
1.8289917202221 1.11383794468667
-2.38219747413471 -0.32119510848216
-0.542510060700043 1.97052077505013
-0.473924925668455 1.00731027863559
0.179964760232909 1.28018279936736
-1.27429066482259 1.007663704634
-0.390943445939104 2.06595382578842
0.882950327234258 0.281525930219278
1.18945859170049 0.251789977643458
0.299956171229662 1.09000057789607
0.39091954911382 1.33379540111385
-0.694220250764563 2.50246740754617
-0.560530528479042 1.70789300064853
1.59740585223119 1.14009191406216
0.0766581636945856 2.1990677818782
-0.715170706156337 2.9078411335585
2.19708764892118 1.24737128382728
-0.618416693050025 2.52386100997978
1.50084493324426 0.523227414384943
0.616800363892463 0.687995700924077
0.516525831418392 1.22192683758457
-0.385214512138806 2.55580831654647
1.11986940389216 0.349715118920495
-2.24104267940636 -0.269776480678776
-1.35091428691195 0.778641563014533
-0.251109438719503 1.42579055358373
0.189176122291916 1.50052012166929
0.11824302472485 1.39114513568939
-0.388288924979856 1.90674354059852
-0.36257794227573 1.06684063884529
0.562831450538132 1.21797323000644
-0.681025540365308 3.09182846106015
-2.44673017089798 -0.323813536829001
0.0045577908336096 1.21836010510488
0.90966343034666 0.478471339957884
1.16873810181183 0.291577123275744
-0.324744738352824 2.13503972085356
-0.0829992371295339 2.47397464334723
1.6747142892565 1.21435135182083
-0.850858078703044 1.38475007416672
-0.171626009171497 2.1703639901269
0.507774393679062 0.824568655356502
-0.784692702522066 0.791180511863784
-0.492568150867882 2.08627870713556
0.637805884333994 0.372748503518326
-0.801332734744182 2.20738153005451
0.496161427914267 0.787651336028001
-1.20822617687297 1.14285744710493
-2.28476750184331 -0.288513878853813
0.656158006448371 0.611540322657879
-0.157559412725706 1.79313068269659
-0.581802525476713 2.24769052460817
-0.548678165095706 1.98317261495531
1.14934015233192 0.412145764720615
-1.25346054606782 1.06735070149348
1.27856088370934 0.410496485596473
-1.28819171621884 1.14010221688476
-0.184274217955037 2.93118694995779
-0.287868603017159 2.18894113155244
0.634706479415029 0.863298974030661
-2.15101351770746 -0.245136519844621
-0.294833744993859 2.99343953071407
-0.172189514778511 1.67441496760031
0.78305989311471 0.233611920243505
1.20321647772413 0.568518204405643
-1.14692037784516 1.67133182186595
0.437016223352565 0.69094746560314
0.56408541293717 0.835862996952217
1.46886259303887 0.471359010862717
-0.121307658184839 1.69519091324732
1.52573422843475 0.916998613481825
0.104566366149672 1.95372777494661
-0.410794278917265 2.71021710004111
0.639614188557542 0.446181908092957
0.355104017147079 1.58283039938129
0.404650570927288 1.49462802905011
1.18411926533177 0.51259955446696
-0.402133185850471 1.30151529485399
-0.262306427110631 1.96764461062198
-0.22497152438306 2.29873185965578
1.21439211357993 0.208167525242829
2.06326225417802 1.0394433881157
1.04772461601203 0.483993308004337
1.17685989528514 0.255446254460609
2.26821440428814 0.743604248844933
-0.800382685037848 2.15983178822518
-1.52165044442116 0.511636789172784
-1.13122227687224 1.34518775353748
0.259499056579215 1.93721437750645
0.0277882593404174 1.93548960840663
-3.03924557198882 -0.242329268956564
1.24798814077786 0.425385628866469
-0.299776976738644 1.58891530210839
-0.0608115469288951 2.23209918992926
0.505985791449689 0.98990904015474
-1.6094404398081 0.515027857668486
-0.809019563952631 1.18424997422648
1.34126386617683 0.826065505212686
2.60855387658881 0.377154815592987
0.960696293381833 0.272688483190248
0.861758521855918 0.230615427624039
-1.9821040652803 -0.0859108833829731
1.26936970838445 0.555814147472309
1.45098178481824 0.062281879215162
-0.438475884184689 1.91040418397623
0.188504194900805 0.7120678730287
1.26052957365367 0.433028279637179
2.68603731432379 0.982247657670149
-1.53044275749312 0.749722922199746
1.43775014899456 0.454414941616161
1.89836090390905 1.56996694881495
1.19064211639452 0.552347385443122
0.397881296839391 1.2273804220685
-0.183546587376348 2.21341628583864
0.210461150358062 1.4548865779721
1.04196744872742 0.237577109464294
-1.51306322683945 0.790187883349621
-1.38266704662021 1.02745210465125
-1.00095712343196 1.23558046924356
-1.8473622031983 -0.0541592322330303
-2.30587536089825 -0.305968707933593
1.78235461962402 0.534038981961287
-1.09323919546136 -0.406116137018435
-0.701111621633665 1.972901493221
-1.21641923620077 0.895788922731548
0.517118764691795 0.714957995870712
0.662936300546069 0.933840049831419
1.45953393517585 0.788415736819877
-0.524643563486588 1.59505899171385
1.40213511917838 0.397922284521538
0.173771117722506 1.31659448430347
-1.53254469412406 0.173426210249235
1.30824766370581 0.392257145523551
1.78171771735804 0.869155179466258
1.08260167095369 0.275285451362132
-0.47806664800251 2.17391412733236
-1.89489221112041 -0.0312939690814049
0.047588942663548 2.00214877253101
-1.82168968915522 0.144251673510441
-2.0172314690769 -0.0328644025665695
0.936894151613647 0.46930915330178
-0.307681434146872 1.86392393873372
-0.490960431801749 2.72100436385237
-0.877606653050093 1.39901114535068
1.85374407750633 1.21216323934574
-1.87318948832421 -0.070468471791062
-0.538608550999883 1.13017700109212
0.674840714126784 0.521161925916914
0.40182949146222 1.0181360652577
-0.749427279045053 1.28523991141993
-0.0864204890481016 2.25171555951242
-0.20421945502577 2.60763523687006
2.10475553791152 0.969531977524807
0.134963044571062 1.78619214307791
-0.65502208580636 1.76527424207575
1.51415345219344 1.02918185316617
-1.48966520196007 0.332860176001162
0.560662743810949 0.687975567014037
1.59355760099255 0.467226836345688
-1.47872937698247 0.57714322310884
0.339430276642175 0.895850749546208
1.12464125958488 0.375702563142387
1.17107988731352 0.18518239500413
2.04153142230592 0.812020137705373
2.44469279967268 0.470643690844074
0.23727677418719 1.70151644053735
-0.848285746399979 0.966916821131631
-0.959933762064608 2.58302024479359
0.877137453925924 0.364638017591373
-2.17390535017448 -0.239586744441619
0.59060455017245 0.61866688100453
-1.61861768833347 0.80726248177961
-1.03651197514866 1.66403437526084
0.365177725301022 1.28154130073027
-0.728197557656897 0.739618454128407
-0.998969822929601 0.884827693852399
-0.818765054039082 1.62249810973601
1.47588610154095 0.610799600824539
-1.73349947675851 0.0571898626052841
0.141247182229401 1.21501528757105
-0.581068348856269 1.40936632428941
3.76994618884992 0.187152193910127
-0.179689982679932 1.87040149351034
2.06205968055718 0.598544768546845
1.09323426282016 0.211028760846587
-1.69268097395634 0.231567118144341
0.713750586190589 0.280912825390206
0.982363122134481 0.0394274589493598
0.0336065446029258 2.61515324968599
-2.38448384930448 -0.315558678762516
3.12162188722116 0.488350992095829
-0.238731939439666 2.13122485976214
-1.65306313949824 0.375513870984051
1.36544286520111 0.648975414047818
-0.324047491346254 2.92595225258832
0.341510705460271 1.06839250413946
-1.01313218336354 2.04949124256921
-2.46113697630195 -0.324865774778912
-0.185692155502635 2.28156346036435
0.93392710071105 0.438759896741376
-0.0187025093095319 2.65857057028412
0.0341918085189453 1.16565130613054
0.3117398163753 1.05889197357539
0.535300932688679 1.14225139480502
-0.286961715479744 1.99636176055695
-0.358807466172503 2.23348961486324
-0.992120210798784 1.59560439891497
-1.65887443546654 0.29257417523701
-1.70281115433539 0.28065168757982
-0.798361853120888 1.35519924225425
-0.791315440467191 2.35029137591982
-0.506343485542959 1.76240496138566
-1.25316459721419 1.33973711601223
-1.25844843974169 0.863283039353823
1.58126263709271 0.858338084461982
0.474052212487225 0.94203991166674
0.264425387825522 1.43516996371499
-0.0258388604707881 2.20263312519061
-1.10659904981106 1.57833168357553
-0.794138235442036 1.72448673894244
-0.5025311789388 2.4405572515204
0.115468611172157 1.70985776944752
-0.0393316522497668 2.12724559110193
2.31533405899286 0.634591013550073
-0.476182937421757 2.28818615292303
-0.928566155867457 1.80701045425657
-1.96111836074521 -0.0703352163697405
-1.31461650682492 0.881411875614911
2.81270071071109 1.01244105432645
0.3483917171776 1.71693799707974
1.07061771695393 0.17494610710918
0.213438105377342 0.841387147062463
0.20123650819015 1.92482718931977
-0.217111258449804 1.91531274856435
0.642131968871692 0.66183097626923
1.82778515676614 0.966253907839502
1.11269994334797 0.271314838456018
-0.302860124679235 2.56332317058163
0.131470221016705 0.973870844504927
-1.52782652172057 0.64552160690727
1.517264238307 0.403015201211318
1.87003462592549 0.595785481604735
-1.97321367624504 -0.0644411865739438
-0.0185269466848009 1.76399429796802
-1.17475163083297 1.49526977566568
-1.59949023115519 0.429712600330879
1.33169928213162 0.711326037443582
1.58912318739898 0.916155711822238
2.23283627704818 0.724952746452592
0.554730862800258 0.708444294327106
-2.35791578602206 -0.313467463021945
0.587967395529268 0.49339966325893
-0.894031545621332 1.95305185140703
-0.206665195778892 2.25906001363741
0.280421358563702 0.783046877602987
0.0945830421272447 1.59688991160121
0.922364111614096 0.394400237716034
-0.672228928633393 2.65755377733811
-0.924754201040246 1.05015829741514
0.229362452848561 1.38969698752618
1.21300277567453 0.3729605215307
-0.520544750079804 2.48356730270378
-0.831635349793148 2.47312368935244
-1.22800050122191 0.540505949013568
-0.871555977537406 2.35598393749096
-0.355088041686663 1.54571937952332
-1.62827631350956 0.701713585062496
0.776322597731342 0.132948637385499
-2.16357673846267 -0.23756829695262
-0.172631244494323 2.00166038389717
-1.57015799016925 0.66355948278611
1.50497817823578 0.545436770622938
-0.686255493173608 1.69556007276693
1.37269248716003 0.552561252861773
-0.455347089288443 3.00876680202731
-0.251459207123964 1.96973545392515
-1.37476111276516 0.53460729561117
-4.29473707580488 0.395869642792359
1.78312353402627 1.02975646667111
-1.64268026013147 0.410315227702097
3.34948442831736 0.306151737693619
0.455742922379013 1.01474524380881
-0.675764783925945 2.13708645306947
0.744881513452532 0.666674353168653
1.18610491352748 0.603667504897877
-0.306145802274663 2.16359395713027
0.188278177687701 1.61738038963991
2.40605515708015 1.05659098608413
-1.69744123938972 0.178823931591893
-0.0510469693327106 1.63481457612871
1.04477174420953 0.171434072924697
-1.965788447124 -0.0637347117385476
-1.82181572613577 -0.134553767690284
1.42504191009773 0.770777968991482
-0.883627701238033 1.81339114160212
-1.11364796984775 1.6137230021949
-0.0381630987084683 1.87823911100834
-0.628681542075675 2.31304969054365
-0.702709044545043 0.919180392909694
-1.51709227569589 0.702421594412168
-1.10994790398302 1.16489641426437
0.988604909841831 0.155961653720681
0.592453863434143 0.701838958241012
-0.721950301382168 2.80262528013573
2.88378684208936 0.0679133963369544
1.79153259937323 0.908513915132359
-0.999476490604347 1.80684608312763
-0.11397478528838 2.94102834201232
-3.88204306135364 0.00123002832308249
0.96053138054454 0.0154877648035449
0.784693801089461 0.449817149690463
-0.575592129435255 2.56887245560532
-0.196719772967486 2.45078355054354
0.100554915112196 0.801536377986284
1.30317039241159 0.465674155245276
-1.10017676818823 0.520349399724501
1.50153823615938 0.402465204529644
0.78598422199592 0.371298637379355
-0.746915789108826 2.74115795599216
-0.322443486336042 0.4374709935753
2.02767783850686 1.09345671845
-0.218707440514591 1.50918792046258
-1.61209544912503 0.388078338479822
-1.74637246678417 0.292145611324953
-0.0861737968745211 2.65134884481502
0.270229383711523 1.51601304578769
0.296900385745714 2.16723402617909
-0.316813570861399 2.88728916945968
-2.2713269971895 -0.277366816847103
-0.450648160849626 2.32646221574855
1.3013360571056 0.722955481210319
-2.44744592233418 -0.323919059209192
0.763988982669636 0.2267523555508
-1.93629513442742 -0.0165821232679794
-0.298951548168664 3.04083762107931
-1.78103629880244 0.0746078953818353
0.821234667790912 0.392069814650414
-0.682028353747098 1.44957849604356
0.577102033713303 1.02708548880162
-0.982212203465857 1.03256743666899
-1.63317762222659 0.522915680931357
-2.12751992085508 -0.229163819316847
-1.32540210310909 0.610056182272279
