2.63636653939632 2.49552466326026
-1.21766175749254 0.143225017507127
-0.217490719938332 -0.394432824468653
0.0938604466092862 -0.322966724344304
0.135900925623608 -0.332221111430256
0.67306820308796 -0.901055215537419
0.601182677403418 -0.798079852273255
-2.23825554920259 -0.321863508543763
2.90968340693286 3.03583027694438
1.34289931512366 -1.27958198365925
0.0685841816076814 0.12437950787707
-0.26148557158127 0.0903297727917161
-1.77425676452015 -0.411094066778229
-0.14266817384921 -0.0843204195207324
-1.11334164981848 0.26392782032169
0.973302779463496 -1.27606566115411
0.165079062874899 -0.393700977959848
-1.84134641723993 -0.0513208346466632
0.179034010567889 -0.0807718936492239
-0.390956419281523 0.259631296258135
0.822476581471757 -1.13909837403307
0.398815818042988 -0.659339002816993
-0.259354181598192 -0.524918376184583
-1.44913425649615 0.364911435054062
-0.71289350140323 -0.37369491493894
-2.16708986657631 -0.110275064568211
-0.22189940223123 -0.50782559428788
0.826360826956575 -1.10572184953606
-0.893667601367661 1.02685570751613
0.377796395687414 -0.42354710182582
-0.261167430384329 0.202894295412316
-0.0657027070968847 -0.316578488233182
0.4229278972277 -0.723886302235128
0.813032394656968 -1.09255537059523
2.79695737267092 2.8541328466351
-0.591096610206705 -0.61621889595208
0.412284785215709 -0.24941259105056
-0.922378032260913 0.0484703012263749
1.06548198549545 -1.29182268634956
0.362809753517447 -0.648078472256273
1.56708176281864 -1.13767301819892
0.0125064454793453 -0.0796366595023119
1.43435887413023 -1.22261956961242
-1.01043491978578 0.195506387039919
-0.612843763581766 0.145795184785628
0.386599786493538 -1.11076953008513
-1.08255216918856 1.00436969571777
-1.97777946130852 -0.0827073093615689
0.409386230519278 -0.590240395601111
-0.684061683805442 0.45690688000841
0.263872024416636 -0.845024018438331
-0.73081352750392 0.379905300171872
1.20709968953775 -1.32929355079868
-0.605978001633138 0.72011769257643
0.392927657483803 -0.524779232937387
-1.12187366061871 0.0557507197483971
-3.17359537522983 0.308181031699996
-0.761856635679081 0.710213083065137
0.61549862545882 -0.957188706407068
0.619591373063415 -0.88051483953699
-1.02234609902341 0.0839012841716953
0.69892943385372 -1.0940179611008
-0.132623516337113 -0.382973771165899
-1.57388331024066 -0.168240958808528
-0.425291049764609 0.399039138401153
-0.348689566169198 0.211001342946075
2.03131181089263 -0.042156343160038
1.27665301580686 -1.32047798353796
0.704170903806711 -1.07862151396419
-0.541975859385318 0.234366267250724
-0.552108004647045 -0.352507707189631
0.718934043053236 -1.00635517224481
-0.44261202296056 0.385366877562097
0.59904942535064 -0.836543777062527
0.202476626612928 -0.205099951225956
1.36293443777334 -1.29116857687605
-1.08020106850344 0.547688887054415
-0.29968698284256 -0.185225280058568
0.632248413238265 -0.838066639549776
1.12535207718917 -1.3133702654102
1.33947897687267 -1.28763983775158
-0.587962928953876 -0.152391723821492
-0.193437567938855 0.0452478077852408
-0.305238044691266 0.390126173793019
-0.46845384359002 0.0934324581290996
0.90406875757667 -1.20074149660463
0.54887178290328 -0.709198801994193
1.5476872903658 -1.13547927885267
-0.115672359168161 -0.2484512745061
1.66252949998188 -0.839229198725426
0.736205783463168 -0.971472893718459
-0.672876352799529 0.806087935034139
-1.3609390774731 0.523748751162128
-1.08048908976716 0.843295719647097
0.829723963822475 -1.15775265999715
-1.09742896168213 0.0619513659038974
0.497528925823276 -0.695752978554678
-0.812124161429696 0.423129870405708
0.385773323772884 -0.783195404526745
0.118155254882119 -0.786609048273048
-2.15595642048283 0.0161906118722902
1.03313733665704 -1.29016101107805
-0.525507093385988 0.128591954688484
-0.0743910017088044 0.066015765919198
-1.45633611433693 0.155872302122003
2.64119804209214 -0.167346664817051
1.37766205436344 -1.2820266924586
-0.443532034570384 0.0641485025192527
-2.26850467004888 -0.133108632707755
1.07179915682497 -1.29204440231088
0.818848235038725 -1.01659340026836
-1.32511590429146 0.0449430233747825
-2.04793300232937 -0.051550335152181
0.425123466175391 -0.536777799773239
-1.45065942323522 0.184552769187604
1.2606011082707 -1.32700258222489
0.114302933826344 -0.037744015452935
-1.4556969286345 0.364782811243948
-0.0243165750549292 -0.429504499445821
0.402777487354331 -0.604535713446813
-0.666085753701778 0.202670659647405
-0.0827785468185856 -0.270877975626
0.04560777360986 -0.255596966700163
0.391473726374955 -0.437286911277012
1.88413887235494 -0.392959055753179
-0.0907578565927308 0.213315490153365
0.745760142542611 -0.952300384323854
2.74223749169635 1.96749478269575
0.824536313431052 -1.05334841384115
0.606546488043475 -0.933838881628521
-0.390324447800797 0.0661567916577571
1.80392447457551 -0.885069665271245
-2.14254674891071 -0.438886791707657
-0.581351096461855 0.939406974474235
-0.478156345545699 0.420960214087868
0.125215642244992 -0.194099509655183
0.661031369345178 -0.973763959292315
0.433240056442293 -0.389759931803262
0.161246437389215 -0.116645202793519
1.99746691212836 -0.647865660725712
-1.62385399200889 -0.136707222341709
0.320736491907937 0.0347189459387935
-1.41481047773696 -0.482190881987647
-0.927704070085956 0.827144538436485
0.167916337775531 -0.00335994752316798
-0.549098381123377 0.000311014728330367
-0.864439285596677 1.63722896528002
1.92852510147901 -0.522967459028858
0.801641614187354 -1.01700500654879
2.49780451758557 1.21103450167054
-0.440176414351808 0.243845910666642
0.0801931491997634 -0.311453291243279
0.138557237961076 -0.40210217241149
1.47955779153624 -1.26910250630372
0.822284448317545 -1.13601031740822
1.31859636836611 -1.31522645575744
0.751517402240026 -1.03086211512589
-0.800160402838696 0.0218373445743861
1.11621075428565 -1.30882660328885
0.992794931951998 -1.24992747651078
-0.25775850509592 0.457740385620825
-1.72981089066255 0.197402682722414
1.89535570918048 -0.616941325720559
1.10303651721221 -1.31530753890398
-0.545490798061783 0.556588903418344
-0.351684227446448 0.428707193586878
1.1197124178144 -1.31915310623574
-0.936433103335551 1.17948951479437
0.219449929646434 -0.182559001389706
1.47443251971457 -1.15735291446023
-0.940976516279217 0.526694796130203
-0.0605930367585661 -0.347889232585639
-1.41364177858517 0.231605917147707
-0.754653227996344 0.188279264710746
-1.18243307588004 0.767245723360435
0.0324467467395022 0.0282383067723599
0.845679069785192 -1.01698186124136
2.0412863432082 -0.418339948612237
0.496933706106576 -0.694924266412119
-0.811543955852356 0.157535606957792
1.1041274780943 -1.30568257015238
1.17423511818389 -1.32668519847455
-0.680753896655332 0.672036547489697
1.02923280931385 -1.28187554702866
-2.43961028085895 -0.288358616540731
3.46837429374944 3.2031500419241
0.0300837293593409 0.00746107596291123
-1.03604282475856 -0.00547732817442859
-1.54026075757678 0.729923192735739
1.61546690994845 -1.04323635773112
-2.47431077610104 -0.113490859969964
-0.585697666896348 0.262495126277396
-0.297363111196165 -0.319461099519478
-2.71435388965615 0.408645420655165
0.422495912171305 -0.442913102009309
0.130754751685273 -0.252322180993389
0.601270553570724 -0.932795886852945
0.135581635892802 -0.310611845026376
-1.41691427128753 -0.0685847427037977
1.80422174200834 -0.625349176056196
-0.118982967930089 -0.0987207817754074
0.906002562047033 -1.15016699597786
1.53222115275502 -1.05657695913442
-1.66670061092529 0.143190003526721
-2.21043324603527 0.0831780158669733
-1.17216188315885 -0.0635346820013963
1.10130951096234 -1.3125512395866
-1.18908196442275 0.161497762412284
0.00134407541746812 -0.254786290224645
-1.04576382514457 0.881603352656895
-0.599040526299143 0.0859847960828599
-1.53839443903434 -0.135553795818935
0.955465989753406 -1.16459386131478
1.03166296685555 -1.26461458827299
0.459686737768318 -0.809189583238553
0.112856905538559 0.00852516338340487
0.966106861777098 -1.22095791400078
-3.45553949020168 0.40682802702899
-1.74364709394399 -0.717715313458193
0.338498564671778 -0.803010047412174
0.372883483859741 -0.664509755339948
2.27788996248381 0.525733055549372
-0.814191349844314 0.398414608344288
-2.83205257914883 0.573851424108539
2.62176620465536 1.86859451552313
-1.64519389938524 -0.713949130594629
2.98464349149717 1.06645114923551
0.748533908080593 -1.05637016451853
-0.409690011038527 -0.024468649396812
-0.643511334885655 0.0937611746248331
-0.513285208219963 0.121900366660716
1.66321594429968 -0.914667418640823
3.47176050987408 2.35297096413222
0.502405609409979 -0.850522459330386
-2.1190859352102 -0.0295657009262972
-1.12639962480206 0.19801984643569
0.491468674529747 -0.807274215626906
-0.230549085539635 -0.083677646967747
0.881141716040526 -1.14363171490244
-0.736982580638574 0.287835056324312
1.5917436356502 -1.19234676285652
-0.277049973986638 0.128164004775268
0.502327840681826 -0.909020688869711
0.000432303052565375 -0.0741623248378377
-0.765366542302322 0.931041029592367
-1.64746195294418 -0.458763929124269
0.144168827553651 -0.445354236979835
1.18773782220683 -1.32820065501332
1.27653423911771 -1.32675162380869
-1.52063367476234 0.651735926640698
0.355460482235366 -0.470745476450116
0.201785741694194 -0.00492543325555633
0.343340738846874 -0.614194592024616
0.906206723483354 -1.20552753612056
1.97126950220236 -0.0441832569332293
-0.936008656073928 0.791805748901893
-2.02435728942511 -0.40202598191497
-0.401975498810549 -0.222460161183297
-0.387524332529421 -0.585849754058864
-0.605563975857942 -0.45016647375964
-1.0415682675436 -0.300046492744313
1.15929166695168 -1.32474277088785
-0.20634886976924 -0.520365890011639
2.13208148221087 -0.375142991179895
-0.0084494605910516 -0.605130963655943
0.558064735603536 -0.8800733108297
0.255328984428379 -0.144262399633885
0.353250808198557 -0.665511608545835
0.3348584448375 -0.157625943123948
-1.59678925161504 -0.149629810100379
-2.99526143169861 0.251728282396386
1.91650728593073 -0.395841117813113
-1.84225988772243 -0.129375025188168
-2.00929818828885 -0.0675903896496245
1.60877109298201 -1.02018585886809
-1.33944414459056 0.0671515872195505
0.638616786797565 -0.957459085050012
0.824868899897988 -1.1497664808756
-0.301915406227576 0.246822768649638
0.797296287598104 -1.1532950384796
0.290761047531352 -0.125403267970712
0.467848939145659 -0.821015632444269
0.735671617225327 -0.917799344866328
0.629853309602867 -0.884126209337229
0.624612675856297 -0.88325497117455
1.76165598953835 -0.564965106632725
0.472299734180011 -0.717675209133758
0.24317406242488 -0.227760771461704
1.28213895667969 -1.31725461591178
1.65132792130746 -1.05010340296894
2.39000969315971 1.72098748663035
0.850442986197845 -1.12250495055574
0.234076842221985 -0.240454846611057
0.590384028655823 -0.742397301006116
1.10188116348167 -1.30270495513019
0.935510696811824 -1.21619413843369
-2.68874912401437 0.100220043333903
-0.436652363016156 0.227455812146666
-0.235632230475094 -0.268323124801975
-0.726823168408087 0.588172112529925
-0.171573740454022 -0.0309584694678367
-1.49742938444498 -0.0336868776659251
0.416417697331295 -0.646702031834529
0.822625603945009 -1.16607447204947
0.44522450429576 -0.955686706389973
1.12311760108937 -1.31855839192529
-1.38252586112897 0.351949880754397
0.186542266294693 -0.139659387829943
-1.36920542455687 0.261189543689939
0.848882246475091 -1.11364718602731
0.238278744524773 -0.345296630658578
0.054158919849441 -0.262837049578221
-0.575816197869186 0.19021404974319
2.23247397662017 0.799620585626966
-1.09262655325211 0.573400470394363
0.0465057723085852 0.165883267194682
1.1395681008978 -1.31830382238437
-0.201989708463494 -0.0885790067705984
-1.99618733425763 -0.604502543790701
-0.139503947412997 -0.533003747352486
0.528134345611042 -0.899489123166946
-1.36646184391067 -0.181367104857056
0.845585173930047 -1.12405935924397
-0.668584796362128 1.06546033981606
-0.515446156895146 0.0543481413542603
1.03418028394361 -1.29898425921112
-1.01352241967534 -0.0555092890041487
-0.729854380695297 0.095015019535819
-1.19673264501221 0.283463260549387
0.0931232783417005 -0.113971004189993
-0.362695322552381 0.368205365972852
0.781820776559308 -1.03268836595478
-0.00160832104154943 -0.284030072728754
-1.1309278939851 0.880500410943171
0.494972029101515 -0.705646540682883
1.17111064690462 -1.32656165967367
0.875976545801843 -1.11463338920075
-0.56333319282712 -0.0474178952060225
2.36623617306528 0.433503092241263
0.159496303535972 -0.126173927936
-0.347745210796846 -0.109038077886334
-0.298084935075712 -0.30656797113526
0.0337402530131895 0.408081043296813
0.496888853115944 -0.790815474600747
-0.312574714922802 0.215559170471179
-1.35792943136242 0.341687027517315
0.172491132071156 -0.278647508119141
1.05324092656301 -1.28616003430602
0.977333512880335 -1.22659834815962
-0.499100952222337 0.0669283886369795
-1.97471707992676 -0.182277106474744
-0.113374983097424 0.0320017511177423
-1.1594035970496 0.391595372924945
-2.58441304833005 0.0769032391917475
-0.035397314970608 -0.197112785990678
1.31383018773487 -1.31147881080647
-0.366674485135767 0.00980623661007579
-1.35818990283268 -0.116242097021596
0.398086218854208 -0.469995724375789
-1.61973777516176 0.172010153229511
-0.13970965377634 0.647786534240325
1.04173682787247 -1.2839425195757
2.90221651646386 0.75747136324263
-1.59479792908662 -0.479104719094541
-0.255107685343129 -0.0688266713885544
-0.331336241084654 0.431092535526231
-0.81068342517447 0.697388870739054
0.62657812062784 -0.787198074417408
0.630539073922505 -0.947963852908201
0.724718033564864 -1.03149305754201
-2.32824211858991 0.165274125830982
0.351337398746921 -0.757101182573782
0.588392901821093 -1.00847229403018
-1.10435594198716 0.35934690994938
1.20462690814073 -1.32927552412983
1.41910308580832 -1.24789740121099
1.10487148458214 -1.32175081681635
0.348191757423716 -0.434563903618801
-0.487094543899521 0.0488091947095366
-1.32943893243661 -0.0520102586101896
2.00419048744218 -0.659428274887083
0.18459456009284 -0.487519109944621
-0.976940815674267 0.474673378961878
-0.0554590558153379 0.0974789818616918
-1.87212481549287 0.136592928574515
0.295394219878398 -0.337310137864435
1.10537623947079 -1.30728043386964
0.493813579154039 -0.833739857556672
0.888739667723847 -1.14814759294412
-1.52003838261099 0.284309067288621
-0.207918345178478 0.0731222616193715
0.0248485369893245 -0.185220338799554
-0.506158548938453 -0.152538714732105
-1.02609974165624 0.532696202378611
0.531705528834591 -0.649292556222568
-1.12780090008099 0.332894292853978
-0.481357738309311 0.00607341054551905
-1.29208257823246 -0.406617919332994
-2.15258789484291 -0.254722593793168
-0.155028167480932 0.290775607859487
0.837094169831868 -1.1777891542944
-0.911203160383707 -0.365986664774643
-1.00456915399005 0.378324342455112
1.67279379159086 -0.931933756623933
-0.499574757556789 -0.0634438042722301
-1.5386906916004 -0.405376801468665
-1.85922904839981 0.0118296227944467
-0.0894057245881173 0.420355664489389
1.07329730558143 -1.29664753612476
0.203840621623131 -0.669464712889381
-0.10599607939222 -0.129012702641349
0.923717405882145 -1.1978502824092
0.155576545687307 -0.405074028091783
0.180460812512665 -0.345739795245634
-0.33695312114704 -0.0928927282515034
0.546743832239504 -0.988790075108532
1.19413958598948 -1.32902080522706
0.500311958244373 -0.552356943914768
-3.05315304112636 0.691476307295866
-0.746962106541261 0.673652145579407
0.13274669966539 -0.232239896735831
0.200193467421804 -0.401771226717692
-0.207453375543629 0.546451532527646
-1.68711234808613 -0.117781652290294
1.80614563168087 -0.66465587585384
-1.4136571952458 0.415892721520352
-1.10010290994467 -0.0504538794526915
0.57890560381246 -0.771042372959426
2.00564075568878 -0.22517168808401
-0.0922440911449871 0.00857006999529568
-2.37250087461325 -0.426534895734209
-1.74019814647741 -0.0192702060170136
-1.86164442020171 -0.0585593834602864
-0.0465189904615907 -0.23114243268275
0.383288833834196 -0.912165625677782
-0.0120946643584688 -0.302308464087735
-0.344650771059493 0.520158027323658
-1.74007194716213 -0.260928305351027
-1.10339711016529 -0.0974499339413495
-0.173102667115105 0.0249336693962735
-0.364169218638552 0.720102482942333
-0.811392514584156 -0.00919633312065776
0.149621578666156 0.137359254740265
-1.3598355239871 0.102666385696127
0.607853788549302 -0.81415779334845
-0.99781672513996 0.174154174012942
1.63057254023958 -0.958020426120994
-0.757830373190249 0.340741953205171
0.235091048864585 -0.586841723672084
-1.10173276509853 0.327192175862658
0.0884123902915861 -0.554697664895104
0.716216244065277 -1.15342632973668
1.71163511146145 -0.835049227039782
-0.316371791458963 0.153629219463
-0.340839252611717 -0.13381023282111
-2.07171300647212 -0.932671162859941
2.62368044933849 0.965438964708705
-0.187934565730467 -0.335541303970473
-0.238887324610228 -0.0677909570193799
-1.37959161284093 0.159053666081022
1.07114301959417 -1.3009682763684
-0.712045237469937 0.169050424964006
-1.70246935264142 -0.574802727361255
-1.3186328345279 0.207479702711263
-0.892933998224442 0.25726356086369
-1.92765193720324 0.360174615172175
0.362390895466751 -0.219203348255132
-0.235147401695648 -0.401693816000909
-0.895239693370952 0.325325089394727
1.35894199621765 -1.28503740461897
-1.02109578933991 0.221042755862403
2.71090492442432 2.49248938310833
-0.00412046289253735 -0.268216748017133
-2.06605451529164 0.419310385446528
0.00513510101490059 -0.0310191343260909
1.10601820477595 -1.31595094220865
1.12961190618446 -1.32081518273319
1.14650034359476 -1.31922168259471
0.594050116869991 -0.916428053346275
-0.90475867885153 0.321686928795966
-0.0722009440748586 0.275709191662741
2.93546573570117 1.02857847248402
-0.531439239711996 0.0401521594645072
-0.505776563834033 -0.0156035794034521
-1.16340151614613 0.649548830716935
-1.81548031379407 -0.315802163738647
-0.818408907064026 -0.278332623229037
0.160613356234429 -0.268411770717124
1.40934977769463 -1.25083186506787
0.0444333074655938 -1.05280266336184
-0.360491434105137 0.02424846881605
-0.548772234365297 -0.031047765622962
1.73610685236259 -0.803575978822723
-0.0222673344923874 -0.11869313118287
-1.62546758667995 -0.245577934504
-0.326610586192737 0.233424679958543
0.400861573784444 -0.41323631817422
-0.415008107714016 0.970467472618052
0.266604794600308 -0.475332962166989
0.553051329286109 -0.596778823136966
-2.35316170572023 -0.210090670678958
1.38733700711732 -1.2416831134217
-2.8599361868435 0.639978203481919
-0.535526973171462 0.0714374832714944
-1.1633629528023 -0.137841261813449
1.06499978282191 -1.2893346611756
2.20385871588463 0.0871121276088178
-0.175156841398196 0.167917903919871
1.47094393272449 -1.23661583441203
0.138193539536077 -0.0691035724474007
1.1381468764721 -1.31834499556071
1.90576894428719 -0.342745510137095
0.252340902077079 -0.571152703554009
0.598263716289751 -0.688395220372799
-1.08741470315676 0.763113559945241
-2.96464800666629 -0.591119403555358
1.54255700109916 -1.1319223278055
0.455904935203837 -0.70564712651333
-2.33265288280364 0.0107924259019281
-0.800849275854229 -0.414481277653388
-0.689468536206382 0.508887135394388
-0.610106168195911 0.399454048454185
-0.293739467154757 0.211012688878453
0.446759649023165 -0.742320336399252
-0.90387568163666 0.13355267035585
-0.38510738587649 0.05899436498601
-0.0512847084135002 -0.368636014030818
-0.966277855750865 -0.106526933000347
1.12323760541261 -1.31520445616142
-0.00165027024372709 0.169656103892185
-0.300766733359689 -0.193366132163037
3.32523771175513 1.53421565135042
0.13852159728797 -0.320345416830687
-2.21406198815311 -0.252892139060294
-2.15571014456274 -0.226832454002271
-1.10699090124217 0.416666594510388
2.14067168756221 -0.226268754170651
1.29297760047632 -1.3178960663177
1.67845892527634 -1.00425552103082
0.497858575331867 -0.570422743473508
-0.963110206288272 0.454505141480122
-1.19285204596768 0.191354519284404
2.93565257328214 1.73588518152057
-0.43866644475492 0.149396015024841
1.0000675381813 -1.27110506045261
0.707955472654254 -0.961270589166499
0.196605011641933 -0.142706958736487
-1.05661834120321 1.09193746621249
-0.242091158308008 -0.0355175128604411
-0.492772912160028 0.0964854487943928
2.51748785500485 1.48237730205053
0.237514261252294 -0.637381489729769
0.103554856584756 -0.383881904652379
-1.52092618002018 0.129006950412486
-1.18339238908259 0.490993955735866
0.604800489503005 -0.788477089451567
-0.273026322421877 -0.0934334021925186
-1.91849156628218 -0.0830074504069153
-0.461359925187477 -0.229687479299587
-0.49249820549727 0.31353686972111
1.28198468163808 -1.31759681734253
0.420267567671221 -0.792625245107635
0.859916077720643 -1.09254784990402
-0.210129413489364 0.381374336281569
-2.14558462226138 -0.388259654889155
1.37980209702802 -1.26405023593328
-0.0116239050455845 -0.0954154421950238
-0.510850228299133 0.912179089555333
-1.81643383398013 -0.710693007126657
1.9823555766604 -0.0285500532954179
0.420100240671852 -0.88743456677782
0.35364597349394 -0.385721752376192
-0.507230304561503 0.347603697566624
2.56756259846756 1.43296144631385
0.376993417347454 -0.775082621949612
0.446631335647124 -0.800415796493184
0.262799473947687 -0.622292922625746
-0.370295404486959 0.0418341752845388
0.630599431497394 -0.839999342583647
0.920814634845541 -1.18970646812551
0.380738637844565 -0.143387558149787
1.93499270109146 -0.20530389555441
-1.40633691262552 -0.365618231204226
-0.246854403016226 -0.283914133326675
-2.00847809924048 -0.553318233584843
0.436809578633943 -0.748432991710151
-0.0969464860128971 0.216114169417296
0.882720184987488 -1.18591022891075
-0.211755516256224 0.104041093718905
1.71483487266816 -0.771097193476259
0.527309346896236 -0.788731043207172
-0.678749166527878 0.0530102977229195
0.893273251821781 -1.17208127211193
1.7252583545919 -0.821543080503025
-0.467613061973874 -0.282968353448107
-0.930169324558738 -0.201426402834257
-0.104029967144621 -0.0909960104289488
-0.203406830396899 0.798977989750196
0.404001344715497 -0.42065870102621
0.341234246247173 -0.65864051447101
-0.0314734577829531 0.149696013831029
-0.939094498403121 -0.41118164960904
-1.42832895434322 0.83524586744756
-0.406961671997601 -0.28233644617652
-0.786545544571397 0.670509050953178
0.337512399593323 -0.674068180878968
-2.10820233352235 -0.0129571645782868
2.54456518169117 0.954913663351956
-0.469239995478907 0.79122874494882
-1.12604548642251 0.169545316703097
0.805049048396246 -1.08593743425569
-1.62045576573526 0.254159241001608
-0.282632779148426 -0.675575569822074
1.20932346141249 -1.32930714859981
-1.65488683117772 0.282346287912654
0.155684344231559 0.142896180272054
-0.715005463986815 0.713386884765404
0.404819551742718 -0.529566523224876
1.5713123087987 -1.09280111252185
-0.184377885623008 0.304016487855945
0.456978055965556 -0.796424278626698
1.02975290617656 -1.26101901891945
0.723283427880047 -0.982661481111144
0.551570393522468 -0.889190494760571
1.34574657441641 -1.29364388528632
-0.529852074720228 0.054659527533889
-1.09146318669435 -0.169810055170078
-2.66401448189925 -0.179233274711859
-0.897903539486084 0.0489424711866106
-0.672895374053439 0.47828403882437
-0.996568560642249 0.229340174253075
-0.222752156098638 0.465228804020876
-0.0740616830440883 0.323225798722637
0.961220301113416 -1.21611919520448
1.35410605269828 -1.27845586519948
0.259578536803345 -0.884523465803332
0.16721173159044 -0.156738931848823
-0.0242971492975027 -0.597381568198203
0.382709524771316 -0.556771061626883
-0.474775017254036 0.584051611258915
-0.396640720222629 0.64491927249237
-1.28867999318282 0.133640526513297
-0.725401136081775 -0.281970317194463
1.39591397209337 -1.26927903159985
-1.08553038180048 0.3402130819938
0.190718019928023 -0.552429291202318
0.984867795622508 -1.27916400908492
1.78760932275344 -0.788186014814655
0.347629294849171 -0.75705990698989
0.944179542844368 -1.21957951336253
0.850293480894013 -1.12075694699868
-1.26506111519884 -0.0428965774947049
-0.566946619622105 0.595314040183974
-1.45826194580248 0.200469517969353
0.13016849950837 -0.422436796512809
0.433387102115624 -0.404149025730078
0.86917263488355 -1.08173460951647
-1.88828748067104 0.216043241094256
-1.10117826016577 -0.593721544249994
-0.216212545381463 0.304111033368334
-0.417091312868877 0.612467112670907
1.73187679080227 -0.748258187421095
1.1126489667449 -1.30924974431515
-0.107474256653355 -0.476657378498774
-2.57573709020328 -0.427883211073925
-0.646680818220993 0.350202251444913
-1.73144358726071 -0.816792809940736
0.403473559295475 -0.303688938141135
0.416292871346992 -0.575608633919778
-1.00102493141874 0.804749892430462
-0.613726062729292 -0.0546276132198799
0.412279756249071 -0.661608627027182
0.615032607689081 -0.793882356467168
-1.41488478063313 0.925988932029292
0.0574533276990013 0.0924645877402106
1.80734800726743 -0.673169938836654
0.749420166803285 -0.981899337692887
1.9615312550396 -0.553489450322104
-1.75317273606667 0.0548671851861617
-1.92631779448406 0.58402417355105
-0.0260362505890393 -0.764488660714115
0.932437670294535 -1.25803530645205
0.135870279505678 -0.503470834301284
-2.89129682902911 -0.0148901250611553
-0.899996206766021 0.676277749734402
-0.660464401149659 0.749055667170057
-0.0550293657391786 -0.252314637770817
3.75391858256176 0.984797018510793
0.776091802430722 -1.15565298163168
0.466378424538278 -0.420339507653216
0.4654210033922 -0.597362275449164
-0.723562236677139 -0.941760113117486
1.70451609799999 -0.952454422359225
0.531081916218764 -0.60537880132369
-0.727255662238498 0.475999309840763
-0.647100537446058 0.612529188131185
0.364776080180873 -0.543911595723775
1.31283803057641 -1.31072834791142
1.16632650455325 -1.32641132397115
-1.26590276767443 -0.623299981489671
-0.200598216957609 -0.353860642015172
-1.73541793266266 0.195047274391693
-0.235204269987542 0.137230895459499
0.440631871571872 -0.954361672523055
1.43027713386547 -1.25091155384325
-0.833950711358432 0.471595989185633
1.19053729771536 -1.32875649107632
-1.88757712796849 -0.0777057365148754
-0.759026303437813 0.615360076971804
-0.68387677631969 -0.0285983428959404
-0.494245659675199 -0.196924272685362
0.628505701417826 -0.75646147207974
-0.414269978211001 0.0835770479482207
1.73351471056565 -0.904596745522655
0.39836084458938 -0.64038870376946
-0.188833871772401 0.356923464912558
-0.417540792465493 0.173491021874998
2.41648360993785 1.97596402068811
0.572348896960522 -0.878838419667806
-2.13705848059931 0.306105286082945
-1.58880461847067 -0.577707292486399
-0.0262734157417704 0.243679763298439
1.02096621311994 -1.2714525696173
1.80826446307592 -0.381859709769008
3.17488962859513 2.53817907641645
1.05659748802326 -1.30705536848525
0.839609961622143 -1.1179243911966
-0.39934995868054 0.0061081355331177
1.20367963945833 -1.32923820007645
-2.53433926376044 -0.12416106787208
0.76309591538481 -1.20789355263567
-0.36537609466222 0.305629123483457
-0.014652110983871 -0.379961606396385
-0.288570551298273 -0.199706136720478
-1.54893342128359 0.272699505497889
0.855589290344172 -1.16796949034842
0.171969775846344 -0.222350608290707
-0.87919420426945 0.151960863990145
1.69024042170293 -0.933325871912356
1.91702995012787 -0.325102969625768
1.0654807065486 -1.29611855944933
-0.247014670968398 -0.222292186681357
-1.27511884493159 0.479246370588976
-0.536406201833925 0.0794070597864715
0.712773372486959 -0.961213404669231
-2.30894824629939 -0.179328935452887
-1.87423809599405 0.153438063860988
-0.345819186528768 0.394906991112319
-1.44789238022011 0.237531724722881
0.300758680783543 -0.579532279411528
0.0821124681542665 0.110439682862288
-0.207794365040323 -0.14670310125335
0.32948951645296 -0.586490141083842
0.201815850587626 -0.3565771348561
1.16873977606548 -1.32686215449284
-0.245839464608947 -0.525105239225078
0.575994909095223 -0.911859571613885
1.6482112669124 -1.00609001445902
0.623320911832676 -1.00765721048648
0.589636564928503 -0.852324265443252
0.059959413810075 -0.456956711167609
0.984060959011584 -1.23311662871723
-0.68380608211557 0.80386155327463
-1.0716074479035 0.471075120107809
-0.146158733294806 0.307899216741112
1.62624787328848 -0.942986691593722
1.37353177106453 -1.28108472066754
1.33948906175716 -1.29020833046451
-0.0921913131326741 -0.389654931418736
0.207285856272557 -0.303836608575089
0.087701720405158 -0.0721755409766374
0.257688074364402 -0.331443569298161
1.40011945915021 -1.26487326472422
-0.786138017091328 -0.631864791082525
0.202428705918024 -0.05263504836536
-0.507477335410236 -0.159590079818058
-0.0481978342361164 0.00562290809473502
-1.15955229868544 0.87888472755746
0.905064134236099 -1.17555239436873
2.83406875652446 2.63794136255875
0.470543158595536 -0.560427925037757
-0.315758942992784 -0.284446512029609
-2.7489767000143 0.935815133063257
-0.109474387741952 0.048483621562217
2.01349327066518 -0.349830898213265
0.327778044851377 -0.923356471604481
0.178481244249808 -0.207915300938452
-0.293128725015298 0.164913157857443
0.67001058911032 -1.06569360708685
-0.501173514081073 0.934567654861894
-1.87113521705428 -0.491128347294538
1.54120587332088 -1.05240900428395
0.449323137631014 -0.670672387805973
-0.300291717031472 0.652442923779374
0.61328764580695 -0.547717503781668
-0.236436732435392 0.052154238903318
0.00176246844516343 0.305840303510626
1.96686606675617 -0.289891275992348
0.703188014892285 -0.918174370473088
0.286865826331332 -0.25892880437465
-0.70892956756256 0.660416874825121
-0.706313610879117 0.399870227940859
1.22679353448697 -1.32890981063955
0.745456719148718 -0.886656096138895
-2.07787815377023 0.0157603707034651
0.42071379951304 -0.364848106116347
-0.00801631284772001 0.499109846396976
0.0621595331395505 -0.438621633483952
0.497920393385535 -0.751897650800547
-1.77157181137601 -0.314957234075069
-0.998359383185101 0.152943247670419
-0.837812679056141 0.622684352167964
-0.643504628682841 0.0581974027471674
0.206724526532654 -0.509013980842867
0.584080356365307 -0.858718971505105
-1.38666594320568 0.309375460387391
-1.1799588317479 0.780716857112457
0.159202344057681 -0.438500268057573
2.22190675805399 1.09372198440195
1.44358817362216 -1.22513027728051
0.276432011995792 -0.339096316945138
1.30785107936219 -1.31396260522628
-0.33289535190994 -0.226281642319446
-1.45635148735208 -0.0419971484990184
0.396585432180991 -0.308830870702537
1.05406833975579 -1.29286640516119
0.534940431140895 -0.687365280944334
0.601086329559308 -0.575513315089277
0.903683109366909 -1.20092150594397
0.419702655849196 -0.512006186884565
1.07714660487327 -1.30370842921887
-0.43433885546068 0.140498593623027
1.9301643181545 -0.4058941957744
0.341763843122661 -0.799653127130919
1.8439852434851 -0.587759423226517
0.47680191018021 -0.724142096020769
-3.2418022745834 0.082728370729077
0.648041710371622 -1.00812569853899
0.33802661419412 -0.500202925693918
1.43529301743293 -1.19604719574418
2.06695315342008 -0.136958010636048
-0.330889541484432 0.00948903818989352
1.28590970075572 -1.31868573679479
-0.557224015216981 -0.214634370421281
-2.6565310469632 -0.338971349269975
-0.642514220867016 0.145376853063435
1.04834775556495 -1.29349437966118
0.0141262565663331 -0.46856621858025
-0.566643839124642 -0.0737758836635309
-2.24784123269013 -0.143147404559031
-0.272614342076341 0.15718543316347
-0.38223789844242 0.908825524501421
0.350915375196928 -0.31916601821251
-1.38610387876356 0.133576747357256
-0.408283955203825 0.50922523334367
0.175657907110134 -0.406162846342966
-1.68081713927196 -0.274815267592927
1.14246115713257 -1.32058307386639
1.05766820301695 -1.28579745571137
1.01270593648181 -1.23636661061
0.954688942951607 -1.20602623941261
-1.21001990577366 -0.344260128997969
0.215502012524965 -0.155742460137188
-1.52556600911165 -0.0961028925643938
-0.0387038132337377 0.144656656272675
-2.54310124660967 0.125032447822557
-1.41341095593055 0.745877381526048
0.306751519021872 -0.377104005506537
-1.50577290910146 0.104073769128127
-0.939061968538919 0.242191724625827
0.425040243334646 -0.579308152069099
-0.0899732220477763 -0.234557926779029
0.0722955510238031 -0.671793820629279
0.28608130898072 -0.236577433565078
-0.485627384827026 -0.196797450485553
-1.5723440378775 0.25888986601011
-0.610583073061321 0.0768226998269511
0.506138907323693 -0.568564847427319
3.04998978115999 2.26319899970082
0.83391511615238 -1.082887830872
-0.510488070180906 0.232540031774654
-0.956973182467094 0.688981548049734
-1.75277440203813 -0.328245872916843
3.22123546049841 3.01997431110148
-1.16705495244267 0.574289597059954
-1.33020129567058 -0.0662667455912965
0.290849800387176 -0.344714741888317
-1.43856925920888 0.417775903210164
-0.978586944813279 0.325248106748495
0.996516161738629 -1.25559028072444
-0.146450341848318 0.363115760360946
-0.551942108239818 0.195882374082742
-1.51769955094864 -0.0972854645068922
1.06572257122571 -1.29371230736101
-0.825401467914044 0.743678788257973
0.938186679054081 -1.24939436543485
-1.12677741972551 -0.069267437102891
-2.33948555049261 -0.630253416232068
-0.59865393949654 -0.504393888846226
1.79205682579603 -0.763276005044298
-0.606938547770448 0.181705426466467
-0.631786139136478 0.206229914954179
0.937580413360708 -1.21976313117614
-1.0173372285608 0.286999799675552
-1.62462463280722 0.363997586463
0.397964844392783 -0.825524412157008
-1.24120176144186 0.459931194042764
1.34771564195598 -1.28394205837254
-2.2239842560294 -0.296764410247746
-0.0791309142974892 0.000901564670367977
-0.572559541786418 0.0380478899422053
-0.404423785526918 0.519349258880799
-1.6862098516925 0.621846451666822
-1.58919183427033 -0.139700657380741
3.41565753978437 2.56437432022177
-0.860536777987371 -0.0531164339724003
2.5116240007052 0.932160300259136
-0.96430827716201 0.360923315359338
-1.65647120916746 -0.289670617606829
0.296848917977659 -0.151197845785691
-0.900595067927253 0.0354538793334465
1.01930456013472 -1.24399503026426
-1.08691488345083 0.599742180291268
0.223130634040328 -0.721008154298882
1.57283068258534 -1.09588504116227
1.78491308431187 -0.703532328555743
0.723070623107919 -1.10178664379892
0.279127589515857 -0.19013973670521
1.58273821305123 -1.0108520218938
-0.290863692625985 0.351057103550378
1.1416483428916 -1.32229599139901
-0.43729338669108 0.220158190938883
0.60030061571434 -0.849743334641746
-1.53281374859785 0.101225150423544
-2.19582435704369 -0.267110554271007
1.15634619159262 -1.32569859073769
-0.281280394582009 -0.346236121541632
0.766653766085627 -1.05720051897292
-0.125618571529031 -0.703504849859241
0.517525005193514 -0.792020399287441
-0.00391782845072559 0.228987558219077
0.984807947773162 -1.22566360576035
1.74342692003552 -0.870334820938924
-0.165144898692076 -0.350478692645969
1.43673349916224 -1.19704216537706
0.380858659156297 -0.469285000988033
1.20212698841452 -1.3291873657523
2.07534570890184 -0.0563044904690713
1.39162760266384 -1.25972421340922
0.335145576533403 -0.445849685716915
-1.92135009231561 -0.134299579581098
0.0272633961288397 -0.204509699479925
1.0921220104834 -1.3056841142264
-0.259167936461142 -0.246100913276668
1.01764231664077 -1.27234107394333
0.18761757621919 -0.585579755392011
1.31074459101191 -1.30435398863257
0.896365889919812 -1.11593564292535
-0.247584477516721 0.0733609278267626
3.73620895183763 1.74335240385944
-1.01530662638881 0.528227943161835
0.209750491357666 -0.284454102917044
0.57216160027077 -0.763660517500395
2.32798873439161 0.947832901017768
1.79141111143264 -0.802119081735263
0.304607845987183 -0.539312900764599
-2.78527985817151 -0.148600612389774
-0.0973744005475163 0.506926970908694
0.454111325454306 -0.61495851231944
-1.120033271405 0.138184774944131
2.02958102682825 0.0180459130235157
-3.49517458960641 0.650655605077169
1.85090686374248 -0.656378955844921
2.58276504217821 1.40230762364138
0.188325257028178 -0.107843001936386
-0.163112708667115 0.0756358476878682
-0.672856291867863 0.321794808882397
-0.708881278405161 0.469272685134706
-2.83242842294136 -0.0587425978516963
0.154268723169441 -0.615000300459734
-0.217659237371516 0.248522294740766
0.317816694035681 -0.948735289855385
0.110581767413466 -0.282782859601797
-0.18985498309883 0.200673176606464
2.31528040269283 0.353792876176325
-0.842148703466428 0.428663239848528
0.620624709994824 -1.04279325054747
-0.365498158295313 0.345093305137832
0.686550229651482 -0.97687396658907
0.892867313804585 -1.18935831325519
1.97372579525481 0.0318771015488706
-0.68692406267238 0.455396919260002
-0.180678152550324 -0.392452610250442
-0.857399591560877 -0.0507906755890142
0.795695354485673 -1.11781359011656
0.319302166683503 -0.608685330681485
-1.21217175147262 0.169485231337125
-0.376499440900838 -0.126397885027055
1.00559042510836 -1.27945744712861
0.989625048019227 -1.25714781236395
-0.474953473234638 0.422630203470492
1.34448877499074 -1.30145133830061
0.424998517915109 -0.631187399264313
-0.413229056113203 -0.306019885115105
-1.92168770036074 -0.0238156814776585
0.944424535827365 -1.23141688718735
1.39886143066456 -1.2576109834998
0.903911728905366 -1.14602297730534
-1.12616920963098 0.0555559795402566
0.845211016800473 -1.18609493161326
-2.57965194286543 0.127698609684874
-2.47103845367077 0.053613583542164
1.67831589412978 -0.95238103443858
-1.44980355996289 -0.273391912037036
2.02724202158784 -0.643537817799619
-1.55795537796618 -0.144753846861291
-0.00700419690683519 0.174634956928587
-1.50174289359624 0.266729117134568
0.469844831371164 -0.808146651980945
0.219723256951062 0.0313285544270391
1.05052802693725 -1.30892508744063
-0.525938060145583 -0.0553340251910032
-0.283491849136984 0.145378115558557
2.17405108004734 -0.396940992560649
