0.337421460990341 -1.10806045878281
-1.04461031443007 0.102881476352329
0.619789374789023 -1.5794685789627
0.850507288428336 -1.91955759705472
-0.0690347529797866 -0.556068181998105
0.540145282906488 -1.53582772653472
-2.61850631384789 1.84103968230317
-0.622026893651185 -0.409720030884856
0.572322987161927 -1.60922548090611
-0.569452912929604 0.0342216982874265
-0.518190638058286 -0.0454468718217999
-0.13471538894959 -0.510674281809461
1.77959755809532 -0.492908155086222
-1.98991396616297 1.54126366477904
1.19926785173926 -1.93171463083526
1.25931424715835 -1.83076385098865
0.544430418383445 -1.58875632952876
0.893582387536415 -1.98099238773082
-0.157215664001355 -0.644318377159247
0.00250966920749187 -0.447981399912249
-1.47310993087341 -0.701935887908284
-2.01741951484035 1.3519696535089
1.90640350781236 -0.361158172551096
-0.460442725777429 -0.648640443951448
1.46276019275889 -1.50642968035388
1.0870783971999 -1.97587323960973
-0.195961947239775 -0.0525805905927197
-1.04376587594929 -0.298758917879181
1.08056712423378 -1.98168342050473
0.272774525463664 -1.35499668788257
-0.416027033105773 0.562008148359074
-0.193780765014132 -0.11556671584114
-0.600179093601884 0.493222245137205
1.46950234746879 -1.6079839338031
0.401779802452932 -1.39606021002465
0.263184019988037 -0.867050795749239
0.348559596166449 -1.00352060086995
0.459447586702219 -1.27948295387552
3.21659885971023 1.00456649073829
0.402739422873865 -1.18445775431651
-0.461123359762735 0.150826458584738
1.24881322817577 -1.76820032682365
-1.27530815256207 0.141923824728708
2.25066002132176 0.997845999795602
-1.56285967742354 0.81341825213444
0.437274104595873 -1.20319393787206
0.330049085520813 -0.94874039878474
0.61510791843039 -1.73643480204929
0.667925815353121 -1.76303579789116
0.552269465773064 -1.42800111068631
0.191884632737163 -1.0735204823593
-0.667632789487279 -0.463442734113889
0.216281575371909 -0.780820090376629
0.576916339659673 -1.59413136610397
-0.240809446437199 0.00152989405678678
0.709550363080058 -1.88862524445262
-0.234985842899468 -0.0587281496104587
-0.350705618355511 -0.525148237177743
-2.11510667783829 1.70873205195635
-0.988993853354689 -0.372090550119048
0.805256385443507 -1.88556838709975
1.35960208229101 -1.71249406231594
0.315241343229275 -1.11552209865138
-0.89639983850797 -0.442418713139244
-0.79296587073672 -0.0985842986955989
2.8237072850328 0.436033172995672
-0.576180995977338 -0.00170371143572878
-2.0995277094078 -0.33408504745763
0.773498953766821 -1.89110899257102
0.751563089853666 -1.91344490708471
0.838162866844251 -1.94797564379723
0.768374719610168 -1.86971900646515
-0.895088044981709 0.513981506973602
-0.533488520557158 0.313725697124278
-0.808361819789002 0.855832293746583
1.44513533690669 -1.39269477231891
-0.640275915614833 -0.42772232009843
-0.278857459345558 0.224892828430913
-0.288206608198019 -0.192713229307621
-0.61823107227118 -0.369930492946831
0.243947260179216 -0.943086748258509
-0.526978422940581 -0.386344504469973
-1.10925304533918 0.473863225239635
-1.1282293575616 0.416995052542493
0.753080304437857 -1.85177965621038
0.603365060313595 -1.58904420663227
-1.20523889782051 0.34281338501647
0.232861671401317 -0.921143332364092
-2.61290316533228 0.599741705189817
-0.59772360916349 0.398287561038334
0.560065196054261 -1.46352794688943
-0.550924934361013 0.384781108120519
-0.866582294069352 -0.0108545943812001
-0.413250589377262 0.535389140601989
0.0327337755669286 -0.53570143033412
0.354240663843187 -1.01858388866354
0.774128222692725 -1.86335935365992
0.748378016482059 -1.85934127162032
1.44775251983389 -1.36078106619565
-0.348826889894364 0.0321180218402752
-1.42255980201895 -0.024651578501533
0.193807337056026 -1.14169689596922
2.65898466460764 1.30692846894759
1.59210542841666 -1.24494978361054
-1.25591794790757 -0.33557661158818
0.910623675493542 -1.99776544866401
-2.08033864506603 0.402599539740119
-1.6306105685795 0.228673350033131
0.15987939960896 -1.68736371956015
-1.52591531867238 0.5412038625209
-1.29505948585092 0.325630030264993
0.33824380473587 -1.24175850418623
-1.51674854452283 0.137772215565754
0.158876358250731 -0.884443312830676
-0.789162462122957 0.520223150542576
-0.887177597935102 0.64490392823859
1.96350062733156 -0.0377218042592897
-0.776328780637292 0.300078975833383
0.603510290397638 -1.71784628256934
-0.684776113240904 0.143463259717369
0.966036884866979 -2.00797137897117
0.277743077205253 -0.797052742149583
-1.07046453847256 -0.325933838795125
-2.31730756860752 1.06434984183285
-0.394107379407217 0.351624174043659
-0.541261573921645 0.708462209156369
-1.50472367394014 1.04810751928775
1.2892757478938 -1.85542081744805
1.30833244816508 -1.57377619142614
-1.09280498905797 0.16934784443144
1.18543063891025 -1.88369017071071
-1.04787683206008 0.0444931313260725
0.189831488573577 -0.443235522664741
-0.813660254664536 1.09112841849729
0.254426136555543 -1.28415918020815
-0.801656270730974 -0.242756220491882
0.592492310907726 -1.62957526281834
0.562845314468019 -1.58105782097373
1.04023272656736 -2.00659414883755
1.0536605574022 -1.99898722233462
0.961312284927395 -2.0075029595533
0.864697715448295 -1.97086199838914
0.496953593795086 -1.33203343599649
0.781901039449081 -1.86507785654163
0.96047522366393 -2.00855848701744
-1.21128741815552 1.01978965135564
-0.428477716308207 -1.04015902255726
-0.418485175720817 -0.0922341803544779
0.346507574839653 -0.994403649546193
-1.23381409312968 -0.00865917086146582
0.882584431010405 -1.98822943059602
-1.14341404892133 -0.720838281551175
-2.02662397408927 1.37036821569874
-1.0348814727467 0.16403301749012
-0.156512076598023 -0.19218746093986
1.82371800108546 -0.379221280117107
-0.168595233449282 -0.0533440178686495
-0.320612473713372 -1.05701183447651
0.442630903505536 -1.24280196946583
-1.35000358526491 -0.821637081990203
-1.64484554815068 0.276173146161001
0.293712868884876 -1.45115922203551
2.66152010880609 0.273215532128933
-0.477082582662452 0.227567506806584
0.512725288444581 -1.69375772181569
-0.234340945748921 0.280419625673354
2.7876203573929 0.354129831877437
-1.03838907783493 -0.0537322497379304
-2.40732645182458 0.57750653832341
0.656314671104388 -1.7622071988388
0.260777971864481 -0.805218838453082
-0.299576949134843 0.0776052009945816
-0.350246850540299 -0.834369472198951
1.4852578211399 -1.38294953098224
-1.24410490078404 0.202733300541439
2.28903840745201 0.897699599899956
0.554354552009571 -1.32654523507508
0.0906904533538017 -0.725724096213768
-0.679035707615771 0.106870690114111
1.2781622278202 -1.84827906284057
-0.553640942933956 0.0312519020263013
0.8072665627984 -1.93330149625176
0.427195540376547 -1.20369892369809
1.80481128431327 -0.625403542394602
0.247299916872451 -0.347716136101298
-1.11296835190403 -0.381149523720684
0.139534017997171 0.00399919064995902
1.34201730884275 -1.65169159019821
-0.644411011491664 0.178425992758511
-1.17934468280311 0.43384297892137
-1.58528250872855 1.66305619106201
1.84336605714723 -1.3637277610325
1.12120234446551 -1.94856582403623
0.206618004338902 -0.444426802941199
-1.25399824162212 0.806613887834535
0.31766339399989 -1.1953149749668
-0.34840931058265 0.160411740907473
-1.13801335738547 0.164930274633843
0.226928005123495 -0.950415862763143
0.726366571586083 -1.77648919471597
1.19455093251893 -1.86839072545778
-0.145487655946224 -0.281538797557625
-0.0780822447263401 -0.734805083416535
-1.03830783269643 0.442048565125845
-0.165580296097317 -0.0810209030948034
-0.440154184145187 1.60512839012932
-0.944339944558604 0.527469953714062
-0.318815049524577 -0.620380047602615
0.659479172381383 -1.64405566127276
1.25057375396014 -1.86049642800108
1.00726550777966 -2.00897025638718
-1.21195192565639 -0.892961076534869
0.477575013815596 -1.41013353074885
0.590748892882125 -1.61714747554132
0.857807919459687 -1.96721920158018
-1.00572401423437 -0.412646991148566
-0.883417594797706 -0.0930333555317154
1.65741080213334 -0.665368153439972
-1.08502547771685 -0.148891730757147
1.81514728837242 -0.808784957776868
-0.914599613225843 -0.0173219847087756
0.404967406815599 -1.10165719986695
0.427479234808458 -1.39420406353742
-0.848007869578222 0.405980503617724
-0.766217788430578 -0.0666184464083456
1.0557677498039 -1.9972655359106
-1.71291895240715 0.123336111465043
-0.56724884807517 0.624530111015293
-0.466043622663455 0.381531170490009
-0.110564483420614 -0.76817882311359
-0.720749218353894 0.495618365199396
0.945769090727617 -2.00360158192094
-1.19059691749728 0.739910372732598
-0.414480948902244 -0.252339877858146
-0.820795215440444 0.896877068057967
-1.70889578606288 -0.681146719269736
4.71621423901699 0.773809670302992
0.0481148409659517 -1.38333703590385
0.176481690700612 -0.65500780717432
-0.760125485465346 -0.145116447411415
-0.0757986292348551 -0.956446670436557
-0.234840928663487 0.0259863409475178
0.85169017051195 -1.97827856279773
-0.416085367556613 0.0414687168670243
1.8659380185712 -0.698494217507276
-0.537797975183452 0.0112688574285632
-0.680353203321321 1.76168021884529
1.53257993884391 -1.11770014012757
0.569858875070583 -1.6845214104036
-1.12527365355714 0.0319844756735869
-0.433597520474322 0.608294166661129
0.376663754058058 -0.862029995124549
1.18052131776382 -1.91135691627843
1.2846905819137 -1.74350376600078
-1.5596471921267 -1.0766667456422
0.900778573751275 -1.98441676467936
1.51470016579132 -1.52452055108127
-0.448819031690496 1.28971939499015
-1.82538002263681 0.335137333499597
-0.939783134372707 -0.122448462640692
-0.287322457882281 1.29139287746247
0.729017743897157 -1.86160067008396
1.37520668745782 -1.65724490279995
0.57609678700616 -1.63106365061608
0.918790725881493 -1.99611299820679
-0.844625502333888 -0.00955292367880939
-0.712796081555368 0.0873525107475306
-0.30380756110523 -0.0487917837559875
1.3209115197844 -1.74585923221726
-1.45258698734503 0.418252472963532
-0.420174503668212 0.312139459456146
1.11933376489671 -1.96575783088341
1.54006161860301 -1.7420481565532
0.4290238546519 -1.37759933658429
-1.58794439194815 0.248757407993425
-0.0483692254137095 0.197466064481652
0.394833884276989 -1.26406646275046
-0.28977115842093 0.587062301370923
0.229984798242034 -1.24300823723337
-1.20195180658296 0.158211237774808
-0.500861941831308 1.18008244948049
-1.68931171343135 -0.37112486070648
1.29158620306748 -1.70013545285472
-0.287771632027173 0.599703587035281
-0.435236133142271 1.60736912036418
-0.71871219847295 -0.0205952649060884
0.534834330870312 -1.30778777203163
-1.14764962989808 0.644067501201321
0.32913058645359 -1.20842990695666
0.882378102462216 -1.98719459317626
-0.688142824026632 -0.0991901622806491
-1.91736050725513 1.6336812218979
-0.30744023595236 1.38806216772646
0.931161805581778 -2.00061274859656
-0.651186019654677 0.0619135988973299
-1.18598094953796 0.154654585281425
2.25122379724857 0.612515380330057
0.548019727965508 -1.5029575458524
-0.0796019395552916 -0.492987374000424
-0.53453160731236 -0.465645140196361
0.84324701133789 -1.94445900008181
-1.37540680241036 0.325714968241013
2.33950565502174 0.458019452527846
-0.116892013562353 -0.0273650489040323
1.32767174291309 -1.75587869888048
0.0768792190851108 -1.08245125453605
-1.73920899122348 0.394519581746818
-1.9781479573091 0.500167112457293
0.382961858011731 -1.40819455249949
1.20364258720316 -1.89140461936859
0.882105614257258 -1.97426984149661
1.10611677945992 -1.97905699682708
0.542405165639905 -1.64786607713434
1.16578315876799 -1.93301489888625
0.154568259161565 -0.302078650513372
0.0914006422119507 -0.629066938966585
0.724983080153692 -1.85934501218507
-1.56581790869712 0.298561208851588
0.199884109512676 -0.508778312847036
1.11466257300912 -1.95947389937288
-1.58234916849235 0.431190833636164
-1.83025862496465 0.836637176689777
-1.63304849078271 -0.223114371019063
0.420865625060046 -1.26094647832289
-0.716990655193509 0.555561586053704
-0.568135968894336 0.862212689433902
0.515579865163334 -1.47598687144323
-0.126278758967274 -0.593655239508055
-0.952307156778945 -0.475900239576701
0.282875478954409 -1.3145233816718
-0.300579519376975 0.55333550528709
-0.377521087424505 0.848917335598971
0.183799823754936 -1.07889623749331
0.648521065612529 -1.75705610820534
1.57908047462625 -1.45122252898924
-1.97428126404481 1.50994778370539
-1.02313039492215 -1.10296424936421
0.967407111808166 -2.00860295486457
0.570708733083268 -1.57736657425419
0.036088981770951 -0.371948111834177
0.376020266985807 -0.786321132317734
0.0120225294442675 0.502675008674682
0.176175244152139 0.0795440166273766
0.879824218376793 -1.97569714150253
-0.982434629819948 0.825118206224051
0.720752139332113 -1.84405215096498
-1.81603485765193 0.916758873671204
-0.801906479423211 0.0502918701202847
-0.061326472113496 -0.0999032862493901
0.872057482518298 -1.97582298702236
-0.0700460796533945 0.317142827332706
0.900029020869595 -1.99675647652423
0.106417547839884 -0.0221220870592516
-0.908194817487506 0.391449429420637
-1.35045496882039 -0.56441755190513
-0.386293646575184 0.164725373703991
0.0481447643862342 0.347026955388211
1.01004054739044 -2.00777016233717
1.3119439028467 -1.6673198110605
1.50015601467769 -1.48587666887631
1.74826451629929 -0.550967899236631
-1.97719084147036 0.821604451886944
1.07438877874958 -1.98956227577749
0.690117164374723 -1.75159750044784
0.362093976055506 -1.36796628362262
-0.199244465539749 0.0189733930884926
-2.90952316973913 0.329983318194901
1.11556934489336 -1.9740863201671
-0.869987875330407 0.572819967139064
1.25988142526268 -1.82522785804937
-0.421812234736698 -0.350910002996298
-1.22095755204885 0.0847616743325371
0.285832788111651 -1.50515266178682
-0.151745332479807 -0.122212796795827
1.18471640355472 -1.91585130191401
-0.568608210043155 0.247277173159186
0.0190608451227177 0.208963650082228
0.513071918920348 -1.43917369367193
-1.19129349559617 -0.124446709678331
0.405457850184535 -1.55401181411717
2.82996871149499 1.32610763707461
0.732422175826261 -1.843002095478
-0.120604699584649 -0.353745518617014
1.41500886387373 -1.54668268518557
3.25710358681759 1.52982864019463
-0.1611778612921 -0.189738577914175
-0.557650552960708 -0.31025033972678
0.190030391963248 -0.594838453586785
0.214681273802849 -0.57394917461631
0.94602034100425 -2.00599734373882
0.378601824183298 -0.987832379935872
0.123034620603911 -0.646224470193203
-0.921342411446446 0.178696285482998
-1.97563568061533 0.900295852071703
-0.637817706782503 -0.240673979417953
-1.00850506053509 0.664283524295411
-2.45866506069637 1.43909679533199
-0.175244606052363 0.314228364354274
-0.922149968680267 -0.0546794286729722
0.0307090086111429 -0.73084135900311
0.364388460691853 -1.41149499114162
-1.2716800937998 0.0364160488240715
1.82194911925115 -0.138012215772504
-2.64714050399948 0.687795669598251
0.870976695392837 -1.97756922287719
0.157913863709071 -0.67764251800666
0.0401901313729272 -0.62377446520622
-1.99702644108562 1.24408050308435
0.0217378849935037 0.0911788251537165
-0.288404387463902 0.713210563030654
-0.14349519057667 -0.248639074402939
0.863839653346443 -1.95295856656388
-1.87724997733053 0.468326642695539
-1.03654362582442 -0.231656845868725
-0.703240957800019 -0.295193267650115
-0.28635042271257 -0.0441493168461423
0.972141998199085 -2.00900108807857
-0.621139542567544 -0.284926339852342
-0.877120593808131 -0.280545048470023
-0.916830675666991 0.673719537728867
-0.572726127159232 -0.495164165988565
-0.470111780763302 -0.722423239913029
-1.34072399253827 -0.280896981885747
0.878512188809256 -1.97892786045786
0.964248096828115 -2.00802419760293
-0.0216882874307766 -0.0212733387247094
-0.709776586893898 0.450395627827921
0.0209798689335151 -0.718832001215373
0.869050351158371 -1.97071635203334
-0.665688551481346 -0.104968753003441
0.0812579332322393 -0.879515182347914
-1.82840956623037 0.648273963931625
0.377354922202724 -1.17503614565045
-1.79167652112552 0.588508835861653
-2.6569346593436 1.7882765225898
0.875036416552855 -1.97070562881815
-1.10133950113824 -0.575850722157705
0.451205577866229 -1.4446186134987
-0.337450522022007 0.812012022810728
0.955608051046933 -2.00748222501
-0.35136312021309 0.736117392894411
-0.13947334649093 -1.09276179304172
0.290358725032152 -1.09328610988293
-0.0257857668856943 -0.608710679269476
0.0584155544391761 -0.656046264193947
-0.740570091925429 0.0933705251978245
0.804442633535508 -1.91309427861183
0.932800431341819 -2.00188654869051
-0.684865275541212 0.0629086956758743
0.0807426445485852 -0.10114970921942
-0.37874956214928 -0.615957686810468
2.78259508127514 0.205670870661484
1.94929548365509 -0.439053760272073
0.0726623716135126 -1.04318757057479
1.48038129382694 -1.63852931303814
1.08512408092245 -1.99224719125629
-0.4952776112822 0.460252357627576
-1.36767824022481 0.397669996563084
0.524602828374443 -1.43009214010629
-0.0543262025099628 -0.462219548953493
-0.577240403451233 0.0268901886427272
0.700503424277752 -1.77571223437117
-1.77076618683833 -0.0447448169394965
0.468081111791996 -1.43905750739447
-1.56477643730455 -0.0077020393809107
0.548289506092167 -1.59462158615152
-2.24005316406247 0.312860756510533
0.9306819610856 -2.00143945557401
-3.09200618526491 0.957135979996416
1.4932428571906 -1.23234529118553
0.971427194211129 -2.00902471699755
1.05208142665942 -1.99640959416412
-0.829196155361259 0.736694793627719
-1.27058122648531 0.290442695813187
-2.71957721769852 1.29651114515024
-0.0981025629350981 -0.372950707915771
-1.82297542928263 0.681100462257806
-0.662865089741022 0.21541844856525
-0.633591778591213 0.867061272477721
-0.830769359889723 -0.387567768272655
-0.762400309639612 0.743895030482372
0.641428988654224 -1.70592903051381
0.498241956290386 -1.69224071695918
-0.567042308009791 0.90420797011769
-2.16442730455257 1.26446905787659
0.497869342876438 -1.46179674060894
-0.231797929494298 -0.637669063371754
-0.17399148478852 -0.26536414688055
0.699859267234744 -1.76759083673081
1.10638545372403 -1.9823027983804
-1.13229061614606 0.952401921900162
-0.776346439092214 0.503453674802282
-0.0735205486852638 0.554788959396579
-1.62441078114983 -0.140641450254637
0.357635502369984 -0.570737695936276
-1.59757311119991 0.544170455366458
-0.872303338878628 0.171698816379482
-1.21782802119333 0.200221217005665
-0.663501415157286 0.556044790707773
0.216973548017476 -0.556017456288135
-0.637325614984726 1.01105824737988
-0.00428109225741714 -0.208093146380251
1.98723259290404 -0.494939379828886
0.954073162183995 -2.00580537904801
-0.992888003113911 -0.364251672674655
-0.474119789530377 -0.46166465578716
-1.54332315946633 0.258892201836828
-0.0892115716087923 -0.595602717737034
2.76851226729449 2.36858224923408
0.909398791639807 -2.00247194100587
-0.636886672914705 0.164290062781747
-1.03314803779154 0.00239753391193351
-0.114237184843183 -0.763555321767702
-2.04885524285801 -0.183010607942445
-1.95077393319801 0.172966278125464
-0.210672621064403 -0.301532857761362
0.0744462968601742 -0.685036098926481
-0.368161039876953 -0.709049293974677
-1.14862360740606 0.172283974273906
1.26852426414213 -1.74397434883758
-0.58097705878424 -0.00354644551404568
-0.69166430611221 -0.0621014923603626
-0.84727432599159 0.223470346500122
-0.991972850263652 -0.60646180125563
-0.99222547294706 -0.325040996061923
0.218097513286831 -0.968157727101878
0.20615024661113 -1.11258564872088
-0.515986992319132 1.05644075825775
0.972116806848473 -2.0090383644018
-0.749007538746716 -0.629243734737382
-0.0198375567945414 -0.514575661005503
-2.18544364348685 0.931118545774848
-1.09133621073512 -0.222184696754889
-1.91734899767811 0.289702122956031
0.544605444744473 -1.75328449105412
0.128914363207595 -0.227571092225333
0.686073326909675 -1.8672393117834
1.13404936088844 -1.94827151508923
0.63085697230408 -1.7519187982007
1.35924961306069 -1.5981547181309
-0.510001971696889 -0.0122842911858393
0.212896013566173 -1.34181133219863
-1.57413706431078 0.260886596928501
0.293717732062701 -1.33769706873409
0.847574975638764 -1.94904334838314
-1.27626597677002 0.257106865377623
-1.13935713555958 0.0471135772154674
-1.28953221227422 0.767015224137357
3.33253249351632 0.225713002304794
0.827529188459977 -1.92986448637557
1.85935084965396 -0.503266017601192
0.0462663955466704 -0.684896284713703
0.87104904132915 -1.96322466839571
0.263986640559235 -0.837751567522398
-1.29866045294556 0.381786436504872
-2.9839994148087 2.10176288024835
0.510205946122625 -1.46797046281124
-1.12721027013968 -0.225667823157986
0.121728480734355 -0.306384386918503
-1.03234077205295 0.816090662396038
1.65955858962627 -1.22988581639179
1.03129611616475 -2.00435271662507
1.24396038364943 -1.87442464465704
0.337223522752579 -0.682983409912037
-0.247524313228597 0.254501875724406
0.0152409955778032 -0.366659434624079
-1.32962721869805 -0.70973751131496
0.848078069236003 -1.94193190636049
-1.1735065851335 -0.390461973545935
2.85862684838239 1.76202040881505
0.690240810016846 -1.77971103297164
0.257839154209513 -1.00034958806921
0.29145214092158 -1.39710832098162
-0.890905680123628 -0.700740305663989
0.156458327758559 -0.824880364870784
-0.461157135949948 0.0395743707901101
-1.27137836815262 -0.844259643551273
0.628963941348126 -1.73047206274781
-1.56871446175668 -0.0515125152138737
2.20285075873823 0.099286461194526
0.282521081242276 -1.55865843850831
1.31690119179544 -1.85384504411466
1.4104493649642 -1.47715886777937
-0.976415899115381 0.485833472503006
0.381022597613703 -0.977107578281933
-2.42012788466449 1.67553465848543
-0.317383171862889 0.903722626198825
-2.3734478859935 0.277942385724946
1.76316526225022 -0.700962796103525
0.003511247751535 -0.64373083289974
2.78808360394495 1.26915654029496
-0.959616100295754 0.751088605339438
-0.307851101935793 0.313450149856187
0.0949672034236049 -0.22894037100189
-3.47955443952239 1.20068438744981
1.48565859243206 -1.38068655098589
1.83332209798511 -0.333794187673673
1.20883837015752 -1.91176555376202
0.924019940682563 -2.00031363072508
1.4108465023566 -1.61993420291052
-0.681543515052514 0.551175475233133
-0.595481133520528 0.8673780618129
2.08557416065871 0.422314075984386
1.75716835735127 -0.302039702021001
-2.07681370655728 0.350949277893999
2.26016086758126 -0.131901877399933
1.79145932301482 -0.904949501638491
-0.86737266377869 0.21252883229816
0.224469039047549 -0.980658827695465
0.138686577127023 -0.161909777087262
-0.634011148649583 -0.80490368137354
0.380146865663395 -1.18611267509833
0.845559243967507 -1.96514006791829
0.622878029939832 -1.63683484167298
-0.270129004717891 0.398929584666051
-1.55439170457904 -0.0309370492610267
-1.24596387935279 1.27197386119529
-2.24707957652421 -0.040892711032371
-1.3350061120633 0.11975953691886
-1.14142010621581 -0.324887982474623
2.12845953555686 0.925775300529938
-2.12473984981089 0.629416992496783
-1.48540459587507 0.377032728323824
-3.05745278502088 2.37902149595586
1.04935322487205 -2.0018746828945
0.968751490952941 -2.00877929257947
2.09208387918552 -0.0424665958975482
1.14692177150799 -1.92940947828989
-2.26417591451278 1.34584574371153
0.0258119442610479 -0.721149433901803
2.38525561067438 0.402919572149057
-1.04723171548311 0.229772339395152
2.89161797409153 1.28282359011545
0.335407447593353 -1.26389732449462
0.510262567456452 -1.35799391629363
1.86746725125978 -0.124934347231815
-0.736298366856814 0.597659769480771
1.22218461954926 -1.88632889335316
-2.22177184006116 0.0640840127868542
1.74295339222983 -0.771530735037921
1.42158103094718 -1.41778978189122
0.754763775566407 -1.89978378133587
0.206328058789696 -1.38680749052267
-0.393685692113805 -0.294165249774435
0.410905348854733 -0.855006209107644
1.26331278950297 -1.84493732371874
-0.181482003371891 0.205167057825588
1.07855936920218 -1.98447315991045
0.767816866941444 -1.8755584163803
-1.61824222981518 1.17249885759646
0.305819011505552 -1.02207645922212
1.6504835976475 -0.719577158499686
2.77491547431551 0.237649938074156
0.242844402720745 -0.44719992532736
1.9867723863373 -0.911130032172247
-1.28243029337285 0.724161481258178
2.6595870009552 -0.205828056313348
0.772648163577252 -1.90668827781258
0.346332317069859 -0.994313263579832
-0.312180449408876 0.212489177418695
1.70579898781683 -0.849223507339508
0.567560555336191 -1.627165497249
1.58288913881118 -1.52721906601081
-1.66033259186412 0.0839944995685148
-0.300406700065023 -0.513127175870917
0.199823469433737 -1.20063456078647
-0.587699137192403 0.907255626439182
-0.745958273300005 0.121305581134274
1.06261137755785 -1.99255259803134
1.07763806930733 -1.98456444845009
1.67907591373189 -0.999607949161754
-0.996330183686485 -0.328171573702504
1.1699568801431 -1.93649877435123
-0.0704443946083581 -0.192595792780865
-2.5327995467673 0.568405785499507
-1.23643052779722 0.316999457552726
0.820971525561134 -1.92014232070332
0.992270667482327 -2.00968278312922
-0.680580353413747 0.315575939255092
-0.447568221100151 1.07522672317925
0.119641844964174 -0.270344298774017
0.196218122746595 -1.28364782477865
-1.32211449928221 0.784314841479133
-0.534939947225481 -0.0587223374256805
-2.49836051012457 1.91922788340332
-0.873781991265334 -0.0274047115256496
1.04389689652586 -2.00123564035823
-0.00469073665391779 -0.0372742728947956
-1.54898227132965 0.660611994385996
-0.688429002072709 0.896228624632446
-0.0206831721415819 -0.651902785561094
-0.617125159597681 0.180219182438176
-2.60854228673648 2.72158895567237
0.732535431480215 -1.86426866209837
-1.86721897631038 0.362207091494388
0.644114789359223 -1.71718413321442
0.201267174002172 -0.426763412559573
0.971339268699182 -2.00886018060899
0.354241680032218 -1.59368060772414
-0.223169343981601 -0.697891304961611
-1.09387333631148 0.49050265150769
0.515842585360111 -1.44731833764772
-0.525214008177375 -0.794712533769878
0.648255839564998 -1.71390575423541
0.602451198844985 -1.60578947771525
0.124107024780059 -0.546711236469395
0.617169005798331 -1.78550208668191
-0.524906814237409 0.0530305640901814
-1.34452824542023 0.323893360496277
-0.653274188486737 1.43229178526405
1.23540013919534 -1.84468541542519
-0.770225536390093 -0.448547307558014
-0.724475331388233 0.000146175473353521
-0.204540402225033 0.488848266325489
0.655757366691068 -1.64529604237831
-0.00668752981760713 -0.338781888103015
1.22099823637727 -1.8579373817001
0.613089722249141 -1.73933982862434
2.43081316997008 0.356015086570002
-2.99547500759526 3.52911309121677
0.926048776168785 -1.99918293522908
0.388401765595042 -1.56764040325048
0.0653812470286468 -0.612142187352816
-1.63697511080318 0.330964178531083
0.91171959441756 -1.99629030995241
0.265058644178393 -1.22823251625559
-1.4798508847628 0.576523123302446
-0.984360998755818 0.149155068854956
-1.46003604476078 -0.725983489242893
-0.742568184627168 -0.365928967143882
2.39978063083891 1.01546984358244
1.3432485174259 -1.65007817351279
-0.764954585362796 -0.195849595364976
-0.401822159566535 0.625085273887279
1.4038094477704 -1.52716972848173
-0.0895626110499192 -0.964726358282321
-0.274800881785561 -0.642868418879928
1.21407926648772 -1.8586262455193
-0.330404052371261 -0.008318156798343
2.9728371916841 0.519391647119479
0.0565610474787199 -0.431780880391029
-0.997962476772305 0.334467598350774
-0.159019804334476 -0.2885355838999
-2.06213968803961 0.913863797218379
0.907544687988491 -1.99667359107609
1.53255038380638 -1.21881739391596
-1.92109964183435 0.183306616272479
1.67408281185899 -1.02388144490894
-0.652270519845902 -0.343068793380928
2.48960493431858 1.01083081993023
-0.867939688150832 -0.133486236278834
-1.41434795528749 0.555341259012177
-0.129397051918761 -0.32974887555082
-0.926991822642247 -0.250852910356403
-0.494526816915691 0.00231729926209159
0.483831112324632 -1.34512534249678
1.42138996999449 -1.42582957787395
0.957730037004739 -2.00859645651157
-0.991738452361464 0.440530424476492
-1.31720314606185 -0.262813533576488
0.626466808935416 -1.72301607169239
0.364461114544598 -1.02645551890077
0.208683795399669 -1.50980962298476
-0.498427269805894 0.526119478594759
-1.61415456119267 0.490688727174795
-1.05387939085381 -0.600054381914803
0.83654716391524 -1.9286834085981
-1.77616942321502 0.134082029073454
-0.892510960128997 0.0156169815900609
1.66236299126272 -1.66313356295766
-1.06259540844746 -0.18449057229204
2.2064228624816 -0.332090802832562
0.705850310008863 -1.8650284717078
0.0845464782173601 -0.884869647083023
-2.1663186686453 0.933212685503214
-1.91308964468669 0.596699480333398
-0.938160947970813 0.311159399722551
0.153834058296334 -0.472692990443464
-1.80284922032266 0.592460566049705
0.10810609483211 -0.802915670846184
1.64192658828892 -1.30256489837768
0.189055549386186 -0.731093166131153
1.01706019574234 -2.00802022799541
-1.48069714246813 0.238556567497829
-1.14845241157989 -0.445920854790318
-0.573049248350786 0.258827470034602
1.01284641891221 -2.00850596801464
1.56639666751505 -1.10593800547399
0.382799791393682 -1.19436284795037
0.0491212305725829 0.547267499385646
0.299202005687057 -0.658932149683067
-0.702363806823223 -0.656980101497121
0.881963542880887 -1.97936956484957
-1.61754316615685 0.165495443127421
-1.95909573314528 0.902050199685788
1.5953220195302 -1.05435686502649
0.502823632471609 -1.57089896153874
-0.722116956640035 1.31777026573793
1.42469299542986 -1.59756428361258
0.315813565461166 -0.947003061967853
1.62574099947748 -0.541751990376135
0.358065013634473 -0.816425367557815
-1.70919270500755 0.815091173210732
-1.40028510301778 0.0215369873777603
0.0751902877904371 -0.491421780122226
-0.62587650505277 -0.988668086707061
-0.779585348027891 0.508744087340903
-1.11765641410177 0.485729931947891
-1.96855542451112 -0.427670983810192
-1.31792195303399 -0.441893454540481
-0.409529506856517 -0.419341152644059
2.91341505994584 0.318262885417234
-0.993890264514452 0.74692243763992
-0.662129697112913 -0.507591521178004
-0.588841928688403 -0.439476165343402
-0.269555506296452 0.300026427215155
1.87295585257012 -1.01501823069642
-0.318163457307273 0.132904720838426
1.57472514964434 -1.36166437599277
-0.400633544886807 -0.0768240730454756
-0.602984482639881 1.09169601253392
2.27780693206843 0.658778451045228
-0.0835884337187431 -0.245441072234648
2.14120726348327 1.13165086310925
0.252444661303913 -1.53276261943409
-0.887383435511954 0.211016934061843
0.0958869878978239 -0.671898718458259
-0.758731438931559 0.888443357195581
0.325156198019175 -1.28532608236215
-0.364258122388961 0.463489056098095
0.255712214188547 -0.990888567937085
-1.1953052438363 0.961643592378079
0.124037812534468 -0.742134352692755
-1.61900821411624 0.430897677349934
0.0786103250130693 0.359265036323325
1.49249359360755 -1.79381976764727
1.14120434463538 -1.94025543209912
-0.158713595397282 -0.798473333040672
-0.139279938006364 -0.290616660721227
-1.07408353755468 0.716735399348312
-0.620065804749269 0.851128233292527
1.95862273369282 -0.520430467515646
0.307339109582474 -1.07345256758625
-0.507530354519641 0.463981909202232
0.0201534650145309 -1.11436165529179
0.257342441921152 -0.577626478441457
-0.334326899167517 1.07885094599354
-0.697911388197954 0.366112415678118
0.715767682182331 -1.74445193409672
0.717687887231021 -1.9175600862914
0.622548849143807 -1.82902130594126
0.374232758602036 -1.37062098593821
1.21734259474916 -1.92573403552715
-0.895358584922779 0.812199157718054
1.26049260691837 -1.8213870459817
-1.79688341922409 0.0746966412835972
-1.83347088368188 0.513281851216158
0.556907015442437 -1.52476231118176
-0.279337857124554 0.0458499727222806
-1.00969176031094 0.198054588347567
-0.511935414493548 0.0967828553157941
0.675028882705236 -1.75487495095361
-0.288879060541878 0.240178886569582
1.68743645676466 -0.66626161866993
-2.1936615487617 -0.458900315614177
-0.143221760281233 -0.130051644650416
-0.918900826101147 -0.419819043645434
0.994638983500968 -2.00964394708857
-1.72591051683174 0.162747882538512
-0.264936344814062 0.0878352712354182
-1.01073804790934 0.298705051485825
-0.651580314456078 1.33676131908912
-1.19292693990963 -0.563332793540174
-0.682286838983513 -0.605455142829089
0.522653398937371 -1.39742600430866
1.54238164788633 -1.245122786163
-0.107274918675492 -0.352812670387795
0.807854182618772 -1.9502537503647
0.761938750908832 -1.86923091169686
-2.77329736482737 0.83005687808509
3.63659948679232 1.29790188181787
0.351558471484156 -0.909527361508967
-0.0559057574365434 -0.452944343230525
0.443295927213023 -1.44191919200059
0.533611957883896 -1.65469229157631
-0.559048310028999 -1.10857317966785
-0.150252265249038 0.14576943634142
0.409304711033421 -1.24127731595027
-0.230973448055194 -0.280604663773411
2.21334569978018 -0.415800025112584
-0.112125628245728 0.995920349559175
-0.206670861691035 0.0969117283226912
-1.71450925805027 0.569690231379193
-0.395415230361471 0.00906174350517511
-0.858824256198372 -0.203311071719736
-1.02140967963611 0.48804990037649
-1.31753386747491 -0.375054424073573
-0.114922554488745 -0.117079605749907
-0.74480885554563 0.957261640257947
-1.5516437308954 0.766516757442677
-0.492289820539707 -0.147527269284608
-1.56000150543643 -0.374442522457526
0.134222507906173 -1.08416310543909
0.0859870007757231 -0.339798729933307
-1.14277392650592 -0.0785094522423257
0.277941780410784 -1.0054297842772
-0.324126846521606 0.126022000770048
-0.861342838790705 -0.270228335085748
-0.717856245252715 0.643165379231772
1.0094687974428 -2.00845348753195
3.33631032832942 1.06737483713828
-1.82052036632119 0.731835390864403
1.8986878304331 -0.235278814585908
-0.926870535813462 0.723239842078236
-1.22967181390834 0.147429037204655
1.23764527244322 -1.84900870368173
-0.813980131718303 -0.273198660170401
0.95582457630098 -2.00733346397043
2.15470045903489 -0.542093752036067
-0.124282043165561 0.40245182295187
-0.537679812474263 -0.281527539376389
-0.619164277522327 0.570519049038644
0.0789694138940284 -0.376577243986542
-0.525091201125066 0.162232980979916
-1.14141024902694 0.101873404839518
-0.955338400437898 0.123369005569906
-0.222755975084262 0.456779405759091
-1.0582812427189 -0.143099543517792
1.33387150988483 -1.64683151100567
1.25013933609154 -1.81937715882316
0.621427802307422 -1.66110318450468
0.91020552113936 -1.98868603387891
0.116003494562386 -0.20702128055523
0.593896248417994 -1.63916440652232
-1.04871439132819 0.671614283117162
0.223102987161838 -0.749765854537548
-1.08277809023689 0.112306713634084
-0.75860288491617 0.223147158221525
-0.108783419061344 -0.110398544187184
0.0432490074749757 -0.24840832976495
-0.380040528404937 0.216950832469776
0.821248676799081 -1.92533531726136
-1.30726699125483 0.562948388125608
2.39904394561272 0.374327625196527
-1.97728736163957 0.546175575677257
-0.911419041564926 0.50125556280754
-0.352391846569032 1.12470462590441
-1.36696982686207 0.592910451999549
-0.236346165315795 0.461030932464068
0.758217366730344 -1.87392222104802
-1.46112124712161 0.648209159307695
-0.263850350063964 0.216841337958226
1.76382597522669 -0.367014448913926
-0.0868702560090417 -0.504710470163663
-1.55796720850775 1.12181999919665
1.20959508574301 -1.84845551556797
0.588568581428304 -1.64440320280955
2.2401870328541 0.440798348738446
0.816831407066683 -1.92516519120084
-0.35438537530073 -0.0059824393899281
1.88891553289631 -1.10640691659008
1.90189751373143 -0.785770842404235
-1.94040346137834 -0.809961401705892
-0.367387669598119 0.0168070521258008
-0.477848874387926 0.26851292357293
-0.753317067756369 -0.155851873643435
-0.622224835052253 0.635627787786518
0.747316124496382 -1.75715973481798
-1.87112038047356 -0.149063141938382
-0.723163300194451 -0.165260270439382
1.85328375694968 -0.438603537309285
-0.448262800871114 -0.155037414460592
-0.765667526818819 0.420392515507549
-1.4815952335165 -0.245280208151432
0.704061634277427 -1.80544533240419
1.54935327836995 -0.998885213853721
-0.9729492455896 -0.158478201791333
2.12121673757484 0.0990151904349164
-0.682501761435498 -0.552482873405775
-1.80500889451419 0.621547787835987
-0.140175185272029 -0.636079023934265
-1.1986671805357 -0.3178801372965
-0.553419120556291 0.862731867145443
-0.0533234390964105 0.613333263139961
-1.09923705800842 -0.440254299346725
-0.338248648890436 -0.255092237437609
0.672184608964133 -1.66244393424968
0.0348175312591808 -0.557641250585273
-1.72553680485421 0.0220884982950474
-1.16572739617876 -0.420756110903396
-1.63472656593292 -0.189366971007877
-0.802788798189828 -0.291915709840019
-1.13638167231384 -0.0355422536592976
1.59381825967849 -1.55678188654257
-1.45177662697749 -0.698326031307746
1.1344773447481 -1.97307327359801
0.181949108289638 -1.0298057469012
-0.556293497462034 -0.143408140218706
-3.27613300667943 1.58787195222989
0.509145174663532 -1.34629163992298
0.493203574702134 -1.21079554932606
-0.0444093143229985 -0.398456598986612
-0.501923693299277 -0.504299297293809
0.789250553587701 -1.90392713146738
0.355730043046898 -1.17873154108512
-0.181840720902601 0.122753490724117
-1.49294526486901 0.0566988514224748
0.316966230503295 -1.1926724277915
1.51940425457229 -1.16633364655893
-2.98472746518844 1.52618881996782
-1.57882527062253 0.53815059072431
0.148442139500555 -0.323121667377517
2.18033812366007 0.478714311555558
-0.403168515154151 0.626487110783238
-0.178493639427098 -0.104283811187054
0.592618201402904 -1.48692821245129
-0.518162980183338 0.422482569441837
0.533762730598232 -1.59896254803008
1.36336150420706 -1.62526554089786
-0.827850653463689 0.690383929848762
0.177733417360776 -0.857129871772122
1.82221135892689 -0.588542260528325
-0.347797479584223 -0.821632993737801
0.453316838860369 -1.34354984389282
