-0.76135789354315 0.691951074579342
0.819365958519494 -0.792760257740316
0.195151812548848 0.498977131586679
-0.566222197907774 0.0501320461951924
0.369669203833552 0.284508857139509
-1.18226121484631 1.55244941778097
-0.708709047035929 0.613227879717646
-0.510424440269366 -0.423013857421741
-0.074870102735009 0.88832465733806
1.42512392531256 -0.951075787779016
1.80588311611617 -1.18255828846816
1.38415934434812 -0.809495372425557
-0.474463905478363 0.929195743660342
-0.0983656930412596 0.208662625895664
-0.122831622144206 -0.376721926196488
0.272970822418425 0.329849418734995
0.611131963989933 0.0624184178393022
-0.913001026434729 0.983756118763736
-1.61978165895267 0.987323884473075
-1.2225324302867 1.05884836432796
-0.313007756351076 -0.0455475471021916
1.66756378926904 -1.05532124838405
0.328849564974173 -0.138387489065842
-1.09884570749982 -0.23737804521991
-0.531422152166691 0.157230744605521
2.09961599899945 -1.16637371764975
0.239812861404925 -0.763372240570515
-0.717546345073746 0.917875265063287
-0.504277509835423 0.510959190408189
0.103576829136055 0.650812187664473
0.540634593434283 -0.56757726770505
-1.44016806028872 1.63191184203296
-0.486552672465526 -0.01159249557225
0.0247283255949476 0.405071180902758
-1.48632132214456 0.667409113212588
-1.22201761771981 0.793990584334925
-0.531052861297925 0.264851682769276
0.664794748362988 -0.234271043341317
0.0439254388070921 0.738330016694886
-2.01138220934826 1.00623556267338
-0.357382356687016 0.758071127281871
-0.731654068460182 0.659932178799784
0.2899903550414 0.350231341947724
0.175172318483994 -0.52573692039145
0.635561488334428 -0.314704786377064
0.956406005551345 -0.336804086335429
1.67526355549113 -1.10239431810371
0.246386434078823 -0.00797347656673869
0.484124717899705 0.514036395012365
0.958495625137703 -0.44463028630628
0.298717498232499 -0.168612115862952
0.699100479615651 -0.0863424307442509
0.237690691446134 0.0936229130851024
0.364752058296008 0.96013826857054
1.38350573947139 -0.672285000815645
0.444610378090535 0.983404300847721
-1.08421887945047 0.833934710530186
0.38253591913767 -0.178960728491682
1.88208058249466 -1.15176498835429
-0.911674005253122 1.85966921921712
-1.75877728707982 2.23243718363339
0.23216458096754 -0.0518535716783757
0.247253466703246 0.40029911052307
0.479672372845352 0.0867842117712439
0.3749996594998 0.0878114272723089
1.52400224593863 -0.824243428513333
0.051967780542143 0.27491325911846
0.592804231130782 -0.402284356476175
-0.773298389455678 1.29237116197606
-0.665618002798882 0.371159732370306
0.113297198878539 -0.220808812865195
2.39813999316454 -1.0052696153084
-0.352820347683921 1.36343320565948
0.448604200553464 0.0960652515415702
0.820882229968944 -0.64759343249202
0.620115315901104 -0.230130657987823
-2.0898807928515 -0.183290257003811
-2.09681000898603 0.593301296071262
-1.95055462766465 2.68273897761183
1.36143446078556 -0.752103422009413
0.469358390123229 0.37390897125198
-2.75512064384322 -0.0553019058535091
1.66317181001177 -0.936181044342678
-0.617660874890528 -0.364470452950557
0.704383502491982 0.197552021335511
-2.36066221553558 1.49146708628389
1.26783802058851 -0.821690239138632
-1.6171866902049 2.84891058593738
1.60869362105455 -1.12560957936776
0.243043789080775 -0.538218167080268
0.405150443052373 -0.0835819460514921
2.86671493113376 -1.04062243408211
-0.453846786935691 0.647329490865265
-2.1461294582558 1.80426019184786
0.509832589455582 0.200565753957428
-0.318032733664812 0.605174623964587
0.863464699433137 -0.19920537633341
-2.70501486196241 1.52044371862866
0.597996313681645 0.645428171693881
0.881429807193968 -0.149724991797919
-1.63709471779012 0.459205983412702
1.13354796097602 -0.361686347417149
0.625957785020993 0.332620621391117
-0.223511644892196 0.152290925411422
0.28183912192206 0.0992829529409575
1.63194169930732 -1.04559698432288
-0.167365732258185 0.170127226953965
0.369991359499839 -0.302731206159609
-1.21019773629644 1.3724193920713
-0.153859425032283 0.190645071040143
0.346465678316186 -0.210350268644202
-1.30040127965042 1.09689585976482
1.23673552114803 -0.693237124731037
1.52056829919043 -1.02422088657761
-0.93026190429981 0.321820275187646
-0.420021282530727 0.927449355204729
-0.536005293837955 1.05717311121662
-0.11714922851417 0.335201414797167
1.44695604198134 -0.861875432045332
1.77616875187444 -1.19308977157187
0.705347821652744 -0.188701861000205
0.96828915069082 0.0441300277734041
1.11972656846653 -0.58512786693267
0.0510355558853544 -0.000739998284740362
-0.241376044442909 1.37206425884341
-0.239485387225169 1.20262233086718
-0.72964458878201 0.481805621551168
1.08150681128571 -0.249975814052324
1.07126346816542 -0.466445418430407
0.932862806456409 -0.0561291773538087
1.82677917505151 -1.04262535974591
-0.0319873418713227 0.127667015504322
2.51595225788278 -0.631283606255705
-0.779216192368125 0.303088207202418
0.913906938216097 -0.331085440084415
-0.867987616866208 0.562384956644824
2.3454294247583 -0.939751564323626
0.470406858203199 -0.125880993651316
1.0026148909609 -0.417218139670485
1.99421810271195 -1.14100705119516
-3.05583854321682 -0.757725895292071
0.183922912903774 -0.143838031329734
-0.444465404074125 -0.0914420489779292
-1.42843505853341 1.28818206770417
-0.653712374215285 1.0983520693988
1.34345653511512 -0.580145288321652
0.357926298408956 -0.238060688443027
-1.90340357163547 2.17471063314982
-0.422376418525681 0.715997077811665
-0.647198285750211 0.214929254283972
-1.62456819223394 2.28354147384385
2.20683749315187 -1.25971678624925
-1.75005525454804 -0.00845634860596878
-1.02721998089425 1.73923593342616
1.68636664062944 -1.23928923157956
-2.63614862084433 0.944340160183102
-0.300753901652482 1.36741786385768
-0.589116822921805 1.98122107606894
0.805901369252919 -0.173552676626693
0.360477973028767 0.126706059021821
-0.0382920165300372 0.32366370034744
0.308809286780388 1.07328340502898
-0.367953953630536 0.74859064252975
1.46477926352612 -1.09229224763053
-0.402834275314647 0.237559737908198
1.02310814138132 -0.980798177532547
1.16492854539733 -0.640223788973878
-0.95608778890435 0.756726596699205
0.597935287423592 0.0137436869994385
0.469605230788448 0.0991692452027157
1.30183323387078 -0.764182372319119
-0.239625542927608 0.954036946325462
0.582914017815583 1.02116172063227
0.293854693060254 0.775373657698795
0.507178267260978 -0.457134300124761
-0.64901541158426 1.01430336821699
0.171511532199306 0.43817897053223
-0.223122577516089 0.0100303906466351
0.362572811996992 0.343068082432582
-0.7735080062321 0.806720273892333
1.93325293130232 -1.16522827026457
-0.609524622887139 0.532689947686028
1.85482883834436 -1.11924029056796
-1.56271785546864 1.67491614795522
-1.71938415564602 0.659383469592011
0.960361720235965 -0.310047285435402
3.08863546277908 -0.505459554471072
-1.30614928587934 1.88534045836299
0.472390723866647 0.304325162472407
-0.41116647012772 1.19952304505844
1.20453906566814 -0.676039285230476
1.30989691436624 -0.776626059431444
-1.66727267104409 1.9247274379499
0.144772599688315 0.883626471588943
0.139291943373228 0.238257208826361
-0.541591704814127 0.438923277402785
-2.18059401849273 1.32136254054772
-0.508846605456191 0.496452052932759
1.30647859578401 -1.05502038753028
0.489591407578822 0.479040235593476
1.68738608708382 -1.13224588907641
0.414095974255616 0.895520687392997
-1.20493597454256 1.00606711661936
-0.672460985993836 0.905342761809586
-1.30577444621854 2.11053802944752
-2.12304235892425 1.82240181077081
-0.0949888120413955 0.655967624164851
-0.655374884819289 0.206079256863396
0.941429992725046 -0.557722651932653
0.214148617676616 0.837953134048888
-0.198858412637392 0.420421808569677
-0.449631914640914 0.686698309136114
-0.111097905857675 -0.0791061964645074
0.527742058292424 0.486149946137769
-2.43390620106406 0.994839168196475
0.21634911626499 0.50218146472803
1.27878004183606 -0.726019531743964
-0.433728505582074 0.265264695920024
-0.632534794010543 0.72080796406292
-1.69053599457521 1.71882476572123
-0.302027960424935 0.0439121644295906
4.76298118290522 -0.346088548732499
-3.80983440292875 -0.742069420337753
-0.676590227863427 1.40835761841612
0.459795923613118 0.363401411933777
0.151580163121503 -0.443533625812817
-1.91962959570496 2.4005131039243
0.920656931359228 0.448850594511812
2.08173448211913 -1.12423146894333
0.0570402508948938 0.757891148338473
0.73542558964374 0.00438506734665833
-0.728810475861157 1.25588212706973
-0.94522314595063 1.05093665503772
-1.25383000637516 0.79728281192069
-1.56838902793483 0.996566078554844
-0.442943708370545 0.382805365777616
-0.331993580746388 0.647508098918224
1.20886582696891 -0.736846217002423
1.71700840199892 -1.10729560727669
-0.140515065406784 0.386863520491381
-0.612269138709202 -0.205366209994267
1.70664659147839 -1.22184766971108
0.354558087480936 -0.215415033398002
-0.866282689836464 0.633749657760342
-2.567115104763 1.41147528055704
-2.10785088718231 1.33722419580396
0.0803353877865624 0.18490438624204
-0.536323701162374 0.735154712983806
0.262853585526552 0.610256798154395
-2.2818490490045 1.24172872104901
2.15951163988721 -1.2294497978124
-1.466524393425 3.10243963876624
0.401390528238428 -0.306999325742777
-0.643279568006848 1.04051726940906
0.302531585085363 -0.112973935549673
0.676504413004441 0.0463968423250551
-3.21498320705169 -0.624817777523015
-1.23790105606899 1.05286457352807
-2.25221460685717 2.3904114305344
-2.73430309976524 2.0722898880153
-2.2075621815541 0.894479646339236
0.894928995266384 -0.031298923051805
-0.823218394336405 0.899299641897127
0.681824353375994 -0.265843548690186
-1.36158000168616 1.43555137995265
0.0814614639235845 0.294171022803947
-3.54512918805792 -0.296242749831708
-0.514051796571267 0.806624949184596
-0.0906302292208895 1.54167709923416
1.24647207152586 -0.587713578603411
1.14989115005352 -0.0699116488472201
-0.975490573936079 1.33280923730579
-0.520513785267148 0.415744315968493
-0.509110354934317 0.713680356685559
-2.06242010504474 0.0386598786223098
0.0335565631266052 0.634051178932707
0.867748635258217 0.201134149013461
0.171344866656265 0.97791388429997
-1.14330002852778 1.36902198379442
-0.344198365504018 0.679655627142759
-1.41790632491086 0.704897380616142
-1.10147590377697 1.13821825192704
-2.24414137277964 1.9926295179239
0.745510712888855 -0.390034925287747
0.107291864377078 1.10077490193373
-1.72813316494968 2.22517828904688
-0.575026916977339 1.10529816026672
-0.177012279203817 0.619454531352112
-0.515224614548257 -0.299071568245467
0.435461356488011 0.82393201407126
0.120327667472313 0.186168763510484
1.60327717551567 -1.08355814283057
-0.162115019783376 0.511383153765065
-0.58834758281707 0.312977459965452
-0.999170098356637 2.12975734522635
-1.29139436536381 1.94152601646322
-1.13525546148956 0.18709986759678
1.1652017043971 -0.815935713452775
-0.320306231071501 0.487996153420073
0.191058493458358 0.0361474644652589
0.260941361063201 0.463085152508796
-0.138621817096985 0.320952530773156
-0.0284886593562651 1.14203973015725
-0.369965316258454 1.74514989392913
1.03520805132276 -0.509199437161849
-0.537282583304238 0.561535064807298
-0.0601840249118864 -0.271996223886228
0.421965830694951 -0.376603669203908
-0.989289351105881 0.707778619460314
2.64800893405183 -0.538576152950912
0.470544241032419 0.230556467371266
1.22000768831789 -0.745885874133269
0.707915481341733 -0.442751983120105
-1.51532598476789 1.80758241440275
-0.216436785442192 1.46955217021368
1.83409522664884 -1.23160435030013
2.26511724060432 -1.08880866495686
-3.32038641313509 -0.108430990950645
0.935335329382348 -0.0267980765776484
0.0664471434444691 0.504802770142085
2.22651237116743 -1.14182886934162
0.264900705908189 0.112334130687194
-0.576546978563897 0.716456148345599
-0.792552443080628 0.91024930108363
-0.0666860121767567 0.260253283036121
-1.25880415612628 0.288010068903581
-1.18635876505959 3.13911662426676
0.713320954839917 -0.300048998105202
-2.51648054473797 2.05726913583852
0.948271338433102 -0.686460549403161
-1.75244792490668 2.37402509285121
-0.324081734662977 0.659390466046489
-0.400036724410965 1.41816650523804
-1.13052061197598 -0.027586224003169
-0.558244100186229 1.09027326034335
2.33770473529328 -0.917470407947776
-0.751279209811405 0.37022403606461
-0.309698735207289 0.175206455964358
-1.39803023776063 1.59503233847644
-1.37398588288335 0.550968059305374
1.21937298144306 -0.635059115083873
0.264583098350882 0.437863732727263
-0.865894385216838 1.16579883938107
2.28254921656905 -1.08889928739964
2.36457831167304 -0.947474923611633
-1.38727708311521 1.45041149683597
-0.0551256051115583 0.876836218018926
1.19636114699656 -0.129687544437617
0.814891113526907 -0.958832918985958
0.511150307269193 -0.153918841088936
3.13852732439636 -0.428723417869256
-1.30729989190391 1.05353118471804
-0.670075813077327 1.42371238116856
-1.31558128557071 0.592452718207984
0.281381138836803 -0.00306304954702852
-1.42265928101654 1.61499545702906
0.394664185953898 0.514310038716126
-1.24113386396544 1.58770825834112
1.85008999062836 -1.24393921025993
0.0589835740953058 0.102182894178574
-1.08603708749408 0.979578475808326
-0.538743181807682 0.665633938472303
0.944747442648743 -0.307595099810667
-1.18146598208849 1.51227172934636
-0.349134715867363 0.528016748611547
0.435755505218626 0.168843593451226
0.339433429425588 -0.241838433912302
0.622763705522555 0.19042187254977
0.16189369110469 0.65735234725762
0.757518806789868 -0.227479318655608
0.647518741477258 0.0462561212091281
-0.386852535280965 0.603360637574706
-0.0664631133594737 0.0212574708728751
0.571156740501792 -0.200212184148674
1.1832414719358 -0.631032799442417
-1.11168178795079 0.565922399269359
-0.800626235513402 0.356938135518558
-1.26442419586592 0.126602614324511
-2.36560568005618 1.38853749679221
1.8199443670274 -1.21620086683484
0.29666622763131 -0.250732094930509
-0.874330954399976 1.07883503999743
-2.256983097937 1.24183706272685
-1.77147024039473 0.809158823924122
0.133652249488493 0.278648987271784
-0.573740251090986 -0.368389523538593
0.641450051579721 -0.412657484338785
-0.631990459851507 0.67327155835302
0.378048876374837 0.229160318577295
2.12793814500364 -1.16807689259994
0.851987200692436 0.00735269171805547
-0.168926859283382 0.0583594025078435
-0.0390344911179813 0.197374289488531
1.12018552324833 -0.550473019105904
1.97950917219432 -1.27859009302729
1.19402586983662 -0.671564250272233
0.892331213846214 -0.12909760263837
-1.44048309146386 1.79466057149096
3.00730278755868 -0.574384606826773
1.31760728479419 -0.623154652946728
-0.85318996532343 0.095328782536763
-0.229918319343059 0.476197457227914
-0.685787325309482 0.773071305046612
-0.0206953346075614 0.509031206307215
-0.947470854927095 1.26927818426304
1.75199822545062 -1.21172708086196
2.00811622501525 -1.07377076608947
-0.920163661494526 1.67990893732205
-0.759869123156555 1.02513584742975
-1.19860671694478 1.75539434446758
-0.494295477887157 1.17195409672931
-0.239217121549646 0.504009866472388
0.0836094237675382 0.767289595388818
-1.75426242844405 2.19539336565477
0.412237762648723 -0.125423288779781
-0.729277703345411 0.512028702585432
1.75820530110015 -1.14200033394239
0.298999066197863 0.252380262279446
1.48906193323714 -0.72286354920025
-0.27695475802679 0.230444982714038
-1.38124438317425 1.39646608907096
-0.70974881814286 0.0329326292405204
1.21934323933852 -0.715235319987116
-2.84912543043282 1.16272154893277
0.135804218611682 0.897273968139275
-0.00156669470977642 0.163524769697564
3.20067218678445 -0.765541869868148
1.02603270258097 -0.558713917799201
-2.55920431416137 0.923655619038099
1.03362080013548 -0.433540426312379
-1.11683038793962 0.819031086505519
0.322642001188518 0.49775186494739
1.57238469697181 -0.968714226971386
-0.953226647624899 0.150023539476858
1.84931849035425 -1.24441414208948
0.0685196721799345 0.876442973856177
1.40074363764134 -0.967857544153278
0.106075028524924 0.754040249405868
-1.58998081063177 0.873250105676391
0.00856294839940057 0.441575140726723
0.801056709257671 0.100339794376091
0.532588121674534 0.0856192485311584
1.52250806508094 -1.19815108105528
-1.15195694481907 1.26447777479178
0.37801992139044 0.313974482977182
1.57063942265577 -1.06899456696315
-0.239282595855505 0.690010467561603
0.567371966132216 0.299881501572753
-1.06375736275996 0.255390102729882
-0.635044385510693 1.52236347564534
-0.982685488012086 0.0696656828070118
-1.88712046152691 0.0599402803973113
0.0808631246677555 0.765645432511668
-0.3864400189964 0.757985392209424
0.333755743357575 -0.558370403620316
-2.53536154805733 0.854397369276304
0.512263303892282 0.0508065399496273
-1.07738018196001 1.07893424469157
2.30273396483322 -1.08708290492054
-0.430611439808317 0.344902526280116
0.623418719908486 -0.0556294133810118
-0.275141794854769 0.685975724980372
-0.208729303770541 0.145799277326018
1.11727257690816 -0.407133832040063
1.53401749522192 -1.17933930030742
-1.11253898737669 0.315382524516063
0.383849796314677 0.0694915240190201
-0.794134627603066 0.179181258106208
-1.43919552020166 1.21532419671111
1.2070616176739 -0.33898743291779
0.908520560318571 0.0940345874610953
0.202497138161084 0.163282781006674
-0.27832819522021 0.563234578267128
-1.45699202190992 1.27042321226366
-0.340685705178477 0.370328590484139
1.52160148895894 -0.902228673479775
1.53692477024491 -0.864026119405372
-0.951755946115571 2.02700781585196
-0.461884236237566 0.186141825807868
-1.31020853850513 1.20003274568035
-1.69115830023996 2.32296932336428
0.994669836889537 -0.247259886020396
-1.01569466618632 1.44387587973587
0.41307775153584 -0.430559860428774
-2.64870567953672 0.913050364319336
0.499243984893198 0.171612377456196
0.895839419172701 -0.389457701751046
0.922299779965895 -0.51444641512151
2.33462321074119 -1.09182756154749
1.81101650836535 -1.11418063004588
0.0836588716044373 0.462780771014243
-0.926784208034986 1.31068532645601
-0.0169971747749804 0.63165262766731
-2.42769076687724 1.50829715535441
-0.874019018334517 1.10628065295783
1.05478112717713 -0.894824864480463
-1.71295997215112 1.40704109610532
2.29202257627415 -1.17768363228898
-0.798311117701339 1.3823773012609
1.45838054462704 -1.0749498846156
-2.58731552009781 0.796933501167758
-0.471683210932186 0.921403789208792
-2.22865333488273 2.1655869441416
-0.0853927106507342 0.826792830355877
0.0856371388478973 1.03614178816876
0.361059547670226 0.0763683515336148
1.35654018424747 -0.979020363619398
-0.749157111578538 0.305909582627024
1.51857007555373 -1.02983533677671
-0.365306640867468 0.138491115518436
-1.21886730986398 1.09592432897901
-0.253312190361104 0.817012372257263
-0.144896877728964 0.0239088572274007
-0.978311843936763 0.341291312719838
-0.837241279177976 1.81029470406445
-2.14343606579218 1.94373819477325
0.343494899438098 0.0990105913303471
0.39071461932706 0.330049099277218
1.7696723842339 -1.22663865610452
-1.54518739890648 3.25220122061632
-0.756167048828327 0.190373695730655
0.310631492679516 0.298896544546497
-0.70387273197711 1.82398966662686
-0.200588024939134 0.936859719196728
-2.30787817935271 1.92672069111403
2.11582409751654 -1.13920807302191
0.213871646690568 -0.180757890011657
1.85473516672915 -1.0820448444804
-1.83953734476922 2.88489160697404
-2.75265548299736 1.85286283872133
-0.244870719731638 0.767812321499426
0.709997965685032 0.131507971801883
-1.44538632856548 1.86273515126902
0.0914533362810236 -0.357234317744256
0.811446199546197 -0.255472691411746
0.648883289190586 -0.350547278318107
0.436665548276529 -0.378779358346397
-0.611559858271798 1.25403238191575
0.413854584846065 -0.289576138740323
-2.65956344492113 0.658618216361324
0.944051893361996 -0.182331861269158
-0.516407162226904 0.593254877671817
-1.4843078094702 0.421062058237462
3.15666292681221 -0.618124138149027
-0.0802379656107896 0.772978523187183
0.297916844003267 0.65442744849694
-1.17724156045205 0.765533678796121
0.513558115165156 0.167585746153275
-0.498327494782564 0.415501335278058
-0.732677022682354 0.960579192004048
1.37179261090325 -0.993053112564297
1.01007276379296 -0.808395562651544
1.12625999422291 -0.396314068711493
0.285563319664596 -0.383660612096901
0.590252182690004 0.512182815545612
0.196941156844651 -0.0181258704358095
1.2226250223163 -0.718609289872418
-2.8918205070164 -0.627007552547024
-0.758516964397348 0.547785651922956
-0.941027158904105 1.1054737108511
0.40106967237221 0.245699016249112
2.23184430905786 -1.0716594042765
0.14152712690614 -0.124071030019634
-0.341955026142589 0.10519215392374
0.839068005106542 -0.340569622249385
-0.859738050982538 0.242778469459835
-0.303962783187599 0.471152788674225
0.174758039132937 0.326917116837087
-2.25770077694844 1.1196101881097
0.167591532729424 0.187533717930262
-0.429853659674234 -0.417495223332006
3.00365718812805 -0.863000782207046
-0.613881999167297 0.806302160591927
-2.8248058392339 1.01009581395171
-0.677931432846931 1.00783666448987
1.51430344967606 -1.00899001559709
0.0286577644477331 0.0194852578272099
-1.40328186346451 0.912973638138215
1.05970411220645 -0.773352178937351
-0.490486746315859 0.141119461188275
-0.914246017551324 1.46328797398243
-0.212879034422138 0.685240084498316
1.89395302133134 -1.30723312115698
0.612098288248025 -0.360754190815421
0.935999283932186 -0.174373206662156
-0.277339321509201 0.399220611548207
0.600515176479719 -0.482897876584907
0.0800813551719585 0.0591972326197509
1.0062403787614 -0.665121250292275
-0.457870583587055 0.717350473488082
-0.0656773019086821 0.233873120874196
-1.90049268644305 1.80380158239907
-1.89394374932053 2.04320335045603
-0.0220627026260589 0.154377037464773
0.352792397936938 -0.10496590715716
-1.12451949533025 1.56017703549859
-1.01840486683251 2.02538435012361
2.87734837217976 -0.642201620604256
1.84643002551162 -1.08374756452929
0.517374015442337 0.182227852635833
3.60424542611409 -1.23092431049136
1.502816678294 -0.888259407870296
-0.844926761580718 0.590256622277462
1.53346051404941 -1.00559136600261
0.710472753126831 -0.487557986831616
2.80649071044291 -0.903315994557101
0.406332755712543 -0.0763738111964912
-0.330439826726362 0.341709216922927
-0.295679320593514 0.523603288936312
-1.35048906452169 1.56273955062244
0.535816748936566 0.104038137853877
-0.775759773597899 -0.168296526819295
1.81829677847253 -1.00389506638036
0.793400696615842 0.203205105661364
-0.493361223054945 -0.242035834558301
-0.658200202279972 1.04189721942671
0.32611413271897 -0.271812228562662
2.1796889801397 -1.29633795626816
1.88118744261781 -1.28243339861599
2.2088583756299 -1.00853334474847
1.63154212692517 -1.21830419007942
-0.615182248902533 0.632392840179829
0.412702474132469 -0.526847001550175
-0.094242151594063 0.00824847057760131
-0.125711514932914 0.801180585446523
-1.12856242134722 0.679745375659357
1.61513996502175 -1.19292236098948
-1.09151168942162 1.85510983924035
0.497630926158603 -0.673164371527633
-0.53698656873559 0.937872073771812
1.00551124639812 -0.174457442893783
-1.01113504151268 1.17781826850262
0.200918787424558 0.702778201991904
-1.07940011724808 -0.381915947119391
-1.46169845740597 1.56305937924504
0.134878968507238 0.612348609827635
0.677272403157289 0.239253398709506
-1.17545994376674 1.63349366041264
-0.551177662242209 0.105086918633347
0.493863360683478 0.57057185934098
-1.72345223271003 1.35479549129927
-1.68675950134098 1.18149527040774
-1.39075229505281 1.40011260429619
-0.733475767081083 1.00361416154569
0.596972047587015 -0.180477899643792
1.77933500645057 -1.32429277888175
-0.312120163409026 0.537341489503922
0.10998786190065 0.00573175128777603
-0.19082450675462 1.18725127992682
-1.25220109758514 1.91765096184018
1.52675247539821 -1.14741042089117
-1.15194993818222 1.45984199827482
-0.301308865381681 0.0427699551870283
0.474227410982218 0.329471815985605
1.07926765518446 -0.517249219697166
2.58185393038539 -0.975195920138303
0.317799925200607 -0.00343606825098405
-0.036668120192531 -0.131875198862203
0.100652309759986 0.404984557078859
-0.11403060412062 0.747377438116949
-0.31731839825259 0.187294880587823
0.314235917836745 -0.290709243715256
-1.33853633517562 1.36826869040641
-3.10543264892939 0.491315751492178
-0.368766310451072 0.469954359393191
0.0766447816135717 0.567535555545028
0.588344288325645 -0.0231411773890191
-1.04600317519508 -0.237920358481177
1.09870466898556 -0.366905853910376
-0.00419038027559729 -0.193066843873194
0.402267459681765 0.345465543918212
-1.44168911064603 2.74687783042999
-0.817973064843518 1.00252041790503
-1.03643370964826 0.903852179209417
-0.249381675334628 0.667363786252242
0.583306792819154 0.742310553213325
-1.74334520441406 1.65152399846465
-0.434324913178866 0.467276808549
0.523203125835297 -0.324922199664666
-2.53011175616997 0.659660183990585
0.734109158050589 -0.178131809263641
-1.96779376859615 2.40623906162445
-0.287356659988847 -0.162398862860248
0.571626841109627 0.386100698531295
-0.288303465150158 0.049553776855535
0.332517368971885 -0.436558624763953
-0.769950288859283 -0.283139656583986
-1.21525601381626 1.66697743103492
-1.43870407660844 1.32566052209437
0.610766869314792 -0.116135400330628
1.10661909016781 -1.02886367346884
0.0934274097576675 0.0171613623047242
0.90972994969472 -0.789648590196346
1.03610512477898 -0.660252728896206
-2.37230321023238 1.86488015069783
-0.821997267353281 0.789507383116879
-0.0573026691641439 0.672607045508965
-0.0158387501819457 0.724654772316676
1.24258926745259 -0.88155596373389
-0.527415710610838 0.804188441487517
-0.617039922742905 0.702195503942906
-0.379952211121895 -0.836104174960596
-0.336553167826233 0.350288291011334
0.0111809863274618 -0.106550598122937
-0.843068051671175 1.14561228587407
2.70470630057099 -0.842480048135046
0.563066004782573 0.15084966659527
-0.388170563202528 1.55522130499005
-0.579474036069919 0.415735285916696
-2.18855938659088 1.92887126386979
0.811290208721477 -0.548274164042447
1.61257410542511 -0.991924845099757
-1.56487985819286 2.64246377926978
-1.01339041366423 0.437023340188323
0.353407928287751 0.092692985068758
1.33198551297157 -0.866342059857475
-0.0613052437136982 0.625960657702222
-0.344038562946098 0.394232439640438
1.04621792226943 -0.693965534880011
0.934560667695135 -0.645266199146081
0.257344039017883 0.273011932863812
0.288663258240358 0.460506411339577
2.47629256569653 -0.681539099129882
-0.127181988434566 0.268839952226088
1.59226691211539 -0.891808018816497
-1.26842538253602 1.8817953623225
-2.27981672185899 3.08998257219326
-0.204111602009629 0.0220602960590178
-1.08402387818467 1.52627514393563
-0.625088365301478 0.0613377978611443
-0.571676208912963 0.0960081977015254
-0.533029594579542 1.31575724764232
-0.117319517970346 0.552665369981415
0.178043324157291 0.543488438509275
0.200994177991498 0.450901304487739
-0.722178302837718 1.08700798123346
0.642834130611898 0.0283560776065871
-0.85140859927319 0.106471102427595
0.206525063602574 -0.50861867936186
3.08067404489917 -0.767295084848137
-1.20394691137864 0.83713612244122
-0.355749255378991 -0.485088647742898
0.270549950581185 -0.0244147213767033
-0.207906530372013 -0.07605398973729
0.0672256537029085 0.112676280734237
2.46287838920601 -0.899235258637787
0.763393598536412 -0.350950274999266
1.29969197012102 -0.673505316368341
1.16202895909617 -0.339271823869628
-1.22724251628946 2.3844914982492
1.15602604342559 -0.746530588373136
1.21242955294804 -0.71331179217486
-0.348146862261763 0.280781874960657
-0.248168963384803 0.0100950005602973
-0.73922772815335 0.567717206718271
0.436092436197908 0.190435176704424
1.58548092516632 -1.13600316863186
0.105453378576506 0.376577335944937
0.407150270798661 0.479211740785211
0.91725886496303 -0.166196196507545
-0.704722185150164 1.39598442640668
0.817500025083166 0.00999279211486195
-0.460633306114993 0.187802393808335
1.32721188687313 -0.950962600524739
1.31669447623283 -0.775697975014943
-0.317956992177738 0.229785190323076
1.22963544010655 -0.665893012749326
0.207523745099648 0.148626420454823
-1.51921971786335 2.11164239655158
-1.12785644478743 1.3759778916438
1.70785952016869 -1.10132747278999
1.73147970047514 -1.1109886161954
-0.659919516791432 0.15078699958124
0.6918275491119 0.0830148569885688
2.48475540717552 -0.825721417144059
-0.113325271921461 0.92266361530197
-1.76795583870471 0.699043504113554
-1.48424256656837 2.21157427121827
1.4422840539301 -1.01239800900575
2.30808853951529 -0.970989561893734
-0.540819947960621 1.0323134801646
1.37558801259113 -0.723334649717801
0.752038438245342 0.096300896565282
0.55765022389256 0.0749510451811515
0.614623970225975 -0.335992951925736
-0.843195074807286 0.346372322334876
0.0972516367555031 -0.375051018735193
0.896011222818634 -0.366112981665396
-0.155131866195759 0.951064818535607
0.487416396126589 0.250129773659824
0.774605673384918 -0.225932244083626
1.05593428763154 -0.662252315593195
-1.15948148545287 0.587614784395346
0.806025515415662 -0.326745342423133
-0.539602204593696 0.696781781967065
0.349178707248406 0.809876667674214
1.25312988999702 -0.566730182422839
1.17724891514435 -0.924663562418338
-1.20579902368543 0.764571456897051
-0.403147365207952 0.312477284150748
1.27804492394114 -0.672107334381621
-2.68733440216506 1.77926747496691
0.917243672087124 -0.289847214904826
-0.538180720046538 0.229582926968069
0.107457133819826 -0.614406840338067
0.259118311699048 0.0344649012791489
-0.525019482386195 0.559183641311281
0.593205581185981 0.0018860258986884
-1.89070025673815 2.01333024699258
0.221341295370037 -0.30648473464916
-1.63253751984082 1.8508311039448
-1.42203125944639 1.25281014888974
-0.11071164678097 0.404597798090441
0.87568035376149 -0.124296753399587
-1.0731288869114 1.4201557652834
-0.993703296077578 0.545180187142242
0.352962377027378 0.0535787982085427
-0.276882696577289 0.102480385440972
2.17747917398637 -1.23417738205544
0.621596250117026 -0.376598386367349
1.12423919579046 -0.855719167787627
-0.153833513588502 0.684666738730891
-0.942239052629177 1.14749624920794
-1.56261465181878 2.15542915712986
-1.29624416090053 1.54890237233576
-0.0257849465860226 -0.54425117871146
-1.80338003965366 1.92606373371682
0.489042057255043 0.154018365231092
-1.70387489737151 1.09665121887227
0.367546337474983 0.0946825935670351
-1.39404480590048 1.77888615438167
0.140540310179331 0.689548876455656
-0.410549649025002 -0.140149016716232
-2.59947015219826 0.628247311793398
-1.67705845585698 1.35621589204539
0.949995473382612 -0.143193792764819
-0.792754219969269 0.808952046792714
1.74210374439602 -1.21548111725749
-2.48964868724142 0.573532054121272
1.07805563011447 -0.869874965756773
0.300723948300206 -0.530192966452124
-0.207726764140949 0.757045738306441
0.383164247581366 -0.116024956177866
-0.0589401081277363 -0.495460001736899
0.969160393090676 -0.556321734933375
1.25883945192419 -0.739064668813321
-1.45937072631517 1.78982376063983
-0.716281261969293 0.959081674289845
-1.39479435467481 1.58018596864687
-0.848634257250124 0.837641216086869
-0.260809936080466 0.908982645112723
0.0236525860231257 -0.662454357326359
-1.75529049659506 1.49848255979217
1.28025641054622 -0.946963797277325
1.04270299420233 0.0209783647853627
-0.317419850944372 -0.0434048896274693
-1.94039324092433 0.560923292137878
-1.71242633756574 1.40838841732093
1.14841297285753 -0.383552781831969
-2.08496460277193 2.39904286715623
2.46924972945515 -0.964044280617851
-1.28238091721686 1.4563469005968
1.64409164080899 -0.996957773830553
0.947253285025546 -0.410074455503015
-1.45951380393379 1.90255880334187
0.927589909114178 -0.208347198204949
1.72326187289611 -1.22265740354669
0.617305453606777 0.259977636691064
-0.309433971741129 0.0204390479250364
-1.43119738896815 1.95021530886431
1.29402245803209 -0.842764986157357
0.241795407436144 0.357229687825115
0.0205931431747068 0.0290944821019668
0.246010982017073 0.646934757432205
-1.42252069493409 0.333754560235287
1.10741873116482 -0.712281564058915
-0.416097262913586 0.674489693957473
1.48549274539115 -1.20720866307069
-0.897200401305188 1.2814062064149
-1.30220598842647 1.89907270140864
0.709773858410221 0.0203204151297126
0.488431675045719 -0.22090822554431
-0.688228313328819 0.96548020871145
0.30620153144637 0.221080399945607
-0.689481791847337 -0.479080953124114
-1.20359009561138 1.00511039805542
2.00733884626737 -1.13302379032492
-2.53187793168199 2.06595473824309
1.47680798760005 -0.870711449274174
-0.104929534470268 0.419488247724203
-1.53908284808487 2.54598515850818
-1.34442490652396 2.00984746768183
0.977389904864549 -0.272510191922003
0.0723746672034873 0.629342374975069
2.08914790605818 -0.993907803823688
-0.044026996210724 -0.281230260621057
-2.10022082515088 1.95311789735554
-0.230765363648516 0.412925101023429
0.849640402003138 -0.106144241371972
-0.0993722182033105 -0.227479362828192
0.0814577593893091 0.771432023504435
1.04931977561224 -0.570188805150714
-1.80889580091602 0.565015761974465
1.91001245125685 -1.15007951949325
-2.35585543243878 0.809075991265036
1.92809311524053 -1.13974330305055
-0.762740462927017 0.688792970220095
-1.51020590071496 1.71825559039062
1.14430616842995 -0.695153885790872
-1.21229939819387 1.6220469089809
-1.1806150675761 1.26068397044671
-0.259854299491073 0.784922894069565
-0.0262474084488815 0.721084920144197
0.579197950829555 0.181216815273791
1.78259306929908 -1.16702349643614
0.280111095030958 0.417361813676093
0.135217365708418 -0.169614844316683
2.29223541900561 -1.10572928370849
0.677363034283837 0.010349320273086
0.0426310610548764 0.184711390729867
0.668709492761833 0.294132350796653
-1.70220814889012 2.02022895714405
-1.25556905052594 0.951798443422904
-0.544094536547804 0.846918757318613
0.563770072582536 0.250813957000107
-0.204098034170173 -0.428818143911657
1.908552887069 -1.16766751888163
-0.848430625259468 1.07080863661489
-1.1063031172512 1.21967508039415
-0.887683809818284 0.659001668935051
1.50944679808869 -0.923090495361135
1.0074650443453 -0.355685151855871
0.881564690205882 -0.295936789435985
-1.51095788585687 2.96376000070625
-0.492324142399014 0.366410755999938
-0.975467800581593 1.98470280400676
0.628665793564177 -0.482344018534044
0.223469715619031 -0.121337920401753
-0.0507814812930195 0.193667526084692
0.658602918344222 -0.211290390334972
-1.04791518372649 0.601762158176766
-0.73458429906976 1.27930605134484
0.677070095149856 0.311895121854858
-0.245062608602328 0.237052911796991
-0.568451375044203 0.903504910542625
-0.605036934979879 0.653773657807578
1.86137480973959 -1.28119230324667
0.614940829225918 -0.294231347874084
-1.69963014444669 1.91229500769042
0.59475603427479 -0.424059563706228
-1.87164583085693 1.42823275847154
-1.34975410378443 1.16996256371684
-0.197597247812205 0.246948136831243
1.68451350150638 -1.06797546992428
-1.48059133390454 -0.0356617334531375
0.685911616866681 -0.0757166758635218
-0.601884745542627 0.292710610446243
-0.803364040490464 0.851956356313741
-2.82449049489409 0.314245324606881
-0.233541110699301 0.64119270389045
1.2207579103834 -0.846911392018023
-0.306682728066974 0.522894124973314
-1.80660133591385 3.7752498418854
0.687370047545282 -0.91899922404047
0.916064715598944 -0.336491175312289
0.471797651632435 0.0290837704437558
-1.46665373810958 1.05562123036128
-1.04589324241408 0.636033238874088
0.127023391827269 0.217648085931752
-1.97303340276474 1.63067689612432
-1.48925894678762 1.10600820507445
-0.559443246324433 0.401508872036254
1.43273580941286 -1.14027536157727
0.326410439022443 -0.384508817445568
3.76392988421506 -1.47342051678357
2.57667577501754 -1.02337580252505
0.458704096481045 -0.07304414944912
-0.833103146072097 1.97109493816061
1.05335004960773 -0.241016743703339
-1.67937816696834 2.2822864404757
-0.644191183098918 0.357803216169578
-0.0984788824469911 0.491620379101976
1.58315311063949 -0.898759433490862
0.0404626463030494 0.226542798700066
0.674152380423996 -0.37686605172897
-0.204433271517085 0.669467591251321
1.23507102138081 -0.409646066499438
1.66982352210789 -1.06880208507193
1.0438116806755 -0.694771059755985
-1.03741251685906 0.877705583062984
-0.420358429028977 0.613953459727618
2.36075862425288 -1.01190528368616
-1.83916904731344 1.86893182151028
1.0732592287853 -0.675878342436812
2.37220146161284 -1.03017096560493
-0.194109603589496 0.226979384524773
0.384722728701646 -0.0781184034735274
-2.22725618173912 2.67931022402101
-0.560532609606208 0.101700765409652
0.762939875666527 -0.172362223077277
-0.57182861305484 0.933234058100395
0.644693331265973 0.0926733925604525
-0.273548506045062 0.883924862174144
0.715531670250793 -0.244781872327724
-0.569465638790132 0.444678909779152
-1.15586115743232 0.685330446038088
0.29514051216962 -0.589182697991986
-1.74496301974274 1.60435445280547
1.91661906968963 -1.13223899901077
-0.953684129659404 1.35142903584654
0.0103121045302804 0.213997780067666
0.504421048624517 -0.738871866145903
-0.619838227452367 0.0450172403083618
-1.7251334553254 4.20356080323987
-0.216481941049603 0.876579367003904
-0.239153596695143 0.980395538597804
-0.277504169470941 0.514418721711406
-1.15059979190387 0.851213497507923
-0.109432062659368 0.120402858197072
-0.653057078105248 0.704766863379365
-0.251255066410462 0.787520010308685
-1.51405598493566 2.04550867087726
-1.17898454676346 2.65488444005769
-2.04801071317724 2.80246261668111
