1	-16.3
2	-13.4
3	-13
4	-12.8
5	-13.6
6	-6
7	-6.5
8	-0.3
9	-1.3
10	-4
11	-5.3
12	-5.5
13	-6.9
14	-10.3
15	-13.6
16	-10.4
17	-9.3
18	-7.9
19	-6.4
20	1
21	-1.4
22	0.3
23	2
24	-5.3
25	-8.4
26	-2.8
27	-0.8
28	-2.4
29	-2.9
30	-3
31	-5.1
32	-2.1
33	2.6
34	-0.6
35	-0.3
36	2.5
37	-2.3
38	1.9
39	-0.3
40	1.6
41	0.4
42	0.4
43	1.6
44	2.4
45	-0.3
46	1.8
47	-2.5
48	-3.1
49	-3.3
50	-4.1
51	-3.6
52	-2.9
53	-4.3
54	-4.3
55	-4.1
56	-6.5
57	-8.8
58	-7.8
59	-3.5
60	-3
61	-0.8
62	1
63	3
64	3
65	1.1
66	0.3
67	-1.3
68	-1
69	-1.5
70	4.9
71	5.5
72	4.6
73	4.5
74	5.3
75	-3.3
76	-2.5
77	0.5
78	1
79	0.3
80	0.1
81	0
82	0.6
83	0.1
84	4.6
85	2.5
86	0.6
87	-0.1
88	-2
89	-1.6
90	-1.8
91	-0.5
92	0.3
93	-0.3
94	-0.8
95	-2.3
96	-1.3
97	-2
98	0
99	3.4
100	4.8
101	4.5
102	4.4
103	5.9
104	6.4
105	6.3
106	5.1
107	-0.9
108	-2.1
109	0.1
110	1.6
111	2.5
112	4.4
113	4
114	0.4
115	1.1
116	1.5
117	1
118	1.5
119	2.4
120	0.4
121	0
122	-1.4
123	-2.1
124	-2.6
125	-2.5
126	-0.3
127	3.9
128	6.6
129	9.1
130	9
131	7.8
132	8.5
133	10.4
134	11.4
135	14.1
136	16.5
137	10.1
138	9.6
139	12.5
140	9.6
141	9.8
142	12.3
143	13.1
144	4.6
145	8.3
146	11.3
147	5.8
148	11.3
149	16
150	17
151	18.8
152	16.6
153	14.5
154	16.5
155	16.5
156	14.4
157	12.9
158	10.8
159	11
160	12.9
161	14.5
162	15.9
163	14.1
164	13.4
165	9.1
166	5.8
167	7.8
168	9.1
169	8.9
170	10.6
171	14.5
172	14.3
173	12
174	13.8
175	13.5
176	12.8
177	15.1
178	13.6
179	14.6
180	15.1
181	12.4
182	8.6
183	7.4
184	6
185	9.9
186	11.4
187	12.9
188	13.6
189	11.6
190	11.8
191	11.1
192	16.4
193	17.1
194	14.4
195	11.4
196	14.3
197	13.5
198	12.1
199	14.6
200	16.5
201	14.1
202	12.5
203	8.5
204	8.6
205	10.3
206	12.5
207	15.4
208	17.5
209	19.5
210	18.5
211	16.4
212	16.5
213	15.3
214	16.3
215	15.9
216	13.1
217	13.4
218	14.4
219	15.6
220	14
221	10.8
222	8
223	9.3
224	11.8
225	12.1
226	13.6
227	14.3
228	10.3
229	10.8
230	12.9
231	12.5
232	11.1
233	12.6
234	13.3
235	11.4
236	8.6
237	7.5
238	7.4
239	8.1
240	8
241	9.9
242	12.6
243	14.3
244	16.6
245	17.1
246	12.1
247	8.8
248	8.9
249	10
250	13.4
251	13.3
252	13.9
253	12.5
254	13.3
255	13.1
256	14
257	13.3
258	6.6
259	5.9
260	11.8
261	13.5
262	14.1
263	12.8
264	5.8
265	2.6
266	2.4
267	3.4
268	5.1
269	4.8
270	6.6
271	8.5
272	9.8
273	7.8
274	7.8
275	8.1
276	10
277	12.3
278	10.4
279	10
280	8.8
281	10.6
282	11.5
283	12.9
284	12.3
285	10
286	10
287	10
288	7.9
289	9.8
290	7.9
291	6.5
292	4
293	5.1
294	8.1
295	5.3
296	3.1
297	7.3
298	2.9
299	2.3
300	2.8
301	4.6
302	3.1
303	2
304	3.3
305	4.5
306	2.3
307	-0.5
308	4.9
309	2.4
310	4.6
311	6.1
312	8.3
313	3.4
314	-1
315	-4.9
316	-3.3
317	0.6
318	0
319	-1.3
320	-3.6
321	-3.9
322	-3
323	-1.3
324	-0.9
325	-2
326	-3.3
327	-4.4
328	-3.6
329	-1.5
330	3.3
331	5.6
332	2
333	1.8
334	6.8
335	4.9
336	4.9
337	5.9
338	6.9
339	9
340	7.8
341	7.9
342	5.1
343	3.9
344	5.3
345	2.1
346	-0.9
347	0.1
348	0.9
349	0.4
350	-2
351	4.4
352	-2.3
353	-2.6
354	-4.8
355	-6.8
356	-3.1
357	-4.3
358	-1.8
359	-3.8
360	-4.1
361	-2
362	-0.8
363	-2.9
364	-3.9
365	-5.1
1	-7.1
2	-6.8
3	-7.1
4	-1.8
5	-0.9
6	-1.5
7	-2
8	-2.9
9	-5.1
10	-8
11	-9.3
12	-11.1
13	-11.3
14	-8.4
15	-7.8
16	-11.6
17	-8.5
18	-6.8
19	-5.1
20	-3.4
21	-1.5
22	-1
23	-1.5
24	-0.5
25	-0.8
26	-3.6
27	-7.1
28	-2.5
29	1.4
30	2.3
31	2.4
32	-2.8
33	-0.3
34	-0.9
35	2.9
36	2.1
37	1.5
38	-0.4
39	-0.6
40	3.9
41	3
42	-0.1
43	-1.5
44	-0.4
45	-1.1
46	0.6
47	2.3
48	-0.3
49	-2.1
50	-4.3
51	-5.3
52	-3.4
53	-2.1
54	0.4
55	0.3
56	0.1
57	-0.3
58	-1.8
59	-2.9
60	-2.4
61	-1.6
62	0.5
63	-4.9
64	-5.4
65	-4.8
66	0.8
67	0
68	-0.9
69	-0.1
70	1.4
71	0.6
72	-0.8
73	0.1
74	0.9
75	0.5
76	0.6
77	-0.8
78	1.5
79	2.4
80	-0.8
81	0.9
82	2.3
83	2
84	2.3
85	2
86	4.1
87	6
88	6.4
89	2.9
90	0.9
91	3.9
92	6.6
93	1.5
94	-0.3
95	-1.6
96	-2.9
97	-2.1
98	-1.4
99	-0.9
100	-1.6
101	-0.1
102	1.1
103	1.9
104	3.5
105	4.5
106	6.5
107	8.9
108	7.5
109	6
110	1.4
111	-1.1
112	-0.8
113	-0.5
114	-0.9
115	0.1
116	-0.9
117	-0.4
118	1.1
119	2.8
120	2.1
121	5.4
122	7.5
123	6
124	5.1
125	4.3
126	1.9
127	5.9
128	5.6
129	4.8
130	6
131	5.6
132	6.5
133	8.8
134	9.5
135	5.8
136	2.9
137	3.8
138	4.5
139	6.5
140	6.1
141	7.1
142	7.8
143	8.3
144	6.1
145	5.5
146	6.9
147	9.8
148	9.3
149	8.5
150	8.1
151	5.5
152	6.5
153	2.9
154	7.6
155	10.6
156	12.5
157	14.5
158	14
159	11.3
160	12
161	13.4
162	11.1
163	12.4
164	15.3
165	17.4
166	15.3
167	10.3
168	12.5
169	11.1
170	9.8
171	10.8
172	8
173	8.4
174	8.5
175	9.5
176	8.8
177	7.6
178	7.6
179	5.1
180	6.1
181	6.8
182	8.4
183	5
184	6.1
185	7.6
186	10.8
187	10.3
188	10.8
189	11.3
190	9.9
191	8.6
192	6.8
193	6.8
194	7.3
195	6.4
196	12.5
197	10.4
198	8.5
199	6.6
200	7.9
201	14.1
202	12.8
203	5.5
204	8.1
205	14.8
206	17.1
207	18.3
208	19
209	15.8
210	16.3
211	18.4
212	16.3
213	17.3
214	19
215	18.8
216	21.3
217	18.5
218	17.5
219	16.1
220	15.3
221	13.1
222	16.1
223	15
224	15.5
225	11
226	10.3
227	13.5
228	16.3
229	14
230	15
231	15.3
232	17
233	16.3
234	16.8
235	11.4
236	8
237	8.3
238	10.1
239	13.3
240	13.8
241	14.8
242	16.4
243	13.9
244	9.1
245	5.6
246	8.6
247	13.5
248	14.8
249	12.5
250	9.5
251	9.8
252	12.4
253	9.8
254	8.1
255	9.1
256	12.5
257	8.8
258	8.9
259	7.5
260	10.1
261	10.4
262	10.9
263	12.9
264	13.1
265	14.6
266	13.9
267	10.6
268	9.4
269	11.9
270	10.8
271	8.8
272	7.5
273	7.5
274	10.8
275	8.8
276	8.1
277	6.4
278	8.4
279	8.9
280	8.9
281	7.9
282	4.5
283	1.1
284	0.9
285	5.5
286	2.4
287	1.1
288	3
289	4.5
290	9.1
291	4.1
292	2.9
293	0.5
294	0.4
295	2.3
296	6.9
297	5.1
298	6.4
299	3.9
300	1.5
301	7.1
302	11.8
303	7.8
304	1.6
305	-0.6
306	-3.4
307	-7.1
308	-7.5
309	-7.6
310	-6.6
311	-5
312	-1
313	0.5
314	1.4
315	-5.9
316	-7.4
317	-5.9
318	-4.6
319	-4.3
320	6.3
321	5.9
322	5.3
323	4.3
324	3.1
325	6
326	6.5
327	7.5
328	5.6
329	6.8
330	3.9
331	-0.6
332	-4.8
333	-5.5
334	-6
335	-6.3
336	-13.4
337	-11.4
338	-6.1
339	-5.5
340	-4.6
341	-5.5
342	-12.8
343	-14.8
344	-11.5
345	-0.5
346	1.6
347	-1.9
348	4.8
349	4.9
350	1.5
351	-1.9
352	-5.1
353	-2.9
354	-5.9
355	-2.4
356	-1.6
357	-2
358	1.5
359	2.4
360	1.3
361	-2.6
362	-6.5
363	-8.8
364	-8.3
365	-3
366	1.8
1	-2.6
2	-1.9
3	-0.1
4	-2.5
5	-5.3
6	-5.8
7	-8.4
8	-8.9
9	-5
10	-1.8
11	-3.1
12	-4.8
13	-5.9
14	-4.6
15	-4.3
16	-6
17	-2.3
18	-4
19	-1.8
20	-3.5
21	-7.9
22	-10.9
23	-9.5
24	-6.4
25	-2
26	-4.5
27	-7.9
28	-8.8
29	-6.5
30	-5.4
31	-4.5
32	-2.5
33	-1.3
34	-0.4
35	-2
36	-4
37	-0.5
38	2.1
39	1.1
40	2
41	-3.8
42	-8.1
43	-10.1
44	-9.8
45	-10.8
46	-7.9
47	-7.3
48	-6.1
49	-5.9
50	-7
51	-7.1
52	-7.5
53	-9.9
54	-6.5
55	-4.6
56	-4.5
57	-5.4
58	-5.9
59	-1
60	0.8
61	0.8
62	0.5
63	-0.3
64	-1
65	1.6
66	4.1
67	5.6
68	5.8
69	6.4
70	9
71	5.3
72	1.5
73	-0.5
74	-0.3
75	-1.4
76	-2.9
77	-3.8
78	-2.5
79	3.6
80	4
81	4
82	6.8
83	8.8
84	10.1
85	6.6
86	3.8
87	7.3
88	10.4
89	7
90	7.8
91	8.9
92	10.9
93	10.9
94	10.8
95	2.8
96	6
97	8.1
98	9.3
99	8.4
100	8.8
101	10.6
102	12
103	11.8
104	9.4
105	5.8
106	1.4
107	-0.4
108	-1.6
109	-0.9
110	0.4
111	2.6
112	2.5
113	1.5
114	2
115	4.1
116	1.3
117	-1
118	0.3
119	1.1
120	5
121	3.9
122	1.5
123	2.8
124	0.8
125	-0.1
126	4.3
127	10.6
128	10
129	10.9
130	13.6
131	4.3
132	6.3
133	6
134	6.9
135	9.3
136	8.8
137	7.3
138	10.1
139	13.8
140	15.4
141	16.4
142	8.5
143	10.1
144	6.8
145	6.3
146	6.5
147	5.6
148	8.4
149	9.4
150	12.5
151	15.1
152	17.6
153	18.9
154	16
155	6.6
156	10.3
157	13.5
158	15
159	15.4
160	13.1
161	11.3
162	14
163	15.1
164	12.9
165	17.9
166	18.9
167	13.9
168	8.9
169	5.3
170	6.9
171	8.9
172	8
173	6.1
174	9.9
175	12.1
176	11.5
177	11.8
178	12.9
179	14.5
180	6.8
181	7.5
182	9
183	15.5
184	10.8
185	10.6
186	14
187	14.6
188	15.5
189	17.3
190	17.8
191	15.4
192	16.4
193	15
194	12.5
195	14.3
196	14.3
197	15
198	12.3
199	9
200	7
201	9.4
202	11.9
203	14.3
204	11
205	9.9
206	8
207	8.1
208	10.6
209	12.8
210	15.5
211	16.5
212	19
213	17.3
214	17.1
215	18
216	18.3
217	19.1
218	18
219	17.3
220	14.8
221	14.4
222	10.9
223	11
224	13.9
225	15.9
226	15
227	16.9
228	16.9
229	11.4
230	11.9
231	13
232	11.1
233	7.9
234	8.9
235	9
236	8.6
237	9.8
238	12.1
239	11.9
240	11.4
241	11.5
242	12.4
243	13.5
244	11.1
245	12.5
246	10.5
247	9.8
248	10.1
249	10.1
250	12.4
251	14.9
252	13.9
253	12.9
254	12.6
255	13.8
256	10.4
257	7.4
258	9.4
259	11.9
260	9.9
261	12
262	11.4
263	15.1
264	14.5
265	15.9
266	9.3
267	9.4
268	9.4
269	10.3
270	8.5
271	6.6
272	5.4
273	5
274	9.6
275	8
276	7.1
277	8.3
278	10
279	12
280	7.8
281	5.1
282	11.5
283	7.3
284	4.6
285	4.4
286	1.9
287	4.4
288	8
289	7.8
290	10.3
291	11
292	7.3
293	6.1
294	2.4
295	-0.1
296	-1.1
297	-0.9
298	0.4
299	0
300	-1.9
301	1.4
302	4.9
303	5.3
304	8.5
305	9.6
306	9.4
307	10.3
308	7.8
309	3.8
310	-0.5
311	-2.8
312	-5.5
313	-5.4
314	-6
315	-2.3
316	0.9
317	1.5
318	-1.1
319	-3.6
320	-7
321	-0.6
322	5.9
323	6.9
324	8.3
325	8
326	8.3
327	6.9
328	2.1
329	-3.9
330	-2.9
331	1.1
332	-2.3
333	-2.9
334	-2.3
335	-3.3
336	-3.5
337	-7.3
338	-2.3
339	-3.3
340	-2.8
341	-2
342	0.8
343	-4.1
344	-1.5
345	1
346	-5
347	-8.3
348	0.1
349	-0.9
350	-3.1
351	-2
352	-2.3
353	-10.5
354	-11.1
355	-2
356	-2.4
357	-3
358	-1.1
359	-3.4
360	-6
361	-5.4
362	-1.1
363	0.6
364	1.3
365	2.5
1	1.1
2	1
3	4.6
4	4.5
5	3.4
6	-2.8
7	-13.1
8	-9.9
9	1.4
10	-6
11	2.6
12	-5.5
13	-8.9
14	-5.1
15	-0.4
16	1.5
17	0.4
18	-0.9
19	-1.9
20	-2.5
21	0.4
22	0.1
23	-1.8
24	-3
25	-6.3
26	-1
27	-0.6
28	-3.8
29	-2.6
30	1.6
31	0.1
32	-2.5
33	-6.1
34	-4.9
35	-0.5
36	0.3
37	3.3
38	3.6
39	2.1
40	1.6
41	3.1
42	4.8
43	1.5
44	0
45	1.6
46	0
47	-0.8
48	-0.5
49	0.1
50	-2.6
51	-4.8
52	-7
53	-6.8
54	-7.4
55	-8
56	-8.5
57	-9.4
58	-4.9
59	1.3
60	4.3
61	-0.1
62	4
63	0.4
64	-1.3
65	-4.3
66	-3.4
67	-1.5
68	-0.5
69	2.1
70	-2.8
71	0.3
72	-3.4
73	-2.8
74	0.9
75	0.4
76	0
77	0.3
78	1.6
79	4.6
80	0.9
81	0.4
82	-1
83	0
84	0.3
85	1.6
86	4.6
87	5
88	3
89	2
90	0.8
91	4.3
92	5.4
93	3
94	4.1
95	7.6
96	7.6
97	5.3
98	2.5
99	-0.1
100	0.2
101	1.3
102	-1.3
103	-2.8
104	-0.5
105	1.4
106	3.5
107	4.1
108	2.8
109	3
110	1.6
111	3.5
112	3.5
113	3.5
114	-0.4
115	2.3
116	3.8
117	4.1
118	3.9
119	0.9
120	0.1
121	2.1
122	3.8
123	7.6
124	5.8
125	1.6
126	2.4
127	1.5
128	5.8
129	4.5
130	1.6
131	5
132	7.8
133	9.8
134	11
135	13
136	14.9
137	12.6
138	14
139	11.8
140	11.5
141	12.4
142	10.6
143	8.6
144	5.9
145	8
146	15.1
147	15.3
148	13
149	10.9
150	14
151	16.5
152	19.4
153	19.1
154	19
155	19
156	17.9
157	15.1
158	16.1
159	18.6
160	17.3
161	17.3
162	13
163	9.8
164	6.9
165	6.1
166	9.9
167	11
168	13.8
169	11.3
170	10.8
171	12.9
172	13.4
173	15.5
174	12.6
175	12.9
176	15.4
177	12.5
178	10.1
179	10.8
180	11.5
181	10.9
182	15.1
183	19.5
184	18.5
185	12.5
186	14.5
187	16
188	17
189	18.8
190	19.4
191	20.1
192	19.1
193	20.4
194	19.1
195	21.4
196	19.5
197	20.3
198	18.1
199	15.8
200	15.1
201	19.9
202	18.6
203	17.4
204	17.1
205	16.8
206	13.1
207	11.9
208	10.5
209	11.6
210	15.4
211	18.3
212	13.5
213	14.4
214	15.6
215	15.4
216	14.9
217	15.8
218	12.5
219	12
220	16
221	16.1
222	14
223	16.4
224	19
225	17.9
226	16.3
227	15.9
228	15
229	13.9
230	15.8
231	15
232	9.1
233	7.6
234	9.8
235	11.6
236	9.3
237	12
238	14.6
239	10.9
240	10.9
241	10.8
242	10.8
243	9
244	9.8
245	9
246	9.6
247	13.5
248	17.1
249	12
250	10.1
251	11.6
252	13.9
253	13.6
254	14.4
255	14.3
256	14.6
257	13.4
258	15.1
259	15.3
260	13.5
261	14.1
262	14.5
263	16.5
264	15.3
265	12.5
266	5.5
267	8.6
268	12.9
269	11
270	7.3
271	8.9
272	9.8
273	9.5
274	10.4
275	10.9
276	9.9
277	10.5
278	6.6
279	1.6
280	2.9
281	5.1
282	4.5
283	6.1
284	5.4
285	4
286	6.4
287	5
288	3.3
289	3.9
290	5.3
291	8.5
292	7.1
293	6.9
294	7.3
295	8.1
296	5.9
297	5
298	2.4
299	3.5
300	7.5
301	4.5
302	3.5
303	4.5
304	7
305	7.3
306	8.3
307	7
308	4.6
309	4.1
310	2.5
311	7
312	11.4
313	5.8
314	5.3
315	4.5
316	5.4
317	2.8
318	0
319	-1.6
320	-3.4
321	-1.3
322	2.5
323	3
324	-0.1
325	3
326	5.3
327	5.8
328	5.1
329	1.8
330	2.6
331	1.1
332	0.1
333	-1
334	0
335	-0.8
336	-1.8
337	-1.8
338	-1.3
339	0
340	5.8
341	7
342	4.9
343	3.9
344	1.5
345	-2.4
346	-0.6
347	-0.1
348	-2.3
349	1.6
350	5.6
351	-0.8
352	-4.6
353	-4.6
354	2.6
355	-1.4
356	-2.5
357	-4.5
358	-7.9
359	-2.1
360	1.5
361	1.6
362	-0.9
363	-5.6
364	-7.6
365	-4.1
1	-0.6
2	0
3	3.5
4	4
5	6.6
6	7.1
7	0
8	-1.9
9	-2.1
10	0.5
11	-1.3
12	0
13	2
14	-4.5
15	-0.4
16	1.5
17	0.6
18	0.9
19	-4.5
20	-5.1
21	-4.6
22	-3.3
23	-4.1
24	-2.4
25	4.3
26	5.9
27	7.1
28	4
29	3.6
30	-0.4
31	-2.4
32	1.6
33	-3.5
34	-3.9
35	-7.3
36	-3.5
37	-2.9
38	-4.3
39	-5
40	-4.9
41	-5.4
42	-7.8
43	-6.9
44	-8.3
45	-6.6
46	-8.5
47	-11.6
48	-10.5
49	-6.8
50	-5.3
51	-6
52	-8.9
53	-10.9
54	-7.5
55	0.4
56	1.6
57	3.1
58	1
59	-0.1
60	-1.3
61	-2.3
62	-2.4
63	-2.4
64	-1.3
65	-0.3
66	1.6
67	3.3
68	5
69	2.9
70	3.4
71	1.3
72	3.1
73	5.5
74	3.8
75	3
76	3.9
77	4.9
78	5.3
79	4.9
80	4.9
81	-0.8
82	2
83	4.9
84	-1.9
85	-3.4
86	-0.9
87	-0.6
88	-0.9
89	1.8
90	1.6
91	3.6
92	1.5
93	0
94	-0.4
95	-0.4
96	0.3
97	1.9
98	7
99	7.5
100	10
101	4.6
102	-1.8
103	-1.9
104	-0.1
105	-0.3
106	3.6
107	9.1
108	10.5
109	7.9
110	8.1
111	11.1
112	7
113	8.1
114	5.3
115	9
116	7.4
117	7.1
118	8.3
119	7.3
120	9.1
121	6.3
122	6.1
123	4.9
124	6
125	7.5
126	11.4
127	9.8
128	6.1
129	6.1
130	5.5
131	4.3
132	8.8
133	6.5
134	11.5
135	10.9
136	10
137	11.9
138	8.5
139	6.9
140	11.6
141	7.8
142	5.3
143	5
144	3.9
145	2.5
146	2.4
147	3.1
148	6.1
149	8.3
150	11.3
151	14.9
152	15.6
153	13.1
154	15.5
155	18.8
156	19.6
157	14.5
158	14.6
159	19
160	16
161	14.6
162	12.9
163	15.6
164	11.1
165	10.4
166	8.6
167	6
168	8.5
169	8.5
170	11.9
171	14.3
172	13.9
173	13.6
174	16.1
175	14.1
176	15.9
177	15.6
178	12.8
179	10.1
180	11.6
181	12.8
182	10.9
183	13.3
184	16.5
185	18.1
186	17.6
187	17.5
188	15
189	15
190	19
191	19.3
192	19
193	19.4
194	18
195	15.5
196	16.1
197	18.9
198	20.4
199	20.5
200	20.5
201	18
202	14.8
203	22.5
204	21.5
205	17
206	20.3
207	22.1
208	25.1
209	23.3
210	19.1
211	20.8
212	23.5
213	16.9
214	12.9
215	7.9
216	11.1
217	11.4
218	9.8
219	12.5
220	15.9
221	17.6
222	16
223	13.4
224	14.5
225	12.3
226	12.3
227	15.5
228	14.8
229	14
230	16.4
231	17.4
232	17.6
233	18
234	16.5
235	16
236	15
237	16.5
238	16.8
239	17.6
240	18.4
241	16.1
242	14.8
243	16.8
244	14.6
245	13.6
246	9.6
247	10.6
248	12.5
249	12.9
250	7.5
251	12
252	15.4
253	9.9
254	7.1
255	5.6
256	7.5
257	13.4
258	14.9
259	8.8
260	6.4
261	9.9
262	13.5
263	8.9
264	14
265	10.5
266	11.8
267	15.5
268	11.4
269	9.1
270	10.8
271	12.5
272	11.9
273	12
274	11.3
275	12.3
276	12.4
277	13.9
278	15.1
279	8.8
280	7.5
281	8.3
282	6.6
283	9.6
284	6.1
285	4.3
286	9.1
287	9.8
288	6.4
289	5.5
290	3
291	6
292	8.5
293	7.3
294	2.8
295	1.4
296	1.9
297	1.6
298	1.9
299	6.6
300	8.4
301	5.6
302	1.9
303	1.8
304	2.4
305	2.3
306	4
307	6.3
308	6.5
309	8.3
310	5.8
311	4.1
312	5.3
313	4
314	2.8
315	3.4
316	-0.5
317	-3.3
318	-7
319	-2.6
320	-2.1
321	-3.3
322	-3.8
323	-5.3
324	-0.3
325	-3.9
326	-5.3
327	-5.5
328	1.6
329	7
330	8.3
331	4
332	3.1
333	0
334	-1.8
335	-8
336	-9
337	-10.3
338	-6
339	-1.9
340	-2.1
341	-3.6
342	-5
343	-0.4
344	-1.1
345	-5.9
346	-6.3
347	-3.3
348	-5.8
349	-4.5
350	-2.5
351	1.4
352	0.9
353	2.6
354	3.1
355	1.3
356	1.9
357	6.3
358	6
359	8.8
360	2
361	2.3
362	6.6
363	3.8
364	7
365	-0.1
1	3.8
2	2.1
3	0.3
4	-3.8
5	-5.9
6	-0.9
7	-0.1
8	-2.5
9	-3.3
10	-6.4
11	-4.6
12	-1.8
13	0.4
14	2.4
15	-1.9
16	-0.5
17	0
18	-3.4
19	-3.9
20	-6.3
21	-6.3
22	-0.6
23	-0.8
24	-3.9
25	-5.1
26	-1.8
27	1.5
28	-0.1
29	0
30	-0.5
31	-0.8
32	-0.4
33	0.1
34	0.8
35	0.8
36	1.6
37	0.6
38	-1.3
39	-2.8
40	-2.8
41	-4.4
42	-3.8
43	-7.3
44	-8
45	-8.3
46	-9
47	-9.8
48	-10.5
49	-9.5
50	-8.5
51	-3.4
52	-0.6
53	-0.3
54	-2.3
55	-4
56	-4.5
57	-3.6
58	-4.5
59	-3
60	-3
61	-2.3
62	-2.8
63	-4.6
64	-4.6
65	-3.5
66	-2.1
67	-0.3
68	-6.3
69	-5.9
70	-7.6
71	-6.6
72	-6.1
73	-3
74	-2.8
75	-0.8
76	-1.5
77	-0.1
78	0
79	-1.1
80	-0.9
81	0.1
82	-0.3
83	-0.4
84	1.6
85	0.5
86	0.6
87	2.3
88	5.5
89	-0.6
90	-1.3
91	1.3
92	2.3
93	-3.8
94	-4
95	-2.6
96	-1.1
97	-0.8
98	1
99	0.3
100	-0.1
101	0.4
102	0.5
103	1
104	2.3
105	4.4
106	8.6
107	0.4
108	-1.1
109	0.3
110	3.5
111	5.6
112	7.3
113	8.5
114	8.5
115	8.6
116	8.1
117	7.8
118	6
119	2.6
120	2.4
121	2.6
122	4.3
123	6.9
124	6.6
125	7.9
126	9
127	11.1
128	3.8
129	0.9
130	3.5
131	2.6
132	2.4
133	1.9
134	2.3
135	3.1
136	6.4
137	7.9
138	7.8
139	9.9
140	8.4
141	6.5
142	3.4
143	5.8
144	4.9
145	5.1
146	5.4
147	7.1
148	4.1
149	2.1
150	4.4
151	3.5
152	6.9
153	10.5
154	11.4
155	10.9
156	5
157	5.6
158	6.4
159	7.1
160	6.8
161	8
162	9.9
163	10.3
164	11.4
165	13.3
166	14.3
167	8.9
168	9.5
169	13.1
170	14.8
171	15
172	14.8
173	14.1
174	13.5
175	9
176	5.8
177	8.9
178	10.9
179	13.8
180	10.3
181	6.9
182	8.8
183	14.3
184	9.1
185	6
186	5.9
187	9.1
188	11.4
189	14.9
190	17.6
191	20.8
192	22.3
193	25.1
194	15.3
195	12
196	13.9
197	11
198	7.9
199	8.5
200	10.8
201	12.8
202	12
203	14.8
204	15.3
205	13.9
206	13.4
207	15
208	12.1
209	10
210	10.3
211	16.8
212	20.9
213	18.3
214	10.9
215	14.3
216	17.9
217	14.6
218	12.3
219	11.3
220	11.5
221	11.4
222	11.4
223	11.4
224	10.1
225	11.6
226	11.5
227	10.9
228	11.8
229	11.8
230	11.1
231	12.5
232	13.8
233	13.5
234	14.5
235	15.8
236	16.5
237	13.6
238	12.3
239	12.4
240	12.6
241	11.8
242	15.5
243	12.1
244	13.3
245	14
246	15
247	16.1
248	14.6
249	6.1
250	4.3
251	3.5
252	5.5
253	8.4
254	5.5
255	7.3
256	8.9
257	11.4
258	11.5
259	8.8
260	8.8
261	8.8
262	8
263	9.3
264	11.3
265	7.8
266	5.6
267	4.6
268	2.6
269	3.3
270	2.8
271	6.5
272	8.6
273	10.9
274	9.6
275	10.1
276	3.8
277	4.6
278	4.9
279	5.8
280	4.6
281	3.3
282	5.6
283	9.9
284	9.5
285	9.6
286	8.8
287	5.5
288	7
289	6
290	6.1
291	8.4
292	11.3
293	11
294	6.8
295	4.5
296	4.8
297	7
298	7.4
299	9.3
300	4.8
301	3.8
302	2.3
303	3.8
304	7.6
305	7
306	5.3
307	5.7
308	4
309	2.3
310	2.6
311	4.8
312	4.4
313	6.5
314	5.1
315	9.8
316	6.3
317	5.3
318	4.4
319	5
320	2.6
321	1.6
322	0.1
323	0.5
324	1
325	1.1
326	1.5
327	6.8
328	8.9
329	5.6
330	4.6
331	1.5
332	-1.1
333	5.3
334	0.9
335	-0.8
336	5.9
337	1.1
338	0.3
339	-0.1
340	0.3
341	3
342	0.5
343	4.3
344	1.9
345	0.1
346	3.6
347	2
348	5.5
349	0.8
350	0.1
351	0.1
352	-0.8
353	-1.1
354	-1.8
355	0.4
356	-1.3
357	-4.8
358	-2.6
359	-0.9
360	-3.1
361	-4.1
362	-4
363	-5.8
364	-7.3
365	-6.9
366	-9.4
1	-5.4
2	-7.6
3	-11
4	-14.6
5	-17.6
6	-18.1
7	-19.5
8	-21.3
9	-15.5
10	-13.4
11	-12.9
12	-11.6
13	-14.4
14	-16.1
15	-14.6
16	-11
17	-6.1
18	-3
19	-3.1
20	-2.4
21	1.5
22	3.1
23	-1
24	-5.9
25	-1.1
26	0.4
27	-5.9
28	-2.9
29	-1.1
30	1.6
31	1.9
32	2.1
33	3.4
34	-0.1
35	-2.4
36	2.8
37	2
38	0.4
39	1.3
40	2.4
41	-8.8
42	-11.6
43	-10.6
44	-6.1
45	-2
46	-11.6
47	-9.8
48	-8.3
49	-12
50	-12.1
51	-9.4
52	-6.6
53	-6.1
54	-0.8
55	1.6
56	5.6
57	3.9
58	3.4
59	1.9
60	2.1
61	-0.8
62	-0.3
63	2.6
64	-0.6
65	-0.6
66	0
67	-0.8
68	-1.5
69	-0.4
70	-2.1
71	-4
72	-2
73	-1.8
74	-3.3
75	-4.3
76	-4.9
77	-5.8
78	-6
79	-4.6
80	-0.6
81	1.6
82	-0.4
83	-0.1
84	3.5
85	4
86	0.1
87	-3.8
88	-0.8
89	4.8
90	5.8
91	8.8
92	6.4
93	6.6
94	11.3
95	8.8
96	4.4
97	9.1
98	3.6
99	3.6
100	1
101	2.5
102	-0.1
103	0.8
104	-0.3
105	0.6
106	2.4
107	4.3
108	4.8
109	6.3
110	9
111	12
112	8.3
113	6.4
114	0.3
115	2.9
116	-2
117	3.4
118	-2.1
119	-1.3
120	2.3
121	5.1
122	-0.4
123	-0.4
124	1.6
125	4.8
126	9.4
127	8.5
128	6.5
129	4.1
130	7
131	10.4
132	8.9
133	11.4
134	9.5
135	9
136	11
137	12.3
138	9
139	8.4
140	10.8
141	8.3
142	5.5
143	5.6
144	11
145	15.1
146	16.6
147	11.1
148	10.4
149	8
150	9.9
151	14.3
152	14.6
153	13.6
154	15.3
155	16.8
156	17.3
157	15.1
158	10.3
159	4
160	5.3
161	4.4
162	6.1
163	8.1
164	7.6
165	9.8
166	8
167	9.4
168	8
169	10
170	10.9
171	6.4
172	11.3
173	9
174	8.8
175	8.1
176	8.6
177	9.8
178	7.9
179	9.9
180	12
181	15.4
182	14.9
183	14.3
184	16.6
185	18.4
186	14.1
187	13.4
188	14.5
189	12.9
190	12.9
191	12.3
192	12.8
193	14
194	16.9
195	20.5
196	15.5
197	13.3
198	14.9
199	17
200	14.6
201	11.6
202	9.8
203	14.4
204	15.4
205	16.6
206	18.5
207	22.4
208	14.6
209	19
210	12.1
211	12.6
212	9.8
213	10.6
214	12.3
215	13.4
216	10.4
217	14.4
218	7.3
219	7.3
220	11.4
221	15.4
222	9.6
223	13.9
224	14.8
225	18.4
226	20.3
227	17.4
228	15.1
229	10.5
230	11.1
231	14
232	12.8
233	14.6
234	17
235	15
236	15.6
237	7.8
238	7.6
239	8.1
240	9.6
241	11
242	13.6
243	14.8
244	12.8
245	10.9
246	11.1
247	7.9
248	11.1
249	6.8
250	5.6
251	9.5
252	11.4
253	6.4
254	10.9
255	12.5
256	14
257	10.3
258	7.8
259	6.6
260	10.5
261	14.3
262	15.3
263	13.6
264	14.6
265	15.8
266	14.3
267	13.6
268	12.4
269	12
270	12.5
271	12.1
272	11.6
273	11.9
274	12.3
275	15.9
276	17
277	15.1
278	13.1
279	9
280	10.8
281	7.3
282	6
283	7.6
284	7.9
285	9
286	4
287	6.4
288	5.5
289	4.6
290	3.2
291	7
292	4.1
293	2.9
294	1.8
295	2.8
296	3.8
297	2.4
298	2.4
299	3
300	2.9
301	1
302	-2.1
303	4.3
304	4.6
305	1.8
306	0.5
307	-0.3
308	4
309	7.8
310	0
311	1.3
312	6.8
313	8.9
314	0.8
315	-5.1
316	-4.1
317	-4.9
318	-3.9
319	-5
320	-6.4
321	-7.4
322	-8.3
323	-8.8
324	-6.8
325	-8
326	-7.6
327	-6.1
328	-7.1
329	-6.8
330	-9.6
331	-8.9
332	-4.6
333	-2.8
334	2.3
335	2.1
336	7.6
337	10.5
338	9.6
339	8.5
340	2.4
341	4.1
342	3.1
343	1.5
344	-2.8
345	-3
346	-4.6
347	-4.1
348	2.8
349	3.5
350	4.3
351	-0.1
352	0.8
353	-1
354	-1.1
355	6.5
356	4.5
357	0.6
358	1.9
359	1.5
360	0.8
361	-0.1
362	-0.8
363	-7.6
364	-8.8
365	-9.1
1	-7.5
2	0.4
3	0.5
4	-6.3
5	-2.6
6	-3.3
7	-5.9
8	-3.5
9	-2.1
10	-1.9
11	-0.1
12	-2.8
13	-0.1
14	1
15	-2.4
16	-3.9
17	-5.6
18	-1.9
19	3.5
20	-1.8
21	-2.3
22	-1.5
23	1.8
24	-4.9
25	-6.1
26	-8.1
27	-11.5
28	-6.8
29	-4.6
30	-4.5
31	-2.1
32	-5.1
33	-3.8
34	-4.4
35	-5.5
36	-6.8
37	-6.5
38	-9.1
39	-15
40	-16.4
41	-16.8
42	-10
43	-9.9
44	-10.5
45	-7.9
46	-3.4
47	-2.6
48	-6.5
49	-6.6
50	-7.8
51	-9.4
52	-9.3
53	-8.4
54	-8.3
55	-8.6
56	-13.1
57	-13.5
58	-10.6
59	-7.1
60	-2.5
61	-2.8
62	-5.3
63	-2.8
64	3.1
65	2.5
66	-1.9
67	-3
68	-3.3
69	-2.5
70	-0.6
71	-2.5
72	-1.3
73	-2.1
74	-1.1
75	0.1
76	1.3
77	1.1
78	2.8
79	1.8
80	-3
81	-1.1
82	1.3
83	4.6
84	-2.4
85	-2
86	2.8
87	2.6
88	0.3
89	-1
90	3
91	1.6
92	1.8
93	0
94	-2.4
95	-2.4
96	-1.4
97	4.6
98	7.9
99	3.1
100	-2.8
101	-7.4
102	-7.5
103	-6.8
104	-0.5
105	3.6
106	3.1
107	1.1
108	-0.8
109	-1.1
110	0.1
111	6.6
112	0
113	3.1
114	3.9
115	7.6
116	5.5
117	4.1
118	5.1
119	6.9
120	6.5
121	10
122	7.9
123	10.5
124	10.9
125	9.3
126	10.3
127	8.3
128	5
129	6.8
130	9.4
131	9.9
132	12
133	12.1
134	9.4
135	7.4
136	7.5
137	11.8
138	15.3
139	14.8
140	17.1
141	12.4
142	11.6
143	14
144	8.6
145	12.5
146	16.5
147	13.8
148	8.8
149	3.9
150	2.4
151	4.6
152	6.4
153	7.1
154	10.3
155	2.6
156	3.4
157	2.4
158	2.8
159	8.6
160	11.3
161	15.6
162	7.6
163	5.1
164	6.3
165	11.3
166	17.1
167	15.4
168	14.5
169	15
170	16.4
171	14.3
172	15
173	19.4
174	17.5
175	13.6
176	16.5
177	17.3
178	18.8
179	19.5
180	19.5
181	16.6
182	16.1
183	17.5
184	16
185	16.8
186	17.4
187	12.8
188	10.3
189	8.5
190	10.3
191	10.1
192	10.3
193	10.4
194	8.5
195	9.4
196	12.6
197	15.5
198	17
199	11.4
200	10
201	11.8
202	12.5
203	15
204	15.3
205	7.1
206	11.9
207	15
208	16
209	17.3
210	18.4
211	17
212	18.8
213	15.8
214	18.1
215	22.9
216	15.9
217	12.3
218	15.6
219	15.9
220	12.5
221	15.9
222	13.6
223	14.8
224	11
225	12.1
226	12.6
227	16.8
228	16.4
229	16.4
230	14.3
231	11
232	11.9
233	11.9
234	16.4
235	9.6
236	8.3
237	8
238	13.8
239	7.6
240	5.3
241	6.3
242	6.4
243	6.3
244	7.5
245	10.5
246	10.6
247	5.6
248	8.5
249	13.4
250	9.9
251	8.6
252	8.3
253	8.3
254	8.1
255	11.9
256	13.6
257	13.4
258	16.1
259	15
260	14.4
261	7
262	6.4
263	8.4
264	9
265	9
266	9.4
267	10.9
268	8.1
269	6
270	5.6
271	7.3
272	8.1
273	9.5
274	11.1
275	11.6
276	11.1
277	12
278	12
279	12.5
280	10.1
281	7
282	6.3
283	9.1
284	11.1
285	9.8
286	8.8
287	9.6
288	9.5
289	7.9
290	6.4
291	7
292	5.8
293	5.6
294	4.9
295	9.9
296	2.4
297	2.5
298	2.5
299	0.6
300	0.3
301	3.9
302	4.9
303	2.8
304	4.5
305	7
306	1.5
307	-1.6
308	-1.3
309	1.3
310	2.1
311	1.9
312	7.3
313	1.9
314	8.9
315	6.5
316	5
317	2.5
318	5.8
319	8
320	7.4
321	6.3
322	2.5
323	5.9
324	3.3
325	2.1
326	4.3
327	-0.4
328	0.8
329	3.1
330	3.5
331	-1.5
332	-2.1
333	-3.3
334	-1.4
335	1.3
336	0.8
337	5.3
338	6.1
339	4.5
340	4
341	4.3
342	2.4
343	2.8
344	0.6
345	0.3
346	-2.9
347	-0.1
348	-0.5
349	-0.9
350	-1.6
351	-1.4
352	3.3
353	-2.8
354	-3.4
355	-4.3
356	-6.8
357	-8
358	-11.5
359	-7.6
360	-2.6
361	-3.9
362	-1.3
363	1.5
364	1.5
365	1.8
1	4.8
2	-0.8
3	-6.6
4	-4.3
5	-1.1
6	-3.5
7	-8.6
8	-12.3
9	-4.4
10	-4.8
11	-17.4
12	-22.9
13	-14
14	-9.8
15	-12.5
16	-11.9
17	-10.5
18	-8.8
19	-8.5
20	-7.5
21	-9.9
22	-7.3
23	-2.4
24	-1.6
25	-2.3
26	-4
27	-6.8
28	-5.5
29	-8
30	-12.4
31	-10.1
32	-5.6
33	-3.3
34	0.4
35	0.8
36	-0.4
37	-1
38	-0.1
39	1.6
40	4.8
41	1
42	1.1
43	2.6
44	-0.9
45	0.6
46	-1.6
47	-4.5
48	-5.1
49	-5.6
50	-7.1
51	-5
52	-4.4
53	-4.3
54	-4.8
55	-7.5
56	-0.8
57	0.9
58	3
59	3.1
60	3.9
61	2.8
62	-8
63	-8.4
64	-7.8
65	-9.8
66	-8.9
67	-6.1
68	-7.3
69	-5.6
70	-5.8
71	-4.8
72	-2.6
73	-4.5
74	-3.8
75	-4.6
76	-3.6
77	-1.3
78	-3.3
79	-4.1
80	-2.9
81	-2.1
82	1.1
83	2
84	5.3
85	1.3
86	5.8
87	0.5
88	-0.6
89	-3.3
90	-2
91	-2.1
92	0.6
93	5.6
94	3.5
95	5
96	6.8
97	7.8
98	6.8
99	5
100	1.6
101	3.1
102	-0.8
103	0.3
104	1
105	3.9
106	5.5
107	7.3
108	10.4
109	11.3
110	7
111	0.4
112	4.4
113	7.9
114	10.8
115	12.5
116	9.4
117	9.3
118	11.3
119	14.1
120	12.9
121	12.1
122	11.4
123	1.6
124	0.3
125	2.3
126	2.9
127	2.6
128	6.8
129	10.3
130	10.8
131	7.1
132	5.1
133	0.3
134	3.1
135	3.1
136	1.3
137	7.4
138	6.8
139	5.1
140	2.9
141	-0.5
142	1.9
143	5.6
144	8.8
145	10.1
146	12.4
147	8.6
148	8.8
149	6.6
150	8.4
151	7.5
152	8
153	10.6
154	10
155	7.5
156	8.4
157	13.5
158	11.8
159	6.5
160	5.3
161	8.6
162	11.8
163	12.6
164	14.5
165	9.9
166	8.5
167	4.8
168	5.3
169	5.4
170	6.8
171	7.1
172	8.1
173	9.6
174	10.9
175	10.4
176	12
177	9.9
178	13
179	17.1
180	20.9
181	20.6
182	17.5
183	17.3
184	17
185	16.3
186	16
187	18.5
188	18.1
189	13.6
190	12.4
191	13.9
192	18.4
193	16.8
194	16.5
195	18.3
196	19.1
197	17.6
198	13.6
199	10
200	11.5
201	11.1
202	9.9
203	10.8
204	13.4
205	14.5
206	11.5
207	7.5
208	9.5
209	10.5
210	14
211	11.6
212	12
213	11.4
214	11.3
215	13.3
216	9.3
217	6.4
218	7.3
219	8.3
220	11.6
221	11.5
222	10
223	10.8
224	13
225	16.3
226	18.5
227	13.3
228	16.6
229	19.4
230	14.4
231	15
232	15.8
233	18.1
234	19.8
235	15.8
236	13.3
237	9
238	9.6
239	10.6
240	9.4
241	12
242	14.1
243	18.5
244	15.5
245	15.1
246	15
247	15.3
248	12.8
249	11.1
250	13.9
251	10.5
252	10.9
253	12.9
254	12.1
255	18.1
256	17.9
257	19.1
258	15.4
259	16.3
260	20
261	19.3
262	17.3
263	18
264	17.4
265	17.9
266	12.5
267	8.8
268	9.4
269	8.1
270	4.9
271	3.4
272	2.6
273	3
274	5.3
275	5
276	9.8
277	11.9
278	12.3
279	10.9
280	8.4
281	7.3
282	7.6
283	13.4
284	8.1
285	2.5
286	4.6
287	6
288	11.9
289	9.8
290	7
291	5
292	4.8
293	8
294	9
295	4.4
296	4.9
297	5.8
298	6.9
299	7.4
300	9.4
301	10.8
302	9.6
303	7.1
304	7
305	8.4
306	6.1
307	3.8
308	1.6
309	0.9
310	2.9
311	3.4
312	7.9
313	7.1
314	5
315	3.4
316	4.8
317	3.5
318	-0.6
319	0.4
320	6.4
321	2.8
322	1.1
323	3.9
324	-0.3
325	-0.1
326	-0.4
327	-1
328	-2.5
329	-3
330	-2.3
331	-1.9
332	-2.3
333	-2.5
334	-2.8
335	-2.5
336	-3.8
337	-4.5
338	-2.9
339	-0.3
340	2.3
341	-1.4
342	-7.5
343	-10.4
344	-11
345	-4.3
346	-5
347	-6.9
348	-0.5
349	0.3
350	4.8
351	7.4
352	9.1
353	3.3
354	4.5
355	2.8
356	2
357	0.9
358	3.3
359	2.5
360	1.9
361	7
362	3
363	6
364	6.4
365	3.6
1	2
2	6.5
3	1
4	3.5
5	5.1
6	3.1
7	-0.6
8	-3
9	-1
10	3.1
11	-0.5
12	-4.3
13	-1.6
14	2.5
15	0.5
16	2.1
17	3
18	2.4
19	-0.1
20	2.1
21	-0.6
22	-2.1
23	-3.1
24	3.4
25	3
26	1.8
27	2.4
28	2.6
29	0.8
30	-1.6
31	-2.5
32	1.5
33	0.6
34	0.1
35	1.5
36	2.1
37	0.9
38	-0.6
39	-2.8
40	-0.1
41	-2.4
42	-1.1
43	-2.4
44	-4.9
45	-3.1
46	-1.4
47	4.4
48	-1.6
49	-1.4
50	-2.5
51	-2.9
52	-3.1
53	-2.5
54	-3
55	-4.1
56	-5.6
57	-5.5
58	-5
59	-5
60	-4.8
61	-5.1
62	-4.3
63	-4.6
64	-2
65	-3.6
66	-4.3
67	-2.4
68	-6
69	-7.6
70	-3.8
71	-1.5
72	-0.8
73	-0.4
74	-0.5
75	3.3
76	0.5
77	-0.3
78	-0.1
79	2.9
80	6
81	4.4
82	1.1
83	1.1
84	1.6
85	1.1
86	0.3
87	-0.5
88	0.4
89	2.3
90	1.1
91	-0.9
92	-0.8
93	-0.1
94	2.4
95	3.8
96	2.3
97	4.4
98	5
99	4.9
100	3.6
101	0.1
102	3
103	6
104	1.6
105	2.4
106	5.3
107	9.6
108	6.9
109	7.9
110	8.6
111	4.8
112	4.4
113	6.3
114	4.4
115	3
116	3.6
117	5.1
118	4.9
119	3.3
120	5.3
121	7.3
122	11.1
123	8.8
124	6.4
125	7.4
126	8
127	12.4
128	15
129	13.6
130	10.5
131	10.4
132	11
133	13.6
134	13.8
135	13
136	11.5
137	11.6
138	11.1
139	9.5
140	10.1
141	4.4
142	3.9
143	7.9
144	10.5
145	12.4
146	15
147	13.4
148	11.3
149	7.1
150	6.6
151	7.4
152	7
153	7.3
154	9.4
155	14.3
156	8.1
157	6.6
158	4.9
159	5.9
160	9.6
161	13.3
162	14.9
163	12.4
164	13.4
165	12.3
166	13.8
167	14.9
168	12.5
169	13.3
170	13.6
171	14
172	12
173	10.9
174	13.9
175	11.9
176	12.9
177	11.9
178	13.3
179	13
180	12
181	14.6
182	15.9
183	12.6
184	11.6
185	10.5
186	14.3
187	13.3
188	13.6
189	11.6
190	13.5
191	12.3
192	16
193	17
194	13
195	14.8
196	9.9
197	7.6
198	8.9
199	10.6
200	10.6
201	12.9
202	16.5
203	16.9
204	19.9
205	21.9
206	11.9
207	13.9
208	18.9
209	11.8
210	14.4
211	12
212	9.6
213	16.1
214	15.5
215	17.3
216	10.3
217	11.5
218	10.5
219	14.6
220	16.1
221	17.3
222	16.4
223	18.1
224	18.4
225	15.4
226	15.1
227	19.3
228	18.1
229	15.3
230	14.9
231	15.8
232	18.3
233	10.9
234	9.6
235	9
236	9.4
237	9.4
238	7.5
239	8
240	13.9
241	15.4
242	11.9
243	7.9
244	10.8
245	14.3
246	8
247	10.6
248	13.8
249	15.4
250	13.3
251	11.8
252	9.5
253	11.3
254	13
255	13.4
256	11
257	5.9
258	5.3
259	4.6
260	5.5
261	4.4
262	6.5
263	10.5
264	9.1
265	8.9
266	11.1
267	9.1
268	9.6
269	9.8
270	12.5
271	10.1
272	14.3
273	7.1
274	4.5
275	6.3
276	8.1
277	8.8
278	7.3
279	7.5
280	7.5
281	2.9
282	3.8
283	13.9
284	6.1
285	8.9
286	9.6
287	8.6
288	10.6
289	10.6
290	11.5
291	12.6
292	12.6
293	10.4
294	5
295	4.9
296	6.3
297	8.5
298	7.4
299	6.1
300	6.1
301	11.6
302	11.9
303	4.9
304	0
305	-2
306	0.5
307	2.5
308	-1.9
309	-3.5
310	1.8
311	0.4
312	0.6
313	0.3
314	7
315	7.5
316	7
317	7.6
318	4.6
319	-0.3
320	2.1
321	2.9
322	4.5
323	3.6
324	-0.8
325	-1.6
326	-8.1
327	-9.9
328	-5.3
329	-2.6
330	-2.4
331	-4
332	-2.6
333	-1.4
334	1.8
335	4
336	2.5
337	-0.4
338	0.6
339	5
340	0.8
341	-2.8
342	-3.1
343	-2.3
344	-0.8
345	2.3
346	1.5
347	-0.4
348	-1.8
349	-1.1
350	-3.9
351	-8
352	-5.5
353	-2.1
354	-0.6
355	-3
356	-3.4
357	2.6
358	2.8
359	3
360	2
361	0.8
362	1.8
363	3
364	-0.1
365	0.8
366	-1.4
1	-3
2	-1.9
3	-1.5
4	1.8
5	-1.4
6	1.3
7	0.1
8	2.8
9	3.9
10	1.1
11	0.4
12	4.3
13	0.1
14	3.5
15	0.5
16	2.5
17	-1.6
18	-1
19	-2
20	0.1
21	2.4
22	-0.1
23	-1.4
24	-5.4
25	-1.6
26	-1.1
27	-1.6
28	-0.6
29	-1.5
30	-1.8
31	-0.4
32	0.9
33	-1.3
34	-1.3
35	-0.3
36	0.8
37	0.3
38	0.8
39	1.5
40	1.4
41	1
42	-0.1
43	0.8
44	-0.8
45	-3
46	-0.5
47	-1.4
48	-0.9
49	2.5
50	6.1
51	4
52	0.1
53	2.4
54	0.8
55	0.3
56	-0.1
57	-2.1
58	-2.1
59	-2
60	-0.6
61	1
62	1
63	0
64	2.8
65	4.6
66	6.9
67	-1.8
68	-1
69	3.5
70	5.3
71	7.4
72	3.4
73	0.6
74	2.5
75	4.9
76	1.8
77	-1.9
78	-0.9
79	1.6
80	0.9
81	4.3
82	-2
83	1.5
84	4.1
85	5.9
86	8.9
87	11
88	10.5
89	10
90	10.3
91	5.8
92	4.3
93	4.4
94	2.4
95	0.5
96	0.8
97	2.5
98	3.1
99	6.6
100	6.5
101	9.3
102	5.1
103	0.6
104	0.5
105	1.4
106	4.3
107	1
108	0
109	2.3
110	2.4
111	1.1
112	-0.1
113	2.3
114	6.5
115	6.1
116	2.1
117	-0.6
118	-1.8
119	-0.6
120	1.5
121	3.1
122	6.9
123	10
124	11.6
125	11.8
126	9
127	5.5
128	7.8
129	12.3
130	7.9
131	8.6
132	6.3
133	6.4
134	5.4
135	6.8
136	9.4
137	11.4
138	13.3
139	13.9
140	14.6
141	14.4
142	14.3
143	14
144	13.9
145	14.4
146	13.9
147	14.6
148	10.8
149	9.9
150	10.8
151	7.8
152	7.3
153	7.8
154	6
155	6.1
156	3.5
157	6.1
158	5.8
159	6.5
160	10.3
161	11.3
162	11
163	11.9
164	13.6
165	13.4
166	13.3
167	13.3
168	13.4
169	15.4
170	15.8
171	16.3
172	16
173	9.9
174	7.8
175	11.4
176	16
177	15.9
178	14
179	8.9
180	10.8
181	11.8
182	13.3
183	11
184	9.4
185	11
186	15.8
187	19.5
188	18
189	14.6
190	13.6
191	13.9
192	12
193	13
194	14.1
195	10
196	10.9
197	14.5
198	10.9
199	10.8
200	10.6
201	13.5
202	17.6
203	18.6
204	20.8
205	18.5
206	14.9
207	15.3
208	16
209	12.5
210	14.1
211	15.8
212	8.8
213	5.9
214	7.9
215	9.1
216	12
217	15.5
218	14.6
219	15
220	12.3
221	12.6
222	13.1
223	14.6
224	12.5
225	15.4
226	14
227	17.4
228	19.1
229	15.6
230	12.6
231	14.9
232	16.9
233	16.1
234	15.6
235	14.5
236	13.3
237	12.8
238	12.1
239	10.3
240	5.6
241	5.9
242	7.4
243	8.9
244	10.3
245	8
246	6.4
247	5.8
248	6.8
249	7.5
250	10
251	10.4
252	11.1
253	11.8
254	11.4
255	10
256	9.5
257	9.6
258	8.9
259	11.6
260	14
261	14.4
262	13.3
263	12.9
264	14
265	12.5
266	8.3
267	7.4
268	7.6
269	7.6
270	4.1
271	4.8
272	4
273	5
274	6.4
275	4.8
276	3.4
277	4.3
278	6.5
279	6.3
280	3.9
281	1.9
282	1.8
283	1.8
284	3
285	4.5
286	6
287	5.1
288	1
289	2.5
290	5.6
291	7.6
292	7.4
293	6.8
294	12.5
295	11.5
296	13.4
297	10.4
298	9.8
299	9.4
300	8.4
301	8.1
302	5.6
303	9
304	8.3
305	7.3
306	9.5
307	4.6
308	1.6
309	0.9
310	-1.3
311	-1.3
312	4.9
313	-0.5
314	-0.6
315	1.5
316	1.8
317	-0.3
318	0
319	1.5
320	-1.5
321	-3.3
322	-0.3
323	3.3
324	2
325	6.5
326	1.6
327	-6.1
328	-5.1
329	-9.3
330	-7
331	-4.3
332	-1.8
333	-4.9
334	-1.8
335	-2
336	-1.1
337	-1.5
338	-3.1
339	-4.4
340	-4.6
341	-1.8
342	-4.8
343	-3.9
344	-5.6
345	-0.5
346	0.6
347	4.4
348	10.1
349	7
350	11.8
351	7.6
352	7
353	3.6
354	8.5
355	8.4
356	5.8
357	0.3
358	1.5
359	0.9
360	-0.4
361	-0.8
362	-0.4
363	-1.9
364	-2.6
365	-2.6
1	-2.6
2	-2.9
3	-2.8
4	-3.3
5	1.1
6	-1.4
7	-2.6
8	-0.9
9	-1.9
10	-1.5
11	-2
12	-2
13	-0.9
14	-0.3
15	-0.3
16	3.3
17	2.8
18	-2.3
19	-2.3
20	1.4
21	2.5
22	0.8
23	3.6
24	1.9
25	5.3
26	0.1
27	2
28	1.9
29	-0.9
30	2.3
31	2.5
32	3.5
33	1.4
34	3.5
35	1.4
36	3.4
37	5.5
38	6.8
39	5.3
40	-2
41	1.6
42	-1.3
43	-2
44	0.1
45	3.9
46	1.3
47	-1.5
48	2.4
49	5.8
50	7
51	6.9
52	6.8
53	7.4
54	7
55	10.8
56	9.5
57	4.3
58	0.1
59	1.9
60	-2.1
61	-3
62	-2
63	-2.6
64	0.5
65	4.8
66	2.5
67	8.5
68	5.4
69	4.9
70	8.9
71	6.1
72	5.3
73	4.9
74	5.8
75	7.3
76	5.6
77	6
78	5.5
79	6.8
80	13.1
81	12
82	4.4
83	5.8
84	-0.1
85	-1.6
86	-1.1
87	-0.8
88	0.6
89	3.9
90	7.1
91	6.9
92	7.8
93	2.8
94	0.4
95	-0.5
96	1
97	0.8
98	-0.4
99	-1.8
100	0.9
101	0.9
102	2
103	6.3
104	0.9
105	0.6
106	1.3
107	0.4
108	0.8
109	0.9
110	4.8
111	4
112	4.1
113	3
114	4.9
115	4.1
116	6.4
117	5.4
118	5.4
119	8.3
120	11
121	13.9
122	14.3
123	13
124	14
125	13.6
126	10.6
127	8.6
128	8.4
129	9.9
130	10.9
131	8.8
132	8.4
133	9.8
134	11
135	12.5
136	14.5
137	12.9
138	12.4
139	11.6
140	13
141	10.5
142	12.5
143	12.8
144	10.6
145	8
146	8
147	9
148	7.6
149	6.8
150	9.5
151	11.5
152	14.4
153	8.9
154	9.1
155	7.6
156	9.6
157	7.8
158	9.6
159	6.6
160	5.8
161	7.1
162	9.8
163	10.3
164	7.6
165	9.1
166	10
167	10.5
168	13.1
169	11.4
170	14.1
171	10.6
172	13
173	10.3
174	9.8
175	12.9
176	16
177	18.8
178	17.8
179	14.9
180	16
181	15
182	11.3
183	11.6
184	8.5
185	10.5
186	10.5
187	6.9
188	9.8
189	13
190	14.6
191	7.6
192	11.1
193	15.4
194	18
195	16.6
196	16.8
197	17
198	14.8
199	12.8
200	13.6
201	16.1
202	19.6
203	19.3
204	14.9
205	13.8
206	13.1
207	16
208	18.4
209	20.6
210	18.4
211	17
212	18.5
213	19.1
214	20
215	19.6
216	20
217	20.1
218	12.5
219	8.9
220	10.9
221	12.8
222	15.5
223	17.8
224	19.4
225	16.9
226	12.9
227	15
228	13.3
229	9.3
230	12.1
231	15.4
232	15.8
233	9.3
234	9.8
235	14.5
236	16.8
237	14.6
238	14
239	15.1
240	13.8
241	15.5
242	16.8
243	8.6
244	7.9
245	10.8
246	11
247	12.9
248	8.5
249	10.5
250	7.1
251	6.3
252	7.3
253	8.1
254	6.5
255	9.6
256	7.9
257	12.4
258	10
259	8.8
260	8.8
261	6.8
262	13
263	9
264	9.3
265	11.9
266	8.8
267	5.5
268	6.3
269	5.8
270	6
271	6
272	12
273	15
274	12
275	11.3
276	12.8
277	5.6
278	6
279	12.5
280	9.9
281	2.6
282	4
283	6.9
284	8.6
285	11.5
286	13.1
287	13.5
288	13.5
289	12.6
290	10.8
291	9.9
292	9.9
293	8.1
294	5.8
295	2.5
296	4.4
297	6.9
298	5.6
299	5.6
300	3.8
301	7
302	3.8
303	4.5
304	5
305	3.5
306	0.6
307	0.8
308	-0.5
309	-1.5
310	-3.1
311	-3.5
312	-3
313	-1.4
314	4.8
315	4.9
316	1.4
317	3.6
318	5.5
319	2.6
320	4.9
321	6.4
322	3.8
323	2.5
324	5.9
325	0.5
326	-0.9
327	-2.1
328	-1.4
329	-0.4
330	-0.5
331	-2
332	-2.6
333	-1.5
334	-3.4
335	-6.5
336	-2.4
337	-3.3
338	-2.1
339	-3.9
340	-8.9
341	-8.8
342	-1.3
343	-2.3
344	-5.5
345	-5.1
346	-3.9
347	-3.5
348	-4.3
349	-6
350	-6
351	-6
352	-5.1
353	-4.8
354	-4.3
355	-2.3
356	1
357	0.3
358	0.1
359	0.8
360	-0.5
361	-0.5
362	-0.8
363	7.1
364	5.1
365	3.4
1	-1
2	2.5
3	5.1
4	1.6
5	0.3
6	1
7	3.4
8	2.8
9	5.1
10	11.1
11	4.5
12	0.1
13	-2
14	-3.9
15	-5.6
16	-6.6
17	-2.5
18	-4.6
19	-2.3
20	-2.4
21	-2.3
22	-4
23	-7.1
24	-6.9
25	-6
26	-6.3
27	-7.3
28	-8.1
29	-5.1
30	-6.4
31	-9.6
32	-8
33	-3.5
34	-2.3
35	-5.3
36	-11.3
37	-14.5
38	-11.6
39	-8.8
40	-4
41	-3.4
42	-7.9
43	-7.6
44	-9.8
45	-7.8
46	-5.3
47	-4.4
48	-5
49	-0.8
50	1.3
51	1
52	0.6
53	0.3
54	2.5
55	6.8
56	5.4
57	4.1
58	3.9
59	3
60	1.8
61	2.8
62	4.3
63	5.1
64	5.3
65	7.5
66	9
67	8.1
68	3.8
69	4.3
70	3.5
71	3.5
72	3.8
73	3.8
74	5.6
75	5.3
76	5.8
77	5.3
78	4.8
79	7
80	8.8
81	1.3
82	4.1
83	4.4
84	2.8
85	1
86	-0.6
87	-1.8
88	-3
89	-0.1
90	2.4
91	3.5
92	5.9
93	7.9
94	4
95	2.1
96	3.8
97	4.4
98	3.8
99	4.9
100	6.1
101	6.9
102	7.6
103	7.3
104	6.8
105	7.5
106	7.3
107	-1.3
108	-1.8
109	-1.6
110	-2
111	-1.5
112	-0.5
113	-1
114	0.4
115	0.9
116	4
117	3
118	4.5
119	7
120	5
121	3.4
122	2
123	1.4
124	1.1
125	1.4
126	2.3
127	3.4
128	5.6
129	7.3
130	7.1
131	5.9
132	4.6
133	5
134	6.9
135	3.4
136	0.8
137	1.5
138	2.3
139	5.4
140	7.8
141	10.5
142	13.9
143	9.3
144	4.4
145	7.8
146	7
147	9.6
148	10.8
149	11.5
150	13
151	13.8
152	13.3
153	12.9
154	9.4
155	5.8
156	8
157	7.9
158	8.3
159	7.8
160	10.8
161	10
162	10.1
163	11.9
164	11.1
165	10.5
166	16.6
167	10
168	5.6
169	6.3
170	6.8
171	8.3
172	12.9
173	16.3
174	16.9
175	15.8
176	17.1
177	14.1
178	7
179	6.8
180	7.8
181	13
182	16.1
183	16.4
184	18
185	18.6
186	20.9
187	21.3
188	21.3
189	18.1
190	15.4
191	18.1
192	21.3
193	20.4
194	18.3
195	12.6
196	14.9
197	15
198	14.4
199	15
200	15.9
201	13.8
202	13.9
203	15.6
204	18
205	12.6
206	10.5
207	9.9
208	11.9
209	15.4
210	18
211	18.9
212	13
213	13
214	14.5
215	15.6
216	15.8
217	16.9
218	18.4
219	20.1
220	16.3
221	14.3
222	16.1
223	19.4
224	17.9
225	16.1
226	15
227	15.4
228	18
229	16.8
230	13.1
231	10.4
232	12.1
233	15.8
234	19.5
235	17.1
236	15.4
237	14.6
238	16.3
239	13.9
240	13.3
241	12.8
242	13.1
243	14.4
244	14.9
245	14.3
246	15.6
247	14.5
248	15.5
249	13.5
250	14.4
251	13
252	11.6
253	15.8
254	14.5
255	12.3
256	10.9
257	12.5
258	12.8
259	14.6
260	12.4
261	11.5
262	11.8
263	12.6
264	13.8
265	14
266	7.8
267	12.1
268	14.8
269	9.8
270	5.5
271	7.3
272	8.5
273	8
274	8.3
275	5.9
276	6
277	8.4
278	10.8
279	8.1
280	9.5
281	9.1
282	10.5
283	10.3
284	10.6
285	8.8
286	8.1
287	7.8
288	8.6
289	8.9
290	6.4
291	3.3
292	0.5
293	0.5
294	-1.3
295	-3.4
296	-0.9
297	0.8
298	2.3
299	2.9
300	3.8
301	6.1
302	1.3
303	3.4
304	3
305	4.5
306	7.8
307	10.5
308	2
309	0.4
310	-0.8
311	1.6
312	4.1
313	0.1
314	-2.3
315	2.6
316	4.8
317	3.6
318	0.1
319	1
320	-0.8
321	-0.8
322	2.4
323	1.9
324	0.6
325	-1.8
326	-2
327	-1.9
328	-2.3
329	-1
330	-0.3
331	1.3
332	1.1
333	1.1
334	0
335	-1.9
336	-3.6
337	-3.8
338	-6.3
339	-3
340	-5.5
341	-3.1
342	-3.5
343	-6.6
344	-10.8
345	-5.8
346	-6.4
347	-5.5
348	-3.4
349	-3.3
350	-0.4
351	2.1
352	-0.3
353	2.4
354	-2.3
355	0.3
356	6.4
357	3.6
358	-2.3
359	-3.1
360	-2.1
361	-1.4
362	-3.6
363	-5.3
364	-2
365	-3.3
1	2.3
2	2.6
3	2.6
4	1.8
5	3
6	2
7	2
8	4.6
9	5.6
10	-0.4
11	-2.9
12	-2.4
13	-2.6
14	-2.6
15	-1
16	-3.6
17	-1.8
18	-3
19	-3.6
20	-2.9
21	-10.9
22	-9.3
23	-5.3
24	-2
25	-2
26	-1.6
27	-6
28	-5.3
29	-0.8
30	0.9
31	0.8
32	-0.3
33	1.4
34	0
35	-0.5
36	1.6
37	0.4
38	0
39	2
40	1.6
41	0.1
42	1.1
43	3
44	1.9
45	-0.1
46	3.1
47	-1.9
48	-4.8
49	-9.8
50	-9.1
51	-8.3
52	-3.6
53	-1.6
54	2.9
55	0.9
56	1.3
57	2
58	1.8
59	3
60	2.3
61	3.6
62	-0.3
63	3.8
64	4
65	4.9
66	2.5
67	1.8
68	3.9
69	1.9
70	4.4
71	-0.4
72	0.9
73	3
74	0.1
75	1.3
76	-0.8
77	0.3
78	1.6
79	3.1
80	5.5
81	3.5
82	1.8
83	-0.8
84	-1.5
85	-2.1
86	-0.5
87	-0.8
88	-1.9
89	-0.3
90	2.3
91	1.3
92	0
93	2.1
94	0.1
95	1
96	-1.6
97	-0.9
98	1
99	3
100	3.6
101	4.3
102	4.5
103	8.3
104	3.6
105	6.3
106	1.3
107	-1.1
108	-0.4
109	2.9
110	5.5
111	5.3
112	6.8
113	9.3
114	5.1
115	9.6
116	13.8
117	11.8
118	7.1
119	4.8
120	1.6
121	2.9
122	5.9
123	3.4
124	4.3
125	5
126	6.1
127	7.1
128	9.5
129	10.3
130	9.1
131	8.1
132	7
133	8.9
134	12.6
135	17.6
136	17.6
137	17
138	13.6
139	12.8
140	12.3
141	13.9
142	11.8
143	13.5
144	13.6
145	10.5
146	12.4
147	10
148	11.9
149	14
150	10.8
151	12.9
152	13.1
153	15
154	13.1
155	9.5
156	11.1
157	7.6
158	7.9
159	12.6
160	8.6
161	9
162	10.6
163	10.8
164	9.1
165	12
166	14.4
167	17
168	16.6
169	14.1
170	12.5
171	6.3
172	9.6
173	11.6
174	14.5
175	13
176	13.6
177	10.9
178	12
179	14.9
180	15.4
181	16.6
182	16.3
183	15.1
184	13.1
185	15.3
186	10.5
187	10.6
188	10.8
189	10.9
190	12.3
191	13.9
192	13.4
193	11.8
194	10
195	13
196	14.5
197	15
198	16.1
199	18.1
200	14.5
201	19.1
202	20.3
203	17.9
204	12.3
205	15.3
206	17.8
207	15.8
208	17.1
209	17.4
210	13.9
211	18.6
212	21
213	20.6
214	19
215	20.4
216	20.6
217	15
218	18.6
219	19.5
220	21.4
221	22.5
222	23.9
223	11.5
224	13.1
225	14.8
226	11.6
227	9.9
228	11
229	14.8
230	16.3
231	18.8
232	20.1
233	20.1
234	17.4
235	16.4
236	13.1
237	15.8
238	17.6
239	20
240	17.3
241	21.9
242	14.4
243	14.6
244	8.3
245	6
246	11.5
247	9.8
248	4.5
249	4.4
250	6.8
251	11.1
252	8.6
253	8.9
254	10.6
255	12
256	9.8
257	13.3
258	10.4
259	10.3
260	11.4
261	12.1
262	14.1
263	11.5
264	11.8
265	12.4
266	12.5
267	9.8
268	9
269	9.8
270	11.5
271	13
272	8.6
273	8.4
274	9.3
275	9.4
276	8.8
277	8.4
278	7.6
279	8.8
280	6.5
281	6.9
282	7.9
283	7.6
284	3.9
285	4.5
286	2.9
287	2.5
288	5.4
289	2.5
290	0.5
291	-1.3
292	1
293	-1
294	1.3
295	0.9
296	-1.1
297	0.5
298	0.6
299	5.3
300	0.8
301	3.6
302	3.9
303	2
304	0.5
305	1
306	1.4
307	3.9
308	2.4
309	4.6
310	5.6
311	4.3
312	7.5
313	4.9
314	8.5
315	5.1
316	4.1
317	-0.8
318	-1.6
319	-2
320	5.1
321	1.8
322	-1.6
323	-2.3
324	1
325	-0.6
326	6
327	7.5
328	5
329	3.9
330	7.1
331	4.8
332	1.8
333	5.4
334	5.4
335	5
336	4.8
337	7
338	2.1
339	1.3
340	-1.3
341	-1.6
342	0.4
343	-1
344	-3.1
345	-3.8
346	-4.6
347	-1.5
348	-2.9
349	-3
350	0
351	-1
352	-1
353	0.8
354	3.3
355	4
356	4
357	2.4
358	-0.1
359	-1
360	-3.9
361	-6.6
362	-7
363	-7.8
364	-6.8
365	-4.9
366	-4.9
1	-7.9
2	-11
3	-13.4
4	-9.9
5	2
6	5.5
7	4.9
8	3.4
9	3.5
10	6.3
11	7.9
12	4
13	5.1
14	2.5
15	6.6
16	4.8
17	5.9
18	2
19	2.3
20	3
21	4.8
22	3.6
23	4.6
24	4
25	-2.3
26	-4.6
27	-1.6
28	1.1
29	0.9
30	-1.5
31	0.6
32	-1.4
33	-1.5
34	0.1
35	2.3
36	2.5
37	2.9
38	2.9
39	0.6
40	-0.4
41	-1.4
42	0.8
43	0.4
44	0.1
45	0.3
46	-1.1
47	-4
48	-2.3
49	-0.8
50	-2
51	-2.8
52	-4
53	-6.8
54	-11.1
55	-11.6
56	-7.6
57	-7
58	-3.6
59	-5.8
60	-3.5
61	-2.5
62	-5.1
63	-7.3
64	-6.4
65	-3
66	-1.1
67	-4.5
68	-3
69	-0.6
70	0.6
71	1.4
72	2
73	2.8
74	4.5
75	5.6
76	5.6
77	8.6
78	3.8
79	7.9
80	8.8
81	6.4
82	2.1
83	-0.1
84	-2.4
85	-2.9
86	-4.3
87	-5.1
88	-4.6
89	-1.1
90	4.5
91	5.9
92	-0.3
93	0.3
94	-0.5
95	1.9
96	4.5
97	2.1
98	2.4
99	7.1
100	5.4
101	3.5
102	2
103	0.9
104	4.1
105	4.5
106	4.4
107	4.5
108	5.9
109	6.4
110	8.9
111	12.4
112	12.3
113	10.8
114	13
115	10.6
116	10.9
117	15.3
118	13.6
119	11.5
120	7.8
121	8.8
122	7.8
123	8
124	7.8
125	4.6
126	4
127	6.5
128	12.6
129	10.5
130	12.1
131	11.4
132	9.3
133	10
134	9.9
135	8.6
136	8.4
137	12.3
138	13.8
139	12.9
140	10.5
141	4.3
142	8.9
143	12.9
144	15.6
145	17.4
146	16
147	12.5
148	7.3
149	11.4
150	12.3
151	10.3
152	13.9
153	9.6
154	9
155	11.6
156	15.8
157	17.4
158	17.5
159	18.3
160	19.3
161	15.6
162	8.8
163	6.8
164	8
165	8.6
166	10
167	13.5
168	8.8
169	13.5
170	17.3
171	13.8
172	13.5
173	13.1
174	11.4
175	8.6
176	10.4
177	12.5
178	12.8
179	11.8
180	14.5
181	14.1
182	16.8
183	14.8
184	16
185	16.9
186	19
187	8.3
188	10
189	12.5
190	16.5
191	9.4
192	6.6
193	6.4
194	7.4
195	9.5
196	13.1
197	15.8
198	15.5
199	14.3
200	12.9
201	9.5
202	9.6
203	9
204	12
205	16.5
206	11.4
207	10.6
208	12.8
209	14.3
210	17.8
211	18.9
212	10.8
213	11.8
214	16.3
215	16.9
216	16.8
217	17.5
218	11
219	13.3
220	13
221	13.3
222	10.9
223	12.8
224	15.8
225	14.1
226	17.5
227	16.4
228	16.6
229	15.9
230	15.6
231	15.1
232	14.5
233	16.3
234	17
235	10.8
236	8.5
237	8.4
238	8.8
239	7.1
240	6.3
241	5.9
242	9.8
243	6.4
244	7.3
245	7.8
246	8.6
247	4.4
248	3.5
249	6.3
250	12.1
251	9.5
252	10
253	9.5
254	8.6
255	9.6
256	6
257	8.5
258	9.3
259	7
260	7.4
261	9.8
262	11.4
263	13.9
264	13.3
265	15
266	12.4
267	12.4
268	7.9
269	5
270	4.5
271	4.3
272	3.3
273	7.6
274	7.9
275	5
276	4.5
277	8
278	9.5
279	7.1
280	8.3
281	6
282	4.6
283	8.6
284	10.8
285	7.5
286	8.9
287	8
288	5.3
289	4.8
290	2
291	1.1
292	3.6
293	2
294	-0.4
295	-1.1
296	-0.4
297	-0.6
298	-0.3
299	-0.6
300	-0.5
301	2
302	-0.4
303	0.1
304	1.4
305	5.1
306	6.6
307	6.8
308	4.8
309	2
310	2
311	3.6
312	1.8
313	0.4
314	1.8
315	1.4
316	-0.5
317	-1.4
318	2.3
319	-2.9
320	-3.6
321	-5
322	-6.3
323	-8
324	-9.3
325	-8.5
326	-9.6
327	-10.1
328	-2.5
329	-1.9
330	-5.1
331	-6.8
332	-8.6
333	-8.5
334	-4.5
335	-2.9
336	0.5
337	0.8
338	6.6
339	-1
340	-2.9
341	-1.1
342	3.3
343	2.5
344	4.5
345	-2.5
346	-2.4
347	3.1
348	-0.6
349	-1.3
350	-1.5
351	1.3
352	2.3
353	5.8
354	8.5
355	-0.4
356	-1.5
357	-0.3
358	-3.1
359	-3.9
360	-4
361	-4.3
362	-4.9
363	0.4
364	3.6
365	3.1
1	-2.4
2	0
3	3
4	0.3
5	0.4
6	1.3
7	-0.4
8	-0.4
9	-1.9
10	-2.1
11	-2.3
12	2
13	3.1
14	-0.3
15	-0.4
16	-2.6
17	-6.5
18	-8.9
19	-7.1
20	-5.6
21	-7
22	-3.4
23	0.8
24	1.9
25	4
26	-1.3
27	1.3
28	-2.8
29	-3.9
30	0.8
31	-1.8
32	0.5
33	0.9
34	3.4
35	1.4
36	1.3
37	-0.4
38	-1.3
39	-1
40	-1.3
41	-2.1
42	-4.4
43	-5.3
44	-8.4
45	-9.3
46	-5.5
47	-5.6
48	-4.9
49	-5.4
50	-6.4
51	-0.9
52	-1.6
53	0.3
54	1.6
55	0.3
56	0.9
57	2.1
58	6
59	4
60	3.1
61	0.3
62	3.4
63	0.8
64	6.1
65	2.3
66	4
67	6
68	8.9
69	5.8
70	7
71	3.3
72	3
73	3.3
74	3.9
75	1.5
76	-0.8
77	0.6
78	2.1
79	2.9
80	4.1
81	4.9
82	7.9
83	9.6
84	11
85	1.3
86	0.5
87	4.9
88	5.8
89	9.4
90	8
91	3.4
92	-1.4
93	-1.4
94	-0.8
95	-1.3
96	0.1
97	1.1
98	-0.4
99	-0.4
100	0.5
101	-0.4
102	0.6
103	0.1
104	-0.9
105	0
106	3.6
107	2.5
108	-0.1
109	0.8
110	4
111	4.5
112	5.6
113	8
114	6.3
115	6
116	6.3
117	8.1
118	9.5
119	12
120	13.8
121	9.5
122	7.6
123	10.1
124	6.3
125	3
126	6.8
127	11.3
128	10.4
129	6.8
130	7.9
131	8.8
132	9.3
133	11.3
134	10
135	11.3
136	11.9
137	10.8
138	9.1
139	7.6
140	7.1
141	7.8
142	11
143	9.3
144	12.5
145	9.4
146	8.5
147	6.9
148	9.8
149	8.6
150	8.5
151	11.9
152	15.4
153	14.6
154	10.1
155	5.8
156	4.3
157	7.9
158	12.1
159	9.9
160	4.4
161	5.6
162	5.6
163	9.1
164	11.5
165	10
166	13.3
167	13.3
168	12.5
169	17.7
170	15.5
171	12.6
172	15.6
173	15.9
174	15.6
175	19.6
176	16.4
177	17.4
178	15.6
179	17.9
180	17.5
181	18.8
182	19.4
183	20.3
184	21.4
185	21.7
186	16.7
187	15.5
188	12.1
189	12.5
190	12.5
191	14.4
192	17
193	18.4
194	18.5
195	15.9
196	16.7
197	17.7
198	17.5
199	16.4
200	13.9
201	13.4
202	15.2
203	17.9
204	18
205	15.4
206	18.9
207	17.6
208	19.1
209	17.1
210	18.3
211	15.9
212	14.8
213	14.6
214	16.4
215	18.4
216	20.6
217	18.6
218	18.1
219	18.6
220	15.5
221	16.9
222	13.6
223	13.1
224	11.9
225	11
226	9.3
227	10
228	13.8
229	11.7
230	10.1
231	12.7
232	14.2
233	15.6
234	18
235	17.1
236	12.7
237	10.5
238	12.7
239	13.9
240	13.3
241	9.8
242	12.7
243	12.5
244	12.3
245	10.5
246	8.5
247	9
248	11.5
249	14.8
250	12
251	8.5
252	9
253	9.5
254	10.8
255	13.1
256	11.6
257	8.8
258	5.3
259	5.5
260	2.3
261	3.5
262	3.5
263	6.8
264	8.6
265	8.8
266	15.2
267	12.6
268	14.1
269	10.6
270	9.6
271	9
272	10.5
273	10.6
274	14
275	12.3
276	8
277	1.5
278	0.9
279	1.6
280	-0.3
281	0.8
282	3.3
283	4.1
284	7.1
285	9.8
286	8
287	9.6
288	9.8
289	11
290	3.1
291	3.8
292	5.8
293	9.1
294	5.3
295	9.4
296	7.1
297	4.1
298	5.6
299	2.9
300	2.4
301	3.6
302	3.9
303	8.1
304	13.8
305	3.4
306	3.9
307	6.1
308	7.8
309	7.9
310	7
311	5.3
312	3.6
313	5.5
314	4.5
315	4.6
316	3.6
317	5.4
318	7.9
319	6.8
320	3.3
321	2.3
322	1.6
323	7.1
324	8.6
325	9.1
326	7.4
327	4.5
328	5.4
329	3.3
330	2.9
331	4
332	2.8
333	0.8
334	-0.3
335	-3.3
336	2
337	4.9
338	7.4
339	5.5
340	0.1
341	3
342	3.4
343	4.3
344	3.8
345	5.8
346	4.1
347	4.1
348	-2
349	-5
350	-2.9
351	-0.6
352	0.8
353	0
354	-2
355	-5.3
356	-4.6
357	-6.1
358	-8
359	-7.8
360	-3.8
361	3
362	5.4
363	5.5
364	-1
365	-0.6
1	-4
2	-5.6
3	-7.8
4	-11
5	-12.6
6	-10
7	-5.4
8	-7
9	-3.3
10	-1.4
11	-3.4
12	-5.4
13	-9.3
14	-6.8
15	-1.8
16	-3.5
17	-1.3
18	-0.9
19	-1.3
20	0.4
21	-0.3
22	4.9
23	1.5
24	-1.5
25	5.4
26	3.4
27	-4.4
28	1.5
29	2.6
30	-0.1
31	-3.9
32	6.3
33	1.9
34	-0.3
35	0.9
36	1.8
37	3.4
38	7.5
39	3
40	1.3
41	3
42	2.1
43	1.9
44	6
45	-0.1
46	6.5
47	1.3
48	1.3
49	-1.1
50	0.5
51	1.6
52	3
53	4.3
54	0.5
55	-0.8
56	0.6
57	-1.8
58	-2.6
59	1.5
60	2.6
61	0.3
62	-0.6
63	-5.4
64	-2.1
65	-2.3
66	-2.6
67	-2.1
68	-4
69	0.3
70	2
71	4.5
72	2
73	0
74	-0.8
75	-1.4
76	3.4
77	4.1
78	1.1
79	-1.9
80	-2.5
81	-1.3
82	1.3
83	4.5
84	3.1
85	3.1
86	-0.9
87	-4.9
88	-3.4
89	-3.6
90	-3.6
91	3
92	6
93	10.6
94	9.9
95	9
96	8.3
97	7.8
98	1.9
99	-0.3
100	0.5
101	3.8
102	3.6
103	1.1
104	0.9
105	3.1
106	1.5
107	2
108	4.5
109	3.9
110	0.6
111	7.4
112	6
113	9.1
114	12
115	7
116	4.8
117	6.8
118	9.1
119	8.5
120	8.8
121	10.2
122	9.9
123	11
124	12.4
125	13.9
126	15.4
127	16.3
128	12.3
129	8.1
130	5
131	8
132	7.6
133	2.9
134	0.1
135	5
136	6.9
137	7.3
138	3.9
139	3
140	4
141	6.3
142	9
143	11.7
144	14.1
145	16.3
146	10.2
147	12.4
148	13.6
149	11.9
150	9
151	7.9
152	6.8
153	8
154	10.6
155	8.3
156	6.8
157	7.8
158	9.4
159	7.1
160	7.4
161	8.1
162	6.9
163	7.3
164	6.1
165	6
166	7.9
167	7.8
168	12.9
169	9.8
170	15.1
171	18.6
172	16
173	10.5
174	5.8
175	6.8
176	11.1
177	15.6
178	17.9
179	17.6
180	17.6
181	18.1
182	17
183	17.3
184	11.6
185	12.5
186	13
187	14.5
188	16
189	16.9
190	18.9
191	19.1
192	17.1
193	16.6
194	18.1
195	17.9
196	16.6
197	12.1
198	12.6
199	15.6
200	18.3
201	21.6
202	21.6
203	18.6
204	11.3
205	12.7
206	17.6
207	20
208	16.6
209	15.2
210	15.8
211	17.5
212	17.9
213	18.1
214	17.5
215	16.3
216	16.4
217	17.3
218	17.6
219	15.1
220	13.3
221	12
222	12.6
223	15.6
224	17
225	14.8
226	13.5
227	13.3
228	13.6
229	15
230	14.4
231	13.5
232	13
233	14.6
234	16.1
235	16.5
236	12.4
237	12.6
238	11.5
239	11.4
240	6.6
241	5.6
242	5
243	5.6
244	6.6
245	7.1
246	6.4
247	4.1
248	7.6
249	9.4
250	7.9
251	9.3
252	7
253	10
254	11.6
255	10.8
256	8
257	8.1
258	5.5
259	7.9
260	8.4
261	10.1
262	9.4
263	7
264	5.9
265	5.6
266	6
267	6.5
268	5.9
269	7.1
270	8.3
271	3.4
272	1.8
273	2.4
274	7.9
275	9.9
276	10.2
277	12.3
278	11.1
279	11
280	11.1
281	11
282	12.4
283	11.9
284	10.6
285	10.8
286	10.4
287	8.8
288	10
289	10.6
290	9.8
291	9.4
292	9.5
293	5.3
294	2.1
295	4.9
296	6.6
297	5.6
298	8
299	9.1
300	11.5
301	10.4
302	9.1
303	9.1
304	7.8
305	5.1
306	-0.9
307	-0.8
308	-7.4
309	-6.8
310	-5.1
311	-0.1
312	1.8
313	0.8
314	3.1
315	6.5
316	6
317	6
318	4.3
319	5.6
320	5.5
321	0.6
322	-6
323	-4
324	-3.8
325	-0.3
326	1.3
327	0.4
328	0.1
329	0.6
330	0.4
331	0.6
332	0.6
333	-0.4
334	-2.3
335	-0.3
336	-1.3
337	-0.6
338	-4.6
339	-6.9
340	-7
341	-6
342	-1.9
343	-0.8
344	0.4
345	-1.3
346	-3.5
347	-6.5
348	-8.5
349	-4.6
350	-4.3
351	1.4
352	-0.1
353	-1.3
354	0.8
355	1.9
356	4.9
357	5.4
358	3
359	0
360	-4.5
361	-7.1
362	-9.8
363	-9.6
364	-1.8
365	-0.5
1	0
2	-1.1
3	-1.9
4	-5
5	-2.9
6	-0.1
7	2.3
8	1.6
9	1.3
10	3.1
11	3.3
12	2.4
13	1.6
14	0.3
15	0.5
16	-0.4
17	-2
18	-1.3
19	-1.8
20	-7.1
21	-3
22	-3
23	-1.9
24	-0.8
25	-5.8
26	-2.3
27	-1
28	-4.8
29	-5.3
30	-6.6
31	-6.9
32	-2.5
33	1.8
34	-2.5
35	-6.8
36	-9.5
37	-8
38	-5
39	-2.6
40	-5.4
41	-2.4
42	-1.5
43	-1.6
44	-3
45	-3.9
46	-5.4
47	-3.4
48	-2.1
49	-1.5
50	-2
51	-5.3
52	-8.5
53	-11
54	-13.3
55	-6.9
56	-0.4
57	0.8
58	0.1
59	0.8
60	-1.4
61	-4
62	-5.9
63	-4.4
64	-6.5
65	-3.6
66	-2.5
67	-2.6
68	-0.9
69	-1.8
70	-3.1
71	-5
72	-8.6
73	-7.3
74	-0.5
75	0.6
76	0.4
77	2.4
78	1.5
79	0
80	3.4
81	3.4
82	2.4
83	5.3
84	8
85	6.1
86	6.5
87	-4.4
88	-2
89	-2.5
90	-2.8
91	-2.4
92	-2.6
93	-3
94	-4
95	-3.5
96	-2.1
97	3.6
98	5
99	4.3
100	4
101	6.1
102	3.5
103	2.5
104	-0.9
105	0.6
106	1.8
107	4.3
108	7.1
109	5.5
110	8.1
111	10.8
112	12.9
113	15.5
114	10.5
115	6.6
116	4.9
117	6.9
118	11.1
119	10.1
120	7.6
121	5.9
122	7.6
123	4.6
124	3
125	2
126	5.9
127	10
128	12.6
129	9
130	2.6
131	1.5
132	4.5
133	5.5
134	4.6
135	7.6
136	8.4
137	12.5
138	10.4
139	11.7
140	11.5
141	8.3
142	6.9
143	6.3
144	7.5
145	13.6
146	8.5
147	8.6
148	6.8
149	4.3
150	11
151	17.1
152	17.7
153	12.9
154	8.5
155	9.6
156	12.9
157	16.6
158	18.9
159	18.9
160	16.5
161	17
162	15.2
163	17.9
164	18.5
165	12.3
166	12.4
167	15.3
168	13.6
169	14.4
170	16.9
171	13.1
172	10.1
173	10.8
174	5.1
175	5.5
176	7.5
177	7.9
178	9.5
179	13.3
180	14.6
181	11.1
182	8.4
183	9
184	8
185	12
186	13.1
187	12.1
188	7.6
189	8.6
190	5.9
191	7.4
192	8.5
193	11.1
194	13
195	15
196	16.6
197	18.1
198	13.3
199	12.6
200	11.5
201	11.9
202	11.4
203	12.1
204	15.4
205	18
206	14.2
207	10.5
208	14
209	16.3
210	15.9
211	17.1
212	14
213	15.6
214	17.3
215	15.9
216	10.1
217	11.3
218	14.4
219	15.8
220	12.7
221	13.1
222	15.8
223	16.3
224	12.7
225	11.3
226	10
227	12.4
228	11.5
229	11.1
230	13.5
231	14
232	15
233	14.4
234	14.1
235	12
236	14.6
237	11.5
238	10.6
239	12.1
240	11.7
241	8.3
242	8.6
243	9.5
244	9
245	6.1
246	8.8
247	10.9
248	10.6
249	9.1
250	8.5
251	5
252	4.9
253	4.8
254	4.6
255	7.1
256	5.5
257	3.8
258	5.5
259	6.8
260	4.9
261	4
262	4.5
263	7.6
264	6.8
265	6.8
266	6.9
267	5.5
268	3.9
269	3.5
270	5.1
271	7.9
272	5.9
273	10.8
274	12.1
275	9.5
276	3.3
277	3.1
278	6.8
279	3.6
280	4.9
281	5.6
282	6.8
283	6.6
284	7
285	6.5
286	8
287	5.9
288	6
289	9.8
290	4.8
291	1.6
292	3.6
293	5.3
294	6.1
295	7.6
296	4.8
297	3.3
298	3.4
299	8.1
300	5.5
301	8.9
302	10.4
303	3.5
304	0.8
305	4.1
306	5.8
307	5.6
308	8.4
309	11
310	3.3
311	5.4
312	5.3
313	2.3
314	2.5
315	3
316	7.3
317	6.8
318	2.8
319	-2
320	-1.4
321	-0.8
322	-0.4
323	-2.9
324	-1.3
325	0.3
326	-2.9
327	-4.8
328	-5.1
329	-5.8
330	-0.4
331	-1.3
332	-2.9
333	-4.5
334	-2.4
335	-1.8
336	-3
337	-1.1
338	-0.8
339	2.1
340	2
341	2.1
342	-1.8
343	-2.3
344	-0.1
345	-1.3
346	-2.9
347	-4.5
348	-2.4
349	-1.4
350	-3
351	-0.3
352	3
353	1.8
354	4
355	2.4
356	0.9
357	0.1
358	-0.5
359	-6.5
360	-10.2
361	-12.6
362	-13
363	-15.9
364	-14.6
365	-10.2
366	-11.7
1	-9.8
2	-6.6
3	-2.6
4	-4.1
5	-4.3
6	-5.3
7	-6.6
8	-5.3
9	-1.6
10	-4.1
11	-6.5
12	-5
13	-3.6
14	-1.8
15	-0.4
16	-0.8
17	2.6
18	1.3
19	1.3
20	-0.3
21	-1.9
22	4
23	3.1
24	1.8
25	1
26	0
27	-2.4
28	-2.8
29	-4.3
30	-3.4
31	-3.4
32	-4.5
33	-2.3
34	-2.4
35	-1.3
36	-0.5
37	-2.8
38	3.9
39	2.8
40	3.3
41	7
42	1.4
43	4.4
44	-1.1
45	1.3
46	-1.8
47	-3.1
48	0
49	0.6
50	-0.8
51	2.4
52	2.4
53	3.6
54	7.1
55	6
56	7.3
57	2.4
58	-0.1
59	2.1
60	6.6
61	8.6
62	5.9
63	9
64	5.4
65	1.9
66	3
67	3.6
68	5.4
69	5.9
70	7.6
71	8
72	9.5
73	2.9
74	3.8
75	6.3
76	4.9
77	7.8
78	-0.5
79	-2
80	-1
81	-0.4
82	1.8
83	0.6
84	1.5
85	3.9
86	5.9
87	2.4
88	-0.3
89	0.6
90	0.6
91	2.4
92	5.8
93	6.5
94	3.1
95	-0.6
96	1.3
97	3.9
98	1.9
99	-0.9
100	-1.9
101	4.8
102	4.4
103	-1.1
104	-0.5
105	0.8
106	2
107	5.8
108	10.8
109	7.9
110	5.3
111	4.8
112	5.5
113	7.4
114	7.1
115	0
116	2.3
117	3
118	4.1
119	3.8
120	4
121	5.6
122	10.6
123	14.4
124	14
125	10
126	4
127	2.3
128	0.3
129	3.6
130	6.9
131	11.3
132	7.5
133	10.8
134	13.6
135	17.1
136	14.9
137	15
138	9.5
139	13.1
140	9.3
141	7.5
142	6.6
143	9.9
144	9.9
145	11.4
146	10.1
147	10.9
148	6.6
149	10.5
150	11
151	9.3
152	7.1
153	10.4
154	9.5
155	12.1
156	15.9
157	15.9
158	17.7
159	13.1
160	15.5
161	18
162	16.5
163	15.2
164	14.2
165	12.5
166	11.9
167	11.4
168	9.4
169	7.4
170	9.3
171	8.8
172	8.5
173	8.1
174	6.6
175	7.6
176	8.9
177	8.3
178	9.3
179	13.3
180	11.1
181	7.8
182	9.4
183	11.6
184	11.1
185	10.4
186	9.3
187	9
188	10.2
189	13
190	14.8
191	12.5
192	15.6
193	13.5
194	16.3
195	13.4
196	13.3
197	15.6
198	14.2
199	9.8
200	9.8
201	11.5
202	12.1
203	14.1
204	14.8
205	16.4
206	10.6
207	12.1
208	15.1
209	14.4
210	16
211	15.2
212	11.7
213	8.9
214	12.6
215	15.8
216	18.4
217	16.4
218	12.4
219	15.1
220	13.9
221	14.9
222	17.6
223	17.7
224	17.6
225	16.9
226	17.3
227	15.1
228	16.3
229	13.9
230	13.3
231	11.9
232	14.9
233	14
234	15.4
235	16.9
236	17.4
237	17.7
238	15.5
239	15.5
240	9.3
241	8.5
242	11.1
243	15.9
244	17.5
245	15.4
246	14
247	13.3
248	14.2
249	12.5
250	11.7
251	11.5
252	10.8
253	8
254	13.9
255	15.1
256	6.4
257	4.5
258	7.8
259	10.5
260	10.8
261	10.6
262	13.8
263	8.5
264	8.3
265	9.5
266	9
267	9.3
268	9
269	9.3
270	12.1
271	10.2
272	10.6
273	12.9
274	13.3
275	11.5
276	6.1
277	6.5
278	11.3
279	13.3
280	13.8
281	12.6
282	14.6
283	8.8
284	5.8
285	4.5
286	1.3
287	0.8
288	1.1
289	4.6
290	4
291	6.3
292	7
293	8.9
294	3.8
295	3.9
296	0.5
297	-1.5
298	-1.6
299	1.6
300	-1.5
301	-3.6
302	-4.3
303	-3.4
304	-4.4
305	5.3
306	1.4
307	2.3
308	5.5
309	5.4
310	10.6
311	4.6
312	3
313	4
314	3.9
315	2.1
316	0.3
317	-0.1
318	-1.1
319	1.5
320	5.5
321	0.1
322	0.4
323	-4.8
324	3.8
325	1.4
326	-0.5
327	-1.5
328	-1.9
329	-0.6
330	1.5
331	3
332	4.9
333	3.1
334	1.8
335	-1.5
336	-2.8
337	-5.4
338	-5
339	-4.9
340	-5.6
341	-1.4
342	0
343	2.1
344	3.9
345	6.8
346	0.5
347	-1.6
348	-2.3
349	-4.4
350	-8.5
351	-2.9
352	0
353	1.9
354	0.5
355	-0.7
356	-1.6
357	-1.6
358	3
359	7.5
360	1.5
361	-0.3
362	-1.1
363	-3.6
364	0.8
365	3
1	2.5
2	2.4
3	3.6
4	1.9
5	1.6
6	2.1
7	4.8
8	4
9	2.4
10	2.3
11	5.8
12	4.4
13	3.3
14	2.5
15	0.6
16	1.1
17	-2.5
18	-0.9
19	-0.1
20	-3.3
21	-4
22	-6.3
23	-4.6
24	-5.4
25	-6.3
26	-8.6
27	-9.5
28	-4
29	-5
30	-7.6
31	-6.4
32	-8.8
33	-3.6
34	-5.9
35	-7.3
36	-5.5
37	-5.3
38	-0.8
39	-3.4
40	-0.6
41	6
42	6.1
43	4.6
44	3.4
45	3.9
46	4.5
47	6
48	0.4
49	2.3
50	3.4
51	5.6
52	10.8
53	1.1
54	1.6
55	3
56	3.9
57	4.9
58	4.1
59	1.5
60	-0.4
61	1.5
62	8
63	11.5
64	0.8
65	2.8
66	4
67	1
68	-5.5
69	-3.9
70	-1.6
71	-2
72	-1.8
73	-0.3
74	1.3
75	2.5
76	1.8
77	3
78	0.4
79	-1
80	-1.6
81	-1.5
82	-2.5
83	-4.1
84	-3.8
85	-1.4
86	2.6
87	5.9
88	9.8
89	10.6
90	10.1
91	8.4
92	6.6
93	9.4
94	0.6
95	4.1
96	4.4
97	3.1
98	1.3
99	3
100	1.8
101	3.3
102	0.1
103	-0.8
104	-1
105	0.6
106	-0.6
107	-0.1
108	-0.9
109	0.8
110	3.5
111	6.1
112	7.6
113	9.4
114	7.9
115	10.4
116	11.3
117	5.9
118	4.3
119	4.5
120	9.4
121	6.8
122	5.8
123	7.3
124	4
125	5.8
126	5.9
127	9.1
128	13.8
129	14.6
130	15.9
131	16
132	16.6
133	16.9
134	16
135	13.8
136	11.3
137	9.4
138	9.5
139	11
140	10.6
141	12.3
142	8
143	7.3
144	9
145	9.8
146	10
147	10.8
148	12.3
149	9.3
150	11.6
151	9.9
152	11.7
153	16.3
154	16.1
155	15.5
156	19.9
157	21
158	12.4
159	11.4
160	15.9
161	10.9
162	7.6
163	4
164	6.1
165	8
166	9.3
167	8.1
168	9.5
169	11.4
170	19.4
171	19
172	21.9
173	15.9
174	14.1
175	14.9
176	16.3
177	14.9
178	15.8
179	11.3
180	13.3
181	12.9
182	14
183	10.5
184	12.5
185	11.7
186	13.9
187	13.5
188	10.4
189	8
190	11.4
191	12.4
192	12.4
193	16.6
194	12
195	10.4
196	9.6
197	8.8
198	14.9
199	14.8
200	18.4
201	23.6
202	20.5
203	16.3
204	17.3
205	16.4
206	15.5
207	17.4
208	11.5
209	11.7
210	14.1
211	11.7
212	12.1
213	11.1
214	11.1
215	11.6
216	14.8
217	15.5
218	13.6
219	16.5
220	19.4
221	20.3
222	21.4
223	22.6
224	21.3
225	13.3
226	12.9
227	15.9
228	17
229	17.5
230	14.1
231	15.4
232	16
233	11.4
234	10.4
235	11.4
236	10
237	9
238	11.6
239	6.1
240	6
241	6.6
242	7.4
243	9.5
244	12.9
245	14.5
246	12.4
247	13
248	9.8
249	10.6
250	10.9
251	12.7
252	15.1
253	12.7
254	9.3
255	4.5
256	2.5
257	4
258	5.6
259	7.1
260	5.4
261	5.3
262	4.6
263	8.1
264	8.5
265	6
266	7.9
267	9
268	11.3
269	11.1
270	10.6
271	9.4
272	8.8
273	8.8
274	5.6
275	5.5
276	5
277	4.5
278	6.9
279	5.4
280	5.1
281	5
282	5.8
283	5.8
284	5.8
285	3.8
286	4.5
287	8
288	8.9
289	10.1
290	10.9
291	3.3
292	0.8
293	1.3
294	6.6
295	7.9
296	10
297	6.4
298	3.8
299	2.6
300	3.1
301	9
302	2.6
303	-0.4
304	2.3
305	2.5
306	2.1
307	2
308	0.9
309	-0.9
310	0.8
311	0
312	7.3
313	8.4
314	4.8
315	-0.3
316	-1
317	-0.8
318	-0.8
319	-1
320	-1.8
321	-6
322	-7.4
323	-6.9
324	-7.8
325	-9.1
326	-11.7
327	-9
328	-7
329	-4.3
330	-2.9
331	-1.3
332	-4.3
333	-3
334	-4.4
335	-4.6
336	-5
337	-6.5
338	-6.8
339	-5.8
340	-5.6
341	-5.8
342	-8.8
343	-4.5
344	-0.4
345	0
346	2.4
347	3.1
348	3.3
349	1.8
350	0.6
351	0.9
352	4.9
353	0
354	-1.9
355	-4.9
356	-4.5
357	-4.8
358	-2.3
359	-2.6
360	2.5
361	4.1
362	4.4
363	0.6
364	0.3
365	0.3
1	0.1
2	1.3
3	1.5
4	5.1
5	5.4
6	8.4
7	4.9
8	0
9	-2.4
10	-3.5
11	-4.1
12	-7.8
13	-3.8
14	-1.1
15	-1.1
16	1.8
17	0.9
18	-0.1
19	1.3
20	1.6
21	1
22	-0.5
23	0.9
24	2.5
25	3.8
26	0.8
27	-2.1
28	-1
29	-5.9
30	-9.8
31	-10.2
32	-7.5
33	-2
34	-1
35	0.5
36	-0.8
37	-2.9
38	-3.3
39	-6.6
40	-6.1
41	-8.3
42	-8.1
43	-11.5
44	-10.4
45	-7.3
46	-6.3
47	-2.3
48	-4.5
49	-1.1
50	1
51	2.6
52	2
53	-3.9
54	-4.4
55	-3
56	-4
57	-1.4
58	4.5
59	0.8
60	1
61	3.5
62	3
63	-0.6
64	-1.1
65	-1.3
66	-2.8
67	-1.8
68	2.1
69	3.1
70	2.1
71	5.1
72	5.1
73	5.4
74	4.4
75	3.3
76	0.1
77	-0.4
78	-1.1
79	-1
80	0.4
81	-0.6
82	-0.8
83	3
84	5
85	5.3
86	-0.4
87	-0.1
88	1.4
89	2.4
90	3.9
91	4.3
92	4.5
93	8
94	5
95	5.6
96	9.3
97	1.9
98	1.9
99	2.9
100	5.3
101	2.3
102	1.8
103	0.4
104	3.1
105	-2.5
106	-1.1
107	-1.3
108	-0.1
109	-0.3
110	3.3
111	5.3
112	6
113	6.4
114	4.9
115	6.4
116	7.8
117	7.6
118	8.3
119	10.6
120	7.3
121	9.5
122	10.8
123	13.3
124	11.9
125	11.5
126	10.1
127	11.6
128	8.8
129	9.9
130	11.3
131	10
132	8.1
133	8.6
134	7.8
135	6.5
136	5.6
137	6.8
138	9.3
139	6.5
140	7.4
141	8.1
142	6.5
143	7.4
144	12
145	12.6
146	13.9
147	17.4
148	16.1
149	18.5
150	18.9
151	16.5
152	18.1
153	15.6
154	15.9
155	10.4
156	8.8
157	7.6
158	12.6
159	9.5
160	7.9
161	9.8
162	8.9
163	10.5
164	12.1
165	10.8
166	12
167	12.9
168	13.5
169	11.1
170	8.9
171	11.3
172	6.3
173	6.6
174	9.5
175	11.1
176	13.3
177	12.5
178	13.1
179	10.8
180	14.6
181	13
182	13.9
183	16.4
184	20.3
185	22
186	17.6
187	11.6
188	11
189	11
190	11.9
191	13.6
192	14.9
193	15.6
194	15
195	12.5
196	12.1
197	12.4
198	15.4
199	16.9
200	18.1
201	16.9
202	15.2
203	9.5
204	7
205	11.1
206	14.1
207	15.8
208	18
209	15.4
210	15.2
211	14.8
212	15.4
213	15.8
214	15.6
215	13.6
216	15.5
217	17.4
218	18.4
219	15.6
220	16
221	17.9
222	14.4
223	13
224	12
225	11.9
226	12.7
227	11.9
228	11.5
229	11.7
230	11.5
231	11
232	10.4
233	10.6
234	11.1
235	9.3
236	14.5
237	18.3
238	17.1
239	17.1
240	15
241	12.7
242	12.7
243	12.9
244	12.6
245	12.1
246	11.7
247	12.5
248	12.1
249	12.4
250	13.5
251	13.4
252	13.4
253	15
254	14.6
255	16.1
256	16.7
257	16.6
258	15.5
259	10.9
260	11.6
261	10
262	13.1
263	9.5
264	10.4
265	13.1
266	12.7
267	13.1
268	12
269	9
270	9.1
271	8.6
272	9.6
273	8.9
274	7.6
275	10.5
276	4.4
277	3.6
278	2.8
279	2
280	2.4
281	5.5
282	7.4
283	9
284	7.8
285	8.1
286	7.5
287	7.6
288	5.1
289	3
290	1.9
291	0.6
292	-0.1
293	5.1
294	7.3
295	8.6
296	7
297	6.9
298	4.9
299	7.1
300	6.1
301	12.5
302	11.1
303	14.5
304	4
305	11.9
306	8.8
307	9.6
308	8
309	8.1
310	1.1
311	1
312	1.5
313	0.3
314	-0.6
315	-2
316	-1.8
317	-2.1
318	-0.4
319	-3.1
320	-3.8
321	-3.8
322	-3.9
323	-4.4
324	-7.4
325	-7.9
326	-7.3
327	-2.5
328	-0.4
329	0.1
330	2.4
331	3.5
332	0.8
333	1.8
334	4.1
335	2.4
336	1.6
337	2.6
338	0.1
339	-3.8
340	-3
341	2.4
342	2.5
343	3.1
344	-0.1
345	2.4
346	2.1
347	-1.3
348	-1.8
349	-4.6
350	-7.1
351	-5.5
352	1.9
353	-2.6
354	-5.9
355	-7.6
356	-8.4
357	-1.4
358	1.8
359	1.5
360	0.9
361	-1.6
362	-3
363	-4.5
364	-4.9
365	-2.6
1	-1.1
2	-3
3	-1.5
4	0.6
5	-1.3
6	0.9
7	0.6
8	-0.1
9	0
10	-2.5
11	-3.5
12	-5.5
13	-2.6
14	-5.5
15	-6
16	-7.3
17	-2.3
18	-1.8
19	-6.6
20	-6.4
21	-4.6
22	-3.8
23	-4.3
24	-13.3
25	-14.6
26	-11
27	-6.3
28	-2.1
29	1.6
30	4.8
31	2
32	5.4
33	2.5
34	-1.6
35	0.1
36	4.1
37	5.5
38	1.5
39	4.3
40	-1.9
41	2.3
42	-3.3
43	-4
44	-1.4
45	-0.5
46	0.8
47	-4
48	-4.8
49	-2
50	-1.9
51	-6.6
52	-6.4
53	-4.6
54	-2.9
55	-0.3
56	0.9
57	0.3
58	1.4
59	7.8
60	0.3
61	-1.8
62	-3.6
63	-0.4
64	-3.8
65	-5.4
66	-1
67	1.1
68	3.5
69	3.6
70	3.5
71	2.5
72	1.1
73	1.9
74	3.1
75	-2.4
76	-1.8
77	0.3
78	0
79	-1
80	-0.5
81	1
82	2.6
83	6.9
84	3.9
85	3
86	0.6
87	-1.1
88	-0.1
89	-1.3
90	-1.9
91	0.9
92	-0.8
93	1.9
94	8
95	4.1
96	3.3
97	-2.8
98	-0.3
99	2.1
100	2.9
101	3.1
102	1.6
103	0.1
104	0.8
105	5.6
106	3.9
107	3.3
108	2.6
109	3.1
110	4.8
111	8
112	11
113	13.5
114	9.8
115	4.4
116	7.8
117	12.5
118	11.4
119	10.9
120	7.3
121	11.1
122	10.8
123	10.4
124	10.8
125	9.3
126	8.3
127	11
128	10.9
129	10.1
130	12.5
131	14.5
132	13.3
133	11
134	12.1
135	12.6
136	13.6
137	15.5
138	11.5
139	7.4
140	5.1
141	5.3
142	4.9
143	4.6
144	8
145	12.1
146	11.3
147	12.6
148	6.5
149	6.6
150	5.4
151	5.8
152	8.1
153	11.1
154	16.7
155	16.4
156	17.9
157	14.4
158	7.3
159	8.8
160	13
161	17.7
162	15.1
163	12.5
164	13.5
165	16.7
166	14.8
167	13.4
168	11.7
169	11.5
170	16.7
171	19.5
172	20.9
173	22.1
174	13.5
175	9.9
176	8.8
177	7.4
178	8.5
179	11.3
180	10.8
181	11.9
182	13.1
183	16.4
184	18.1
185	13.8
186	12.9
187	11.7
188	14.5
189	13.9
190	7.1
191	8.3
192	9.4
193	7.9
194	6.5
195	7
196	6.6
197	5.9
198	7.4
199	8.4
200	9.9
201	9.6
202	10.5
203	12
204	13.1
205	13
206	13.4
207	13.5
208	11.7
209	14.2
210	10.6
211	9.5
212	11.1
213	12.6
214	16.4
215	13.1
216	10.1
217	10.5
218	10.4
219	12.1
220	12.5
221	13.5
222	14.8
223	16
224	17.3
225	16.6
226	16.5
227	17
228	17.3
229	16.1
230	16.1
231	16.4
232	19.1
233	21.4
234	12.3
235	12.4
236	12.9
237	14.6
238	15.4
239	17.9
240	11.7
241	10.4
242	11.3
243	11.5
244	10.8
245	12.6
246	8.3
247	8
248	7.3
249	7.6
250	7
251	6.6
252	8.8
253	12
254	13.5
255	13.5
256	14
257	12.7
258	13.1
259	14
260	10
261	7.8
262	9.4
263	11.6
264	9
265	7.3
266	8.1
267	7.8
268	10.8
269	10.4
270	11.7
271	12.4
272	12.9
273	12.7
274	9.1
275	9
276	6.5
277	7.3
278	7.5
279	7.1
280	2.6
281	0.6
282	3.3
283	3.3
284	3.8
285	3.8
286	5.4
287	6.4
288	7.6
289	9.5
290	8.6
291	6.3
292	6
293	7.4
294	7.3
295	7.8
296	6.6
297	9.3
298	9.8
299	10.2
300	4.8
301	5.4
302	9.1
303	5.9
304	10
305	3.3
306	4.9
307	5.8
308	2.8
309	0.4
310	0.9
311	3
312	2.6
313	2.1
314	1.4
315	0.4
316	2
317	6
318	6.5
319	-0.3
320	-0.3
321	-0.9
322	-0.6
323	-1.9
324	2.4
325	0
326	0.6
327	3.5
328	3.4
329	-0.1
330	-1
331	0.8
332	1.1
333	5.9
334	3.3
335	5.3
336	3
337	4.5
338	2.9
339	5.3
340	1.5
341	5
342	4.9
343	5.1
344	3.6
345	4
346	7.3
347	9.5
348	4.5
349	2.3
350	-1.5
351	-2.4
352	-1.1
353	-1.1
354	1.6
355	-2.1
356	-3.3
357	-5.5
358	-2.6
359	-0.5
360	1.1
361	1.1
362	1.6
363	-4.9
364	-4.4
365	-5.6
366	-2.9
1	-1.5
2	0.9
3	-1.1
4	1.3
5	4.5
6	0.8
7	-0.3
8	-1
9	-3.4
10	1.4
11	1.5
12	-3
13	-6.6
14	-7
15	-8.8
16	-2.8
17	-2.8
18	-3
19	-1.8
20	-2.4
21	-4
22	2.5
23	2
24	3.1
25	0.5
26	-0.9
27	-1.5
28	-1.9
29	-2.4
30	-3.4
31	-3.9
32	-6.1
33	-4.3
34	-0.3
35	3.5
36	3.8
37	6.5
38	9.4
39	5
40	-1.1
41	-1.6
42	2.3
43	6.9
44	0.8
45	-0.6
46	0.8
47	1.9
48	-2.4
49	-3.3
50	-0.5
51	-2.1
52	-1.4
53	-1.1
54	-2.4
55	-7.4
56	-8.3
57	-9
58	-5.1
59	-2.5
60	-2.8
61	-2.6
62	-1.1
63	0.4
64	0
65	-1.5
66	2.4
67	2.9
68	1.4
69	4
70	6.8
71	5.1
72	1
73	0.1
74	3.5
75	5.5
76	3.8
77	4.1
78	-1.5
79	1.6
80	6
81	4
82	6.6
83	6.9
84	4
85	0.3
86	0.8
87	2.6
88	2
89	0.6
90	3.4
91	5.3
92	7.1
93	5
94	2.4
95	0.1
96	4.3
97	1.8
98	1.3
99	1.3
100	0.8
101	1.3
102	1.4
103	-1.6
104	-3.5
105	-1.8
106	-0.8
107	0.1
108	-1
109	-2.3
110	-2.4
111	-2.3
112	-1.3
113	1.4
114	4.5
115	3.3
116	2.3
117	5.4
118	6
119	7.4
120	9.9
121	9.8
122	12.3
123	9.5
124	9.3
125	5.9
126	2.8
127	4.6
128	7.1
129	10.5
130	10.4
131	12.3
132	11.9
133	13.8
134	11.1
135	7.8
136	9.5
137	6.5
138	4.4
139	6.9
140	10.8
141	12.5
142	10.8
143	13.1
144	12.6
145	11.4
146	13.5
147	16.4
148	15.5
149	17.5
150	15.1
151	12.4
152	7.9
153	6
154	2.1
155	4.6
156	12.6
157	7.6
158	8.8
159	7.8
160	8.1
161	7.3
162	4.4
163	10.5
164	12.4
165	11.9
166	12.1
167	10.2
168	8
169	6.1
170	7.6
171	9.6
172	13.4
173	9.9
174	11.7
175	14.4
176	15.6
177	17.9
178	16.3
179	11
180	13.6
181	15.9
182	13.5
183	15.1
184	14.9
185	15.8
186	17.3
187	21.1
188	12
189	10.9
190	12.5
191	15.5
192	11.9
193	10.9
194	11.5
195	12.7
196	8.5
197	8.5
198	10.6
199	9.9
200	10.4
201	8.4
202	12.3
203	15.9
204	14.1
205	13.5
206	14.6
207	16.4
208	15.5
209	14.8
210	16
211	16.7
212	17.4
213	17.6
214	19.4
215	14.2
216	12.7
217	11.4
218	11.6
219	12.6
220	12.6
221	11.1
222	8.4
223	8.4
224	10.9
225	13.6
226	17
227	20.1
228	16.7
229	15.8
230	15.6
231	15.9
232	13.9
233	14
234	13.5
235	15.8
236	16.5
237	17.6
238	17.9
239	16.1
240	13
241	12
242	12.4
243	9.1
244	7.4
245	9.6
246	11.3
247	8.1
248	5.1
249	5.8
250	7.1
251	7
252	1.6
253	2.1
254	2.8
255	5.5
256	5.3
257	4.5
258	4
259	3
260	2.4
261	3.3
262	4.4
263	6.1
264	4.1
265	4.3
266	5.1
267	5.8
268	6
269	5.8
270	7.4
271	8.1
272	10.5
273	9.3
274	12.5
275	15.4
276	12.5
277	6.5
278	9.5
279	11.7
280	9.6
281	7.3
282	7.9
283	8.4
284	7.6
285	9.6
286	11.3
287	12.3
288	12.1
289	10.8
290	10.4
291	8.9
292	10.2
293	11
294	7.5
295	5.9
296	7
297	6.8
298	6.8
299	7.5
300	8.3
301	9
302	10.1
303	9.9
304	8.4
305	-0.3
306	1
307	3.5
308	4.3
309	3
310	1.4
311	4.5
312	0.4
313	-4.1
314	-5
315	-0.4
316	1.1
317	0
318	-5.3
319	-1.1
320	1.6
321	-2.4
322	-0.9
323	-4.1
324	-2.1
325	-0.8
326	-1.5
327	-3.6
328	-2.6
329	1.6
330	2
331	1.4
332	-2.1
333	-1.6
334	3.5
335	4.6
336	3.6
337	2.6
338	2.1
339	2.8
340	0.1
341	-2.3
342	-2.6
343	-5.3
344	-5.8
345	-1.1
346	-1.3
347	-7.4
348	-11.3
349	-9.9
350	-7.8
351	-5.8
352	-4.6
353	-6.8
354	-10
355	-6.4
356	-4.5
357	-10.8
358	-10.5
359	-7.4
360	-8.8
361	-5.3
362	-2.1
363	-4.5
364	-5.5
365	-6.5
1	-9.4
2	-8
3	-7.3
4	-5
5	-5
6	-6.3
7	-2.8
8	-3.1
9	-2
10	-3
11	0.8
12	-0.4
13	-1.6
14	-6.8
15	-4.4
16	-1.5
17	-1.4
18	-1.8
19	0.5
20	1.6
21	2
22	0.1
23	2.9
24	2.9
25	1.4
26	6.5
27	5.9
28	7
29	2.5
30	10.8
31	5
32	3.8
33	6.3
34	6.1
35	4.4
36	7.3
37	1.6
38	0.1
39	2.9
40	5
41	1.9
42	5.5
43	6.6
44	6
45	1
46	-1.5
47	-0.9
48	0.4
49	0.1
50	-0.3
51	1.3
52	-5.6
53	-0.6
54	0.3
55	-1.8
56	2.8
57	5.4
58	2.5
59	1
60	1.8
61	0
62	-1
63	-0.8
64	0.9
65	3.1
66	3.9
67	4.4
68	6.1
69	1.9
70	4.6
71	6.9
72	7.8
73	5
74	5.8
75	6
76	7.1
77	7.4
78	7.6
79	7.9
80	6.9
81	3
82	-1
83	-2.4
84	-2.1
85	-1.1
86	-0.6
87	2.4
88	3.8
89	3
90	3.9
91	4.5
92	8.1
93	8.9
94	7.3
95	3.9
96	2.4
97	3
98	4
99	3.8
100	2.5
101	7.4
102	8
103	3.9
104	0.8
105	1
106	1.3
107	3.1
108	4.3
109	3.4
110	3.1
111	5.8
112	7.3
113	8.4
114	7.4
115	11.6
116	8.5
117	3.8
118	7.8
119	5.4
120	10.6
121	7.3
122	4.8
123	4.4
124	2.5
125	2.6
126	4.6
127	11.3
128	12.7
129	14.2
130	12.3
131	10.2
132	9.5
133	12.1
134	10.8
135	12.4
136	15.5
137	17.3
138	15.9
139	9.3
140	13.1
141	16
142	16.6
143	7.8
144	10.6
145	5.8
146	9.8
147	7
148	8.3
149	9.3
150	11.4
151	12.7
152	16.1
153	16.6
154	14
155	17.1
156	14
157	11.9
158	8.8
159	11.6
160	10.6
161	8.1
162	10.2
163	15.2
164	17.7
165	19.5
166	20.4
167	20.1
168	23
169	24.9
170	21.5
171	20.4
172	19.8
173	21.1
174	21.9
175	14.2
176	14.2
177	15.4
178	15.6
179	11
180	10.2
181	15
182	16.7
183	10.5
184	13.5
185	9.5
186	14.8
187	12.7
188	15
189	19.4
190	18.3
191	11.6
192	14.8
193	16.7
194	14.2
195	14.1
196	14.4
197	13.6
198	12.6
199	13.4
200	15.2
201	16.3
202	16.3
203	13
204	15.9
205	13.6
206	11.5
207	13.4
208	17.1
209	18.5
210	18.5
211	17.6
212	15.2
213	12.5
214	12.7
215	14.4
216	12.3
217	14.6
218	12.1
219	12.4
220	13.5
221	11.9
222	10.9
223	11.5
224	11.5
225	12.5
226	14.9
227	16.6
228	16.5
229	17.1
230	17.5
231	22
232	14.9
233	12.9
234	13
235	14.5
236	15.1
237	17.4
238	17.9
239	14.4
240	15.8
241	15.4
242	17
243	14.5
244	11.3
245	12.5
246	12.1
247	14.2
248	12.9
249	12.6
250	11.3
251	13.3
252	13.9
253	11
254	10
255	11.7
256	9.8
257	9.1
258	8.3
259	7.8
260	9.1
261	11.9
262	13.1
263	12.4
264	10.5
265	8.4
266	4.8
267	1.5
268	1.3
269	4.4
270	6.4
271	4.9
272	5.5
273	6.8
274	8.5
275	8.4
276	10.5
277	9.9
278	7.1
279	7.1
280	4.4
281	4
282	6
283	6.3
284	5.3
285	6.1
286	5.8
287	7
288	11.1
289	11.3
290	6
291	2
292	1.3
293	2.8
294	10.5
295	10
296	5.5
297	3.5
298	9.3
299	7.8
300	9.1
301	3.4
302	8.9
303	10.2
304	9.3
305	8.9
306	9
307	7.8
308	4
309	2.5
310	1.4
311	0.1
312	0.6
313	3.5
314	4.8
315	6
316	3.3
317	3.1
318	3.3
319	6.4
320	6
321	4.6
322	3.8
323	3.4
324	3.1
325	5.5
326	3.3
327	4.5
328	4.8
329	4.3
330	4.6
331	4.3
332	6.5
333	2.1
334	2.1
335	1
336	1.5
337	1
338	0.1
339	0
340	-0.9
341	-2
342	-3
343	-5.9
344	-4
345	-5.4
346	0.3
347	0.6
348	0
349	3.8
350	3.4
351	1.1
352	-2
353	-4.9
354	3.4
355	5.1
356	7.1
357	7.8
358	4.8
359	4.4
360	4.9
361	4.9
362	3.9
363	3.9
364	4.4
365	3.8
1	5.8
2	6.8
3	3.3
4	0.3
5	-5
6	-5.4
7	-8
8	-9.3
9	-9
10	-10.9
11	-9.1
12	-9.4
13	-4
14	0.9
15	2.1
16	-0.9
17	0.1
18	-0.1
19	1.6
20	2.5
21	1.9
22	1.3
23	0.5
24	-0.6
25	-1.6
26	0.6
27	3.4
28	1.1
29	-1.6
30	-4.4
31	-9.4
32	-8.6
33	-1.3
34	0.6
35	-3.5
36	-3.9
37	-5
38	-4
39	-2.8
40	-0.9
41	-3.1
42	-3.5
43	-8.3
44	-8.8
45	-8.8
46	-6.9
47	-6.5
48	-7.1
49	-6.9
50	-4.5
51	-2.6
52	-1
53	-2.9
54	0.5
55	-0.6
56	0.5
57	2.8
58	2.4
59	3
60	5.1
61	2.5
62	0.9
63	1.8
64	4.4
65	3.1
66	2.5
67	2.1
68	5.6
69	6.1
70	11.6
71	4
72	1.9
73	-0.3
74	-0.5
75	0.6
76	2.6
77	3
78	2.6
79	2.4
80	3.4
81	2.9
82	4.5
83	5.9
84	6.5
85	6.6
86	7.6
87	9
88	9.6
89	8.9
90	9.5
91	8.8
92	1.3
93	-0.4
94	0.5
95	3.8
96	0.9
97	-3.3
98	-0.4
99	-0.6
100	-2.3
101	0.8
102	2.3
103	7
104	10.2
105	11.9
106	12.4
107	11.6
108	9
109	3.8
110	9.5
111	10
112	8.3
113	8.3
114	10.1
115	13.1
116	9.6
117	9.1
118	14.9
119	12.3
120	11.1
121	9
122	8.9
123	8.1
124	14.1
125	17.4
126	16.6
127	17.9
128	16
129	13.1
130	12.3
131	12.7
132	12.5
133	5.6
134	3.8
135	6.3
136	11.1
137	10.4
138	11.9
139	11.6
140	6.8
141	6.1
142	9.6
143	14.8
144	18
145	8.5
146	10
147	13
148	15.9
149	16.7
150	16.3
151	18.6
152	17.7
153	16.6
154	17.1
155	20.7
156	20.3
157	17.4
158	18
159	21.4
160	19.5
161	22.4
162	23
163	22.5
164	22.2
165	21.9
166	19.9
167	20.4
168	19.8
169	15.5
170	18.5
171	17.6
172	16.7
173	19.4
174	24.6
175	20.5
176	20.8
177	18.5
178	18
179	17.6
180	20.3
181	21.9
182	11.5
183	13.6
184	12
185	10.8
186	12.6
187	15.4
188	16.3
189	16.9
190	17.4
191	17.9
192	18.8
193	18.8
194	18.8
195	20.4
196	22.8
197	19.4
198	15.2
199	18
200	21.1
201	24
202	20.8
203	21.6
204	19.1
205	14.6
206	18.3
207	20
208	16.5
209	14.8
210	15.5
211	17.4
212	15.2
213	18.5
214	21.3
215	23.1
216	24.2
217	24
218	24.5
219	24.4
220	22.4
221	22.8
222	24.2
223	22.1
224	24.5
225	22
226	20.1
227	18.1
228	21
229	21.3
230	18.6
231	18.8
232	17
233	18
234	19
235	17.6
236	19.2
237	18.8
238	18.1
239	18
240	19.9
241	15.4
242	12.6
243	9.4
244	8.6
245	8.4
246	9.5
247	11.6
248	14.6
249	14.2
250	14.9
251	12.1
252	11.7
253	10.9
254	10.2
255	10.6
256	11.1
257	11.1
258	11.7
259	13.3
260	14.4
261	15
262	16.3
263	17.6
264	17.6
265	17.3
266	9.6
267	7.3
268	10.4
269	13
270	12.4
271	11
272	6.5
273	8.8
274	11
275	15.8
276	12.1
277	7.9
278	3.6
279	5.3
280	3.3
281	4.4
282	8.8
283	8.3
284	7.9
285	8.1
286	7.9
287	5.4
288	5
289	4.1
290	4
291	3.6
292	5.5
293	5.3
294	1.6
295	2.1
296	-0.3
297	-2.5
298	-1.3
299	-0.8
300	-0.6
301	2.4
302	3.6
303	1.5
304	7
305	4.4
306	5.8
307	7.8
308	4.8
309	5.8
310	5.5
311	2.8
312	1.3
313	5.3
314	5.5
315	2.1
316	6.5
317	3.6
318	3.8
319	4.8
320	6.8
321	1.3
322	6.1
323	7.4
324	10
325	9
326	8.4
327	7.5
328	7.5
329	6.6
330	4.1
331	3.5
332	0.8
333	0.5
334	3.6
335	4.8
336	6.3
337	4.5
338	3.6
339	4.1
340	1
341	-3.9
342	-2
343	-0.3
344	0.5
345	3
346	3.8
347	6.8
348	2.5
349	-1.8
350	-2.5
351	-3.4
352	-3.1
353	2.3
354	1.3
355	1.8
356	-3.5
357	-6.4
358	-8.5
359	-3.1
360	4.1
361	3.6
362	1.6
363	-2.1
364	-2.4
365	-3.5
1	-3.5
2	-4.9
3	-8.4
4	-5.3
5	-1.5
6	1
7	2.1
8	1.4
9	2.6
10	2
11	6.3
12	4.1
13	5.5
14	1.3
15	-1.3
16	1.6
17	0
18	-2.8
19	-1.8
20	-2.5
21	-5.8
22	-4.8
23	-3.3
24	-0.9
25	-1.6
26	-3.5
27	-3.4
28	-4.5
29	-6
30	-3.3
31	4.5
