0.0414573029844548 -0.100875882507492
1.10226829861114 -0.690899228006426
0.579144223996329 -0.18357921511377
-0.475780092970581 0.31161095238695
0.367309119082615 -0.267811445226072
0.0272017491199347 -0.192815072580979
0.418189875432268 -0.0443139889435175
-0.0211057508136857 -0.0790234368287118
1.10261108376895 -0.149417228959445
1.46298722116531 -0.765016456640113
-0.56061266650907 0.223691649079109
-0.377903120843731 0.00110723433810164
-0.558073972901246 0.547121520849893
2.10817146022106 -0.203656070182952
2.05623420515337 -0.833258706706742
0.0059260362862011 -0.171526356080022
-1.04304928638479 0.761194035436823
0.917683877721135 -0.358994689306088
1.31483856450231 -0.571135602920654
0.000105251002596368 -0.0615255492284106
-1.75623431861087 0.251162896304692
0.640805568857178 -0.424780421502521
-0.380904045136016 0.0992536455605521
-0.278503368332834 0.0789601153901961
0.310868837591628 -0.123696621249834
1.30932452314882 -0.648079548461445
1.21383025446181 -0.716294301478813
0.338643951432397 -0.520572619234533
-0.116754063861681 0.00618386525416143
1.34742310749286 -0.872271007947975
0.0490866867062853 -0.018872093062301
0.422036959928649 -0.352474631206704
2.36687931909999 -0.881178989579451
-0.788530154019313 0.663222443176709
-0.537542710114492 0.270762833258373
-0.568072816668118 0.21496455274406
0.850247446484879 -0.278203978005002
0.0644720001300259 -0.274415798376997
0.46682088220769 -0.232135926166783
0.494913839575807 -0.309293887002141
-2.11932563692222 0.347476673854417
-2.14436263645622 0.352594163388525
-1.40542417638784 0.282532710160233
-0.909967327303506 0.798679691299708
0.392717264577975 -0.16623064530405
0.843332971978497 -0.799675483407431
-1.26493080612229 0.222036411111427
0.959820451430802 -0.349431702243564
-0.0752028377265305 0.00360642099287413
1.29931304021677 -0.155908876421216
-1.3999839143438 0.117209069919471
1.87582583492556 -0.250167607549081
0.397687329275309 -0.577491502001611
0.817582238665071 -0.0697120284181977
0.474739707685143 -0.622182453132239
1.67190160507056 -0.931368533767382
-1.58363840334789 0.206522220450579
-0.733661120077669 0.416385907726
-0.659178373803145 0.474205007669646
-0.93231370656249 0.00450120225751606
-0.422066105203371 0.512088059441094
0.464159928999234 -0.539327437491396
-1.28669154087307 0.154849920497751
3.23643931976545 -0.399119444927165
0.833129052877938 -0.208066814981827
-0.674985992553792 0.215590185317963
-0.554813509416248 0.304499694749016
-2.04945326164563 0.119437024228526
-1.66403657046085 0.0550634807127836
0.769163882722531 -0.655390328617599
-0.14202067094961 0.0655352200238104
-1.58173025858433 0.332590469596517
1.0385732662759 -0.47236530912072
-2.32324115212406 0.963449101657288
-1.66764456886891 0.915553332970633
1.37449108893938 -0.832642799436938
0.640341778349795 -0.163411528850499
2.12058695156927 -0.537207461888766
-0.267760113686017 0.0106157662078464
1.34667007769647 -0.64122244424816
0.0276690504640461 -0.204915070834643
-0.753195692069185 0.116849965625447
1.74053703257723 -0.56320490309225
0.663117735238952 -0.124397521877942
-0.417682177118083 0.318697867118319
1.88573787278131 -0.0635951071669878
2.74923799719289 -0.910631876790918
2.09694741047309 -0.661869301973875
0.865966275106883 -0.316348672923014
1.76970191836926 -1.02442762499404
1.0263975214458 -0.501937473995569
1.52345483419642 -0.793710314285034
-0.182229538494652 0.0186301181953701
0.119893463041853 -0.0648450061231879
0.861696294116758 -0.261040832247298
1.38776662962328 -0.0611333281487716
0.601031611667892 -0.43834490562937
-2.27371663183398 0.691885774234905
1.23260045063449 -0.0953681776256469
-0.331888915952974 0.387066326897231
-0.294122458306526 0.343535294664149
-2.68663566685189 0.477455034049792
-0.372143041308573 0.171005164949459
-1.73732760433424 0.237742246984102
1.18467235725674 -0.0916205129532856
-0.425917010783145 0.00123044117488647
-2.62132607941665 0.925170638587093
-0.961287483620936 0.49217646326357
1.8370318667161 -0.43523164239879
-2.22318499597368 0.768940667296589
-0.53902700841217 0.496403717333742
0.451842359620185 -0.272288563215911
1.07026356183422 -0.76672722384127
-0.440655293547181 0.0209603672275174
-0.0313640081214466 -0.0308849875274375
-1.40035608048835 0.15130586507565
2.45249748245908 -1.09124391743389
-1.19364596770624 0.107297281894794
-0.849097579950188 0.30761051690088
-1.64324717615463 0.520198448573592
-0.647599046363174 0.287803309912884
-0.621844279715866 0.0854110137697839
1.58675000809003 -0.440791699891738
-2.08229355717741 0.791707925061386
0.538986697025372 -0.497182097698413
1.00855609077421 -0.699295752152988
-1.72502152495866 0.829884609255688
-0.27299521044249 0.00585780758962754
1.0922766589787 -0.637434936688372
1.84421905758455 -1.03106684052037
-1.07805878611061 0.607179847962603
-2.01370086693149 0.647838718916161
-0.240557810322648 0.134595050334134
1.57603837088913 -0.395122004822772
0.764737926062827 -0.733881633074057
1.36084938282292 -0.264654806548608
0.436372751077926 -0.474131030674851
-2.03908341465065 0.818529107269293
-2.1583377719833 0.308692579580116
-1.36394211881315 0.149423360628708
0.287315068031852 -0.306274381200231
2.07910684689101 -0.830318592334938
-0.104179578011976 0.0555900192409197
0.240186593395962 -0.173028110150901
-0.527144936306931 0.293105669013839
0.839825629887096 -0.193766993853873
1.02296060334595 -0.816783364190796
-0.393745046699939 0.440960950267795
-1.40703952614178 0.872773265744051
-0.591929400557582 0.17132998415636
-1.69640114741371 0.433507028532223
-0.35097009361092 0.213959523072007
0.749618321555525 -0.477987015385113
-0.18478487164239 0.0436682573997082
0.403166175980114 -0.371679130195712
-0.830047580138267 0.298245621913074
0.663432779637182 -0.178476623975163
1.02353336453318 -0.733652048818444
0.34732140935835 -0.515766557543731
1.11252561815272 -0.568608029102744
-0.926120636462713 0.212638033117137
1.4499735466929 -0.541906797258141
1.69533246190358 -1.0002540733593
-0.809806452707127 0.354277969521157
-0.652426477312402 0.614559549913849
0.281623254197908 -0.485853039283372
-1.17722224434589 0.184845004210425
-1.62216536687174 0.439658064961995
-1.6437905704218 0.985786356388473
-1.32487934371217 0.290443989689536
-0.24439327035512 0.15706861834995
-0.113458286440404 0.043498358454398
1.29226659475975 -0.213494569660427
1.47760685079713 -0.117952232935682
0.505844697477027 -0.0686898124206079
-0.469689824458156 0.083372011253958
0.283848705892716 -0.534936441706083
-2.63985181615211 0.423166084300382
-1.60917132046671 0.0963693504693564
1.20944380032236 -0.837273989730569
0.0535884570258819 -0.0660331347486346
0.810017959842128 -0.476952820150276
0.130411722701786 -0.0827736703058469
1.27959638760976 -0.335645381339112
-0.480334814217732 0.254141024920135
-0.513407431993038 0.551697814787939
-0.51075063479213 0.0394390489341263
-0.312032969149646 0.346124163143684
-1.75152421734242 0.948655704401343
1.68115024017867 -0.449301690670733
-1.78557171148194 0.79871911220896
-0.348335187175393 0.336941677152987
-0.519637817886382 0.238717137850632
-0.839844546656841 0.134663858522918
0.954890736077008 -0.483970462908503
0.645085461554439 -0.220161868577702
-0.176007849918469 0.186908974076379
0.242796377542159 -0.316658453892197
1.39949185343107 -0.38173679043465
0.423155944373805 -0.49586724803805
-0.387297428820135 0.0604501023541429
1.27144015522682 -0.0721161685475545
-0.315998320719227 0.424284109184719
-0.0618048425341043 -0.00292114129858417
0.387788834344811 -0.285467321232568
0.126282329999992 -0.129218140071214
0.165776100938836 -0.164272573684482
0.345062739913267 -0.382683846807994
0.6243953251822 -0.601517477688494
0.34690061250062 -0.490695159670851
-2.32137685868948 1.03314835778029
-1.3847545825484 0.170515858123159
1.9799583822181 -0.501977971824568
-2.64525020879243 0.125272006287295
-0.840575759354599 0.0208793143286175
-0.499058969144932 0.369711970516052
0.439747842855683 -0.455597866061722
0.263274043048599 -0.221431521303296
0.384179913408298 -0.534316418132127
-0.456889641490526 0.0623631370225293
0.93241406507688 -0.807553647316655
0.0491680146630924 -0.150782126538244
-1.13706811892471 0.681151088603005
-1.70863989271991 0.581374981172365
-0.18834389638505 0.0134786491233474
0.8327480353752 -0.198737462340932
0.117427987734289 -0.301337518995707
0.545341938801966 -0.71191545344717
-0.827703423565186 0.576792981119463
-1.03980055286439 0.660768051999777
-0.10087874872042 0.0597256184989368
-0.966411494593334 0.787829024184792
-0.375854715203926 0.0839645114973821
-0.178715479185177 0.174890911210099
-0.628079824052388 0.401714203341457
2.09174582812506 -0.472527327504578
-0.681973028527757 0.588830209800647
-1.22682511630694 0.277662090681105
-1.92443944846847 0.107029408028452
-0.491831341548677 0.382951982192576
0.596237225435192 -0.0623224603280662
0.270859785069932 -0.337325362538428
-0.663848376979686 0.486822458008734
0.42188106368869 -0.30494306211193
1.13550369358594 -0.753886460065095
-0.136067814834449 0.0335246434535302
0.0431192239925971 -0.072217475309507
-0.334253294890089 0.372910942355551
-0.168759416202189 0.0253134086242443
2.59390261429247 -0.443417554021432
0.625892505809816 -0.542214704047035
1.2285951154757 -0.775013318001421
0.0843856607906902 -0.224613418925257
-1.9936744075213 0.630860146338313
-0.899490208246468 0.574368636436878
0.201324335393367 -0.399712761479116
1.38195594295246 -0.421349523609571
-1.3396787686899 0.0736705212795912
0.0121999859226851 -0.07404362144793
-1.49104653004367 0.294645547479784
-0.00491396940639119 -0.119011685631109
1.42373897844311 -0.977183059918068
1.35194597537405 -0.773279513027131
1.39928367464527 -0.772500233266164
1.04777811524686 -0.740706918182476
-1.13113721142062 0.612957575285113
1.75788550493363 -0.750740357183569
0.817428560536763 -0.66027204806907
-1.28445075769007 0.649346690989187
0.690046205777516 -0.0954989034471972
-1.3790879814033 0.384457980868621
0.527653554512096 -0.0859612090525612
-1.7909453491882 0.150562777672245
-0.328802381614284 0.19243681302914
-0.997364209441172 0.429379887298537
-2.01647153280868 0.290323650874586
1.13994554355065 -0.363476511524714
0.0401355623133026 -0.00870869022449185
2.89709790036003 -0.626293010818897
-0.89812119532403 0.470005235645801
2.1316260990011 -0.551364399636945
-1.70474721354664 0.0377120831651513
1.49226174188395 -0.424311600361372
1.17158547495507 -0.378737699120846
-2.96601844231427 1.01317756369839
0.403580313491854 -0.230167338119871
0.507547981328927 -0.303034653761052
0.707655291926586 -0.308236913575625
1.12393569641129 -0.39183065561391
-2.18395581203585 0.741266630794096
-1.53017775517662 0.629112584634016
-1.03062775908079 0.0322499519262557
0.301886311936315 -0.185307083388938
0.171364420935356 -0.108129391116504
2.13126080270443 -0.849476217201347
-0.259576363437248 0.0565588495728228
-0.788888750446452 0.241674872476285
0.479135260438948 -0.16715195217377
-0.398101685206971 0.341615881778269
1.51419536273062 -0.154284884188852
-0.380069425761302 0.287135506339271
0.594398580702099 -0.288752599373117
-0.277276574105407 0.250451508174176
0.918127386355103 -0.339111475614545
0.701396580070706 -0.728641787028373
-1.61240038587699 0.163549807845226
-2.65424103812423 0.940451491180972
0.149683393434817 -0.320130420785854
-0.143970014273337 0.000920553059727091
1.33238231070685 -0.975734369365259
-0.91469019941461 0.717375229013559
-0.246126694214938 0.322763659607253
0.424017236056091 -0.531475394977371
-0.830038029049496 0.130244589598883
0.39285190815659 -0.260855025045139
0.177062436164425 -0.0679136199415273
-0.969240591022886 0.367166443619832
1.40146018021336 -0.731894189289515
-0.648651954045687 0.425212493073155
1.27601148947199 -0.380206057416049
1.8058243900261 -0.116544687325795
1.31293712470237 -0.00183893408523488
-0.354964646157152 0.456307010604099
-2.18832354456536 0.149533167465514
0.891989393121002 -0.236487841532481
-2.5953779108302 0.996315550185311
-0.0935253782637254 0.0133120200017863
0.899364087434669 -0.632959359872012
2.43473222870861 -0.596221844065092
0.658955447691665 -0.361853435435548
-1.32785438606798 0.338985972554265
1.67012668237435 -0.49379002629636
-1.18700346869636 0.393304144191073
-0.0267359279654292 -0.0253414152417798
2.43369553839886 -0.598118352919045
-0.898832066867719 0.263467869492505
-2.74046706916401 0.153178106532447
0.0143714542821328 -0.0534902474178605
2.27026066212909 -0.774144714206508
-1.48458092244789 0.740367512554431
-0.750614329667308 0.65758352066244
1.66859102864161 -0.837580863039296
1.25227338097002 -0.297764310222391
1.48153343973782 -0.765243794914894
-2.02061377978184 0.843142759993163
0.0371236236029369 -0.044790487832111
-0.725139218111135 0.476151627098665
0.603138768902544 -0.45113523709648
0.942081952606609 -0.339531054599906
0.668526475570296 -0.478039554632371
2.75755735833267 -0.234585939828759
-0.954820089830287 0.353256365669645
1.66203609073989 -0.682263150925966
-0.329900997384272 0.304214328603523
-1.17921160745626 0.767232404548213
-0.277477253776603 0.297165432850826
1.34314675206755 -0.409359539388757
1.71692586960094 -0.518202204213081
-0.785935502865929 0.255099147640427
-3.01448122182543 0.113703543009591
-1.26290035203719 0.254221577060381
-9.41454742117742e-05 -0.134023352620182
-1.19499091777416 0.697809544720962
-0.5187492968683 0.574166882479184
-0.827226337240022 0.380952766854696
1.97924782972177 -0.74269221598135
-1.234387660509 0.46234119493403
-1.44650185427995 0.45482979854971
2.98036683317122 -0.41000338672576
-1.00688032248053 0.75043520849066
-2.41965996118262 0.982282200260677
-0.784381185445966 0.313105517245805
0.0972191908033562 -0.136868425678455
1.03805139468373 -0.110648825184707
1.4203540946859 -0.243353285651063
0.416841963685302 -0.00700849549699573
0.973494678924283 -0.446592359414619
0.357388866919392 -0.296590661753924
1.35542530744385 -0.451196648039644
2.11516278903353 -0.316418520028984
0.370432807376354 -0.374449088229727
0.146124369781951 -0.112805109392379
-0.720875351377338 0.482878584410504
-0.0301530114328517 -0.0533395893215798
-0.747098267170532 0.450746659239121
-1.37776087834278 0.32277014332439
-0.424048874892866 0.310180559577429
-1.51234861408857 0.715170311618697
2.05477282359802 -0.608090036377057
0.151009341390689 -0.395289326323231
1.71376046260028 -0.78391233500199
0.456832692953076 -0.0672290247052867
0.131031347493504 -0.346168994267523
-1.18528365650613 0.403781865541026
-0.958090145003155 0.78542221858845
0.829263331155187 -0.262241878249701
0.190821285429164 -0.110233742473761
1.21581331191272 -0.541589567898555
-0.0301924283318507 -0.0285266207215691
-0.930726421528383 0.356581546280396
-0.671487129855009 0.099122834342318
0.249103263341956 -0.201628192253241
2.51442872852784 -0.618996911446943
1.01139457184329 -0.0588759476433947
0.947462025766475 -0.412550964567306
-1.14822112852431 0.688349972158736
-0.062125043979237 -0.00720405454164125
-0.108874794370228 0.0874662503683523
-0.510404637089502 0.267945454647497
-1.45499723545061 0.279138895794687
0.469273011332008 -0.646322819460859
-0.399858088524571 0.499778029235947
0.583224900477929 -0.567798183313657
0.772992009481704 -0.261115028556179
-0.119373077398042 0.0986373512323448
-0.959577901997215 0.796793633288189
1.68886121577373 -0.276728704502318
-2.11887666113324 0.530370646797197
0.430105708463793 -0.594414555957867
-1.61921616764389 0.888363001594406
2.74462885539555 -1.00884239438701
1.38770430110005 -0.442556241429911
-0.838308993936169 0.645405581827923
1.25253046481912 -0.353808107942191
-1.47504660509787 0.0895706011251422
-0.880664737654392 0.168598588331202
1.65126632621038 -0.0077016122133135
0.207206793193832 -0.433420610479832
-0.436670780488707 0.32667696491518
1.78444337858234 -0.4860973557072
0.69511501712762 -0.54902994316085
-0.246620423186944 0.275451500687632
-0.526307713110237 0.23985200792682
-1.58544262582911 0.948533485993028
-0.367805842767738 0.0193209999123156
-2.98299882494608 0.434553771956628
-3.05556829055239 0.0675131430707711
-1.5853286834322 0.73172724370573
1.26297497296514 -0.60123377140315
0.761209756447915 -0.313808825549468
1.09233240794071 -0.669129979542641
0.742370074444919 -0.41067198148259
-0.248005995081343 0.324866355239234
-0.0871509212239659 0.0300419882296237
2.33494645707499 -0.588262881262005
1.3723847754606 -0.463930754664545
-0.469120522118454 0.327808439783981
-0.611961304288386 0.45018146208976
0.381178753106261 -0.583343717543017
-0.0551136756121982 -0.0252427251029645
-0.527590670623295 0.245256725119008
-1.40903686673432 0.392841151284324
-0.184885806094375 0.158771187709289
-1.16000189376915 0.747848504683818
-1.35903102508062 0.250069983127596
-0.244760590450599 0.230519261724727
-0.914305144010815 0.212874161853246
0.881459010423099 -0.199362333760783
0.554928329053676 -0.191738914057096
0.291413543443823 -0.104960606732681
1.81406018390245 -1.03249368917291
0.380036006704704 -0.615025671646665
1.46448170275823 -0.478656153561084
1.06820042680853 -0.849959871389163
0.476053509887887 -0.19086166889291
-0.442464469640794 0.509609515652017
-1.39999373099034 0.665230559807351
1.49855096819173 -0.934256126248085
-0.557905182438129 0.35430304066957
-1.11137912736775 0.275553835514628
-0.815748933473353 0.661313453658105
0.00894287794271553 -0.0834440300512256
1.56104438516529 -0.936613928489733
-0.228044340706693 0.307228557069038
0.138044444762244 -0.144055903209885
-0.322428017600291 0.261783552810103
2.67394378484235 -0.540000244695805
-2.47779409511291 0.0707310550024597
0.49024230457438 -0.424337763964762
2.31997326488447 -1.00204933208133
0.149056896246354 -0.176615451103748
-1.71419588623284 0.817717605790923
1.887500368476 -0.324819547428668
0.251790430940124 -0.235158384643133
1.13807519052144 -0.0500766356763102
-3.01705991833242 0.796262606072753
-1.12167856242486 0.366358510531928
2.31859879945175 -0.149850259969722
2.09001165003654 -0.181056822689901
-0.46955563700135 0.121058181156832
1.43601168055813 -0.964353489508039
0.240654698034577 -0.185943454928001
1.48832805279575 -0.216700297999137
3.11102613695375 -1.02423855930586
-0.518200015794714 0.0902868072700399
-1.44335028108443 0.309315707618022
0.235913016340202 -0.107515415553114
-1.00436551495674 0.588730496770691
0.990415461216483 -0.603804472953315
-1.75263179371723 0.568188841307741
0.040444251401367 -0.202163871124256
-0.723219683101322 0.489803914533975
-0.597204587196441 0.0195127422865032
-0.677234479491176 0.671291386003671
0.65911099242556 -0.251177797167315
-1.10114165381475 0.391399550904809
-1.44458004710096 0.647649072403351
-0.242912020186253 0.130610779518369
-0.469092139086478 0.55718113844032
-1.50603598720075 0.791700812108637
-1.18757781451575 0.530689883870885
-1.84626022887689 0.9283727421551
-1.71099333157201 0.0483471199444856
0.340700259094587 -0.487963947509195
1.01456343918948 -0.247661086809109
-0.753966300681021 0.0263565295338852
-1.29899100914872 0.525074241232321
1.28673534554804 -0.746135194988173
2.14608205951042 -0.362408837792248
-0.890089417829496 0.495275115306321
0.11812441952134 -0.347478340115792
-0.618729215067002 0.661815179654778
-1.05760361248921 0.0756791654986292
0.297304670151698 -0.0273090718505505
0.13489558638115 -0.261994451943491
-0.11582708510655 0.0581633824638465
-1.01825783445631 0.0669838706245085
0.17012591782081 -0.0854135567294428
0.193691159938647 -0.00594417065646247
-1.1442881024939 0.780674589305948
1.27299775487701 -0.436361890304303
2.05480269915141 -0.849194317703831
-1.70781948784472 0.242545789384956
-0.486291035421605 0.17201298399776
0.909690715119174 -0.501803436369997
0.243486712261435 -0.132784565323524
-0.727653676437704 0.000584371191433665
-1.32649181240458 0.707265769797116
-1.19453456691667 0.425470345992522
0.19741987569932 -0.052998102007561
1.02097637077634 -0.485923043788994
-2.7700068141544 0.50097537641713
-1.79648412299185 0.525617105465022
0.806747356357167 -0.425683589108363
1.82004768675094 -0.098732507426534
-1.37216135648282 0.546715715976472
0.0718910448367742 -0.283268006404621
-0.564150748751326 0.340341594792021
-0.668842019610248 0.368467002098595
-0.312044218543021 0.213412682506696
-2.11613880307474 0.0127871330585223
0.464078294589192 -0.276841319392857
0.244565287575584 -0.213915652418505
0.541346132189881 -0.627845681450495
0.824409589201804 -0.570035946862087
-0.667745701879094 0.144147958147475
1.92486238147813 -0.389893293877698
0.733161183845571 -0.669142362474261
0.649286064122395 -0.0438689368689843
0.479205428429696 -0.47565623608236
-0.226661819311481 0.26197746518389
-0.733706675769893 0.652744279220589
0.597298390392715 -0.233282069620702
-2.83957694909967 0.707696348543913
-1.64101179809785 0.62398925333506
0.924933400078284 -0.495538248004284
0.587029146292944 -0.305944946514471
-0.177529895584204 0.204155911824554
0.458251947482151 -0.669039139440797
-0.394456010154999 0.450715416199775
-1.49684182882502 0.151958792835688
-2.08504311587911 1.01681063544615
2.33908599716296 -0.411649197835753
-0.296059152714228 0.0366775073616666
0.165847028459522 -0.265090042716798
0.0623828119887463 -0.221774331329966
-4.36237272699112 0.207700781885002
-1.80082452363445 0.99424660416306
0.576692092050524 -0.0146481755833287
1.86849698214422 -0.388037444676363
1.76140050156569 -0.184525933600819
-0.668421266242716 0.445361973025358
-1.01896255483123 0.539926854944294
-0.174113397895263 0.199572779892108
-1.40769245266699 0.0541672329637225
1.09662291334029 -0.872928450265943
0.632606481079737 -0.16813299452451
1.68448294033704 -0.00581675066813883
0.662988250711157 -0.0725413319271176
-1.01403748679493 0.500120427325735
0.868949420159531 -0.638179511247761
-0.129037692874911 0.04726887096239
0.54888058890891 -0.111211986190622
0.0791380863615018 -0.199238317997269
-1.25573102004059 0.772200432069715
0.138447473095186 -0.259345598704889
0.886636019903833 -0.672687831992458
-1.64649469699902 0.803165025487147
-0.748399251977201 0.391112804723373
1.85608859481456 -0.795730363006837
-1.63809249546594 0.436299830676662
0.301420517453566 -0.369745718664374
0.991457553150738 -0.602154624689186
-1.95143977246845 0.512292231524692
1.11872950838384 -0.279855242331679
0.344884785113714 -0.22037958356606
0.149683546178502 -0.150739826930492
2.84736389581714 -0.0635867872193178
1.42932291596664 -0.613292807557722
1.02905995271048 -0.719769040554072
-1.94235577554818 0.932123945213362
0.223176313813742 -0.390977138601207
1.09973687340773 -0.728302991385534
0.796192146098239 -0.665602973116437
-0.130250708892725 0.10365054835477
-1.15498446901581 0.444185411017369
-1.117222745713 0.825385970644859
-0.778888897524754 0.227143908064213
0.0503511688176284 -0.22605923835493
1.31321302155758 -0.29871617857239
-0.626321782911365 0.530150405258561
0.881764162136406 -0.73558623674885
-0.366031295696351 0.435878838123264
1.08852624151791 -0.329103322641628
-1.29073681506826 0.296410689602203
-1.13217404357653 0.036156994216423
-1.29834961614838 0.251573608906583
0.821955735724224 -0.715542867762218
-0.691792078635417 0.468793713699558
1.8456117407125 -0.77354604572535
-0.462889588850225 0.140146168849304
-0.793194434497176 0.0600871573101338
-0.351847379899615 0.435342054497795
-1.10613074914767 0.805087973805216
2.20418542196495 -0.798575052929722
1.59213621944581 -0.402133030057372
-1.99914242331688 0.159504296530127
0.161581032714943 -0.33028078061948
-0.209191214501755 0.126608504370798
-0.663552828500295 0.373764848045403
0.880539961398489 -0.729148439049018
0.913480732789581 -0.0700267698702432
0.0781176167192951 -0.119432711834549
-0.688949325045889 0.635722610206204
-1.07885539983856 0.486241798253523
-0.296451016728882 0.0514756265264865
-1.69720136544744 0.0672945890048412
-0.678456592309297 0.532335922252704
-1.34418502291682 0.950270334766506
1.27534074615732 -0.427231401501097
-0.27453503553874 0.315247637819601
0.672273411098835 -0.368466468093979
-0.109416963240099 0.0818389807510209
1.54153951155157 -0.140850244820911
1.67644625748878 -0.273608344487824
-1.17171563234614 0.846716789200919
1.28913666093829 -0.421688207291826
2.56880942294596 -0.693885525852753
-1.11827472862855 0.364798258434261
-0.185635245426208 0.233383814503705
1.01891473772548 -0.311436950194928
1.00312385203319 -0.309404941170602
1.14316965384501 -0.481756639971953
1.16630576408021 -0.707240721823208
1.20624446264801 -0.80472690013676
-1.12673999244513 0.756142235608179
-0.819733788987356 0.0512463223495744
1.22310583492761 -0.10042769325258
0.109491451697984 -0.102095030343686
-1.90148292220624 0.683551651466834
0.400550857127531 -0.00433615354770762
0.41212818731351 -0.430856214387714
-0.871917490810102 0.287666454135573
0.292755085862319 -0.0477829483318783
1.19460102859612 -0.85945621818803
1.49779954774978 -0.479810450146461
0.517696722447296 -0.143152546185069
0.616278918924722 -0.740130902737101
0.0569621846046966 -0.085746783096355
-1.1946583788362 0.379043734877774
0.898590227930523 -0.53734660470343
-0.0894583824486303 0.0281958097187068
1.14143633508479 -0.541983145163991
-0.182542215078495 0.0464859428702996
0.980381991440614 -0.284688472956616
-1.12026835446925 0.202261361241402
0.981769581516624 -0.247625769651698
0.597184162027855 -0.567680579478275
1.53542257573627 -0.984555233821604
-2.01466339714369 0.243261133495574
0.66977097335076 -0.458808913451481
1.46448606308407 -0.541893189044291
0.377617005420192 -0.359925412690445
-0.451748634288866 0.0405224384254233
0.653878391255041 -0.346564184821546
-1.81448934133256 0.191401330209722
-0.28050525063388 0.304063656398039
-1.18122483940679 0.0428739924574881
1.81917602416075 -0.766681392273335
2.35258565756695 -0.904902106269349
-0.27292987978762 0.171786261543948
0.618823058397229 -0.451207743109091
-0.253096875278159 0.120374829055517
-0.38701422499336 0.321078743215214
0.85122331913779 -0.447006154650369
-0.442246854750334 0.476005602630106
-0.549272493474762 0.622327896356921
-0.612238944036638 0.0457700699667539
0.253629930703571 -0.0129694399346663
1.24029869209521 -0.0653603474345434
-0.0168157890679584 -0.116907180936882
0.924410055128267 -0.437006490521513
-2.07261481343838 0.906748849573836
0.449409134545162 -0.0622539049956278
0.415468355881106 -0.533148015061861
-1.18600303439382 0.240873089041714
-0.199365201180658 0.138148911667248
0.384131291882477 -0.188248476574485
-0.820291307908913 0.539219870719911
-0.730262735109029 0.500333439403548
1.52134276586471 -0.423888636924961
-1.30373638867766 0.0880162412146204
-1.37689689366405 0.803524495644722
-1.3120415838817 0.277458828492946
2.27788560055282 -0.388474725581468
3.15376109301253 -0.849012677527607
-1.59980379299886 0.555778152477644
-1.25360453876563 0.319410570362812
-0.78371345863589 0.160404076656956
-0.94231748437269 0.810071957569369
-0.157106332189308 0.0167562671264718
-1.18416177393282 0.862905648500048
-0.659504648500539 0.202890332332528
1.2321369776852 -0.459102534249865
1.88230111458137 -1.03888662597151
-0.33501889324319 0.23201629720166
-0.176777716241626 0.0799413992961737
2.13385240711557 -1.0866592593486
0.577894238357568 -0.245828614252278
0.0687868262111739 -0.147368550183515
-0.154569008560194 0.136004000742331
1.12497046933041 -0.519511073083738
0.922065999864053 -0.162816820493511
0.673639269587615 -0.203109238078277
-0.610615817363591 0.389935659473548
0.32846521813404 -0.505813085236692
-0.766588168274648 0.459309651231383
-0.945667089042437 0.287022215236085
1.7102322672544 -0.442281850291686
-1.92924960317995 0.627425605800138
-1.70885697045965 0.667922837890787
1.04896022367076 -0.246292500609721
0.413565413704398 -0.017821621115995
1.8257413934299 -0.862337951259936
0.799354624104639 -0.439041815836217
-1.67595119367586 0.604992194747107
0.454175517349494 -0.571242891341213
-1.87898566452127 0.00707306668646938
-0.267055237057095 0.323759640676992
-0.567007050767869 0.247938979027663
1.52625995081188 -0.402922330472961
-1.97489092912283 0.976072357360126
1.57452323193634 -0.939053587601586
0.133932987587795 -0.129712391770704
-1.7291673007602 0.279988843002967
-0.649898142814289 0.393965776284948
-2.09216933844528 0.0834746587683071
-1.27841288017956 0.719337173128746
-0.759340202123412 0.330714179170679
0.0118484098690344 -0.11716475262382
0.248919921486915 -0.424228167062387
-1.03163891821327 0.342349057243754
1.02099670956551 -0.0278041431718062
0.290846537916076 -0.521721912483909
-0.0782284713995038 0.00292642906569402
0.937505783726608 -0.621662033041669
0.184889518430786 -0.0252030074598065
1.60718953602452 -0.872375119228
0.269710324504951 -0.0914083447203245
-1.40468289514302 0.537042582966143
-0.755975510604978 0.672464169871848
0.964658785530074 -0.0674054724556203
-1.36674859907711 0.334841508179262
2.60435606294643 -0.991081714144385
0.576373458965011 -0.499213393390679
-1.32395112417807 0.140264811048002
0.313546500546518 -0.0218294340909419
0.532998664880337 -0.562992975414571
-0.158201311398815 0.140672485026607
-1.83861184728545 0.819759223683253
0.501856775059449 -0.0986545532011346
-2.13477102198959 0.330630445211173
-0.356098933636578 0.255702209510491
1.09966710785803 -0.588345765330056
-0.400732095809936 0.205355195656512
-0.965936598562418 0.213520067920399
3.1906946762335 -0.50392275442277
-1.69854782451724 0.321983295015573
1.98302997682653 -0.746976307013434
0.538325536986711 -0.250387234886652
1.70394104018378 -0.88595765413031
-3.52148567487179 0.648776080856826
2.05349678434838 -0.0200317200941042
0.372694176246465 -0.281224921573247
0.897918908227851 -0.13515842490567
-0.624149734810219 0.407729664132818
2.04559870380304 -0.618180538388725
0.605813248695394 -0.0186508407863885
1.12468721312377 -0.691151327416433
-1.40274418412131 0.0830273727594355
-0.791280217958626 0.172743989863976
0.481451293203874 -0.307229729424991
-0.464655194261072 0.348864442602873
0.759546362478992 -0.523107366723724
0.393305662753777 -0.516548863200994
0.298174461989625 -0.328291179270917
-1.28984516872605 0.560760052182187
-0.0703472430279407 -0.000842154991789592
-1.19168784821577 0.756820186365301
2.15963004679333 -0.748811113362586
-0.360066240280312 0.430412201702177
1.86524078201748 -0.840929379085661
-1.07906095249378 0.21662234941264
-0.0303387068380751 -0.0113637168089671
0.944697318985751 -0.607512676874301
-0.9090212885767 0.345085947732145
0.496014641947502 -0.29205773417879
1.46388775580222 -0.510517682250267
-2.71565061224206 0.627206060613853
-2.43942464479315 0.621946733622364
-1.31444538272891 0.512232194425078
0.814492346147976 -0.530322845095279
-2.64525916276857 0.671936125779796
0.746097575275578 -0.027178701926689
-0.552881910466068 0.613532101496074
-1.10429703796179 0.468443946969643
-0.533368231601152 0.0485520264670718
-0.771495283748398 0.762398976659739
-0.917675619650696 0.197083449745119
0.297126934626677 -0.334728800360161
-0.999805622810097 0.448930327195373
-0.0944745807136723 0.00223099945735347
-1.983367314688 0.37293611031681
1.44357825930405 -0.486286949924442
-0.290089972554727 0.381949669504261
-0.180507625818805 0.0673749311220576
1.60166835085989 -0.917069933585083
-2.14276614842955 0.0916394081806761
-1.5629203322374 0.159945866444674
0.117847008325306 -0.0246193477659535
-0.787025437611578 0.165368245908325
2.45565245916776 -0.627415485707416
-0.0328345447572885 -0.0313499570480558
0.670038867182635 -0.446406300195239
-0.99874192110908 0.578144228711726
-0.109690975285733 0.0669916203721534
2.54792047480885 -0.0491270022871629
-0.830446173699393 0.525293840566174
-1.09480216828148 0.814340465236993
0.719859674158548 -0.585434817023699
0.612112020452607 -0.744059465141497
1.66627353334387 -0.20221836890579
1.0066272554242 -0.726321440346167
-2.80884641549931 0.87003240128238
-1.23290879608439 0.157746595806333
1.3399093394079 -0.230504971532686
1.44661421644665 -0.863672862938783
-1.44852159901117 0.856467664166311
-0.665281664799388 0.256028854347642
0.429284507310041 -0.182236716269584
-0.316842337466607 0.00559915822649694
-1.16989185796667 0.731949179874644
-1.34248743096976 0.200481510915557
-2.421890084439 1.07365827828644
-1.38903960765943 0.60509364772376
-0.416116024339133 0.105005790344194
-0.388334044975167 0.278274702279905
-1.21883808315317 0.0207110997943445
0.325010994964722 -0.557532973583332
1.39493753224966 -0.599283303224941
0.642724039194872 -0.197379157519976
1.86915658218197 -0.408637078578029
0.283181766380228 -0.539879284547401
-1.07513670868562 0.322114682725923
-0.613477549591536 0.211461529958324
-0.370624097739306 0.302149054721551
-1.51781166252005 0.0741149705067431
-0.704435914791407 0.381578482400125
-0.595735265443215 0.371854349698422
1.44901327879515 -0.00467304791049488
-0.326196218680856 0.12678010634834
1.41893283369808 -0.537085336465931
-0.569082996759615 0.305243026446789
1.3025220536154 -0.733152913774165
-0.85572467548394 0.783661785577983
1.08764229980894 -0.327292477097293
0.0309584042635968 -0.0732263719786815
0.411445741017421 -0.243214010440086
1.79686957104239 -0.42228287837461
-1.86154626062578 0.135006040289234
0.0136263441243111 -0.182471740033789
0.481108896586227 -0.00337229207868832
1.36218714622205 -0.628564702522296
3.32631136240736 -0.687861750542165
1.88505526797482 -0.348636038858326
0.252151412888762 -0.0545431118427516
-1.25392964109876 0.180759245897149
-0.690760500758574 0.675584232824164
-1.00673663586663 0.18118387318443
0.965997151702422 -0.847956879232083
-0.37997262348749 0.375297349619216
2.09801873143763 -0.861907013454054
-1.39123973576478 0.940031260185146
-0.883499609350543 0.401769592938402
-1.66854636373273 0.647515921708842
-0.507386543033226 0.526559445766545
0.192247313006122 -0.282086367546268
0.525032667884053 -0.675935815508544
-1.04902264819167 0.0600670000368986
-1.46470530201649 0.972771270507747
0.595156390758938 -0.336407421616038
0.701004679829174 -0.0511330316762725
-0.176572211301078 0.153945643270532
-1.14727297975339 0.56969326411603
-0.919758581413517 0.193453241442369
-0.665648378445428 0.433537176283169
-0.235097929451862 0.020041009592182
-1.93306444956516 0.225719128919781
-0.796439032639602 0.0580740089214148
0.654398213608727 -0.0144058934892272
-0.0030956881330564 -0.10839034963965
0.848863517074387 -0.00453279355281131
2.78012814720639 -0.561051840680623
2.042138638083 -0.944096842653907
1.08422420477147 -0.348039911139217
0.065758819359541 -0.238395956165782
-2.10975658867332 0.348148481761105
0.103435512691769 -0.257529799082928
-1.55094040289836 0.0659210400725824
1.50623364805837 -0.895936239242139
-0.691820139922346 0.639520099530231
-0.946369621263488 0.420869636413071
1.10070128381237 -0.850635989661546
-0.282943525048432 0.0399528528569503
1.46409459619662 -0.139824058472995
-0.00452747889917649 -0.00600626588566296
-1.21660921004089 0.253474452691751
1.10378808578048 -0.373297586207675
0.58090128276747 -0.371233122547729
1.3384783246348 -0.974571783259623
-0.0427866328600946 -0.0548673449427318
-0.11873625957139 0.0566522827944205
-0.129215946898042 0.0580835621979832
0.638865052963666 -0.265760045540853
-1.32427900806262 0.441881797067903
1.00859870012344 -0.849552441186559
0.0424213893848319 -0.177301902757251
-0.111869031265444 0.020942148104231
1.66934105886919 -0.97792721020325
-0.941875419548977 0.157807761845873
0.750369160164196 -0.653289810667819
1.52093301946956 -0.252307093280121
-1.06562565613018 0.16422493989709
0.739430440390345 -0.0208063931533235
-1.8412679968002 0.749155665453697
-0.982090885921601 0.437252274623172
-0.896085472999366 0.034110547117322
-0.82842623775931 0.236461017406122
0.595182804756658 -0.698448269580494
-0.192265887257745 0.00440558025070527
-0.829244820646559 0.71236432546962
-0.291673108726716 0.341831470560731
0.230469549303182 -0.335231181431393
0.24380216420858 -0.395567987586066
-0.712875396325968 0.101851123233946
0.483081686860537 -0.0303425010700646
0.414393274467159 -0.201602304842437
0.918498301391875 -0.827807754698357
0.239979927188521 -0.0680877653319357
0.829858777154385 -0.0678540294908774
0.354143355338067 -0.39305269449648
1.3459879529705 -0.271173801276835
-1.39756548275438 0.957608282974621
1.35307914020063 -0.81575591888046
0.148491589664082 -0.174361967272113
-1.84450541468537 0.834316569330488
1.89178521232488 -0.978199059607621
1.04520234597652 -0.724239106715965
3.28849804465866 -0.976623660248838
-0.231078572556191 0.296778612662845
-0.62831478031154 0.011720470638743
0.578180683498347 -0.476959687999718
0.182815791863837 -0.0191746057680424
-0.996641168895487 0.00385352491853076
-0.965630978377959 0.243855790518317
-1.77371178160164 0.862256295075422
0.39827312138155 -0.427048632555934
1.20584156746366 -0.293824862056697
-1.34530682430269 0.415840941954009
-1.14654181996743 0.191862865736247
0.144373060718855 -0.180776855964912
2.19517964921605 -1.01391528822881
2.50552202960762 -0.1952988167512
-0.125434334187082 0.0593317860385895
-0.759269134864781 0.537144722099783
1.91760930424993 -0.214901529865841
1.48316433053117 -0.0534577038882266
-1.39497567681386 0.0282750233945745
-2.46224387565071 0.500005558325154
-1.07917125322312 0.61271724580505
-1.57163999985954 0.520921918405745
0.818396806117303 -0.800492318554381
-1.40176431848938 0.471296304746183
0.695010832136217 -0.0217144401949152
-0.947403744619494 0.506718206829215
-0.847405298728962 0.54723846524352
-0.936566218515085 0.464421274516037
1.35652867232343 -0.756011135226909
1.83097974714788 -0.910779603701243
-0.654634536523947 0.204891230624258
3.09421300536525 -0.550148203925228
0.921230326269046 -0.26119990951334
0.65515619501649 -0.659256595790458
0.638709932456596 -0.0392077625156979
