-1.68490026383035 0.40962270210523
-0.128225081077329 0.348346396383636
1.50151953261905 -0.319474027871584
0.351817307217943 0.655642904552271
-0.262712487632476 0.481505739050339
1.02787709437857 0.0895609867196954
0.122924668522491 0.658426420880765
0.470632987616931 0.419899014062199
0.581527869043905 0.149505198866044
-0.203450885615868 0.08767050731844
-2.60842539250105 0.664336095537383
0.15619088550166 0.357458805583159
0.17271292204593 0.106364570893545
-0.655245114272898 0.0679931149285118
-0.42359411891601 0.464453513596277
0.0982220494011468 0.685570134306745
0.336252348124845 0.0951104246294122
-0.681340281296671 0.539173607298182
-3.5763115813832 0.158805434372739
1.95296555222977 -0.636975838125835
-0.0256910223756424 0.314185327074974
1.5231746176586 -0.184997737020903
-0.226649521321891 0.109805776957749
1.30659873633638 -0.293906052313344
1.03316583634244 0.019862866592711
-0.347689787457935 0.827410894630975
2.72957696666663 -0.217409822011489
-0.323451728335637 0.32136716990937
-0.799282775190128 0.152669724999674
0.166164835804659 0.388510307687649
0.271753143430624 0.464665449020764
1.24288338769022 -0.182155359349405
1.11014589874339 -0.00404927489834001
-0.205965601998793 0.334129350986115
0.548292025406128 0.248701557285612
0.147459810823122 0.338883848790445
-1.06871288050463 0.652716840941959
0.737056958041882 0.257802981148268
-0.0801564858810957 0.508096888912549
-1.87076324612685 0.900868656662598
-0.86484715767817 0.798999809163476
-0.272843055364542 0.394034887971846
0.329998539232842 0.451239428978978
1.48296088572416 -0.444113737486023
-0.418155119797787 0.377385633874836
0.110000743023674 0.410579579529975
-1.72426821754886 0.0870266221155022
-1.60994928568768 0.181995560267851
-1.69639863536517 0.159469701407997
-0.915262376530164 0.634434286909536
-0.576648195282118 0.616804506013502
-0.316088971194885 0.301022045415613
0.782268110944799 0.397002420805048
1.67402929874673 -0.482737914182282
-1.65630513313946 0.776079550659584
-0.533867261334681 0.496414100363748
1.95172470968374 -0.111641473009129
-0.187250743203974 0.145567069885088
0.965353814064357 0.0302814656727616
0.33668225443039 0.691345650171477
0.701336134316658 0.3534799261483
0.643855512901863 0.417546730257559
-1.33727037298945 0.716013775349601
0.238176322452287 0.543800143699141
-0.829809708339409 0.223948818764997
-1.63280296402188 0.496600541271002
-1.51884554915735 0.961611073552976
0.850336059678396 0.187857814141798
1.17981816640245 -0.144026536475557
-1.28067931335145 0.932832992570046
-2.50212946234569 0.0295135955290747
-0.98757368301218 0.326085330676695
-0.350874451957454 0.861647932923257
-1.54347289623983 0.941315231281699
3.25195062124588 -0.249795886739422
0.410201427212691 0.39197554992737
0.775072936056052 0.0265351465699294
-0.632187737114606 0.74109603466689
0.547905654145663 0.127325702757834
0.337923028422151 0.0342420716085588
-0.699908781585136 0.737681529478133
-1.57674389327481 0.788383448546237
1.14235418249609 -0.105598026518041
0.810135702653389 0.0666833864516073
0.631270498730723 0.122135836876747
0.494144111612202 0.0608700723889453
-0.904761017722487 0.806181283717468
0.204406818968399 0.660906697950878
2.27516201531022 -0.13031091044539
0.832252206448976 0.233985602370518
1.3592344113307 -0.299656554047106
0.386113014947829 0.0267041847033613
-0.108965409186085 0.369464052905517
0.500238440524407 0.563148274748878
-1.40574825794293 0.969794324908865
1.97803308535294 -0.658626052079187
1.51269117056829 -0.441215994505619
1.04644282535451 0.0265481867261376
0.531473277539375 0.0125896611792017
-0.399390868142026 0.801450042847719
0.821095123568588 0.142951587602718
-0.670520434169008 0.782081842876251
-1.40222236973414 0.0778961727350354
-0.586546075916717 0.385029145355968
1.38207698492104 -0.0216593003324804
0.199615499253901 0.556871449424681
1.4197462027439 -0.181791295397888
-1.40113485607001 0.425060412722012
-1.01312645246844 0.779017775638562
-1.42791812160848 0.100272812916134
-1.26100195128464 0.862481682200336
-0.441426703209562 0.636650464330933
-1.01961051792423 0.0317356684052791
-0.961335325594741 0.490158240720762
1.59175747518138 -0.548747830932693
-0.824824583709956 0.536276870475394
-1.45214382241806 0.507947186973653
-1.44867450452485 0.884984110426135
0.544053133465791 0.573152832897494
-1.0516123165452 0.925803666039422
0.689207937833414 0.341034551754303
-1.4963318934201 0.441067295346144
0.0127741021649896 0.528407945298838
0.00498473892939132 0.306614920663067
0.610396741581112 0.370275673271704
1.31289508071613 -0.0918151267068942
0.803706670169953 0.333244536664962
-0.0885943733159845 0.0893668200077568
0.265164114655425 0.284935993020824
2.47536297641289 -0.332820308711888
0.994794980786558 0.160915785798645
-0.223813570475497 0.377305411865755
0.199211665208587 0.121746501758104
-0.554705990820507 0.631978117127393
0.703963825353316 0.0844711560604967
0.122484179549671 0.157455561999938
1.31093288705165 -0.111670293093255
-1.17003265678546 0.286114692479688
0.125988277098298 0.051956694774708
0.0600021356053702 0.605508661453891
-1.19071016155883 0.651791455560454
-0.289029835175059 0.532417471371543
-1.41699076805744 0.734084243143396
1.8832670344779 -0.189208696925685
-1.81054483267084 0.790425011385683
1.68630122739303 -0.141693127392601
-1.76088439493026 0.360088335229395
-1.03203209348406 0.160833987974093
-0.0289452215600271 0.451620704640474
1.00696504229681 0.133779306179816
-1.11306961208135 0.239292586160822
-1.53206643301428 0.128280888941756
-0.0460124312897503 0.79165150234557
-0.646647719486559 0.350404688341405
3.3137173850666 -0.0168123373160123
0.574608049254543 0.104954476721443
0.737133892308187 0.454148644905059
2.49754354444867 -0.757523975019934
3.61853665516471 -0.37815475501678
2.39521721508619 -0.681620026450905
-1.57173290582349 0.0878570797325522
0.67884063006686 0.0249701894956424
1.03054023524207 0.0439019910564555
0.818878529595573 0.117566443619144
-1.93771640472595 0.0141281678165015
-0.192838386435738 0.0940332156754336
-3.73028685410465 1.02331512111507
-1.46624137214055 0.710191169579678
-0.395524902875779 0.366040024422405
0.154424615703489 0.757801350389594
0.702509979431224 0.121105564813847
0.349831612292674 0.548525699676777
-0.824424042908811 0.162822924284954
-2.55724151908251 0.431505153717894
0.775819904016012 0.4064877998545
-1.01349908513415 0.524593083830917
1.2321142519529 -0.119861711375516
-0.729056903634914 0.286903325592708
-2.07169914320675 0.75678142566252
1.80278824180114 -0.398787738857939
-1.72931049953334 0.601219792059
1.25213909267648 -0.252047897978582
1.7237852531124 -0.476903772523193
-1.74868996600108 0.245703209033253
-1.40555758038497 0.0813309885562317
0.283830240480024 0.0937124496097476
0.285875688727767 0.714269296365361
0.911666283980551 0.268848403381384
-0.0052100956060171 0.593494155578324
-0.878122984228814 0.554871171483212
-1.80917808678822 0.249576648091966
0.879866160618352 0.19383907003544
-0.0392243587366373 0.239852402465469
0.374762437472841 0.0413331458782666
2.60939659562977 -0.710341316890473
1.00303925721942 0.0158871091327771
0.368387841328386 0.184627599391996
0.496475058575844 0.359675284393758
0.90825115802489 0.0374925604002456
2.0652281242634 -0.0055108696079287
1.08715338737208 -0.0173867714732255
0.397698296176192 0.340257206141558
2.46886271155601 -0.0750798368520235
-0.692465708590569 0.272974851234358
0.369454318143968 0.251554630110172
0.114808466092655 0.471828167925303
-1.77970723424595 0.817620430822458
0.532183304182805 0.16056456498296
-0.0348367052100217 0.667828069774988
0.415006958867159 0.587703335137385
-0.429033588875333 0.80682666543827
-0.170478402576048 0.0150537456686579
0.104445427227372 0.545590570281867
0.208486990358024 0.362012247508799
2.1848435431231 -0.311923444847257
0.886759269702773 0.0347559326272139
0.593300852866558 0.364043638498929
-0.993341439374374 0.604156861407252
-0.603587458113825 0.769631480653611
-0.346509669384998 0.0862035627485294
-0.86353934361644 0.0346509988678907
-0.125169690887289 0.720801882025838
-0.0648140642943898 0.735666637264785
0.177140672487266 0.546306121663766
0.297449164627158 0.319541456715949
0.107073844504759 0.570514808408765
0.766874139331749 0.0563154551803254
1.34356111175841 -0.368796843074901
1.52453837564861 -0.504698158009149
-1.27707176751898 0.0778459817801217
-0.172065175666186 0.747832589576547
0.976558965780584 0.168496846006894
-0.69451252053701 0.267680527443767
-1.38561485037787 0.00600195480421514
1.29956244383795 -0.28592434631354
2.9207821294765 -0.26506998111211
-1.14523047935224 0.766330348774438
-2.14463676721536 0.552441592086138
-2.9695612290666 0.254379451306107
-1.20450176824985 0.329051342308431
0.588902522655034 0.452237117920438
-0.121624659158682 0.560277811960189
0.745708964669312 0.402852922487072
0.624250204986528 0.349517748504945
1.67073117639237 -0.505220305846974
0.144510440557409 0.474147001130578
2.18220208530477 -0.31649059034614
0.313145811047439 0.1948034651805
-0.453495556372257 0.0507881393075326
-0.432333646985764 0.667399007862787
1.44237749164128 -0.210092354269182
-0.680493319097756 0.154111401149484
-1.42107706594251 0.457235105963926
0.362311957161989 0.309472327375136
0.927726671817955 0.196374091781155
-0.534685448560613 0.772575294306458
-0.245477254720597 0.277754792469361
0.0141524084607124 0.744386740560611
0.365658012432783 0.0143197176812591
-1.88786675290357 0.482783909163878
0.102255070141165 0.313921757768935
-1.46268172591061 0.497994660085002
0.791368768063911 0.337502877023035
-0.950181260288073 0.0128854440198411
-0.283059200451434 0.500481807737093
-1.03506079486334 0.568424183800285
-1.40880958297548 0.900101707899372
0.140384875794524 0.468946451436008
0.0652382123648166 0.0410458887640912
1.6061836609926 -0.384282558413115
1.15529388972382 -0.115427785006111
-0.760263387214375 0.452430989933906
0.485606011797343 0.0261271618030326
1.14124066478468 -0.0837344540580074
0.968366134469345 0.109491531772783
0.380660927371955 0.302158903144255
0.620878978393133 0.328311996790936
0.623411696580333 0.498202396398038
1.03167062843683 0.0011868221977738
-1.91662745156323 0.347865701645005
-1.9225153743069 0.905923037783176
-0.247532216957339 0.0648589153732269
-2.79428943936499 0.857047423233058
1.99209665968572 -0.115129926788046
0.405405376257018 0.410919305930702
0.933262996627027 0.235478034601764
-1.12852387610599 0.657670122164812
1.18666844371569 -0.173372506054097
0.397124085203583 0.384635607768948
0.369062867108276 0.276871543209638
-0.796984601219491 0.789223938642429
-2.09306441172458 0.656035740353793
1.00376205404398 0.0517482436898026
-0.282197643235198 0.303826364084878
1.0497524749723 0.0111704009381541
-2.62053353225706 0.190651126412994
-0.22488390696073 0.841704814039171
0.301825000507929 0.0805207470293348
0.72450409407947 0.249951478229113
-1.04137315549116 0.762362642894624
1.31720723605595 -0.188838859200468
1.06824064700976 0.0134385912350584
-0.10696031037288 0.566149680418597
-1.05428618275275 0.248155729925
-0.262812333165998 0.472739063047477
-0.0132690975244486 0.210803432225014
-0.590433093649993 0.606688454413956
1.96680374000722 -0.416333919147386
0.355861506670896 0.49834828349729
-0.708228408214567 0.767163498872847
0.127667874352141 0.706999878394287
0.598011646823306 0.0195131559230951
-2.24249370431298 0.450312042149769
-0.17628224011489 0.584247863171428
-1.07766851928207 0.682575750052562
-3.79339695192195 0.682850600739175
0.208629956617501 0.362379233342132
-0.716447131164781 0.117820584796531
-0.0720365958992889 0.317723865607185
1.86112072927401 -0.458138166309099
-0.323528589853872 0.789353204895889
0.888767012988896 0.0865957051010241
-0.597234951417486 0.335055372399745
1.87574928189537 -0.506399529814232
-0.0697449031136187 0.665319955942144
-2.1869065759676 0.0851138120879388
2.18659366200876 -0.500228882905808
-2.04684838457794 0.676704021313157
-0.52883600012857 0.77970732908791
0.798354125036928 0.250741648278663
-1.52401274373351 0.229943130302643
0.93905243934799 0.211594681498492
-0.108918915965219 0.721431335731423
1.69344178755281 -0.431067221278879
-1.27568723081548 0.038967560074894
-1.05942780791908 0.174834534062297
1.79506823525545 -0.273382198831893
-1.06541875587036 0.453577749657699
-1.3318641694577 0.638469205846705
1.59959811959641 -0.299102588861173
-0.128151748528486 0.0156789778902019
1.25105037883813 -0.114380881464933
-1.12200003772248 0.431168566778316
0.102161684507331 0.608765035697055
-1.07084967706144 0.559463925223172
-1.09366849526038 0.450576238764641
-2.93843520542318 0.420491041117027
3.36783211750804 -0.130757588671841
-1.57678323290284 0.411507424966188
0.271269516680477 0.184797195845063
0.21300722924188 0.533130480046573
1.60413523811028 -0.458945855204544
-0.465862348472572 0.8212675272751
1.49725444470091 -0.0828003925826809
-0.0351778345708021 0.479949545603308
0.71373544874494 0.161411215891272
-1.13228273472142 0.357087243863614
-0.695516947306686 0.567003761733352
-1.72079441816719 0.771143917603916
0.523546614967463 0.430800084774841
-1.6605003614456 0.459279187851072
-0.699596104577819 0.603888594891448
-2.0912536899191 0.468349768519962
0.797924570526856 0.326414155435482
-1.24493832709235 0.28548454412655
1.63673992977158 -0.215052436828452
0.466183805104006 0.0885695147935287
-2.14779860999523 0.402882643439353
-0.745737037870125 0.813006082941612
-2.03511472939683 0.358664277089468
-1.13140324518607 0.331704883391041
-0.390235349727088 0.817777430858617
0.561450441539862 0.243660542851537
1.70128384544715 -0.532912783602899
0.185468408809689 0.0201242126289543
-0.972829093695214 0.52284508533182
0.216891905047222 0.378607828871106
-0.130542047230832 0.105051591526764
-0.988990336124478 0.946692142282094
-1.20315201656725 0.164165090552935
-0.391176264965027 0.198791050699518
-1.73406947176697 0.469701621788131
0.256502940944691 0.298966644102866
1.60088899365294 -0.359724615759231
-1.14456906279917 0.0712633726134123
-1.19187305915297 0.836712492023536
0.186923711905258 0.204533804103939
-0.154849312984827 0.208790230060554
-0.559487126206572 0.129271886951593
1.12539832778559 -0.0381312431031753
-1.04781897713556 0.664796512928001
1.17618589710356 -0.14459819685811
-0.475867787996136 0.00989614339769068
1.18249207607167 -0.157260321024578
0.381935581862399 0.580906674862166
1.0960576648982 -0.00855485826427472
0.234082959618869 0.111957897580115
-1.03774042374928 0.666460111666247
1.70501918112155 -0.168285413072775
-2.81815974347599 0.754619870787188
0.983181257408664 0.0445667576515725
-1.93073055129853 0.144342571941444
2.6843373530691 -0.63762078262282
-0.37480319115821 0.266210154185663
0.772964547046396 0.225565259031981
-0.365028313439322 2.00416684381584e-05
0.166620284694219 0.425666524783274
0.221060714571009 0.0105668390959968
-1.18970927471923 0.373581208557415
0.620397748012928 0.420663218614528
0.203116902044376 0.522625689657442
0.754963865124156 0.0640185912954172
-1.45812400246649 0.944192791433349
-0.76420644790628 0.185973567771923
-1.39375584797589 0.487353376191801
0.398282712438629 0.216100736733234
-0.0917874660564788 0.440714257268682
-1.2033158107316 0.691863482336484
-0.0407830494140469 0.307476953227553
-0.243200941719562 0.23839997746808
-2.11569937926496 0.449909515121138
-0.231975887500421 0.810689042898488
-0.0475935860131985 0.776695631865228
-0.732667893817907 0.0705901750923607
-0.0226573384376843 0.288700377123313
0.804610931683459 0.25003954479892
-2.60488832088427 0.600501668981209
0.377394252600174 0.611122832201218
-0.188611593995985 0.702485988241997
-2.11895839686309 0.910468317260646
3.92518216656312 -0.380641163960281
0.291215248008742 0.586410746165135
0.65277018691619 0.0580258258362024
-0.0666874051053061 0.330679287136837
-0.623013869622141 0.823296495198627
2.79585845828979 -0.33901452959088
-0.653311771039016 0.0374937806505116
-0.0826468965682063 0.150973660449073
2.60979497223729 -0.140558750848392
1.68101393195828 -0.54944793442762
-1.00142611341829 0.0574562584899352
-0.31577555856252 0.0205360074808286
-1.2919010878475 0.0812664064205197
2.55809066682376 -0.671592282045589
0.35435428897522 0.0811706268530374
-0.112498271384163 0.126774881256349
3.35195525951518 -0.835872395346187
-1.01680886825094 0.376923465081807
0.104866275742286 0.319457670902749
0.362786530057601 0.600155359215517
0.608037398285765 0.111904285141748
0.989552544811223 0.0320209119864246
-2.05742779213383 0.0280306102588868
-1.23909971916387 0.311663073329912
-0.862504928312868 0.0273737074916742
1.56164378999174 -0.12578752444255
2.56042618983808 -0.758548856358458
0.722274506510335 0.413656294087591
0.498584704650866 0.370604569670516
1.2877851283391 -0.315136539469421
2.44936491397649 -0.162648283055162
-0.373419078218888 0.709006648451259
0.604500040515639 0.274377185609162
1.32511646027589 -0.270003755242707
0.41826878102105 0.161332607688019
0.412275361625167 0.0776577795651876
1.76371049395585 -0.633112396876966
1.44495746458471 -0.187737270894658
0.774372105576987 0.35050819511624
2.08072393276136 -0.755536695430315
0.951034812750929 0.201763938201338
0.431283261902558 0.42854637135576
-0.507463670684164 0.121258480443891
0.563070491625237 0.439912639017747
1.21991255400754 -0.101871681199908
-1.78431179796843 0.473283731870436
-0.10958700193325 0.814164312109206
0.724602640266068 0.259632552292731
0.0247997029321316 0.431234602621776
1.97924406945323 -0.547605860538652
1.10352979616504 -0.0358236373254647
-0.0655830627770121 0.169144741617573
-0.989962982851746 0.339756798947302
1.66260529244958 -0.463969019000606
-0.0835047984997138 0.761776013643888
-1.44813785925182 0.74090122037558
-0.541754623830392 0.257240828724765
-0.241732335734877 0.480715731948185
1.29673033165702 -0.0304199109246952
-1.51605951021089 0.327024596037304
-2.55679247347961 0.787366514403648
-1.29283810207656 0.022075451458252
1.61372246214831 -0.27020251826638
1.66946746090841 -0.523518188373843
0.461497054232293 0.102125027300436
1.5405392954493 -0.358199212189293
-0.678977995868931 0.783727949356186
0.0894462670662231 0.0381520482007052
-0.226172578827593 0.0615312827245926
-1.97980377751038 0.666615666429798
-1.63646489768568 0.36656010162555
0.0792028402090129 0.651076344641897
0.168386779214678 0.226855761059368
-1.02958457439756 0.942108332297605
1.47250839207034 -0.483858094102155
0.151227224399811 0.304705722395587
-1.7108787184983 0.820019965158583
-0.689235228510256 0.0106397361590455
0.644193053040957 0.53670613413299
-0.398132733707042 0.817225165624349
0.228964442816075 0.595226302858874
0.0337493494246903 0.13236712127649
-1.79084067346432 0.392167193748672
-2.23976672341816 0.9850816879862
0.893891280318257 0.0128663883806947
-1.19411922246262 0.247007398039683
0.517721686524706 0.0718192369984281
-0.0517464992513197 0.363134480398435
-1.07105315084794 0.0120069108244088
-1.32561663119946 0.607661427803201
1.10876711295271 -0.030327164406207
-0.0980291266125975 0.805112586193126
-0.287941281137765 0.28514813413525
2.23212728847607 -0.263076939940284
-0.714772901205836 0.496120504220176
-0.93213394080222 0.0643816375287682
-0.663787651686901 0.556018999055753
0.0263693742821535 0.238831101730935
0.188356144096629 0.369825269860451
3.2347997168255 -0.588552300345582
-0.170870100952378 0.51472884010979
0.893084567331325 0.261495538763028
-0.995400894172568 0.552523757983884
0.289940993044584 0.380948851094532
-1.3509116805809 0.0573978715683554
-1.11146127834006 0.646614026248439
0.314723169720138 0.445788075814771
-0.345946851574334 0.191285631431345
0.635492543770727 0.277920561619869
1.49990059358954 -0.152603976144741
-1.02046320750048 0.872182720911641
-0.205308309647172 0.726984311985681
0.107429509324875 0.157164357951336
-0.483475185922612 0.164850426657935
-0.288823612541471 0.108328255821629
0.599150379210525 0.00932664068050916
0.135406790296289 0.290372950702694
0.854430270383508 0.189281562073816
-0.57772735705431 0.748159193069584
0.998026363660608 0.124007588283981
-0.130495049178459 0.475455557266447
-1.44744443196582 0.697892406835262
0.82873082758884 0.384568115421664
0.900237684707082 0.210927853277938
-0.361885953567685 0.689162559371075
-2.25959378296195 0.00211323300888071
1.55154772298564 -0.123554233067256
-1.34225177783187 0.818460261638786
-2.85769324358236 0.675942729835515
0.734604226895311 0.366054366308927
0.259348103634188 0.362964432421971
-0.612069766991005 0.0694557875673546
-0.526294506601835 0.888953315846176
-2.02309918101353 0.235380248713083
0.403200652366574 0.24972791143762
-0.531321605540604 0.615566371278388
-1.97933221349651 0.856759629798747
1.68074789820418 -0.27612264090889
2.01767448853676 -0.727733975856665
1.84413975162022 -0.519262961358557
0.114786738167293 0.112891683569883
0.100556851598222 0.720102796082489
0.656240370567626 0.411137096419157
-1.69490361499307 0.837373974011773
1.15318423345333 -0.104126216919447
3.26989755046174 -0.0340144639239815
1.18211428923704 -0.142105769144102
0.287897000587712 0.081953618297809
1.43637963824545 -0.105033823198074
0.344085285417082 0.0278694345366504
0.684692263734361 0.216444041294314
2.44826284700369 -0.527890174891948
1.00914183297171 0.0588894241563677
1.508114442697 -0.138271125005131
1.03862441021488 0.0068403095770878
0.441786915805309 0.097359144130187
0.0448653191606634 0.58947841871938
0.690983831950641 0.100536998174041
0.0506649908912008 0.359399026350313
0.47961317299585 0.26264757962497
-0.777438937550295 0.9001978845808
0.0605430941278233 0.129075146161122
-0.247092505534536 0.189328425037965
-1.43430025629404 0.822314959095038
0.20152138549633 0.579883224390168
-0.383695920169935 0.274712305518918
-1.60490157849848 0.9203861898611
0.840569502217149 0.139863361072695
0.172793122739694 0.139577386785755
-0.907717735059237 0.740104799305188
-0.972411128221632 0.26445304525615
1.10302157065313 -0.0458030239032137
-0.136872752787768 0.785946099963448
2.34649449341537 -0.810485887810985
-1.29204930592208 0.322755089018105
1.1026317547994 -0.0466258462127226
0.999250130607088 0.019992854318746
1.02198952200924 0.0426486663077463
-0.323647561474334 0.0681267432473188
-2.46013615675267 0.599657711602207
0.56304022056971 0.469165552886742
-0.514944776331156 0.364040787403544
0.49854488479728 0.530709389645038
-0.269391357828846 0.201970721661354
0.393533320423419 0.331696850012514
1.86308531185049 -0.716252862309517
0.798833902054641 0.0699540914460639
-0.967252117463188 0.160749712301533
-0.238974941595603 0.822188654339795
2.27300536797876 -0.767065635276113
-1.46984432310487 0.681947282321348
1.02018755492737 0.000840453388429582
0.449326267798066 0.192293027433173
-0.555653132713306 0.243539249129751
-0.41411556686317 0.267236113508139
0.899883759735788 0.290695902706701
1.02054856176304 0.0699481281031906
-2.28214470643694 0.597066162464644
-1.16395893697665 0.298581811163286
-1.26403035121733 0.837068942138287
-0.272303621953046 0.362114811696089
0.838053895152198 0.195528664022866
-0.397115482041213 0.790928471884632
1.75429548638972 -0.514145303521152
-0.818510791110839 0.0168539398625592
-1.20801470677703 0.521882336717595
0.38177223983568 0.0897427546088333
1.14263589171439 -0.124146929506514
-4.11916941182883 0.67860500133001
0.453946990987787 0.566131159241641
-0.0497921780856109 0.576011332505508
1.69165570534126 -0.624200861570295
0.69582801462121 0.431089344485876
1.7559886096682 -0.379930654262028
1.76704401313141 -0.51928224667444
0.232575285508388 0.35830737421501
1.18015558828733 -0.0893552679334872
1.54045985755724 -0.0838962761010229
-0.669750274606145 0.167776077130963
-1.69306053439599 0.653135021965601
-0.35106117869294 0.369951130803602
1.76076236166472 -0.481713055560363
1.32962373888649 -0.00993376681949631
0.345531821051983 0.641177971938155
-2.02578201402137 0.0843972221384094
0.609948606982077 0.310829101738475
-1.19078254024318 0.87518136740705
0.103768850092998 0.260900294107306
0.804043051267494 0.256269419085182
0.177171694235855 0.262069990926123
1.35414571060601 -0.209971251844076
1.78399014484424 -0.102935852763402
-1.65804270538105 0.441640608643654
-1.11548949301962 0.232656157610552
-0.982842861513724 0.887953519257418
0.852555577994545 0.175150424255278
0.0470328898735663 0.102226645297025
0.998328250522902 0.0908562620068422
0.567866235333648 0.58538356099218
-2.173128844519 0.607028842051999
-1.53193530205683 0.128989797308072
0.537471779884121 0.14329580812183
0.711337958777946 0.286259712032413
-0.514303349683221 0.185794400514284
1.18946402082166 -0.00947686721651731
-0.035758718562312 0.511801063480183
1.46196740163472 -0.0887780337175098
2.37799012909565 -0.25145532093667
1.96225381196961 -0.692474407701039
1.2167026448534 -0.0232431201297638
1.70953675787835 -0.506505193126454
3.85243999807656 -0.206125849431599
-0.0671158863818191 0.603505366108649
-0.455631513867319 0.623478760147108
-0.178107440471968 0.278966019146154
-2.31526365695179 0.125082267531987
0.388420126703397 0.396853836384121
0.599267204275843 0.0891643385611894
0.537236062439402 0.057521869350982
0.0489647255963313 0.571160481995237
-1.1316788464732 0.476719055021318
0.121017233652239 0.686619637116648
-0.610036478252217 0.317946092648818
-0.148977262816894 0.0573306998622871
-1.71659169353742 0.832816171925589
-0.646565784419143 0.426864165780272
0.963916939112159 0.0236774906774291
0.692723520717821 0.0438741195905086
-0.0645360242584563 0.216609905657794
0.764040584878818 0.0202492929413332
-0.159073079315433 0.0332231843651337
0.473726685592663 0.178953736063044
-0.905055014836459 0.635013702408988
-0.218429824618274 0.690336080206791
0.571778951529219 0.415382218366167
-1.17108362049924 0.698894895976617
0.336601003200436 0.239639735857544
0.679078532431298 0.481594669751903
1.69639590129152 -0.367508526737887
0.271136049868824 0.275463645780493
1.4498650990496 -0.372064666192132
1.13552430686408 -0.0406168824148331
-1.43700135128132 0.064739859480595
-0.350243336005369 0.28592311802752
-1.38212715945333 0.853961486167526
3.7209474852788 -0.0759467025348773
-0.525852620968111 0.385404151294928
0.00818466547568239 0.504366677340283
-0.994202171537075 0.84714703581363
-0.601020984258501 0.358859162366792
0.206629591577192 0.543723746710121
1.33305142397998 -0.330478306702888
-1.14239297456591 0.230387225691709
1.95008239610455 -0.700878363738977
-0.28501889849468 0.635568816531097
0.238946008122381 0.598468559968476
0.672270339585061 0.0578250684771354
2.25293840716429 -0.504235227441347
-0.988877917780594 0.9401064363926
1.11522384430881 -0.0195026750996655
1.29860148868278 -0.0858847279901629
-0.264946216505254 0.656314598908219
0.098392920776544 0.0841942011659138
-1.95895821126123 0.445925079327948
-1.07845958458504 0.430269071294298
-0.155106928331459 0.56305380325952
-0.832743123785447 0.0761790014936095
-1.55353993883486 0.165379936507625
-0.0707533833627556 0.541562132524782
-0.773047372927908 0.679750699851709
-1.2273569699221 0.1231154087824
-0.71187575179027 0.815128228205811
1.45101231672795 -0.25414708623876
-1.01477165050267 0.460917079022753
-1.07728928999288 0.239980520975321
1.49342363299177 -0.357932759988007
-0.634325528799296 0.723528081554253
-0.448585906424147 0.556094652772371
0.256911318745654 0.454802231815201
-0.507144879028496 0.764618715341177
-0.372407721006255 0.085460607263695
0.396410875202084 0.599554536978311
-0.793646283128704 0.773958201739681
-0.962723510707469 0.727667357880082
0.000474783103888612 0.0180178561487144
0.818943840991962 0.114864203860815
-1.1846731517024 0.0431727010674149
-1.78977707880606 0.420815867949478
-0.520124355918436 0.600047901505665
-0.0197264249018247 0.645837909525102
1.83192029834291 -0.216319840870391
-0.31965321744854 0.789697602880629
-2.87055791357814 0.11759430875916
1.72302404164316 -0.141345986689466
2.116864310583 -0.444306356705557
1.09084742947348 -0.0160075896446492
1.68590199549169 -0.428116834906155
0.584013612647909 0.454204422473193
-0.531696236497094 0.4226473732693
2.66500617272743 -0.732130622218794
0.819772457875876 0.351859365792771
-0.42839665618078 0.125896150865385
2.15216190354866 -0.0705092640144718
0.445479124587643 0.023689562884997
-0.712554545616871 0.867418737903779
1.65720408998747 -0.456864156939715
-0.0324388754952383 0.325154939676253
-1.61532763942186 0.858682168916951
0.209201830776352 0.153865984545297
0.519880268849317 0.532708856953435
-1.07996826863508 0.3439585768603
0.0419363570481764 0.503794451191077
-2.23694586389563 0.305898525239506
-2.24045952959466 0.940618448959262
-2.12735955282703 0.65178072827248
-0.0791333985839309 0.609068585569216
1.03178480115129 0.0744442596704491
0.156893263138628 0.348059032264252
-3.76553952507197 0.0213002101100058
-1.75226911656766 0.0602209317748928
0.204383335341355 0.573799556061309
-1.39286926968044 0.121645566402532
1.66710515245658 -0.201946277775423
0.816734450973214 0.272390161885018
0.643509153009147 0.356646525662956
-0.278778977227643 0.68732271001804
1.92775952892781 -0.666648300197421
-1.36404417628428 0.393867565934282
1.58999598089141 -0.293608524475288
0.296246494318653 0.129086164250464
0.536527518628537 0.545687877516523
-2.50570283424103 0.50164124800791
0.828799807901644 0.0542165774702058
-1.40891430134237 0.0829316443512054
-0.43238893184192 0.0435458186600007
-0.41839644453018 0.87305399690407
-2.11707105253696 0.928883264255798
-0.274344456903414 0.0842988355995718
-3.0407864150209 0.46160814870833
1.20610390257018 -0.175438635046441
1.59685940058285 -0.223363695834124
0.237359501267672 0.136926861536434
-0.059446269856002 0.466402215240167
-0.231998334485496 0.267163360890629
-1.54917443347467 0.513674061213231
1.01018986943942 0.126615132146224
0.49864941695514 0.420753316235975
0.830629530134178 0.171606770072657
-0.678622502919768 0.488658255859227
0.293479191892867 0.550430977101589
1.22672104695365 -0.124664033822508
-1.59866290468235 0.87960400513563
1.49453553907392 -0.433650038834524
1.56352719438928 -0.16234605871337
-1.87175616785037 0.713087479761087
-1.97129670836486 0.542738560559392
0.382240645169837 0.0888463606084952
2.43998764150772 -0.590758866845461
-1.65084440893855 0.889744528268914
0.848816487321685 0.246119970827157
2.34328157990999 -0.26899985703768
0.887011986555683 0.271547846068152
-2.31412256801222 0.0572944965666153
-1.72688956041803 0.986718632517864
0.452457502851287 0.518288477559662
0.110644422106831 0.186236565357165
-1.10045751745044 0.402657504659158
0.702995426876819 0.0994946251656305
-2.68604294006678 0.672166566134969
0.0471711646733455 0.0897004411632577
-1.56827931645798 0.229785756011594
-0.562277546082889 0.287680138463566
-2.50829818456209 0.828956923203294
0.724908948757355 0.057803251876857
-1.16263718213083 0.331272473907384
0.357396950304168 0.447623444686533
-0.791497985654537 0.262609406473295
0.36650669256764 0.408604803382728
-0.850585225700802 0.0499310834433441
-1.42164471378874 0.545219955173862
-1.03566364585696 0.0108673012147754
2.77193582396753 -0.735070951542755
1.29392179770814 -0.303034937134521
-0.170364053544579 0.10317645771874
-1.07830698225704 0.48824136057648
-0.0250837833533246 0.69146920516572
0.605290614377375 0.538403821406524
0.306808749114455 0.057269839368921
1.47199145199384 -0.276935688530127
0.810120213164241 0.0885185598423237
-2.5926741534218 0.47177091107484
-0.651459315199876 0.637294405689896
0.764763118032849 0.101774402494375
-0.960537943080892 0.186110652934508
0.0750160996199377 0.0504985927090377
-2.16498965801051 0.550249008472313
1.77691628142197 -0.508787093828173
-0.510059054253637 0.394024204199652
-1.2530828558616 0.715123749887465
-2.04308936271546 0.493285735048748
-1.31528420063909 0.445976628321076
0.558456637267099 0.13859845828364
1.85558862459019 -0.0425520809760627
-0.197089180536223 0.218038484197
-0.510896364724049 0.230989749731433
-2.39416887062437 0.474245137353477
-0.889356552802789 0.737436648072063
-0.100773466506545 0.423702465939583
0.299578206820337 0.0705514295797064
0.939812395853675 0.202138594577015
-1.09824055385846 0.298308245763036
0.323001957691997 0.231157074037867
-0.567423441696159 0.20979138074295
1.8962530934705 -0.532834299595479
-0.272469083691021 0.315449374515277
-0.0569340921302102 0.801641298756257
-1.03590798445385 0.408446921162464
-1.61817936839518 0.665248951534932
-0.21780616505482 0.591362154335305
-1.73585127205269 0.953448448981453
0.421440265328158 0.28615279737519
-0.799687985018138 0.465231421069647
-0.607275584325552 0.134626029902323
0.632790102128051 0.137222806470464
0.585189002724491 0.521451637598898
0.463443902978382 0.622862123411552
0.780490065844957 0.425457534830122
0.845931379752092 0.314703377625775
1.15239373555829 -0.140545009746616
-0.825013666576827 0.67931393166331
0.707620882572241 0.122775800566012
-2.13566038873257 0.389928533798094
0.765576282968779 0.152581243808392
1.25922063571011 -0.0468483650582385
-1.86612137444948 0.525556444837027
-2.38347119050699 0.700301375977934
-2.15933285536341 1.01736906610025
-0.466358138423361 0.0591590518786501
-0.805042154840466 0.706011975893447
-0.169993485261037 0.710052792957802
0.0673958752310445 0.12064436750957
1.71539814081185 -0.342426583716143
0.13747833390452 0.271331888624777
-0.330283660221325 0.167620223977974
-0.735937719729013 0.812978169984692
0.378946377122472 0.293476249947707
-0.177715293719577 0.0943113166036813
1.69020463928991 -0.0630133094534556
-1.11967920620047 0.460231724312024
0.39952123443085 0.302690449724981
0.474128799307928 0.280969917392751
-0.970369270809711 0.583844758654707
-1.90084176730509 0.557693007396053
-0.3472573108877 0.517031132223693
-0.266603969422463 0.146285187233522
0.3339206497739 0.02873791449618
-0.653608669154415 0.811658233396202
2.75639652060219 -0.720075446802808
0.137960494953289 0.383666660819969
0.181362997815345 0.520198910784093
0.442498954432198 0.153890248903357
0.334931347318126 0.426290443598913
-1.06035533247887 0.367263518090317
-1.41179687881712 0.587719846455845
0.845976545088155 0.276520357219767
1.34598798683372 -0.00265074500154499
-1.07157786249207 0.43304770006846
-0.944158887828548 0.857588757390374
-0.762822024578066 0.0323288466248619
0.28989480204816 0.013883783198663
2.45805944279871 -0.605324461372874
-1.58860519963218 0.676794050388706
-0.293020283022542 0.209142577291741
-0.50810543481574 0.521633163115701
0.242782894741826 0.145085812974113
-0.848127567441728 0.729585890465777
-1.69441506073159 0.948649250081105
-0.657313798839416 0.783791071110218
1.35188321823678 -0.114084229025344
0.00157199441366392 0.543207997069739
1.39434657739991 -0.270357218101194
1.15149144515905 -0.058446863706237
-3.50554330164593 0.507712634389518
0.0262592283921547 0.769148947413553
3.45948210350275 -0.938486583264731
-0.457090374117269 0.511434036597096
0.64396534066447 0.0867358437902337
0.677740026693021 0.0133781619585334
-0.279453777367142 0.440786831918386
-1.53053909714154 0.281286379720673
2.2852883268551 -0.146344456098171
-0.144915518869693 0.44625351889122
-2.14897326991911 0.79577736320735
0.110223516168648 0.478039451124395
-0.0244283201373279 0.727431255528139
-1.25286449401996 0.170003424784546
-0.132131970546074 0.203795849430254
-0.811729601421431 0.50475216106126
-0.257756024857762 0.351873154208782
1.21171351347629 -0.157972872082815
-0.555541532582903 0.58112535521753
-1.12159378697293 0.158201444839194
0.188939349753974 0.24828469792451
-1.45351000876374 0.0983576360739707
-0.218949447308776 0.338994171418285
-0.804947850221543 0.634845769625414
1.76938355933614 -0.597393095425017
1.47158149918814 -0.464125848945498
-1.97011157242347 0.437883064123604
0.415482626280444 0.148168187506068
-1.82724442131462 0.27562857363829
0.597600762403401 0.450786166666364
0.797410561110826 0.0403018963644018
1.45140936066316 -0.00194538159080485
0.162859592331763 0.202904329576751
1.61785254217586 -0.445711405160264
-0.213808893265985 0.371389147691544
1.12288133994345 -0.0356384603363155
-0.768348608858251 0.277894777693864
-0.605533298222459 0.828493847001286
0.339037737769835 0.11376264506066
0.0463118976561806 0.340196132725888
0.54049025887716 0.537259736370621
-0.997445685924162 0.704437856995564
-2.22080574211751 0.49029195835147
-1.0038970303836 0.588989094586286
-0.0425465326896533 0.785499900380967
0.0445192835974294 0.76482862458153
1.48745071616623 -0.214720252169006
0.656459673539827 0.442962561958843
0.178164102796663 0.121072822663127
-0.171702798481802 0.0117344834441144
-1.18797931308809 0.444737392108828
-0.886201596847067 0.938752020489373
-1.06644285240815 0.642531191022258
-2.57454307194706 0.399351651295759
1.48200552293524 -0.395117710249994
0.658926734102099 0.117055095761033
0.14476498406961 0.555330372006565
-1.7138429950091 0.765804847826644
0.603167712161784 0.484346095956072
1.950854885775 -0.739761164648322
-1.03901206951403 0.0148460587923122
-0.406261953978975 0.128396779888136
-0.501882553063779 0.384099777779944
0.242826671586425 0.18703512017859
0.0512483206444295 0.540186283618431
-0.966477887836326 0.561644207094168
1.81828083651136 -0.215432904792765
0.035727672276673 0.519935567483209
-0.597288199180924 0.0931382216789345
0.0804168087741383 0.484483580381853
-1.41781701975519 0.383918176111646
-0.380110086822451 0.135266073259633
