1.98543255154245 -0.292036929288993
0.97550895618375 -0.444666326183193
-1.36307879954128 0.485095621428579
0.646584351781594 -0.291939959525837
3.17998209907249 -0.48685358445632
0.504170801042222 -0.228054437687032
-0.949581198885049 0.196467849211412
-0.46205531609357 -0.00456971659925583
1.83244541487399 -0.130488620486589
0.48594812273275 -0.284926023612175
0.466596398529225 -0.0947982445004343
-3.48737358603466 0.0553240923666183
0.577499791821143 -0.471134563184774
-0.0634404031166064 -0.0449592704321643
-3.0018294494865 0.236119921512104
-0.74498940063975 0.0862430988055286
-1.5675543616182 0.160893044749133
-0.0794182407539176 -0.0388590491970711
0.576885983785084 -0.484055851791824
-0.30743881809083 -0.0933821687075064
-0.614867552993869 0.0882981440569142
0.523899427695769 -0.273810460798689
0.402802903770227 -0.231162122439279
-0.112963854408627 -0.162601315082781
1.61254274906909 -0.332383778422288
0.551464955483806 -0.532129829809782
-0.777546791748475 0.227065155948985
-2.73599339470112 0.0555099660820889
1.33984330286686 -0.67384704431008
-3.17158450872192 0.0400462020670538
0.95270502632657 -0.511348266871875
-0.696983324540423 0.172448292784016
3.43505465848161 -0.854673603497209
0.0682595048312774 -0.262540766679816
0.970501184526761 -0.36295727657293
0.580076342313959 -0.465186603309983
-0.12811504798271 -0.228187772859486
-3.33407653725337 0.642913168053157
0.60046515500456 -0.259436323226208
0.452052145998102 -0.265599167929756
-0.559949100620945 0.0414858662322136
0.747068340931168 -0.586436467196622
-0.787603793853155 0.0299483390016591
0.260490457899703 -0.41906727360847
0.963072588911774 -0.0491878188874811
-0.948624301712987 0.00438162763141723
0.409798338671226 -0.182645254609067
-1.02893092334961 0.266913357176235
-0.892058600239835 0.161750220889839
-0.16876817612226 -0.122944447997566
1.34729514599911 -0.366361613805095
-0.157199839318497 -0.0416924566002788
1.30759049364385 -0.118235867659142
1.46034978310898 -0.285398568230622
1.28839196464192 -0.333374742596552
-0.359656008709157 -0.0171610396303037
-0.0490168789584768 -0.143347442035158
-2.15996059214424 0.406703663116946
2.34245064902031 -0.443072664888803
0.00278681513175253 -0.110419047175073
0.293892010341391 -0.180642295483638
-0.113541854649353 -0.0145217777065803
1.73466237316669 -0.458173468724461
0.511938658667963 -0.357051827730585
-0.834945795754338 0.0963240649012966
-0.0348277483389136 -0.12337664023575
1.39738537583515 -0.101117735961925
-2.71472291650665 0.605735266159065
-1.19647383420492 0.0108438754352896
-2.77286216665335 0.194152264318469
0.0478915240716077 -0.283275377863456
-0.524266451774828 0.0326368261220312
-1.32500132808136 0.46213063512069
-1.55852077448498 0.0780291790150413
-3.33405665279596 0.207199162616931
0.0232632089845219 -0.163611057282217
-1.31235491581216 0.281010518636279
-0.595111488239232 0.000530528760687185
-2.80215910071467 0.120497885620029
2.20167668149553 -0.191155941064792
-0.130128082994244 -0.198045533002669
-0.508182360967869 0.0145012387788144
-0.906929599297208 0.264950421943112
-0.860903069138828 0.0192397688571721
-1.48459450189167 0.472962618683138
-2.48357268244343 0.165756631354803
1.0162160665382 -0.142663487164556
-0.180388897828852 -0.159105029928458
-0.652661693041037 0.0799762801952306
-0.433304343286894 -0.0274856908291478
-0.634044930190608 0.0895659663871162
-0.266366730138011 -0.0226393858482081
1.12898270396526 -0.659387463576725
1.35868598247453 -0.675336120404252
0.858502815845172 -0.4036922408758
1.30043002043483 -0.261684033347566
-0.459760566774289 -0.014265377233141
-0.896132425514804 0.124845023648216
-1.05271573476964 0.0228994519526035
2.54773989807711 -0.0785498817195798
0.0121525243659008 -0.0561356480555216
1.56321895421319 -0.468410298993439
1.07162212095221 -0.439065116499615
1.81543151908379 -0.360518273768579
0.231161014897799 -0.267118917196875
0.865463382729552 -0.172537135021033
-0.964634898240461 0.294542970649396
1.17900293323897 -0.272400912529721
0.2275152416053 -0.313732090144566
-0.0644143989209501 -0.225232806081094
-0.470093385072398 -0.004707722522064
-0.117102375803799 -0.0220373475716077
-1.12797840243333 0.305656228985426
-0.81046902169133 0.198697787866483
0.124400300400552 -0.150379069154719
-0.665031816320248 0.113504268025152
0.782407316630755 -0.57538852868892
-1.0672604217846 0.36859075782996
2.82208770357753 -0.588878134229197
-1.3190594362943 0.228188064570143
0.254460092404869 -0.224964962954857
1.07832130289164 -0.0556950691986699
-0.760274194847576 0.106335178721802
-0.605443387733782 0.0697710083978437
0.0132955903078209 -0.123883572243892
-0.430099079950919 -0.0407751412577123
1.45949671127522 -0.673458092792607
-1.47800280984299 0.158859123908848
-0.44288683536539 -0.0187576436345171
0.278939455461341 -0.341627053042684
-1.49849081948568 0.371540216194925
-0.272617884631874 -0.127738967285975
-0.0474902672829897 -0.235137479457785
2.24488925215762 -0.0426805660618367
0.446206948755013 -0.465645513982918
-1.95939864858884 0.284412727703866
0.568608594696572 -0.0697353466543613
-0.865940039419637 0.142546479647421
1.22578876528319 -0.190438592701358
-1.75843237882932 0.386787270084514
-0.223582612560627 -0.175575451458694
-0.546536848656941 0.0547854363112348
-0.497795086372559 0.0137303402340812
-1.78515400073405 0.0406923918170209
-0.702779160845902 0.00731512496579717
1.22954720804828 -0.056203639436568
-0.51370168181233 0.00212882720343625
0.725793667723069 -0.418456116143324
0.751501318776135 -0.00332469485121095
-1.23480707048241 0.109483747943155
-0.650724072483687 0.131689786695217
0.0650280448943353 -0.360337507137828
0.130333047065704 -0.0360881062124736
-0.984743728991319 0.103113948556597
-0.511621698189559 0.0223227852293751
-1.39085475959555 0.0466223712653028
-0.421328428187088 -0.0108238273114846
-1.20061901493078 0.37611551154234
1.746255421438 -0.22304059544774
0.472869328450141 -0.417814947262454
-1.91426838125926 0.503629369186488
0.751724586205644 -0.55888285691002
-0.833038470399546 0.225294445232702
-1.19337975821823 0.382213345428392
2.55383700503963 -0.639987331474926
-2.53422741313329 0.0878699036004811
-0.322217100719692 -0.0805486562722428
1.89398293496015 -0.348216722521002
-0.259162165864883 -0.161325924653664
-1.24000531617047 0.370913320823918
-0.0732064034634654 -0.0813055802966328
0.756579474059378 -0.254779176776081
-0.383075151969208 -0.0129579924981032
-1.64564140986053 0.489500173347749
-0.112658680323781 -0.209881755524984
-1.15528523504691 0.162488487434787
0.789396502622977 -0.551387497210221
-1.03174203100702 0.363181245356935
0.163634552563197 -0.283879033775137
-1.60936272318248 0.559698712069111
-1.65888215766078 0.417496691161714
-1.24765046775762 0.277122533264331
-0.376552589131241 -0.0364769369625939
-0.85713992647759 0.164315037910959
1.41964593160917 -0.0348486735643687
-2.66612857727109 0.625183299812401
0.582307738717707 -0.0709772812595507
-1.27324415172957 0.431718511019029
0.909429855203845 -0.106575597150862
0.823520439282532 -0.00484333890936935
1.44513118159907 -0.609126398499701
0.519490922506605 -0.432714585734517
-1.66748922728741 0.547339718183904
2.08194534991279 -0.421087579947339
-1.01460906675415 0.185070450909728
-1.63869689695702 0.264784519795405
-0.390627027634635 -0.0321252342970599
0.124067273271612 -0.0986703257722433
0.150169766724069 -0.125224709783471
-1.36234591530271 0.142239030031458
0.587253089863197 -0.162685907310566
-0.912808015109552 0.179943335194604
2.02448219227859 -0.753657866968994
0.189599762453579 -0.332649841763965
-0.62320484342621 0.0316074655013719
-0.241559625416315 -0.144337580804327
-1.63648222077634 0.315555047926061
-1.02773444351105 0.149039736189457
-1.36666337174835 0.156377571280584
0.426003124598171 -0.248263245790635
-1.12849897637616 0.201228478136932
-3.56762760003108 0.568054860181134
-0.0773469056901669 -0.170520090256869
-1.20627527363291 0.408118325780777
-0.00549258980559653 -0.252642756653743
0.205296046512276 -0.299933946865401
1.26005686324912 -0.58654543615428
-0.267955230026685 -0.0312175722878424
0.869753958999748 -0.0819745212899073
-0.794173091889823 0.180850789888759
-1.06682627750964 0.138545260011693
2.04406627047198 -0.514806381358682
-0.428687671078939 -0.0189901336125229
-0.461992808492894 -0.0013964015370523
1.92830814045152 -0.337892740260467
-0.943065309967148 0.289905018345168
0.31819769739065 -0.304980258900674
0.0690702804497111 -0.220133062500444
-0.456759767029116 -0.0125647322302964
0.333539451401044 -0.0889972126374087
0.741214263907919 -0.509231002691578
-1.85941369536245 0.264892791424701
0.41648623997477 -0.268441918303246
0.360559082044928 -0.0480637692409259
-0.758452674966777 0.0732530039315544
-0.34379529793862 -0.0627604670361847
-0.774433972126699 0.0777769346625734
1.35136596570543 -0.390999140861027
0.427727632406683 -0.306147618064658
-1.43065547567264 0.0202543972667881
0.507480086026057 -0.43756289761713
0.118195188992142 -0.174582021307981
-1.10993706850016 0.207990360593284
0.0251392538873254 -0.343034041820526
-0.613816748745785 0.0989990041185696
0.744112459644296 -0.0489455041423927
-0.503157478527239 0.018124374424348
-1.69216033831141 0.505640539864861
1.29611370861068 -0.0751375693563528
-1.59822519575399 0.222532199071853
0.729832553022148 -0.490874692214727
-0.487163518244122 0.0103158690747355
-0.832549451745043 0.20321036624232
-0.984403760753733 0.215301899586267
0.477353270024173 -0.214980694780146
-0.668075112349529 0.111706702231225
1.35500327478312 -0.154654562742035
2.29359960691773 -0.511180891385041
-0.182947667097122 -0.0557336237811176
0.34495644506026 -0.345726291045088
-0.594491514270907 0.0611012688016907
-0.571973147232287 0.0763681769434115
-0.567651530858205 0.00841457594242801
0.313033561338471 -0.460977162439637
0.405805365770831 -0.326232266824951
0.548890032130856 -0.259965587767629
0.0735036715889882 -0.0975056614446335
-2.25266461778219 0.086907792522695
0.887883568739193 -0.0848767311497901
-1.71719795807791 0.507031821879586
-0.16188074240406 -0.107370807720819
-0.738828097013928 0.148204342454304
-0.8832430725359 0.0179073561444045
1.91517087697075 -0.321380266670495
-2.0094818185542 0.138883009895053
0.422142415532947 -0.148699054092587
-1.46612033590892 0.20689103217849
-0.263803343665579 -0.119283137951643
-0.287597752826351 -0.0471207699932399
-0.374523974489854 -0.023705464367699
1.81673959862702 -0.357875236315399
-1.01117368239751 0.201923461786644
1.54161595523894 -0.471578058484116
1.04423502771297 -0.0423790149478193
-2.47410009371871 0.490812812442379
0.150352497602417 -0.318992785949311
-0.771070013954288 0.166216224717919
1.17561611843511 -0.0815528599995576
-1.15165251229888 0.19201372399304
0.644100906576272 -0.0272224496644929
0.259505183922314 -0.275497363789584
1.08179984707452 -0.289110559917929
-0.472723900048646 -0.00276758439435419
-0.638549618943139 0.0479007017899168
0.271281435368202 -0.21501706080691
-1.92166628022273 0.556863504154771
-1.46026494463097 0.178708230860861
0.194330051038504 -0.320444547896572
-0.118924146536751 -0.123890436987339
0.40912576616619 -0.386071925685766
2.8185251675656 -0.825817042596552
-0.0344825559957778 -0.0633054344744372
0.660279146431878 -0.0367693354746759
0.00590605130911024 -0.165318247780841
-0.380510360761076 -0.0409895388414492
-1.26908605913028 0.14122211842601
-1.59563243914156 0.102035653507651
-0.572719579260024 0.0698738397312936
1.2063428261075 -0.278192660902292
0.927384924775173 -0.386695908468626
0.215080674706491 -0.0403759329613882
1.61976502434013 -0.259116500616672
1.17178966539339 -0.128486045136669
0.979193335587117 -0.539810767385374
-1.23651366764412 0.43231416894129
0.202321840353971 -0.0696680582617022
-1.12955915084414 0.013149831813496
0.163731869141965 -0.18825444545665
-3.17979332993944 0.401804855757642
-0.364820095175596 -0.0876800137142524
0.747561309153856 -0.203639452427661
0.063824347134438 -0.333596239573699
0.865950160480796 -0.156375014264989
-0.0819674117679441 -0.00105838403409505
0.216747792537153 -0.322255057875401
0.534485408194306 -0.0329539178292026
1.71185179474484 -0.0534689246448132
-0.82695274161968 0.262941709132739
0.493304444330466 -0.0830490325795139
-1.47055558556523 0.0109876871530964
-0.463127544354825 -0.00241389608995504
2.03115772131889 -0.583976775141059
-1.20631302699164 0.108948971953621
0.138668273180129 -0.103422822254304
-0.800168304932196 0.0249590299182993
0.479315022875669 -0.123296428366755
-2.1470408022052 0.338211357611688
-0.38587831942259 -0.00226697788033634
-0.821616892486155 0.0790608527229461
-1.54220300135518 0.024883342591015
-1.24518407159557 0.238274572235155
-0.0608342775824472 -0.131096070184808
1.12304153992001 -0.0501466971000238
-0.75496321469007 0.0349053352310259
-0.567825810849125 0.0202626256556009
0.202618027623493 -0.184273427276158
0.154118661456795 -0.0886779000902148
-0.5972142958235 0.0984576791663861
-2.03788272804571 0.272224530911185
0.580420059913499 -0.417058752388342
1.18306136623386 -0.310914808230472
0.0396209074264598 -0.0274772731316864
1.45479859220322 -0.172398377280348
-0.920206440145369 0.236004575735113
1.39013012628429 -0.092669873374682
-0.365823291934167 -0.00737202344133493
-0.839435687971605 0.253961137991981
0.667164276252942 -0.202241301808274
-0.0176519279922505 -0.272468124035549
1.62291883321109 -0.673211715760732
0.944452454625282 -0.214017251306232
-0.150921314046781 -0.211549284812809
-1.03712215990307 0.275339968343658
0.31096604113137 -0.464170985813851
-0.536380707391032 0.00126264731954537
-1.88357001599443 0.173217915720213
0.910239201458515 -0.402443251792482
-0.525579383794821 0.021364940661851
-1.26513313607488 0.333090270313056
-0.49157688360222 0.00554343060054458
-1.92319232299199 0.318265641673834
-0.22928627872818 -0.197210967493384
0.0155370297916786 -0.0554560641627707
-0.840825755014664 0.196647905301314
0.0774996431371037 -0.146872124685548
1.64351535264133 -0.732618720465961
-0.815979306846234 0.000620576700052828
2.74696280036876 -0.77340654004934
2.59588226818121 -0.103100008870425
-0.485256189785586 0.0043427561726837
-0.636870427733699 0.0753389936822462
0.958365257168418 -0.0486146177958237
0.918266275313879 -0.418859960307769
1.14399412277213 -0.211737521852375
-0.412462633726092 -0.0127679598069388
-0.819772797713987 0.0228983870323874
1.31697575491919 -0.427941144534548
1.57595399781878 -0.146848788004701
0.739443662756965 -0.298625012669226
1.48307960169467 -0.336516246892266
-0.326230011287276 -0.0998504454854576
-1.61055457207624 0.141386742931377
-0.060463930513801 -0.167188920827736
-1.16569146293579 0.189037660791298
-1.75150216520334 0.366302187992049
0.205885194416387 -0.0193768694203484
-1.1073779919169 0.107444169215785
0.0218445119209163 -0.113502567321665
-1.39131819457034 0.298529280378292
0.16803948485266 -0.27391521210577
0.866224073424847 -0.120075214836428
0.885331110692794 -0.456617041335625
-1.34264247556162 0.0802841535797977
-0.532363327124314 0.0386126511271949
1.18611772657709 -0.228287457828412
-0.620045254129733 0.0555758020759607
0.351503762839839 -0.321685194658724
-0.411036086872602 -0.0563115360074495
0.108901043417738 -0.082862259957502
0.0479791984270972 -0.27202439479591
1.81766963126211 -0.392097669597223
-1.48268504009997 0.465503333052744
-1.39286390560848 0.433866836798773
-1.7118166674294 0.104314501244321
-0.565160842003218 0.0706372198317564
0.825895729348887 -0.291430435872804
-0.402142308887967 -0.0610583974039852
1.85134891372424 -0.533206491079347
-1.29726497821676 0.0687007796336337
-0.414283156369404 -0.0429948189980674
1.65512329325477 -0.183776161193633
-0.0490385235194833 -0.225269199881789
1.04975982493264 -0.254137033713917
0.343490637935715 -0.0845841302902616
-2.29442709428344 0.0998427303771657
0.165210132965529 -0.0543431031417482
1.65012202947523 -0.743523147535468
-1.74724166071747 0.296430268787553
-1.89063598348327 0.483102377546496
-1.94673596365683 0.376475983826739
1.51279342137017 -0.655849668432328
0.0160328298427246 -0.325815028060076
-0.0838908252115881 -0.167951338536832
-1.27869314953615 0.187584766852398
0.1663344979537 -0.192675473078519
-0.633570870862798 0.0119339939509919
-1.20603550997063 0.237698716256058
-1.11195988786746 0.340682142588555
-2.02866699939069 0.044731790036328
0.316689174337076 -0.0745746418976314
0.675978289271115 -0.171625998790423
-0.278586359591292 -0.0028703749421986
0.419203220102038 -0.116822112210626
-1.87564598240338 0.0238657823746375
-1.20928532432474 0.14829211105087
1.78880873618675 -0.179252324589561
0.691472441942635 -0.348263613697844
-2.21485100663703 0.259155315555852
1.67877561227841 -0.66951419470213
-1.11976568901086 0.333712915157786
1.18676431930954 -0.423907441786207
0.877127983044107 -0.299815367576768
0.932645477491095 -0.44319581166614
1.05733916317259 -0.0447863977913288
0.635915834276792 -0.383062676424783
0.365937089538406 -0.295463313304403
2.51610679352698 -0.109157431673056
-0.55070833639022 0.0122236157363346
-3.06585102012363 0.222997456281104
1.42543283802384 -0.527377596016202
0.396611128532149 -0.0589420507001313
0.880575227372005 -0.154932245274351
-0.397275443582606 -0.0595516405875722
-0.359269041248038 -0.0536004216112378
-1.93091658725121 0.123880603189756
-2.12415260347524 0.423986795788879
-1.30699172799767 0.144051609427804
-0.00908186377081915 -0.228515587046533
-1.40306779076998 0.110359977985428
-1.19788872935504 0.0913693727118283
1.43437875447358 -0.131921724549935
-1.04807847568066 0.0413273005580478
-1.62020695232107 0.40876562092777
0.167027721550679 -0.0639798441654581
-0.425545617431444 -0.00601871982847623
2.64067240265767 -0.321593317374858
2.73816214705501 -0.33894885702309
-0.0533259621095798 -0.272021412401619
0.393308109177219 -0.434439482202337
2.45300435924968 -0.0535429990880151
0.673387001136263 -0.221356470728525
-1.20617035782325 0.20073371268241
-0.679289508694125 0.126714443348328
-0.468843742263219 -0.00240851270470451
-1.82226377298277 0.0435752313150132
-0.426978895369635 -0.030741429082735
-0.439851502513547 -0.00867351705243515
-1.27732307103908 0.00341726453524524
-0.828939781009228 0.0251948234947928
-0.39381303329096 -0.00352882159358525
3.62430822683892 -0.891555731137079
-0.146911830025866 -0.134413391959531
1.23109872478298 -0.230186962953125
1.11792966719415 -0.220293531427139
-0.932139481323426 0.179137272162463
1.7812070021516 -0.675649983117338
-0.830288102408069 0.184987188339842
-1.28433438043987 0.0126888534601015
-1.50209810696202 0.345491892915439
-1.78706567401253 0.0347214240347444
-0.762940068241124 0.191411625913335
-0.263300256222146 -0.0947037734299417
0.964845054407766 -0.098899755439429
0.0317503017609791 -0.162700413917991
-0.175200373822562 -0.0842324709780072
-0.745170514310881 0.147757711428945
-0.371997424349393 -0.0644546078934979
2.82251709930451 -0.48608620871867
-0.621983591352305 0.0995550629029862
1.42528263349941 -0.596677518021181
-0.236094673014255 -0.153308017483562
1.68295326214337 -0.285859989539421
-1.15523496802842 0.0499397512327193
-2.11308256349692 0.203733213509012
0.0221025448122863 -0.2771670529299
0.527921850287851 -0.340102624556471
-0.739464899661397 0.023084160456337
-2.66426597771424 0.687795998790368
0.0679246291127367 -0.265416079457393
-0.446028844052106 -0.0107812170897089
-0.812876393083155 0.0201169906083181
-1.25429442478119 0.333587741529936
-0.0578555768629013 -0.0460898969614462
1.25488875349835 -0.45024433550497
1.56712506662143 -0.617784318246047
-0.811314659118966 0.240007941739491
0.0565667872447788 -0.182738690252661
0.0222098748396875 -0.303712965226804
2.26887807295788 -0.115093322154926
2.52409783658467 -0.183146901801315
-0.435399973445838 -0.00154311088124662
1.00901396883492 -0.500674155879335
-0.291678187715275 -0.0509902805281143
-0.435735253230295 -0.0203019335702567
-0.395215908649173 -0.0614092627017305
-0.0239647255968704 -0.00290100753423073
0.39498856700878 -0.129718192685546
0.518003995949091 -0.448778860670901
-0.750747393293589 0.142395460428412
2.30617640340836 -0.279088640177288
0.318751348920095 -0.381042932509851
0.381770229191469 -0.0649166632537881
0.522306008908104 -0.533307770162204
-1.62784177287245 0.254175336280908
0.575493436592971 -0.477746410744007
-1.00484220401598 0.103635396308564
-0.305738116386996 -0.00728270057360604
-0.82908300898761 0.0173322714672939
-1.99538411129685 0.0119166499943964
-0.489430407106802 0.000838747054817259
-0.628728389563444 0.0235681693574159
-1.27161291931177 0.386228399712708
-3.61201187824482 0.630318918597527
2.2627806355501 -0.533938189929682
-1.01604950426317 0.333904762105089
2.01996901372554 -0.332262430410185
2.61071627348155 -0.404362334123339
-0.76803746472823 0.15008759873906
-0.678836975257334 0.157802852967381
0.21060794548336 -0.207644060882028
0.973479581165685 -0.531612716255244
0.303142471643068 -0.432880543325325
-0.236172500826427 -0.101337091549034
0.469872884806992 -0.0781135534030966
-1.04420410553299 0.251162053063042
-0.141191977621447 -0.0989263556334342
-3.3634394632762 0.457209590257815
1.29662033254808 -0.32951079262007
2.34003834057693 -0.332749275507264
1.01045932315623 -0.207529322639791
-1.77471892152976 0.0526685438682341
0.309880187686509 -0.0833427359251847
-0.885374101501736 0.266741221209088
0.518022792392851 -0.215433289701669
0.402145022776427 -0.300725475483083
0.114908958074862 -0.0803903181278833
0.193731202616549 -0.186497751151532
-1.61463563749562 0.39411160890995
-1.67048421681541 0.419626660147899
-2.17459987528588 0.170995878367113
-1.36087402657789 0.0070965740738502
-1.11563771047006 0.314125122890681
1.95506186162246 -0.610151365903395
-0.800158729186912 0.12637084701147
1.89319418837608 -0.113470806125864
0.519832930913646 -0.432064576169977
0.475392997448813 -0.428968802279186
1.45411049102313 -0.635418224339113
-0.730545279947737 0.0157084909191352
0.411637830100838 -0.211806898705219
0.267512064607844 -0.359561545513011
1.67560192276686 -0.320739833684744
-0.0471126188492721 -0.150399730306318
-1.09735998013468 0.00298875774539696
1.18195576764676 -0.219302169762729
1.00248609760348 -0.0645664377419839
0.209888547396437 -0.179194811921848
-0.505357586930207 0.0149102053743919
-1.09274915983924 0.201593739062883
-0.105877464658585 -0.231587653529342
0.222290293423234 -0.150600715924512
0.00300311114877016 -0.0139439614196765
2.50135791717345 -0.735601827323447
-1.736639089568 0.455745902029711
0.752405079861881 -0.151628564776216
-0.00238645604172832 -0.257280081190433
1.25658221776676 -0.235898472107727
-1.03046141852956 0.152491517369424
1.88772464853442 -0.16957167205736
1.05643465625584 -0.0119564553748744
-0.956421625984318 0.168364618278259
1.60289553432847 -0.0468229915068435
-0.550038231296923 0.0297284266810957
-2.32812993021184 0.583850324658477
0.726098091495274 -0.322724993908393
-3.03847721646054 0.507694209978984
-0.587920784839885 0.0728158152781732
-1.81473441185219 0.543064735686351
0.919288139240522 -0.534400812645424
-1.22665608537067 0.195414832411673
-0.730398625267354 0.186032248301448
1.57939494384561 -0.114080301150045
-1.06163954034455 0.0510849318682432
0.145320360245815 -0.30086558559053
0.962130879574117 -0.396413697335724
-0.580834621773825 0.0911022353092621
-0.435050420442252 -0.0125297117131284
1.51383207895373 -0.431341936484936
0.862387854449031 -0.444417245003393
0.619851382714707 -0.0855655824677907
1.37864700660164 -0.632687526877089
2.4118107313567 -0.150340499259255
2.09615223044386 -0.293735085075911
-2.47042820537216 0.674174196958748
0.11873058744815 -0.0345906539041944
0.729532604597286 -0.492706476126351
-0.441954746003818 -0.0260089072724259
-1.06219039208773 0.316470322956019
0.525473563066194 -0.25603972598864
0.119062119713772 -0.362683605623199
-0.175362711849485 -0.221183874188099
1.17394677982551 -0.535458099646668
-0.804916403474242 0.188441769122024
1.23314668276838 -0.531474808498282
-0.0612916685805126 -0.209061495500506
-1.81856338433613 0.237811887875084
0.215822731728688 -0.334841197080784
-0.0890042354060414 -0.280821597362529
0.362448219545763 -0.110716436265339
-1.97461547784624 0.351924742875445
-1.382388669271 0.272198856179479
1.57399355325393 -0.0811127217901673
0.367926670986672 -0.228568961200273
-0.200293677877415 -0.0952219875214588
-1.43538888442901 0.470550335247684
-0.889646590983076 0.244372211245836
-1.94341319933748 0.345683610381354
0.213293645126017 -0.255040815390806
0.434235046863481 -0.0563228056091908
-0.145368575812566 -0.134996898394536
-1.16620397282399 0.108595767716411
-1.71838092986804 0.386610879288325
2.37123938430166 -0.037254827162122
-1.32772497361138 0.302233356864787
0.0819902151273132 -0.270828128564557
1.06495689340811 -0.436053744805461
0.552211165098299 -0.302298874296303
-1.41426573406439 0.0855938512688545
-1.40327501617472 0.163674843458785
-0.761082745675366 0.0562968798579432
0.855316143197019 -0.205291770414111
3.14927168146546 -0.386270950534046
2.68574264424499 -0.529581605738614
-1.057187284394 0.138376111759686
-2.74171996632172 0.157080534548187
0.285587387226615 -0.130123679472356
-0.24440877083218 -0.176220743698184
-0.894697424122049 0.0740363800250893
1.69875611370605 -0.163252098654478
2.39878426241431 -0.693891248001167
-0.119226131905723 -0.0248588283940801
-0.645705362509623 0.0315922395053001
1.0906599519392 -0.251163686328393
-0.58728578003645 0.0391801014254685
2.7413377300207 -0.0237834398842987
0.585091665640575 -0.0275752973631438
0.7812690351696 -0.400230844940075
0.075036694360965 -0.24851073917919
-0.00543961815988989 -0.262672568340531
-1.12524840935002 0.141132688092614
-0.387740890506685 -0.0538307124705774
-3.71836515751128 0.703607331304115
-0.386437171434335 -0.0302939253256019
1.77693446895289 -0.000835982572346036
0.315124767574448 -0.108088548947149
0.119621985074428 -0.241688719810271
1.39817531802628 -0.126858199549934
0.852537020630863 -0.505175165216063
-0.35997378646622 -0.072999143523701
-0.51406998130614 0.0099140737167018
0.249985252817516 -0.23438584677976
-0.0149254826171669 -0.0044406909042963
2.09540136729402 -0.729420535184185
1.76883300504684 -0.253266009536892
0.00903722357760264 -0.0414531396392189
0.65956250319504 -0.310578942392285
0.249243180175997 -0.294936519292909
0.0810772830081421 -0.00767064319327062
1.02542632522728 -0.646780152451012
0.171822057598835 -0.0133572836508843
0.788006324284196 -0.0327074874058388
-0.688442072516909 0.0688879078349075
-0.618038468266532 0.0102340207905977
-0.239673143945943 -0.137947552650275
-0.539002800496838 0.0333379764578381
0.113743178274355 -0.00389832643559989
-0.865566525349827 0.203483011812877
-0.947585693345437 0.212745965787609
-0.380548262187588 -0.0657171090893425
-0.695805646298989 0.0384509078860219
-0.178003093740177 -0.0784410621578541
-1.75920328288636 0.306653000776094
-1.38738285066271 0.34436130919771
0.480915592336024 -0.0513682448132402
-0.803420450331235 0.0645437687228999
-0.523312755690307 0.0346787829242473
0.330431328316197 -0.233705156245512
-0.243195224819958 -0.0950900649345265
1.7056825477603 -0.0380295305458031
-0.656755312389196 0.0906033310437876
0.231898467101131 -0.392358969345765
0.941873426753126 -0.488279259467025
0.103774128724254 -0.0340583249442171
1.07691101898493 -0.349109790754357
-1.8260394802374 0.440375276072923
1.96686573557879 -0.522678984986308
0.282939227896887 -0.405688814434188
-0.42252216536397 -0.021115106629659
0.108021996150926 -0.379186007384782
1.28173637587583 -0.0604495328373173
1.69104498711523 -0.454134763155688
-0.723947429182253 0.173480074039256
0.801840203021429 -0.379034443789887
-0.72630655163698 0.0432664252581749
-2.74410359457435 0.701137838424587
0.801237029167512 -0.426567464343309
-1.56208762748904 0.309560607246153
0.238770775940232 -0.223198347213506
-0.422214278326018 -0.0421013013842577
-0.21973276250499 -0.068696054407048
0.706581767237345 -0.145407910871974
0.359970255412173 -0.336778264449711
-3.0689079309099 0.65517772487578
-1.11942663796425 0.203729636528882
-0.357798068876689 -0.0877651106904204
0.221610348613573 -0.170996863268063
1.7888139092991 -0.0875315120742247
1.17944885970959 -0.649773162268593
0.726214019100315 -0.0265627639005369
-0.270097629722121 -0.035665360965248
-1.83059436650921 0.435843049551897
0.785932758910165 -0.301638199074108
-0.881836117076694 0.178519115287146
-0.659086128826466 0.068915050669753
0.695566019572562 -0.270389365506909
0.655571327268866 -0.121727805026208
-3.70618851117949 0.396438424455947
-0.957414462697689 0.022324260601043
1.53441879514063 -0.0131868872502554
-0.454974457274413 -0.00783880677439801
-0.596946420573323 0.0430630130281711
-0.885316834372799 0.224477881105372
0.221474148868048 -0.275362910965693
1.42080725663781 -0.546954371825538
1.34571010716417 -0.60362088880197
1.3660765975767 -0.000533779963417247
2.51645135149337 -0.820242640909499
0.313684817394054 -0.381669223942555
-1.35986019400149 0.446645942178353
1.89841854998676 -0.18236257246267
2.00043423724998 -0.215374354423793
0.133321550715332 -0.270235515172728
0.591112579343834 -0.297153036264568
-0.916029167517936 0.133567533036821
-0.910789751054522 0.190808981846451
0.524740406409606 -0.298741168915976
-4.47847793630533 0.288762818751035
-0.0052749351142818 -0.0500234363526364
0.862806484302232 -0.411841752355696
0.265297679086349 -0.0799569727324462
-0.0976595210808019 -0.211193448861342
-0.303522546761666 -0.0640683965040733
-0.50751461961494 0.0278510135771901
0.623015723771311 -0.144264295212755
-0.775508309365164 0.0533554099005565
-0.718026174222421 0.185787064878805
0.793346375883975 -0.104957140971576
0.526066379894343 -0.296787962255974
-1.04781170926198 0.231992560925456
0.443500033966754 -0.00263428854193533
1.07893639682262 -0.632151144496789
1.91017099863034 -0.66524280229675
-1.00418395038616 0.0977303994207175
1.67511406055197 -0.141081077567755
0.298736518326541 -0.222383466885453
-0.996502158866513 0.291729214658112
-1.05498333389422 0.26928008573474
-0.428442353579411 -0.0286006834255745
0.88054355072251 -0.36877733386475
1.67443527500771 -0.288252169293835
1.08390217013515 -0.365192068684132
-0.370597476514266 -0.078675309182871
0.333954077253968 -0.466596862381065
-0.209829870997885 -0.0726924599511872
-1.54248343342318 0.3493095642561
-0.11064569582006 -0.257307852650659
2.81627007157336 -0.830808900970156
0.0426006112076839 -0.125024522136374
0.169581397254872 -0.393022920319007
-2.12308191960704 0.0591205379168923
2.20533573493248 -0.0485452327936432
-1.73147376147384 0.423018863513102
2.50633750310948 -0.79460182900936
-0.237240052382689 -0.0292276981425893
-0.879661791765265 0.16612481162484
0.897292552528851 -0.25704433677396
-1.46983651407372 0.0959986938814832
-0.161896255722879 -0.220088214882982
1.79413246388931 -0.277660750491065
-0.603874822278293 0.0587596279979304
0.198903179304515 -0.0680875973866305
0.458234539695582 -0.402879511684594
0.514382517629347 -0.0180849565328023
0.435659196783661 -0.394387497790518
-0.377922868224774 -0.0156703579172998
-0.53622135363015 0.0324960031107493
-0.244213216076604 -0.0563649911734819
-0.147068062306066 -0.0042937282697794
-0.520130548765932 0.0396928138418061
-1.09863200964095 0.0711311114936837
1.51852090125078 -0.608034163449274
1.67078818979738 -0.245899696672484
-0.529827867138704 0.04612004707376
1.26564852312532 -0.370475952691004
0.0257293994230286 -0.306929998686701
-0.158909999809899 -0.158918476651116
0.841616034578768 -0.483649315094778
1.47392119313214 -0.462285682500302
-0.677229654341259 0.0741183247825462
-1.40566177852364 0.507828425554486
1.63893112811485 -0.303824785303042
-0.534627224932958 0.0153908156628939
-2.42568268305999 0.49190150759508
1.19469903962091 -0.453083580265058
-1.75295257439127 0.309736749250743
-0.746781633231185 0.172857446061002
-1.18302899700871 0.145235333926991
0.721336833577064 -0.295218420152149
-0.285267695618902 -0.0901268386669982
-0.471504352116005 -0.00384014820368412
-0.560184680484796 0.0762508531086994
-0.676584617293952 0.103695203396358
0.633872472172106 -0.347208805811838
-0.999329135326941 0.145609509349004
0.466986890821807 -0.461354208597558
1.83588844794707 -0.0254547273714429
0.620452938618718 -0.0145285612736149
3.27752128109146 -0.81765403151145
-3.50237215682915 0.299575389890939
0.673900728301661 -0.3757066251223
1.16778303340133 -0.331291200199102
0.452469111091302 -0.424881704078268
-0.0841816922142953 -0.14578877969885
0.158655608569066 -0.275531386594244
0.95812522172545 -0.403827283190922
-1.49547001438384 0.321291429931533
1.2013491862511 -0.545510324572806
0.291770850039449 -0.0646035777263055
1.6462146183409 -0.0016503454956115
1.52461346416424 -0.196761226515736
1.28079537680931 -0.020708894794591
-0.255159333858949 -0.0913830099185022
-2.28652082748068 0.554535265618917
-1.32041361625487 0.21979774180434
1.71179163975639 -0.51710675592628
0.83408321100419 -0.256377222735566
-0.98177146703515 0.0903648442141139
0.214385922447853 -0.297695939567111
1.56597139025849 -0.361855381815536
-0.494605194593565 0.00047193994800986
1.02380010907528 -0.0401553300437732
0.845578134535181 -0.0845603799334792
0.25769350643179 -0.339666151638586
-0.763421128004761 0.0537577269292517
0.0253458127682071 -0.0287513764484439
3.14468634514056 -0.152038333988817
-0.865852959243885 0.181497748538757
1.63748957353943 -0.607653841427921
-1.4153011155558 0.268232813678836
-0.229593358767737 -0.0202917026997794
1.14537900007075 -0.0954229821543528
0.171417736832789 -0.0939170255050338
-0.397899242721847 -0.042011571572858
0.0379503220890999 -0.173822906291491
0.0583911966924691 -0.000286057274360348
-1.64710221949388 0.0854431645563609
-0.0945933131313998 -0.127426405047497
1.50253514130088 -0.617000885814886
0.304726049527504 -0.354748995098335
-0.117591832741031 -0.0509049275036962
-0.00594378497046402 -0.330316147529
-0.448556475850037 -0.00671744556471653
0.133469912729659 -0.103823712872846
-0.708679700523249 0.138686081209128
2.66835298224957 -0.194255102204569
1.73185464714002 -0.745453256006674
0.909428195347654 -0.111689109752228
0.118992301195412 -0.154684687516387
1.45074930103141 -0.317985866993547
0.853738010240689 -0.368419238586338
0.145799601534322 -0.372052549466689
0.168274775980227 -0.281842917623513
-0.210048752075841 -0.0160731160958533
-0.051502147567499 -0.19295120510843
-0.133435135020381 -0.169419157390839
-1.12039853568174 0.347432134652298
-0.099922535385579 -0.137783387615733
-0.27904553865037 -0.0361551517993133
1.18953182608938 -0.67902483125991
2.30335489041118 -0.694045191040348
-1.08564135123585 0.0564763649939691
-1.29164959549907 0.452372297684312
-0.157571270146505 -0.241081661276794
1.59199930249173 -0.327219523843418
1.39390626817407 -0.519184485633827
-0.135410547924203 -0.228551667556425
0.347687090718528 -0.328168496275853
-3.62343290190837 0.442749834609834
2.52847780028049 -0.106874654899412
1.65376285069427 -0.110933083336308
-0.45739939392626 -0.0110296395821727
1.40049321419683 -0.450715540788354
0.0027950609502062 -0.110283756408804
-1.29707380887714 0.157627516441236
1.18992610889756 -0.0304752246755969
-0.39359631239212 -0.00892173365660492
0.0722487082933727 -0.300884455095789
0.156544974777285 -0.404051940035849
-0.210400688337133 -0.187966805056896
0.133367799354141 -0.0548356357918172
3.5409356016784 -0.417263072058994
0.0943154640800852 -0.262992022344963
-0.463737203873926 -0.00167957322902553
-1.08657560349485 0.381263921421911
1.11892580902073 -0.0136559154235231
1.09975461545021 -0.361123996930628
-1.569221242806 0.217928846580564
-0.89063199399928 0.170071773785029
-1.05658252666543 0.20992973333378
-0.525518743801494 0.00868171150245478
-0.0945436869972055 -0.177279195196801
2.25318838474593 -0.672760995971754
0.648921011617583 -0.0332687886852094
-0.212722132875161 -0.181345990160339
1.12609730160539 -0.563906625537008
0.387398729892014 -0.380168047347805
-0.399068931646406 -0.046475409928243
-1.06527752716453 0.0021910141535644
-2.77129357810318 0.310020632034504
1.01521219980685 -0.152931526188641
-0.33617592891042 -0.0016698197963323
1.54958732442884 -0.311659972013644
-2.0436365242533 0.481183768295082
2.05555982385888 -0.613969629180153
0.0364925964486325 -0.162566139329861
0.310669202346625 -0.329911544019497
2.03086472269398 -0.176657721229135
0.694038425354167 -0.213556678665706
0.897158513271505 -0.565756642260775
1.43319859812271 -0.0239581755229592
0.598951625818615 -0.0168994252067574
0.726184587303007 -0.461819187636695
1.06813200644714 -0.324174646012028
-4.49559952063838 0.366946712244873
0.0077504270898357 -0.317449182323835
-1.76011018466995 0.297246209189953
1.64941108317155 -0.503699878895666
-2.68556323222258 0.757558696226728
-1.28954606320009 0.0706448317823816
-0.399785861159081 -0.0109354298273205
-0.00107382550969455 -0.0854744775272282
-0.216896509411761 -0.141688424920198
-1.06855033750932 0.168657143691381
1.09385954186445 -0.280705962609696
0.908762566894952 -0.437409856508748
0.461865108609625 -0.255357834064403
0.47807226292839 -0.0337331623406833
-0.605685061203986 0.0374961555117767
-1.55207490956432 0.0360384181352743
-0.0373422663028425 -0.118874987978228
-0.252983225942957 -0.17058081216384
-0.714606119634328 0.0567282315151522
0.0826350834311952 -0.263856968126481
2.12617395537516 -0.16471651329061
-0.032406815969484 -0.291352431014088
-2.50537210143246 0.470153309277315
0.467691611139544 -0.224424216899236
-0.311838507669774 -0.100451225110229
-0.987108590233447 0.17808897634353
-0.709515894391355 0.0755619289333992
-1.33261924619224 0.26638786138637
-0.749405696805229 0.112063428729847
0.0139926347456784 -0.00111427578355983
-0.16823472813633 -0.0494787933438008
0.203409013841072 -0.0411311688552927
1.4429799866953 -0.296096579942584
-0.926632042135856 0.209668352349376
0.512046641506723 -0.203309244484963
1.84033791143702 -0.495051256365054
1.67550886639919 -0.12789658713778
0.684938415262614 -0.12199013371503
-1.37903570304401 0.480281093279639
0.799827479682415 -0.100354108446845
0.579804933048812 -0.54092928804773
