-1.28385580523927 -0.654910854013853
-0.120186995442784 -0.270923224949517
1.80609309035729 0.486095894563943
1.81483087803458 0.523745999431356
0.952388746656323 0.00730971256210487
-0.199532242345274 -0.228603660200495
0.735144442451826 0.13989422220614
-1.07101448258586 -0.197759704529367
-0.109172312098088 -0.309558300393426
-0.250850381898599 -0.339957103444847
-0.567498055369148 -0.493928597458588
0.853241626370178 0.228553336322344
0.304864093573877 -0.0650983916982227
0.639498403690802 0.136934997992197
0.853041570777688 0.318426265543419
0.484937371096878 0.0565202124671693
0.639385734945574 0.135181051428901
0.952079070611134 0.381759087614699
-1.83291016624946 -0.566014260575704
-0.562725119650319 -0.409558118653461
-3.26308687810278 -0.132558587000666
0.0304656837802315 -0.239481547765073
0.597756718523353 0.107696713406792
-1.60086038126025 -0.0387261755040673
-1.62501682856053 -0.417034121505262
0.0452487048887854 -0.105121076047893
0.666411330939463 0.150916034587406
-0.55071929422222 -0.171596443999412
-0.298531571215608 -0.447548163940872
1.0063797749649 0.381176325867414
-0.252949899791376 -0.183936491194496
0.561015275479349 0.100624630352205
1.46644670744259 0.0438156701835508
-0.223556379937682 -0.437190988929633
0.302374321046989 -0.0351739281440713
1.15460603556044 0.410450330557164
-0.369521267877368 -0.0514877055323608
0.495933299148679 0.00276024109063354
-0.168456845786642 -0.350707785555832
4.82264079962858 0.065196835012917
0.622041163181794 0.221221456239123
-1.92760742844914 -0.00616304697008533
0.098833683530232 -0.0643755372147295
0.642393776949145 0.0422098984194615
-0.4116081288903 -0.143877283747065
-2.30330196080725 -0.466858017071989
0.374052099736028 -0.000409542848219649
0.358073661955187 -0.00546900570498112
2.07196537355611 0.268502028462075
-1.73416150084413 -0.00678580774620367
2.78672083062661 0.425147764150263
-0.30773667600071 -0.107956356895387
0.458332019800549 0.0352718191867794
0.604652686073752 0.181591530860748
1.35508872970177 0.50041621471897
0.914156651795819 0.144367815664353
0.616930579659718 0.0407629100381642
-0.217619385020701 -0.407359648791584
0.025252753136291 -0.209214073197375
2.32542945624039 0.49520015907532
0.56863713508601 0.0401445351515694
0.281308053795702 -0.0901068374679956
0.836307035447678 0.358242417043828
-0.963924320088147 -0.589396593225188
-1.60148261996939 -0.0954805891411565
0.959827344169958 0.122047965479329
-0.274795446548845 -0.0226443399599525
2.05562528633821 0.666473819011662
-0.556516129608733 -0.542388352847288
0.329078070427807 -0.00262148656550485
-0.622301615641002 -0.511365438322815
1.08107284456282 0.0604842797889309
0.736190324788549 0.170751868800053
-1.48825122094669 -0.34442965155046
0.316548067950171 -0.06720167777916
1.03539641641657 0.186690304539615
-0.618524805034944 -0.100382948577508
-2.18606170626573 -0.32844077857025
0.174686563743589 -0.165626973842067
0.968376666098421 0.228724960450898
-0.973781536876145 -0.263733175706536
-0.0296313093493141 -0.313138448940946
-0.204998020823609 -0.15385670181711
-0.0593357344170929 -0.340413069029582
-2.32046248967816 -0.179112789982905
0.770502520439566 0.234048535686239
-1.71711249856172 -0.10726198160097
-1.81521980500958 -0.219638482389915
-0.284149395030185 -0.243168827424309
0.395074051633879 0.0162389708767191
-1.03695895369438 -0.636972574766177
1.79253122283871 0.257018778754466
-0.652127886262187 -0.0338610402193625
0.326087685815038 -0.0254460907407339
1.11287828284793 0.442033133101809
-0.257207846381085 -0.0764289243240538
0.526658578112968 0.00691671180102557
-0.55326059331628 -0.100363479594251
1.51910977778422 0.556283492751006
0.288730022250682 -0.0124601079265341
1.60053941196483 0.556107771233148
1.60699617976113 0.0928747950428892
-1.28074453583454 -0.135037126513394
-0.301607157421256 -0.225253673473269
-3.03591713549714 -0.769886227123488
-0.297940704408747 -0.466587639376966
-1.47412890707039 -0.255003329537557
-1.18121575466852 -0.0346681213333539
-0.406615964550766 -0.101874758709407
0.563656118912278 0.00671228707212651
0.921590287652611 0.0206101163092679
-1.2462952512038 -0.378289797588054
0.460200257926153 0.0350381348000968
0.806994923100801 0.200869358836116
3.25675354311499 0.115606955649324
2.11162947757489 0.562462738547261
-0.963669327378892 -0.59548018902173
-0.00735668114186405 -0.322373463330997
-0.761431522007909 -0.232911714797037
-0.767164033165274 -0.094451929056794
-0.000997015358473923 -0.0337185710974042
-0.335907942880182 -0.206051096097082
0.265569261714677 -0.0798275088408189
0.91273896215584 0.0835360340515938
-3.11559714540316 -0.780121537793671
1.76888985104246 0.255475903472074
0.651097021291831 0.14538387185872
-0.54961824525057 -0.330775784626437
0.0561379114968905 -0.0904891088203666
-0.601603705111215 -0.489935932416215
0.941444245649671 0.17248663634359
-1.67169338957282 -0.142058833320772
1.08003826661182 0.25459740088799
-0.888604166540266 -0.00853227666954989
-1.4225117016394 -0.461268482467198
-1.31952309664333 -0.552262876254772
2.80764348667122 0.474148396058535
-0.00246139516249746 -0.189665897944662
-0.429585435467753 -0.0290329771611911
0.418627723163263 0.014751750602036
-1.76706028241381 -0.136323596882087
1.66918398425647 0.165556129629054
-2.18648088310659 -0.227241608627643
1.09309659563091 0.440847466539382
0.0633263952037562 -0.283635279246847
-0.865180691730573 -0.52985765474903
-1.94215741360265 -0.172907434430127
0.807039115910499 0.33039863534585
-0.652062261364012 -0.0119693895265365
-0.456430702227543 -0.00331002878671073
-2.04517483840496 -0.0444849074146374
-1.69878234610969 -0.675206903055064
-0.334221500540373 -0.476445619679071
-0.604427936254044 -0.00169431231955277
-1.2521909762809 -0.659242739695668
1.07251439357807 0.439959439404855
-0.055754310193954 -0.162306961652824
0.977758664468559 0.150960331243003
1.51561322554004 0.264035596571526
0.212159479322189 -0.0861698639623219
-1.75979720152726 -0.115024960009521
0.150544096737347 -0.178349981677489
1.38438059839314 0.0342366129914295
0.0062546149082402 -0.260483627412497
0.199271295956068 -0.0715093473583946
0.0188518248550658 -0.22631602944691
-0.196056905455493 -0.168564099698326
0.708200908381762 0.269503039386379
-1.55108789181444 -0.173281818052643
0.707726621963463 0.170013263900152
1.57623474132004 0.532028383821519
1.60198243089711 0.0481419442410214
-1.11757505613956 -0.438598865271214
-0.646612772234213 -0.159537892393644
1.13642480930647 0.146576828694261
2.05879983573568 0.656940793380137
0.112936744077823 -0.12285956024401
-1.71628271393626 -0.151481582417932
-0.546346284316219 -0.213904609612241
0.238039397376665 -0.0845322785275062
-0.149508204550382 -0.0817529322811567
1.10677403660468 0.313263864627237
0.55892144113263 0.0719888302920841
-0.183060032119147 -0.0145950104820754
1.03856776959881 0.328640565792472
0.964813414068632 0.0514075813162691
1.72678981490762 0.576977906403385
0.179821072286486 -0.129703597319683
1.70885209926997 0.254872507980898
0.682691836610894 0.185464904511876
-2.50567703269352 -0.285225707082984
1.40230691002428 0.339834635720472
-0.164767939335105 -0.0641766293859036
2.2855000404551 0.705030897996841
1.01020314291709 0.416655559267014
0.849085156521906 0.0349165239447062
-0.700494812958704 -0.0428956379468248
0.25129881759493 -0.114203828126737
-1.22852867747287 -0.633226246612666
-2.11365485762002 -0.244057581710029
1.62339267799571 0.264213009617175
0.464254548820165 0.0843942903120297
0.763944001450949 0.0648862166371506
0.644293293230983 0.162580203173954
1.73069276601574 0.30248226433775
-0.683178109888966 -0.276749860514839
-0.32831292033902 -0.230222020782809
-0.384987692338504 -0.285395924416528
-1.26318359441246 -0.511290019537154
-0.929387632710897 -0.398113399378587
0.98947613399142 0.13564895110686
-0.590484930513084 -0.175130198981165
3.19485281045569 0.337037511632277
0.187248675956806 -0.11729635155869
-0.0206771199866951 -0.212349046076364
1.12692375599008 0.197279721731817
-1.18973265887833 -0.350904925589143
-0.0336088563103148 -0.27546537719981
1.28293662880486 0.145858825794989
-0.0631576055849304 -0.281608643115063
-1.51474061331498 -0.599408563953925
2.79354173267043 0.225742693943551
-2.39180490172109 -0.372928974395233
2.79070371589666 0.100658980691964
1.98936377851002 0.485977833286727
0.632559578406492 0.119273916624794
0.836000942293696 0.0893032320458848
-0.156696841668744 -0.282222703097659
-0.893660949007498 -0.357592682409577
-0.795784618525141 -0.237886026242438
-0.155856822435982 -0.266748338878146
2.73688152299794 0.630236337305468
-1.19351621563573 -0.0841262774682484
1.10770361394413 0.0504982484923185
-1.50959307351572 -0.696565740114354
0.821839620184813 0.329092836147247
0.877409196832493 0.228489109688293
0.894233982103175 0.21814976626792
0.675125324434155 0.0566312955348451
-1.07848661091565 -0.397710839723343
2.54839531124953 0.584817201081037
0.60329363474455 0.185396049329542
1.6679911921365 0.4352819274848
0.22390853592172 -0.0294604626931825
1.3652497423797 0.215294983685882
-0.486715067613083 -0.450842529524893
1.20270438927031 0.233566067441634
-0.627311808460973 -0.0697502033441134
0.743284478170485 0.150717749604293
-0.24291938109021 -0.0573614688243659
2.63088249251702 0.460488837457057
-1.16874305137606 -0.538149086622747
-0.558549477028833 -0.312977427370021
-0.0894997755516988 -0.322072458354397
2.00232558794163 0.0870860562196823
0.510987979494225 0.0417661541767588
1.58975239388382 0.316885901522967
-2.08449811723642 -0.0733034418465034
-1.34313896114175 -0.347834229280174
-1.19030481210464 -0.593216031658355
-1.02371889528933 -0.583847256244738
-0.22900617968818 -0.299294753601649
-0.978145342577971 -0.530165959615546
-1.09567625713632 -0.578068482017302
-0.158874946941083 -0.120453932850321
-1.61341175886215 -0.422789143349063
-1.23207182790095 -0.620181821188955
-1.31280439434821 -0.570170888857447
0.184761767940599 -0.143241008494657
2.41425783690553 0.266958155302873
-1.58739686856463 -0.160495757671672
0.741020973038223 0.241366462679555
0.510103792926737 0.0921620201276619
-0.567867890810844 -0.267724763301558
-0.13110417569221 -0.137550404466418
0.430538051512982 0.0363730950044172
-0.208459212867595 -0.152642469573415
-2.979954809119 -0.812987998123078
1.07725476779545 0.0155192885251286
-0.540458662887616 -0.25234933293247
2.27285583870466 0.243722851630604
-1.02206483788839 -0.381443363392635
-0.212397121401298 -0.203206202793683
1.55081048899299 0.26082443774464
-0.513822877702725 -0.086981308108475
0.306859160020232 -0.0653827591075085
-1.49610846937799 -0.212455151834078
-1.32345211366763 -0.328536766620873
-0.252284093205846 -0.0146102427763435
0.150288436153934 -0.175072381642188
0.124835894993993 -0.0576001684369662
0.419282147819922 0.0450933069052353
-1.61542166904217 -0.407584132669997
-0.176723988290974 -0.194741018349905
-0.671830323275234 -0.0535000523353956
-0.870425849623142 -0.433204922035435
0.410230568509339 0.0070496396349912
3.04705787548771 0.75168335865585
1.39606916732251 0.392915599234921
0.932756585563998 0.166830722932935
1.61745379206429 0.256446356691253
-1.65674798274568 -0.202350168834277
0.190045045579425 -0.146026496205506
-1.65279081884304 -0.634009143706871
-0.267574185398139 -0.350856860536598
-0.718773994649329 -0.536309020419476
-0.404239852015532 -0.312189745923112
2.11974880114574 0.482962700372216
2.87504344724926 0.270244254709029
0.258066623761375 -0.0885498452399592
-2.78086841889847 -0.163127396019016
-0.546113251023171 -0.537321418954797
-0.0765402861655366 -0.232337706374003
0.601794942464855 0.0602110668010842
0.860886014062334 0.381244940705527
-1.16009154489615 -0.423535366876487
-2.22946875344984 -0.634190329166798
1.62054812848497 0.104007458327928
-1.27213580321924 -0.607276335536763
1.29343519565553 0.424203738119973
-0.993226539864868 -0.591810561807043
0.0613830935601436 -0.26751660691141
-1.38865479372587 -0.477300578097462
1.29553841833724 0.486697851280359
-0.582710495086801 -0.235754611461363
0.160229106470589 -0.100022316355243
0.595174203442027 0.126591352745418
0.893621724052494 0.260664633941049
0.849834800799298 0.287731951670899
-0.956737022069589 -0.448893840539467
0.485302608504896 0.103900554141955
1.72765257183996 0.400244951054892
0.565220054631782 0.132269521934932
-0.762914686862454 -0.157784106363476
0.2715984518244 -0.0889422154583563
1.95100963032155 0.64111829386739
0.84680582674041 0.0151193808937661
-1.66047631363521 -0.575165720426584
1.47832906619712 0.523274204993585
-0.181145089894524 -0.238821286754837
-0.583979266757576 -0.320742404360474
0.119755106590705 -0.171642140054953
0.688064307559002 0.0937910729989229
-0.991092500155737 -0.640545961446297
1.68054965326076 0.0937666702045841
3.43577881178514 0.395052227376138
-1.57331322732432 -0.201910500953775
1.08274592310512 0.17172539271108
1.97511788137541 0.0262895837092703
0.272687687027378 -0.0119785527416211
1.00511979319084 0.396039546665407
-1.88119407960637 -0.544821042327559
-0.724191465175152 -0.525622439840933
-0.38056464942399 -0.251269809357248
1.59558114437969 0.0273749668719165
0.514212021010527 0.118837652106684
0.279902721903875 -0.0282987808958403
0.521004926309782 0.0380020601790525
0.920483356989059 0.319350820638234
-0.439514014130132 -0.405797907644886
-0.212275948071549 -0.363388234772742
-1.93659743397858 -0.0223180248444123
-0.986915090903606 -0.343536032243697
1.5588597535859 0.343043935277551
0.15750698293601 -0.205846041831627
-0.415380992890392 -0.461496749017261
0.112102830414059 -0.090286902738747
0.254378513244007 -0.040925193079742
0.253121757550969 -0.123784066316968
0.0210453105601883 -0.205798989415842
0.361965252108751 -0.00277615641344322
-1.25403250326533 -0.38238040304227
-0.177310032809934 -0.223619931565655
-2.84094549181944 -0.275058462724179
-0.25227916928066 -0.356771361392834
-1.22701658677808 -0.486782291961935
1.48274626413307 0.546725152695764
-0.87879474224735 -0.623724806544854
-0.737827671275801 -0.0393368791748839
-0.0455164306502356 -0.0603898223838954
2.03974447944367 0.370925867725774
0.436344469288934 0.00574185949772432
-0.449807723637201 -0.468760730346868
-0.902401364097758 -0.253412040974889
-0.669354565411571 -0.205221315937708
2.79743552141521 0.159266804927294
0.266693569373211 -0.11488135124035
-1.00847204452077 -0.577713556757597
-0.68469166309041 -0.330948802308695
0.632048336217963 0.139816967156257
1.74744112964159 0.542174518704017
-0.344759247757163 -0.398347286640492
0.929640439934508 0.218646998593354
-2.6067623284503 -0.499249608486562
-1.78713547166833 -0.178732005967537
1.1436232181647 0.286248702149909
-1.84772383897402 -0.739048676982124
-0.765076603801356 -0.0620658258116074
0.37086225791452 -0.00318191340235503
-1.44622663037215 -0.426742086167032
1.18889396028705 0.24396243541465
-0.760263223491422 -0.373762560027213
1.37289660173339 0.0464920233367992
-0.929869472339931 -0.576199211746536
-0.905951817080368 -0.568000508210763
0.930421758871325 0.299738095247934
-0.880793739975256 -0.290463082767613
-0.184325876330972 -0.296193970296404
1.26708729766885 0.476762526594492
2.13455973687288 0.574576650232897
-0.0621462458103276 -0.28127177581483
-0.183245249039688 -0.339934398351069
-0.28403254103264 -0.0368759929634069
0.138401557034045 -0.193281480262818
0.136668921364044 -0.0417532742663113
-0.48062500399544 -0.00536120125707923
-0.737410210709338 -0.325771276181445
-1.4170238382912 -0.601751962608051
0.82657709465818 0.200805988068294
1.07734920431633 0.430751546354752
0.801576633330221 0.011079749252257
-1.47352775507656 -0.664921748676157
1.96636380279641 0.25166858962829
-0.764648470248502 -0.0761564520613138
1.36253101647088 0.561901327442315
0.787235189894861 0.23533900691807
0.393621182183209 0.0137979516099105
-0.166725178371448 -0.0644336579002917
0.659971661496784 0.0110578882105874
-0.736269029098404 -0.11257899446754
-0.369715170546526 -0.347694271224999
1.8951533920602 0.126219232571427
-0.168945952061404 -0.371782605686771
-1.05592152980751 -0.468143471709799
0.0164039679210338 -0.261134539716592
-3.01897630722075 -0.450166236617081
0.583849642372192 0.0511379543832073
-1.1986192848451 -0.311938925132687
-2.03519414014573 -0.358505362605248
-0.0709111353399709 -0.282940951057571
1.21421515235081 0.42584626714052
1.41375826814285 0.497154200451876
-0.297690031992665 -0.0602429777582935
0.70796841924176 0.0434434086540917
1.5991944601847 0.500316930688492
-0.804013894248553 -0.421325619772061
-1.50498247452595 -0.453026688602175
-1.0256518323595 -0.485771024414254
-1.23527853566373 -0.109376947767596
-1.09695269718509 -0.422019143338299
0.361990344152215 -0.00683060528224489
0.138382828534505 -0.110980146734143
1.24547250928927 0.257087986451135
0.0466689570713461 -0.223502928018333
-0.159317471605396 -0.345286001442062
0.586400450696189 0.0524209748269855
1.24167889265922 0.0289024957333243
-0.330012618304499 -0.240226507902993
-0.424015730637171 -0.333109855616738
-2.10359497342007 -0.621202388511707
0.263046492656851 -0.0690956602295802
-1.07286697834562 -0.485187481701794
0.113613769185215 -0.171435699297284
0.00879105659520576 -0.0213958056607704
-1.89583128238221 -0.298096772639967
-0.975394119322742 -0.623851999648061
-1.69095313672445 -0.685494196219155
-0.140559221195624 -0.26748743753647
-1.47004791489783 -0.634066108374812
1.04949456882544 0.187984287361792
2.04896301416065 0.331626045380681
0.201407880055618 -0.082923197917898
1.137498212874 0.341644459259201
-0.633929702056386 -0.344850837691813
-0.829826563309111 -0.194156195561854
-1.76208996748468 -0.557503027617791
1.07901783117341 0.273534980724979
-0.32454130714988 -0.0307119562242673
0.156705138691523 -0.0197757916484021
-0.0273328772627232 -0.29168911388965
0.219362611942893 -0.00561201914041032
-1.64393104565522 -0.569094091627495
1.31670368618685 0.167033628487974
0.545402594685814 0.0529629832647235
-1.16246014928263 -0.551239810186998
0.72571298811099 0.114133615220485
2.84206491204505 0.155380534836269
-0.332236857317692 -0.227218261588742
-0.71227563773068 -0.0398415263024656
0.24805950606612 -0.0314242920772571
-0.224115077126068 -0.0360174303297275
-0.439623458249871 -0.185845461856683
-0.616827123870669 -0.03402163036175
2.26948952950848 0.711563824286067
-1.13385056528274 -0.270751190487594
0.746548555773005 0.213448559681555
1.70033648756193 0.107642592909479
0.146024792127851 -0.0781773463953723
-0.954091155799781 -0.353267984185794
-0.561460273717602 -0.514117454758414
-0.927861928131966 -0.212562271366552
-0.033260884204403 -0.158795019491478
-1.00931028438743 -0.215013265919722
1.83402875315614 0.180635760543029
-0.145811409294484 -0.324808598093011
0.0123855729666657 -0.0322913436477436
-2.11379382459158 -0.756033417746395
-1.68756803671909 -0.347280856314049
0.183744427336129 -0.0754261655330294
-1.39131189522338 -0.0467613050124544
0.211659796184981 -2.34468179011568e-05
0.703613295825127 0.261729313940734
0.928215261666562 0.0455256768467877
0.844980194492751 0.152801681839532
-1.0688761689563 -0.147803418981473
-1.52207197382624 -0.66145371949403
1.68832074524076 0.299802028128141
0.633231949252311 0.117582828714038
1.58365467981595 0.533805188259931
0.481746494420016 0.0348035143241995
-1.81360273377238 -0.29598916145577
0.529334434412425 0.0861062344116636
-0.286962448585003 -0.102403550476481
-1.46322665358763 -0.0071779201888278
-2.17420407805266 -0.0862070456866624
-0.104688482557615 -0.196322958775798
-0.20416163546 -0.243733165909601
-0.533071706974226 -0.0685004531954587
2.59414056790401 0.0662172915346731
-1.95015490227273 -0.328850377072125
-0.916890570010215 -0.464370257543209
-1.31273730683808 -0.328144993343034
-0.152431459897796 -0.241893401711253
-0.687526056388164 -0.497610654163054
-1.62833374824543 -0.473583938509496
-0.235071470551035 -0.212836304644477
1.02193205072816 0.278248585660202
0.710629473578958 0.200442539393327
-1.03074221293387 -0.365483354856555
-2.27601542300593 -0.728631528718462
-2.73043608233732 -0.569313323542053
-0.134376874334081 -0.16449611378582
0.462628328198143 0.0986357858417439
0.263453276299931 -0.073570588311916
0.359263104601666 -0.0121141648649058
-0.102784741558756 -0.291863327339647
-0.846721221484078 -0.309797234454247
0.166072352362654 -0.0464143532410648
-0.539725408157238 -0.124858334709397
1.97797190100665 0.612084502101754
0.658176154348332 0.0999332575254981
-0.525257267978424 -0.306927905178056
-0.239749232517014 -0.366231825957937
0.9763801555031 0.100292027611273
1.26874220273168 0.2193982038814
1.05352140231258 0.156578387072062
2.39185947593148 0.711396032250261
-0.409395074583979 -0.00778723881384365
0.28819642475031 -0.0614468436649531
-1.56528696101892 -0.568421116701766
-0.666457659669765 -0.374101452033741
3.71295123438135 0.236937466160851
-1.44727943161215 -0.20789443592045
-0.576905376350572 -0.213698537557251
0.200354288259146 -0.0619063574604833
0.471647999336851 0.0657254683012768
-0.615299490815649 -0.288977945672564
-2.65248252926636 -0.0131836987543087
1.19589683504134 0.0195848933113847
-0.248431079444982 -0.0425525487197046
-0.948309942871229 -0.520674218174337
0.453266006253853 0.0348534068627418
-1.53462568544199 -0.531664120484332
1.11365917794772 0.211313751358555
-0.475219904043382 -0.412744178925105
-1.2448969668052 -0.177230757145652
-1.49413652977419 -0.672686433881824
-1.3920589596638 -0.647136579735025
-0.691833143257055 -0.275500210954639
0.411837018278845 0.0347336712363593
1.79107169157288 0.010179116012446
0.161141542838034 -0.177814235190853
-0.501119749311569 -0.333865942222006
-1.15564125188538 -0.0833528259301191
-2.18612923674011 -0.215391801972207
-0.312940980410588 -0.458290718353903
0.321878776492359 -0.0581288119726575
0.0976685003325883 -0.0405992329038038
-1.61341983645421 -0.062703647964568
-0.680242858422395 -0.127655810768809
0.550018689578012 0.0185198544172628
-1.30417605538081 -0.453210522083434
0.816422052405582 0.16677148195936
1.29393207076697 0.41950648316742
-0.299118463004825 -0.0635535361314525
0.816431480333431 0.341405170098739
2.01518491003097 0.533092271234592
0.726792863630052 0.0963765265120322
-0.668120565970841 -0.439820297420336
0.0371043927224741 -0.195229415893711
0.230331791466163 -0.0442759540697233
-0.328118553640382 -0.358656572426259
0.0889898105785113 -0.155676655265497
0.198604260209012 -0.157959663370007
-0.307257927275804 -0.105499494285448
-0.983005306977772 -0.0558275629686051
-0.79383338884886 -0.532470545494976
0.815128312470963 0.167650322802367
0.490936715654392 0.0350837941409412
1.05560912421599 0.0430488676486521
-0.223487564676328 -0.416388571141723
-0.918757293858275 -0.279460385021624
0.282537310792894 -0.0614552551473256
-0.252939138231207 -0.0396481716265525
-0.504255029064858 -0.00684618125307489
-0.265760252160473 -0.248272906957799
0.362803074103934 -0.0101481931061909
-0.222796015997398 -0.0344102130635129
1.32274777990252 0.250461946484269
-0.355349686902574 -0.369832703988233
1.06855650288175 0.172268922966623
0.530029728644417 0.0382288994687863
-0.366502175875018 -0.21261092486893
2.09519613242481 0.627940622201845
-0.023385660305805 -0.087969779988592
0.292821625611722 -0.0449009661856725
-0.742512970494916 -0.595137088694504
0.170378162280229 -0.0956933552240397
-1.13014862270223 -0.198237220348624
1.20479335667088 0.459352138787436
0.485072816133711 0.0759901002281285
0.44474243367746 0.0746788501888841
1.62075864125433 0.112709156045249
-1.60881212026616 -0.659094991211165
-1.75295912800152 -0.426149300772603
-0.926433487984234 -0.0134496756490047
-2.89098505053525 -0.276331476819928
-0.652189002607957 -0.402494782637055
-0.764006811979682 -0.501962714690996
-0.43654981907894 -0.33071906393402
-0.808200960269364 -0.0943826754984936
0.912982005531848 0.207222345691946
-1.5946010285293 -0.102193170434255
0.0842935473824891 -0.166222837970233
-1.89889711821448 -0.701796057027884
1.020449664547 0.236305770764019
-2.96334042586649 -0.327041813149404
0.477740027639642 0.101764921476709
-0.539509850240752 -0.162512004528144
2.01345701278828 0.26581090891672
0.249264526493142 -0.114783921111197
-0.650869914263726 -0.337480336658133
0.969796087575054 0.0705479405927675
-3.66184891617706 -0.681040830414355
-0.545641755701509 -0.386995948764785
1.5250734759953 0.380069299402931
0.513983421095473 0.0114991820093281
0.753983841953866 0.138494942540753
-0.0349624318820647 -0.0472361849550099
-2.43378570550261 -0.0550011510717327
-0.448773401977251 -0.429700122390064
-2.26601351347121 -0.733554134065902
1.27885628042791 0.172187563060784
-0.911571418489531 -0.359111630734493
2.5942179326538 0.396141716364509
-0.832490273429004 -0.339001448744307
-0.448797877047387 -0.135323610654986
3.55098272818868 0.259540494034744
-1.42323785229369 -0.0649482794254633
-1.43805428308401 -0.682273677306038
-0.941828215036723 -0.292113186702019
-1.25058035507218 -0.653638491246454
-2.62303496851663 -0.166195091565688
0.350010051227076 -0.014202575735614
-2.49413294498858 -0.24347100988983
-0.357296811803908 -0.386075149978156
0.387318336601707 0.000458340750052102
4.30203779874684 0.494513537411063
-0.104751880561551 -0.233969680620273
1.81135596200326 0.394567013312718
0.179436083804206 -0.0859678291600493
0.294251612048975 -0.0227922426391959
-0.00197617122475628 -0.0687478876789745
-1.62603633612131 -0.306811403190296
-1.90136405460922 -0.094680628993343
1.06392437991401 0.314570832893579
1.37745376104785 0.349012589737145
0.945940511036126 0.404646615633775
-0.290777857557871 -0.416337473192479
1.34432269600238 0.198609895508153
-1.67903101404833 -0.436680459072964
-1.39845824050127 -0.670128199660136
0.938349535387122 0.255192503813383
-0.932210407391058 -0.471896275779112
0.526883193482641 0.088729451889789
-1.13609192802898 -0.43048472738235
0.00802937269675443 -0.251624851893985
-2.16795006843241 -0.53069768956176
-0.22075168763435 -0.0760598845071185
0.536848255451875 0.0869296776658174
0.0997182943057276 -0.0133899993196838
-2.67323073501854 -0.269054091737694
-1.31176401893655 -0.673846731903084
1.87710541206481 0.662011265812323
2.02295494743329 0.496113327123371
-1.23542413319982 -0.590038994296882
-1.52551848767502 -0.086522911401155
-0.418578453146959 -0.48313004259837
-1.60354461608201 -0.0537936581460458
1.13016329524565 0.200930058745464
0.838485579483905 0.160558786775859
-0.820895341480764 -0.565576999144626
1.79036654031608 0.411830445459562
-0.175760384470214 -0.192757204023962
-0.0048751554020902 -0.292440757054677
1.50939060408677 0.0131544577279344
0.191151809223524 -0.162823277058328
-1.18828652226079 -0.346843805783615
1.0338037961718 0.18678831100712
-1.1837810586836 -0.32235553270494
0.0740073081658029 -0.144301908629463
0.0928863571815125 -0.107679314946485
-0.00863048335098752 -0.0231854595562901
-0.223669726873894 -0.22245732921357
-0.0221794397908522 -0.0407880187786243
-1.04329457205022 -0.267708883320613
-1.1357918804586 -0.0617582433105996
1.45142654290452 0.507849696931593
1.14237901485798 0.150699588109913
0.897458121529393 0.0647168841042003
3.47516440983426 0.585896975749548
-0.983861717194743 -0.632960976317792
0.139516594281696 -0.00705148691297866
-0.524946762141544 -0.456056471836037
1.6546062421304 0.132983064456583
0.861021372041176 0.0556317560861311
-0.676640071027483 -0.446067741975947
0.788943617065298 0.178621097894418
-1.85397253361165 -0.03694825342809
-0.249472090104328 -0.24142666637792
0.0580945662956208 -0.23504193469736
-2.12970003203865 -0.597489948359968
1.65352571219488 0.178391391029506
-1.63262736332922 -0.179516117205564
0.781691887030063 0.285859292335839
-2.04760423232629 -0.435110770420391
-1.23245110239287 -0.162549663476574
1.06214848056255 0.231035923406454
-1.18675667596755 -0.308424691135748
2.66635808890383 0.263593975891406
-0.139068878862424 -0.298328138584785
-0.738845173572184 -0.509464805556031
-1.00772004013135 -0.467613867548001
0.398006936488072 0.0189363947320667
0.427504943129038 0.0363040958086232
0.610828423620413 0.118318210785658
-1.07680481736777 -0.413324296066025
-0.642860803874288 -0.493648962501373
0.947180325408322 0.150998527600696
0.463709196774608 0.0177528313692751
0.0898871402836802 -0.0470654386227584
0.133468852147425 -0.0386219990732528
-0.0111156839984348 -0.21200690396205
0.968434361062858 0.194909397174261
-0.747240322241573 -0.294946581123894
-0.966802688748788 -0.475944266309869
-0.397774690777405 -0.131511418469581
-0.965998476348051 -0.143987002415547
-1.79798739559827 -0.652995684379356
1.80949050045102 0.116141871430421
-1.4239262794717 -0.0144514247049401
-2.02285007854378 -0.309821732689059
-0.11284117437651 -0.284934844406216
-0.309973762433559 -0.201255253648836
-2.46928994823132 -0.795059774362664
0.315534558964304 -0.0364758491289262
-1.9613302152712 -0.458904680833017
1.01054437336404 0.352516904905548
0.0717726588612922 -0.0637998458239383
-1.54902944609034 -0.594687809882232
-1.09543446433124 -0.133123310861401
-1.7336987178953 -0.440337912863193
0.577916855615183 0.0629844865004949
-0.940568176325234 -0.46066799613375
2.73787560518585 0.304739940460368
-0.025701096210124 -0.203203034679555
-1.38759058687576 -0.547354009682068
-1.0411170122518 -0.525028166132401
-0.845147221164013 -0.45710492268284
1.2580190257029 0.278020576561885
-0.58839463789494 -0.484556155399199
2.18104376039451 0.226602315793572
-0.692548153822548 -0.308522402593819
0.997899624489056 0.356743858037677
1.22438017909284 0.0700829665544036
-0.934940929135709 -0.203373488190114
2.84849124489791 0.0225397997878178
-1.46071969320604 -0.320397149252605
-1.15563271109565 -0.379122295577544
2.04518364799972 0.56106807427204
-0.805665273881221 -0.602329729520785
-0.925540146899472 -0.0273475503916062
2.32864554605712 0.232472406867744
-0.728650859473117 -0.116165636484431
-0.502419622712408 -0.365628379020338
-0.525749048136193 -0.44862359982039
-1.56146680767768 -0.455064323867567
0.510342007835098 0.0140295115780374
1.28880994045776 0.308788005682413
-0.0193140304760145 -0.0383144305581285
1.95374841457676 0.173356697566635
-0.563249231199194 -0.108983413664843
1.69600808418389 0.0167164390147642
-1.20323235981386 -0.210612282100839
0.0488971737836014 -0.0263681479487615
-0.356302637415435 -0.290519488943154
-0.448996474240275 -0.0512087484946345
-0.287828964961917 -0.397142824852149
1.82092112720051 0.120489569486087
-1.82697186619922 -0.540983295405896
0.485553287929761 0.0382668508768247
0.616419568349148 0.179002468902386
-2.86957631378363 -0.697577098254617
0.191849230471475 -0.0120201630382782
-0.199564310297132 -0.329596218389745
0.93562680023305 0.306346596094567
-0.0261416447366238 -0.284521203012187
1.31947856800397 0.00723612131747857
0.806579573422641 0.292692488059549
2.38497727122737 0.483522813966698
1.41730840335163 0.548653859413965
0.343257798003709 -0.000405145950605336
1.33016781050706 0.167931320888271
-0.624059766809594 -0.505959892515526
0.392086861830792 0.0109872574664505
0.603036468200721 0.0539072586490901
-1.01491111892275 -0.608492335320743
-3.71320736464634 -0.767325132071375
-0.842759735859823 -0.317513724284292
1.26316621431422 0.414229091854934
2.04474205372779 0.670499243783534
0.866008608642078 0.220949173784356
-1.72308602172196 -0.422654462328736
-2.44612333398793 -0.318655650186153
0.660637845260301 0.214722883292846
-1.08812768827024 -0.0376742406185224
1.53358558979095 0.602894131731583
0.110242273604585 -0.210180329412127
-4.42467657693488 -0.314563522413221
-1.49041736643823 -0.588229705683434
1.9399331824935 0.175624967214268
-1.42745061136215 -0.244287328780927
1.2558307097925 0.327896782976183
-1.30078603480176 -0.534523060682182
-2.23435856849923 -0.618803978223318
-0.510615964848308 -0.46572744505369
-0.473080781798422 -0.238777115580645
1.91465932464757 0.482083306595026
3.74688810446342 0.15472398855634
0.208470302283593 -0.141322056451974
0.999880180376756 0.324220383878725
-0.330096891548533 -0.394145850318504
-0.417785620291263 -0.0548842761727338
0.437707207750597 0.0378943913338688
-2.03083339181464 -0.526459289677915
0.730617864131779 0.214887951579841
0.817064675031157 0.23602145864362
0.862512447567954 0.346411342524389
-1.42354972255493 -0.357867162830254
1.04591151105645 0.125695503205106
0.778916724137422 0.246997401992784
-0.896651606927274 -0.442267285348261
0.462708416469813 0.00809740724164132
-0.581003863364727 -0.103071628500852
1.67910454893576 0.633728783352287
-1.84475836247076 -0.244822725370748
-0.850093148344505 -0.101655721236874
-0.0614290673851179 -0.11813637495776
-2.16086891656205 -0.0416212799462608
-0.860615229979355 -0.0713304245482065
0.0613380256361656 -0.122069547122196
-0.312723507899009 -0.153834353934061
-0.823427068155804 -0.51755391141554
-0.299837760344672 -0.353879509291622
-0.766139187229263 -0.0749352367680848
0.35308939134427 -0.0123234420009096
-0.129999020667075 -0.264930595512203
0.366431367649975 -0.00817020365742148
-0.122445179097945 -0.170188101193022
-0.936746959901301 -0.351614054644586
-0.0450151917229677 -0.316022492904971
0.031879142407054 -0.304943976881632
0.378447134296953 0.000157362766449905
1.5553316552079 0.0688572288936659
0.0738084578661641 -0.125623592639787
0.5748313497487 0.00409979939000454
0.266213705138368 -0.0120697418223892
1.06534167931263 0.222151303267552
-1.19355408142068 -0.0344449578824396
-1.21687481129566 -0.602943963550498
-1.95215547008479 -0.391055465794738
1.1791972254023 0.232691350118669
-0.42459676882219 -0.23737888900627
-1.16251999497925 -0.109387473201724
-2.79365300362108 -0.0480421422474906
1.21564447341861 0.273826908346486
-0.0167067569084973 -0.183303414255116
-1.05001164433259 -0.433197494935431
1.50498561314671 0.57574154508447
0.327510318232102 -0.0527339328654177
-1.24984380742592 -0.438861300307836
0.125656454030752 -0.0375368722093865
-0.327746756798693 -0.00079357047746624
1.162199952168 0.320103431426997
-0.710456395836918 -0.122537328193195
-1.41314163982853 -0.389388196361334
-1.0905630078586 -0.567747938973098
-0.781182160808867 -0.279018322829693
-0.323842821552539 -0.237475256025331
-1.41307280385464 -0.615060196886328
-0.885384026145939 -0.497431686808676
-2.4186782245131 -0.699777542841916
1.60606526467311 0.606409349193707
0.214831818824817 -0.121292058298937
0.839183975150913 0.0576652857236812
0.893238027802318 0.207985798754784
1.30074729086106 0.251239004336564
-1.18121392680451 -0.30331711903606
-0.806283833015625 -0.251937067553748
-1.72889374918159 -0.0513188866767628
0.617520577923153 0.201032551093385
-1.09874171281134 -0.490994530770886
-0.336613976680065 -0.367244134021921
-2.17127438374404 -0.548852945142374
1.3341982303598 0.031092168506198
0.507591436500884 0.0898512903514965
0.00538124943625686 -0.114749797463913
-0.339160791738608 -0.332482586485215
0.411602097614273 0.0264016211561745
0.353286862703313 -0.0160248838042733
0.433511993719569 0.0219564263056318
1.08234355263192 0.435190557481918
-0.25816254494771 -0.0356777084429349
-1.80905477498692 -0.37287758629516
-0.214806613476967 -0.402378370812612
0.191703340559451 -0.0527504196172117
1.08183666625763 0.397183715038291
-2.5185182350045 -0.367733399301349
-0.875438262091512 -0.568283696316749
-1.21817839896212 -0.0852607966564912
1.02356878233138 0.226383090673473
-1.49756230486825 -0.347399623135369
0.145390556933888 -0.000913829521291009
0.676932904207795 0.259295884739182
0.171375355272468 -0.135159288575822
-0.278304410056913 -0.294092523773118
1.05201373633009 0.0689158108176364
2.32671662177222 0.66170075628494
-1.1476489402618 -0.198137142688457
-0.88435080681399 -0.373520426163485
0.131316923320749 -0.224951808581922
-0.965372749410713 -0.579041810646683
-0.228212297408057 -0.372509203250264
-1.15588571696116 -0.269777334466334
0.393400603735714 0.00225409965891446
-1.90918906094653 -0.646647968270626
-0.470886492620783 -0.159512415912524
0.977531677858099 0.306738262302123
-1.06133526036768 -0.189348446674541
-1.87201307504633 -0.723383222351914
-1.363969881256 -0.447582195590491
-1.21199125072469 -0.452405890786368
-1.69440514149948 -0.726159454826992
-0.985533339614312 -0.29370721452458
-0.42405671786084 -0.112121678366116
-1.12385756833325 -0.460046856768457
0.854076557023148 0.0198217010335423
-1.82104887928318 -0.361766296147538
-0.630653809342969 -0.271391379431231
-0.056435232602261 -0.19000721218421
0.503633340584961 0.0867891269561858
-0.457382177443104 -0.177568164949117
-0.389958530199747 -0.117287612774993
-0.42673388157636 -0.080684073317791
-0.692038799046773 -0.357034818327688
0.247271571550421 -0.0345253777892439
1.38954629625647 0.00953969879976471
-0.205738381141022 -0.219369623346343
0.333316213018492 -0.0390398729656222
-0.823468385008987 -0.423619270748466
2.07103616157466 0.0871692333326524
-0.586819014482196 -0.104634011174033
-0.943038985319231 -0.128989757270376
1.0293682572145 0.404169158450405
0.178486554230187 -0.129552474129545
0.762759254002412 0.300867335819962
0.577595943269536 0.145932676883338
1.06509403332653 0.447985272509163
-1.03096652022934 -0.141325418807344
0.769580529087366 0.116404651653028
1.43885661186111 0.0447413509725428
-0.282112243390635 -0.155469203125213
-0.397466143296188 -0.174529200162552
2.18186631501544 0.378499189301528
-0.817269557845979 -0.0734257220209395
-1.02162306932102 -0.25982053944521
1.44129214847265 0.369134143640219
0.626838795790076 0.210793969280761
0.745268679130906 0.0934689328944973
0.233626976098985 -0.0402112722709976
1.29298103994439 0.38088399680711
-0.940231937742863 -0.371688733078932
-0.048681018711322 -0.198184597392892
1.30984761496921 0.183402142874877
0.0709999507072189 -0.10122732568415
1.9947209815754 0.240214093626418
-1.20008511617891 -0.127800097558859
-1.201344003943 -0.227293250260019
-0.140317836596663 -0.0240137912438598
2.40524759966214 0.397364308895224
-0.359362002252023 -0.395773367128541
0.492444469660552 0.0181748003968089
0.750208508016419 0.0701917504887887
1.38858056522042 0.528744718155243
