1.44055148747452 0.0173116149763591
-0.610300349656884 -0.6282123716361
0.212125518959774 -0.137166303260552
1.17872481850926 0.0850668966773759
0.487790537498654 -0.429487021553766
-0.0481225662076072 -0.146606187966885
0.965742912107044 -0.139806376087757
1.14391351563575 0.0149704748913623
-0.325206737798321 -0.466793851327442
0.700171781713421 -0.312947668963734
-0.893238811622757 -0.116266452341216
0.50061007515702 -0.436165760711712
-2.3172180785865 -0.674117943694196
0.42662806291746 -0.137116905600918
-1.30876548975146 -0.569393787524312
-0.0238277154849825 -0.458908790261902
-0.517647071832616 -0.24404905753927
1.20293507016083 0.0191887476993757
1.38230783176909 0.147352311526074
3.43544259052481 0.481461663995279
0.586432870802041 -0.353952800743585
0.674211802353811 -0.320506207575199
-1.50522549789363 -0.147764355444409
0.0425379151979121 -0.411369578656698
0.565433703742208 -0.39956034814072
0.523868135293832 -0.327769570192795
-0.594576091629106 -0.141056152435168
1.56530173992715 0.0174298991977867
2.63831162656743 0.6884023263857
0.684847906097027 -0.199986087602555
-0.0387238086339217 -0.327870163548871
-0.129952533253163 -0.441464378671027
1.12188573831365 -0.00914698299790426
-0.0567731274344404 -0.666568871000852
0.582018371042257 -0.0812058137347816
2.50842576524196 0.253544930037242
1.8529278185267 0.086051325044944
-2.15028394544701 -0.0299982209220159
0.533173857796905 -0.452656106499379
-1.93495460480025 -0.675901837179784
2.34418061066156 0.0673498273110164
0.0689118558238775 -0.359644543389744
0.296597466720297 -0.545528540589209
0.172455705649815 -0.43343743915484
-0.563710001231164 -0.158867301591333
-0.709455338936044 -0.0327536807601104
-0.0790895313807307 -0.557491086727828
1.83786308398859 0.0252143640846506
0.0942219773539485 -0.459551146825959
-0.13244282381793 -0.241568643195887
0.308761412040169 -0.531277808760502
-0.60738107524447 -0.764130854705849
0.719678843697714 -0.187524598845223
-2.46229146268732 -0.542173602881097
2.37553675452888 0.472427111862533
0.689705178607048 -0.0530875246818397
-2.19397664644062 -0.0270192164050683
-0.403107168224755 -0.539693819340358
0.863298640082437 -0.300938847024196
-1.7579871640845 -0.232883868891294
0.29420669484108 -0.650608762950666
1.65788664925871 0.268661118066463
1.97277364861342 0.641387633535087
-0.924912526291395 -0.56025391830503
-0.919346484478018 -0.632889475284054
-1.19134370596367 -0.700078835730299
0.711159383231457 -0.0105501762652894
0.150004349028372 -0.183659099753255
-0.193520777188083 -0.463286944592631
0.236748842190366 -0.414488535432936
0.694701984224629 -0.0279775387180106
-0.972539608057374 -0.271487906870412
-0.978090752614729 -0.346302566790091
-1.62251294916745 -0.253116071347169
0.754631141469601 -0.278609484999637
-0.376145297197892 -0.137836067425514
-2.78110656599236 -0.0636815863764258
-0.961464765892358 -0.390727544883155
0.910963611588262 -0.170731208257476
-0.986831318186164 -0.56406350095791
-0.917986316132178 -0.346571885125598
0.0867464019514134 -0.466303759015539
-1.34296664594731 -0.859022695120177
0.202469561529265 -0.24022211881121
-0.573785399802242 -0.292610486630459
2.15372576153576 0.531972916085767
-0.894471088508682 -0.256305883201463
-1.29767368910986 -0.540293324342823
0.658557868932108 -0.390491489362254
-0.12467206158986 -0.00481302811667559
-0.21830032615527 -0.457957816371706
1.48090307074247 0.115694066916702
0.132766620957525 -0.48976663249402
-0.0214644480677454 -0.380464793594646
-0.716109410444868 -0.61570509971389
-0.1649279129489 -0.00543279589447497
2.30224453414294 0.0493771716757984
-0.402408824168412 -0.154193739389068
0.0609407443558223 -0.593757324393874
-1.10823382405338 -0.634875561993606
2.15681968185173 0.0207888924693555
1.76898032306617 0.435628210138823
-0.013611682624383 -0.728933870222455
-1.77798783219184 -0.333656369033598
0.550102412394893 -0.0937998821256703
-0.42346128083504 -0.461871110726097
-0.448508148856525 -0.139144567660649
1.6152995644608 0.126008178958808
-0.603652141744092 -0.424473127383282
0.365879263050096 -0.106188573207128
1.74339734307152 0.428373045033843
1.53505646016273 0.208670956578451
1.30043760280576 0.237334862824256
-0.126667265222798 -0.359902121502259
-1.01591273201058 -0.826732585170152
-1.60113535023368 -0.6763853650922
0.00923850714564993 -0.567580958094613
-1.00920126424822 -0.0835919612326079
0.816052028446034 -0.0270058602491327
0.852104607087375 -0.281314910501924
0.248271269503203 -0.102644210623867
-1.33676969679485 -0.600641203419242
1.26609860388835 0.148272700902179
-0.631806456496756 -0.391322137151024
-0.557029385914143 -0.090531461439049
2.72980588712805 0.0109928076522809
2.02865025325376 0.679120832145444
-0.642638489944356 -0.476843624403651
0.0577283956509519 -0.474599029642408
1.62068630024537 0.208494516575487
-0.970291097335499 -0.847770089376324
-0.417993822122742 -0.125668733631305
-0.586316198454178 -0.55972645520787
1.08794614075677 -0.0253742970382662
-1.00938502466999 -0.594560866000325
-0.460629103111536 -0.0662172576033483
0.463564185487426 -0.456911812045576
0.399427861820193 -0.514940206414475
-1.33005475120869 -0.0141453941799861
-0.291433800467351 -0.578455652098159
-1.02440737001851 -0.0134150467743155
0.236642874720545 -0.25985425353245
1.18094995301582 0.0388078714710675
-0.649559075186163 -0.733454901522405
0.343836735742337 -0.10842287676034
-2.05709942348 -0.737564526491183
-0.347693374195173 -0.639930272204545
-0.1767673286536 -0.34295316671574
-0.881507382543468 -0.245212820677494
-0.437675693491326 -0.135179913119214
-1.46084904955454 -0.808476107315081
-1.44719378570388 -0.551825465246032
-0.508798294657581 -0.064299563509836
1.41013428531735 0.0792690404015039
-0.239497391937572 -0.38615627870045
-1.39053478198402 -0.25806665695218
0.975751210045852 -0.137982039345485
1.31851937305892 0.251629580610644
-0.831776599265152 -0.557112019516631
1.36316318561387 0.186484063995945
1.36425830674735 0.0702745178574647
0.1793715994481 -0.541959778556654
0.476836537747819 -0.377445159540113
-1.7660687218803 -0.789065979204258
1.04046548031411 -0.104779443071666
-1.23502540772914 -0.0313010043436646
0.318813906985576 -0.268720658534757
-1.03698959366034 -0.365738320479734
0.791211841924884 -0.237375933573382
-1.22934594928041 -0.386236943303117
1.24380157428389 0.00875704245626805
0.0561666986894519 -0.0886082416962808
0.502951036165621 -0.529064425886446
1.07148003000958 -0.0558017203439598
-1.50820250769189 -0.567160878292156
0.997729068390199 -0.0911164522008668
1.46711877981741 0.302932375349893
-0.250223256943494 -0.158784391484245
-0.180196843612487 -0.476054786932782
-2.13387622759102 -0.269785785037074
1.11688805209698 -0.0160378819522283
0.226222654496584 -0.0857091446474488
0.0920817725909298 -0.258180560564803
-0.815833715191895 -0.82906855797701
0.914514500301648 -0.104223942845919
1.36148255799113 0.0183502020992599
-0.387341655915818 -0.0174239470041112
-1.53840099012197 -0.821315021026265
-0.149435075893163 -0.770212628061656
0.713679736852971 -0.301328192920179
-1.61231810527301 -0.0734543838294307
0.487537500542231 -0.243571314153664
-1.31112732230092 -0.60040157965809
0.0354060974833084 -0.492858495047568
0.568962505293923 -0.0339543101414429
-0.644455249920332 -0.25335685603847
-1.32138975521762 -0.236220542055576
-0.0348961886437721 -0.166602270907204
0.329523940750464 -0.439643888831116
1.40581457748897 0.324000869576031
0.830710259127027 -0.240223133630742
-0.925073965511416 -0.742482087302422
-1.54140464321726 -0.419203068718227
1.39826405125879 0.328186197142859
0.959875425294331 -0.114326122056957
0.728380199597531 -0.170957177583782
-0.789408812914314 -0.00783582563334627
-0.535691561614084 -0.710401596219073
0.711067568836075 -0.397041158084673
2.28138526901101 0.741230867582369
1.86092038292653 0.0192281511703328
-0.29460454218015 -0.0363531424224874
0.660035759010853 -0.137092320888155
-1.63076185552851 -0.929944212717616
0.333498120618667 -0.173100681544902
1.59920194545243 0.264950903066093
2.16449207386118 0.0995048352617066
1.61910061273809 0.317810786600187
0.270215740390722 -0.416981729870265
-0.420449565273669 -0.465343528431163
1.24287872594794 0.131039937268568
0.170104861864273 -0.0386730313243437
-0.761630233140564 -0.828260647229709
0.929898098198687 -0.0683215405594792
-0.856262864048204 -0.367975221359052
0.25256031815488 -0.314171605661974
-0.15083257434137 -0.145406404411317
-0.570738083389795 -0.58737989595766
0.0168758437205542 -0.432391820869788
-0.264450704912638 -0.104818539616644
-1.25178432546455 -0.679308186482179
0.0226536019050062 -0.228104277148389
-0.451680832113869 -0.713085582574691
0.582302847591176 -0.466365792797263
-0.977899894980374 -0.580455182141579
-0.272714952450808 -0.257136111084152
-2.29770441578106 -0.259576196764555
0.697066917095867 -0.0193845399576654
-0.559398272378484 -0.510488543544645
-1.11516192369099 -0.181788657010404
0.206097240550769 -0.585877199619094
-1.09405017784835 -0.558268736677972
-0.420842251430913 -0.68345015589969
-0.626301965212657 -0.221298512023625
-0.43288024797547 -0.139472629038586
1.07244346349989 -0.0596000572389522
1.16794911910086 0.00484146215083287
0.415710470776768 -0.493951997020104
0.625445752198279 -0.350773200909913
0.128538479852171 -0.0231049703493501
1.40379072332595 0.281470160249836
2.08675920216441 0.028142020321003
-0.756195930595265 -0.0497496883326446
0.181890084804709 -0.628488385080181
2.58527835520533 0.436306860030662
0.705930993664135 -0.191698462054246
-1.82986323447537 -0.938480158384783
-0.980869344441647 -0.860776208926718
-0.249851030714743 -0.335273673972289
0.929895270036364 -0.239415560564863
0.764028836091668 -0.0252087689897513
0.460570871994406 -0.202683819511323
0.987727906653337 -0.00621968524343459
3.79706642282217 0.619907540476874
1.68214570994988 0.370389364417898
1.49564406007605 0.273286146900411
-1.19092163252736 -0.647153215708568
2.48547043034505 0.180099384472174
-0.543800391758771 -0.623118997185421
0.11253320271675 -0.266557025110649
1.16241159626357 0.0129657520788399
-0.101039010294332 -0.234231242596533
-1.151296069151 -0.831138314780611
0.382972345101168 -0.220146960932905
2.51268573219708 0.297042444547213
0.513267553414306 -0.301118112840955
-0.08262402680199 -0.0496714557872434
-0.795546064695146 -0.697807050853446
1.83009053948556 0.246444765367716
0.813653173710158 -0.285703662683298
1.91594937861353 0.590078963722246
0.272307710083215 -0.282461739715201
0.56746878185846 -0.317544467978917
2.07857786166718 0.653883714076821
0.292365641916353 -0.530022100083203
-0.446188534853005 -0.297819588646554
2.14795887072173 0.00596972748636593
0.0508925400036085 -0.279309178364053
0.394350726564074 -0.524808324143576
-0.0886035280742737 -0.546991286521434
0.848991408876226 -0.0975422216074637
0.692734750879522 -0.389163354229918
0.320187127893728 -0.537714164365407
0.184551792435482 -0.277634185708336
-0.248026375372209 -0.10153758639075
0.784903639057642 -0.35278743680235
-0.852108720903161 -0.640945730183286
-0.25587744232721 -0.560476139363769
1.64929242611663 0.116032488060254
0.512454954342489 -0.429035783473386
2.04648749485021 0.687749303516463
1.5338932264313 0.452431876122056
-0.011525186330994 -0.12656810718435
-0.142201608776314 -0.511601885306992
0.113512155032138 -0.641511490622206
-0.168043177133329 -0.712007346127097
2.02626939515273 0.377819612475222
-0.0952162314382017 -0.58724164522992
-0.753326756023304 -0.129478124395246
-0.00393902100338613 -0.0319422904347993
-2.35586933073624 -0.891051540348767
0.670065313930694 -0.0650613601340543
0.400796963008017 -0.435774850874891
0.406788869769942 -0.0181070939442012
1.11790696709416 -0.0046889972991271
-0.57610450451961 -0.815518063645594
-0.920129315899726 -0.413889147061393
-1.99506433540829 -0.711410380299332
0.0891462756572261 -0.556715746254903
-3.44370124767564 -0.0144503107310869
-1.8812630665492 -0.768580792238281
1.78307520021079 0.135674110111208
0.951499660311692 -0.0302193682440827
0.772960750047649 -0.0261138934318432
2.82528277703606 0.422158199032805
-3.22519973239127 -0.0226544359677283
1.06726820826964 -0.0617995857579159
-0.360333292286678 -0.715410639502716
-0.258620055779607 -0.191132850238667
-3.12515653895705 -0.600428257641325
0.497308957174262 -0.265992120513337
-2.289650319777 -0.263970978782411
-0.306478912247839 -0.0535102010710928
1.76511969566783 0.308057608259555
-0.175284544954623 -0.133473212813637
-2.52756201118488 -0.817523472857495
-0.993320456091067 -0.603614526356043
-2.29382424559899 -0.954335198203834
-1.09890020881528 -0.193154633590519
-0.0146063544063658 -0.656204062544812
3.12255403755664 0.24487683950777
-1.16966462720616 -0.23180222295771
1.31113385421073 0.0449279377618345
-1.64714998514154 -0.221769592117467
0.638023666442519 -0.0977098169456626
-0.506870296625277 -0.704772530110699
0.516256246275926 -0.466425540087444
1.30696338003922 0.133331286944969
-1.35735021573893 -0.827105389669097
0.910202186216229 -0.167208066974857
2.81691741703901 0.664280804037942
1.0001383560265 -0.02814162145972
0.371351680422228 -0.0351532313474313
-1.64615888327391 -0.503660278068343
2.42984342441017 0.730371195450287
0.319920364628082 -0.541117879843099
1.64537656775679 0.485024863966541
-0.177106227163336 -0.292093666195984
1.12407769978954 -0.00442573832639187
0.0911793444192265 -0.604617013011729
0.0937096264815751 -0.629155502081043
0.201680995084374 -0.645472803302503
0.186390641973931 -0.490550232817971
-1.07190499755313 -0.608342912186466
-1.01689814761496 -0.37016387751334
1.66536499628418 0.332957782092732
-0.336798737118266 -0.422527766103624
1.69203272358003 0.452745493479178
0.452688375621877 -0.327448386624948
-0.0111966917425215 -0.410478543836484
-1.72649250820296 -0.446035559237736
-0.0681027848216107 -0.219410621034437
-0.0262178148210884 -0.263838270070755
-1.76858518939387 -0.0328151897971657
1.28996068512327 0.215161928167805
-0.530397129222332 -0.774980822204577
-0.924639748137476 -0.057255785609812
1.80045893692871 0.388951193622482
-0.303255467663161 -0.0950412468341307
0.900878987818943 -0.0818787526869252
1.71257748406621 0.239876925701192
-0.46725388620525 -0.411655547488657
0.462368298814802 -0.210695797766699
-2.02760091556572 -0.508010510431893
0.260456962242524 -0.207976936006343
-1.77376139952463 -0.619272704471523
0.240462271450678 -0.595859431388013
1.7509342297878 0.147205919559212
0.546632677559608 -0.437403433621892
1.21162802304803 0.128809486440339
-2.23074107668515 -0.736755340209255
-0.193757848209955 -0.232265114626078
-1.00529914317202 -0.831841127033241
0.674894438580884 -0.33896713175494
0.290213388975701 -0.173273670757752
-0.39830303281408 -0.169093504071947
-0.0748673708872603 -0.636279782947593
-2.51050985686165 -0.448306125942067
1.42797351693882 0.0873563750400889
0.669551304472755 -0.163251261013465
0.0885918659464123 -0.477757360111061
1.08257580404793 -0.0224510802914373
-1.74630492551454 -0.762149729127688
0.57549235923487 -0.29266442491448
-0.959764345903878 -0.39652350474837
-0.716597114876122 -0.204486363356597
-1.15023031661703 -0.718523557856312
2.25108150623183 0.577260853205052
0.984327104251432 -0.0559300342502506
2.02464901567503 0.480116645660737
-0.0754277578202079 -0.408618863406869
-0.551973159694317 -0.839068847455851
-1.89807174748434 -0.45732728520515
-0.403701797419042 -0.407324442082213
-1.08997201466421 -0.10004613650455
-0.449226591458136 -0.132855881405781
-0.146621352061075 -0.749842464212839
-0.0498113485627288 -0.136417921939968
2.06477738707549 0.484714848708695
-1.50367117944904 -0.569058779362757
0.532146797480356 -0.0895345098690751
-0.179462933699902 -0.338084920880226
-1.66344253423334 -0.608531744883246
1.15375309255496 0.0121406646450953
1.18758308160867 0.0599425882753733
-1.36229964739759 -0.488237786034224
3.46223533019036 0.521008110295147
-0.996005613867831 -0.242457187530751
-0.185398258777936 -0.434794154864486
-2.4350228400388 -0.871777818437931
0.169910423258771 -0.298319985880216
-1.15285138009178 -0.21287601248141
-1.265190843435 -0.281326659274917
0.940336349978034 -0.104689614615579
-0.72549532524031 -0.205915404921075
-0.708073965796372 -0.451825887806353
-1.56422529535838 -0.776398710745211
-0.80243477454081 -0.176064224768428
0.134554669647977 -0.570595565818924
-0.246802316346228 -0.0301208607412133
1.74204503999565 0.482987375009362
0.157182347157798 -0.0583271953089441
-0.28285214461251 -0.56481184256228
0.581719897103904 -0.425382007385472
-1.11863094594633 -0.110644082250648
2.75684998573951 0.450132105385772
1.11259384045111 -0.00448481409425616
-0.815343662685011 -0.725078360601233
3.24488693467347 0.578408495045129
-0.0940161127890703 -0.334873662147829
-0.191226974562715 -0.638861769745483
-0.295194271646391 -0.699143900802464
1.22090645758054 0.0748114568242915
1.01029293049718 -0.0062427267785781
-1.27139004118968 -0.269592570710544
-1.81017520427432 -0.387624516714748
1.2013294794053 0.119240125848733
-0.379505170048998 -0.303138192998794
-0.83313082979217 -0.288144968407116
-0.011685766936898 -0.419079351564602
0.464632766749614 -0.274940013416997
-2.7445102559137 -0.735399978883117
0.533913242413469 -0.312103789197821
-0.910530869158339 -0.0710454537829399
-1.29339032162126 -0.410791656512943
-0.0112487536946924 -0.191579413053789
-1.03535917172081 -0.114598228727871
0.317797251880929 -0.411148098207373
-0.928517446924392 -0.0475455558542131
1.52632742385989 0.104875639810753
0.618145983436302 -0.218914508936802
0.755979636948565 -0.416807799887402
-1.33388810587049 -0.795827367534789
0.387222327151915 -0.543989161466522
0.374214016184047 -0.136113056619881
0.923411926671365 -0.24779887634513
0.540493252950425 -0.386698662059536
-0.539605895260194 -0.00391149630370816
0.943566292407466 -0.0254868783200241
-0.663894612313168 -0.205360733653311
0.0676711037626444 -0.493156567537459
0.680897916909555 -0.0169555588918639
1.39727732770004 0.0675959049342328
0.825399966032587 -0.285907606700784
-0.641167614235573 -0.0735113296615184
-0.0631305140915526 -0.267402839405929
0.63641260958445 -0.189385063913941
2.69278044464539 0.782354568041097
2.40683333286799 0.151116841918986
-0.62560562209726 -0.0549452127556039
0.144586882719917 -0.0788434651647077
-1.26628622530005 -0.0485912760025455
-2.09824015383923 -0.464732722460332
-0.49768102275944 -0.172724389657534
-0.116272562701642 -0.537960973218504
-0.403259267134722 -0.628934575535601
-2.35396979498045 -0.525904595456637
-0.754250682647215 -0.344741967611209
1.37737718118206 0.269081307452763
1.17035481870723 0.00406965702228847
2.79853397247545 0.306162491472837
1.14746643209205 0.0103354498462285
0.963711302401806 -0.186155193802142
1.73913915563371 0.279253864250583
-0.330810934037204 -0.0302650440784869
0.412810289693148 -0.196640108498369
-1.72949683646021 -0.355374065558404
-0.7279519448992 -0.441970312908814
0.956324973301886 -0.220217385414384
1.17819384776694 0.0830291353232371
0.188786953184139 -0.365323150361641
-0.371872549120653 -0.533526159842648
1.91104217966865 0.505991403822911
-0.958939515106733 -0.854553190910644
-2.24230632802248 -0.314206490824709
-0.94941643505354 -0.748385718045873
0.661264325210275 -0.442469260936645
-1.53075532599776 -0.0936415534696221
-1.34904756713281 -0.106784911785428
-1.7161322599108 -0.862840646639523
0.698464212791843 -0.0464125664025787
0.384240263740912 -0.0864485072984892
0.500027085472251 -0.0370100883283094
3.09086676161233 0.821147794775591
3.15851867474418 0.318876300630515
-1.72342977904513 -0.748351702788792
1.03617308502103 -0.0572656577887717
-0.991629435665318 -0.603359097213975
1.06401769163576 -0.0239866846224223
1.48236051541103 0.402493711744622
-1.05197195025893 -0.681713412636265
-0.377587433299088 -0.361763508742043
0.230825070409225 -0.420527591464766
0.626999161456786 -0.222693425785358
-2.03306739193941 -0.312722219302398
-1.82618379214066 -0.22996337579288
-1.97957604898148 -0.451468075703621
-1.55903343873595 -0.751429896045599
-1.82980250444067 -0.931732816757948
-0.582244471833242 -0.218456036872567
-0.492703885953857 -0.700251464895948
0.901239776400328 -0.229847780524836
2.10694910682213 0.620630626152647
1.15645495096996 0.0402386770317295
-1.04967420203635 -0.216732455530745
-0.765421310422326 -0.463295261432732
0.365185048385222 -0.497213535709009
0.842780339612491 -0.188070920056497
1.98816750947401 0.618993275990705
0.957531791484899 -0.152898484192502
0.718646333673474 -0.442899811499878
0.560472604841892 -0.0980166201510547
0.521751256317489 -0.0260410921473304
-0.307852601128085 -0.790718578021448
0.138893624279588 -0.364515495081273
1.43374271435917 0.266915802280451
-1.33386203457644 -0.441711560439509
-1.40427859077353 -0.833380257406063
0.344258242056101 -0.517808708173882
-0.631596566342217 -0.25041564280533
-0.452221695708747 -0.140815885145357
0.234346502050431 -0.23940029552214
-0.285918421579381 -0.210833022350129
0.649472888052241 -0.302535760583831
-0.266500593710043 -0.239599994939567
-0.185412247305291 -0.14805094100165
-0.630134360659815 -0.206916526597788
0.905918023013132 -0.0967365545647573
-0.219001318738684 -0.529648434632029
0.0859728630063978 -0.398779427146694
0.0747896110802327 -0.570982668084327
-1.38100333756618 -0.671883331315447
-1.33632168842103 -0.688946547822668
0.946150977126188 -0.0698627556904486
1.23279218288713 0.0733106047715207
1.63117981861814 0.264391202417825
-0.914504737666036 -0.000200229707881375
-1.33684341840495 -0.454719442504751
-0.506742174242839 -0.446599929388272
-0.219501020520866 -0.0238491554152619
-1.89264087672768 -0.254685971636342
0.482043228233818 -0.0209209956077122
-1.34651215091085 -0.873891556714588
1.0339632169052 -0.024574557019997
-0.197861640938968 -0.118243796012503
0.157008050615803 -0.378200702680011
1.84060522620627 0.472432036599405
1.46021283551319 0.0145094478421087
0.0913148560308999 -0.119750805051245
-0.289999700190321 -0.0861322990928269
1.36313597896489 0.00109448887474338
1.23833515378222 0.155256903701415
0.862063058462447 -0.193547604079115
0.128402601679809 -0.698905635762907
-0.222678999704541 -0.0320986653044227
-1.60584812364302 -0.401307113351559
0.172254100115968 -0.0859837240104267
0.838846210364019 -0.313578437870677
0.385904330549741 -0.174578022208565
-1.67208599143021 -0.646190190605011
0.709316891658914 -0.0406107458304106
1.29520789220788 0.0309093666813794
0.309190336855825 -0.442400256414159
-4.28372985733343 -0.984248186788829
0.511634217488115 -0.377575660092998
3.00480870475617 0.679137932121796
-1.71666054551487 -0.381910788557632
0.298748853215869 -0.170208552509988
-2.91295166195581 -0.328347194195437
1.8997034061682 0.428353036934487
2.74104719271422 0.703203247166149
-1.49055851143425 -0.298433931830957
0.723529842100785 -0.200518198823329
-1.82395735603746 -0.659250589164794
0.660287862582051 -0.156791428511824
0.30277222157278 -0.227564502593879
1.83618820484069 0.427572998160093
0.590948314627446 -0.452666729404711
1.19788389165852 0.102191262840273
0.231898336280924 -0.463610224389101
-0.289378069250609 -0.12174086959831
-0.495578241535156 -0.327586140305725
-2.08402132531088 -0.604453476272562
0.747384950683703 -0.433369323215802
-0.210251524845285 -0.277489281207917
0.338196491026643 -0.574111846367302
-2.87216479976971 -0.892529337412611
-0.56770604418266 -0.468892756683791
-3.12647685644795 -0.530814066710862
0.101921820936871 -0.58563383965798
1.62220376702721 0.0789099198145123
-3.55586334575878 -0.705400048175019
-0.116134864737746 -0.0335514256415033
1.40070803941052 0.216464357672758
0.587476360092499 -0.42881819226478
-1.65942644088245 -0.216071238553835
-1.53781752860047 -0.521863692043539
0.164741139881305 -0.499496635466526
-0.153511385648116 -0.0881566051438457
-1.22158186877146 -0.150441140305612
1.37461877693104 0.126980587534574
0.182181574512161 -0.639619516793687
-1.14348064006479 -0.898198639924028
-0.738235519547287 -0.301600850653822
-1.9886972742036 -0.591400664602724
0.47515038310589 -0.47263582688539
2.43447254885021 0.719517493916342
-0.573409472477732 -0.156423885841895
1.23115164579036 0.131713982798266
1.23068186625257 0.0716163630677679
0.602604914863905 -0.35973144337603
-2.3032338561485 -0.76334839060899
-1.25264609011866 -0.490310365610001
-0.369919181618484 -0.349823959672352
1.13607463517804 0.00329404683657093
-2.21212403405599 -0.8817738637037
-1.18663929440468 -0.307522534020268
-0.601731690388461 -0.0214578859526766
0.55427193835003 -0.27191546301391
-1.21459199772391 -0.545117704106116
-0.214122125110757 -0.549430498404763
1.66638110144123 0.464955503546318
-1.62563178818085 -0.714227500071923
-0.449470078952927 -0.589117172824389
-0.822332096264096 -0.170697148459823
0.0188662992395279 -0.31603102470298
1.1003193019596 -0.0162388788453677
-1.8720513781738 -0.442854447009518
-0.167179547365355 -0.285468952037153
-1.24015102276752 -0.165196769593925
-1.17558407523238 -0.604731166354709
-0.411196821172808 -0.752291036618438
-1.30718176528801 -0.68715179108835
1.03458951876427 -0.136535772546646
-1.1096807327023 -0.520348397168004
-0.596196475767402 -0.809724286495107
2.24457487729386 0.402314869009008
-0.0429012766744785 -0.724459225881391
1.30030598075974 0.192768556752073
-0.515916861776817 -0.150437531724203
0.989593178064701 -0.0956920250695028
0.495728849577089 -0.311469887269665
-0.119723464561609 -0.35597344822261
1.3016964308423 0.126571805341639
-0.956715256598169 -0.748991738016512
0.337361577818588 -0.61058859467065
0.644941568091392 -0.420165961019013
-1.4149573302026 -0.424540231286856
0.667195218146566 -0.472880993552751
0.685876681827681 -0.272656317887212
0.921021149543254 -0.172106023722745
1.91110986617104 0.167398734284994
-0.856888204595856 -0.0549172349956869
1.63152727376648 0.0473925393358091
-1.53792790596795 -0.363593939266133
1.26319588888415 0.0468074185642777
-0.266214228461082 -0.337445396700612
-1.73881645010762 -0.509926064769163
-0.981383601982285 -0.5015202136083
-0.272261667538095 -0.663579032938886
1.65422215680308 0.287283182752892
2.3832182450242 0.418912900020957
0.109971041751271 -0.581717032423403
1.03936466889968 -0.0786733284174827
1.53951067170363 0.33513466825875
0.0631410031776851 -0.0975402229785815
0.964154002563356 -0.161916204519295
-1.41758917526141 -0.107727176868946
-0.718850257393344 -0.601211689546107
-0.413554895590225 -0.792365103559982
0.203451317701378 -0.539278450957928
-0.790636101980189 -0.264347087581341
-1.93545272792494 -0.280919026414999
-0.495976765065681 -0.362950430288559
-1.39775076492838 -0.816108045359328
1.08768704733654 -0.00947753843156162
-0.0987314485516903 -0.0659742389328298
-0.15820499264787 -0.744752387889721
1.14863261743583 0.0306155726485195
-0.223614053700559 -0.722290709483747
2.19924960501189 0.141379139347944
-3.01548367365191 -0.914659017231074
0.674035996610461 -0.019462456497589
-0.474568098213382 -0.48837962164953
0.98807410695705 -0.125579314973563
-0.95469449392308 -0.811928481360779
2.97087340746474 0.82616651737829
-2.3999458090732 -0.826015731055678
-0.552412963242544 -0.456924559182093
0.621588367982293 -0.483367843874848
-2.89011680110838 -0.782771564628309
0.491138630598953 -0.282523333800018
-1.17835946328523 -0.09657075762852
-0.466643235170359 -0.698033950982665
1.59705814846761 0.339524753571943
1.09016076038922 -0.0452674469163204
-1.58783442033407 -0.339745607531561
1.12468805213818 -0.0016822971160829
-0.746938872317053 -0.268608670986554
0.455784762509304 -0.091119304847761
-1.47119909435817 -0.707145043127414
-1.01973745163713 -0.242745000425389
-0.758412663550012 -0.362702769560901
0.341251738605462 -0.506205442272379
2.94544585847014 0.673644356943519
-0.306709565581158 -0.599453145638508
0.166893865005233 -0.618734185073287
-0.122593784583858 -0.180644512977338
1.63709828235706 0.17689134708719
1.36120995654012 0.266835954330234
1.50363444016211 0.0334134825316195
2.17639631540351 0.691248919552021
0.493539708512727 -0.205043107807445
-0.397504856811944 -0.406060736098512
0.234043631361525 -0.530755818786652
-0.125807958098408 -0.0132611114092396
-0.898707695785346 -0.704073523112804
0.383965489532408 -0.426339930169108
-0.94054599410362 -0.199130647916577
0.615087462978216 -0.427957899978599
-1.29505388735184 -0.147502875416138
-0.737210262347553 -0.243828001126517
1.37635467559123 0.0262069695532711
0.384631367138262 -0.307183301638221
-0.343990713831642 -0.773389816556508
0.263244772554298 -0.418031269481832
-0.704520997270633 -0.839414385306701
-1.31732874477598 -0.367137359514301
1.16622701009462 0.0120635834201925
-1.99220656270405 -0.827234470029863
0.971038293140452 -0.0655257788600294
-0.206108666765688 -0.722699948604962
-1.70518959543451 -0.111876147123576
0.958174470283613 -0.120705979692365
0.252287549354564 -0.0146592904502617
-1.13496960191559 -0.111218175666434
0.434946314881932 -0.081629755219666
0.00186408574063895 -0.198385460351581
0.323490632384364 -0.18319411462078
0.418173975279101 -0.161139869179837
0.17527261728769 -0.438048151339802
-0.130812119508278 -0.227345820521812
0.458908556810703 -0.173535581100457
-0.172307338350399 -0.131219193421967
-0.17500616538695 -0.485422196708557
-0.334005846465668 -0.414841028465608
-0.83001334055491 -0.844783366060604
0.706480000372559 -0.0100237178612672
0.337356703790345 -0.0544071060310115
-0.63010741084465 -0.117262491785083
1.00626296852333 -0.00829274163346454
1.72357732088618 0.498900289893055
-0.192949914915202 -0.337710039812865
-0.827084777412101 -0.192742772944012
0.595620593234769 -0.0836871490642012
1.3950759011213 0.0453793439761687
-1.59542251823776 -0.881081787508323
-0.720036283164925 -0.132533566745082
0.608940624159852 -0.45423134091002
0.521819433094534 -0.473418274633979
1.25624692277915 0.0348331342491159
-1.29760907560002 -0.881259580673145
-0.155679784664894 -0.364200869197218
1.59785560171807 0.0525658408393173
0.376564190909394 -0.34613581507215
-0.995690679529961 -0.43382703388052
0.207114874684311 -0.0721179913818147
0.946547999679608 -0.0109808064371889
0.366025682757599 -0.59128888526635
1.25353069830596 0.0821195439898785
-1.9102196225991 -0.785256511959559
0.500765877384551 -0.00823370199522415
-0.294320917725144 -0.531297734265344
0.116057816935111 -0.574885064867357
-0.50538139275103 -0.0711466168694196
-0.636727854767181 -0.411221734200089
-1.14740449924004 -0.812794475868258
0.537131936652818 -0.260392645457916
0.319700634037715 -0.281190180659389
-3.23951440982996 -0.774407478916645
-1.52950606016966 -0.240093002416776
1.10909043369472 -0.00715692086974992
0.124340176610337 -0.335449123665262
0.415672335915266 -0.0528784541831216
-1.18170240031876 -0.498065803850409
2.23698102617064 0.331268770493454
0.513923712000361 -0.222056150412185
1.15090488859784 0.0405843821309837
1.54222102917963 0.379393707132215
-0.670262795128781 -0.150181156585815
-0.561392491251375 -0.192086911869884
0.573178464685814 -0.148853658497388
-0.8659181136494 -0.102985491898897
-0.389488475191685 -0.170189223765743
-1.28836412704782 -0.85877398522874
0.818365379237136 -0.261954652149137
0.151239449082965 -0.687148527530732
1.14219894747246 0.0192176419585683
1.49512235464149 0.0969723822088801
-1.51221668765412 -0.788718577057321
0.613104656933906 -0.0796971867758885
-0.0180298225262699 -0.424789066899313
0.894281821145637 -0.0817526321903203
1.26755657641779 0.0929934549537745
2.29357813870822 0.181540596251648
-0.739876327952947 -0.243197206668512
-0.219531131660774 -0.0572412997008232
1.72736321110097 0.152046222723563
-0.838002274804124 -0.15581211590849
1.07175475334772 -0.058684767321387
-0.871173655400394 -0.100935176477349
0.719712880505011 -0.0260537579650092
-0.392205265360994 -0.357873113964629
-0.0606501460096973 -0.639128460796516
0.276582405348201 -0.478978065330266
0.281181752160116 -0.292680423762909
1.32860193275973 0.0117474697058313
-0.107623480406881 -0.185477651403421
-0.973487039717934 -0.264859038384588
-0.828425604139738 -0.624283405162979
-1.41449212171347 -0.0241057407636351
-0.810906622960466 -0.607503034139697
0.4755496824698 -0.469034577926653
-0.55558283239109 -0.393106239006021
0.127625155654269 -0.142326878484365
-2.26902668357212 -0.0431133385778537
-0.244412563259643 -0.187070677094765
-1.54980219644056 -0.476058989508024
-2.72971949141919 -0.316850135466624
-2.09730845503628 -0.864576407752667
0.340645317879173 -0.135840738291728
1.43990845336518 0.159680538049512
-1.50326186163648 -0.27341591221806
2.53619930953074 0.655971045412206
-0.239570226756492 -0.24510755708653
-0.884560101660758 -0.627763908716879
-0.643354788850037 -0.382732274820535
-2.48974778470512 -0.051182872497198
1.24571603462648 0.161310861737432
0.83020397565353 -0.195861810453584
-0.761207078409091 -0.466860541546112
-0.332297136734561 -0.60728484005507
0.282675539878778 -0.449228146134478
0.704461165116716 -0.463636117574305
-0.350106784723721 -0.518052014593919
-0.714182427354416 -0.788279777952372
0.0663671783871373 -0.601162277028786
0.255172968397551 -0.00955291429285887
0.410941194424075 -0.576189112054407
0.285199448216832 -0.457419652129962
1.3501951555554 0.196434982109995
-1.88223590466388 -0.0811832161630198
-1.42291104056577 -0.802218981192312
1.10907416112741 -0.023239669805802
0.954016736627374 -0.217332085536092
0.607005939394794 -0.332299982409186
1.40960619938225 0.234404095027751
-0.107130134717352 -0.0758813594457242
-0.629790869401052 -0.359928257911057
-2.94447290908504 -0.160623132448205
3.66165438665835 0.821907757733218
-0.584950181375691 -0.812365463364307
-2.0870455239559 -0.274490969473221
-3.38344273530663 -0.978242259876881
1.55146928388621 0.383782310836476
-0.538421038525733 -0.0305343409233568
1.02085115817386 -0.047625032071631
1.7333382713673 0.371816723743929
0.42080165010568 -0.229875239340836
0.809535188012671 -0.304093656762991
-0.664958876050391 -0.292444096032577
1.89083998586312 0.253963278895562
-0.194555373446031 -0.127946511473399
-0.750556148112556 -0.250163603762723
-1.09182946580211 -0.576405052287697
-0.429544231376797 -0.281642506462425
-0.125727218455875 -0.690962148156543
-0.595198788279126 -0.470623536069349
-0.550589815656546 -0.668047162088753
-0.0700632594488227 -0.295671084079701
0.875104041497618 -0.0230041435951918
1.60511750155234 0.275768044746778
0.431159813105425 -0.404650944504794
-0.246526236926001 -0.304411060941731
-0.55462761126444 -0.563130987608644
-0.434673195457882 -0.258970209466134
0.322030633105081 -0.156279012567196
2.14788734987238 0.408758991967585
-0.295069991768457 -0.667679445128779
-0.0127797324325396 -0.16108387594697
-0.955349871647331 -0.805692535094046
-0.455521460628363 -0.343501077974382
0.545171159813102 -0.117931346922274
1.66746836912284 0.110748605341559
0.438364487908912 -0.0720522218788119
-1.92584704109176 -0.473559832582826
-2.63575022506174 -0.0811331425097081
0.21393742123418 -0.00420441522158349
-0.138615156133011 -0.297541482060947
-0.192025819772485 -0.507432202182198
1.4439836770404 0.24477368560359
-1.4949366379195 -0.546555037763982
-0.31933753092746 -0.657409760194799
0.49492508093041 -0.305953090603635
-1.90626595438387 -0.792439913261107
-2.04324891820622 -0.572116884334717
-0.873588852169438 -0.0017063717501446
-0.00678596194096974 -0.3662135252297
-0.959641587971223 -0.0728520944056513
-2.59571045003474 -0.981817279834144
-0.922043843608966 -0.739974187864229
0.0657844704295977 -0.613708954615682
-0.922062674751661 -0.19352113348128
0.971799143005993 -0.066359505384053
-2.74561026511562 -0.512182996087209
0.832514073080938 -0.0340185923897053
1.43051986134879 0.119154552680209
-0.368106272507547 -0.0963743040797231
-0.404497023781553 -0.630742481301411
0.00915533181832625 -0.723259334257682
0.879804613839884 -0.107048242170723
1.65403044768536 0.462216686820374
1.33064527366488 0.0895264031910842
-0.557813281334787 -0.453025950711392
0.139777308287814 -0.486070467361773
-0.0623647112602931 -0.0836102066866394
1.71881625614209 0.193270172239365
1.74501770240363 0.492279530492435
0.296281497451227 -0.252401894686344
-0.631343980042707 -0.518690713988071
-0.494497750412864 -0.361764564528228
-1.271956818993 -0.693813794624474
-1.15097500189796 -0.726905796455668
1.98147948659331 0.0999994285027839
0.726323697049022 -0.244846403374184
-0.922826147199392 -0.387460800949099
-2.71576470682674 -0.396123557664463
1.85758387676873 0.113963745010535
-3.40080168055173 -0.966282032157691
0.822208782840918 -0.105084085872544
-0.176466918146041 -0.665641328430623
1.33322513347427 0.0848584917710218
-0.753160574638293 -0.755388323533881
-0.187500800884726 -0.374594943989799
-0.892600315717689 -0.429604036239977
0.98794268509716 -0.146192075588486
-0.20284657819656 -0.755498473622559
0.695623217546211 -0.231741997900841
-0.00165885920724075 -0.555081581925538
-0.901385221779405 -0.221227917101046
-0.150813826242243 -0.716310570879959
-0.347468700867627 -0.582805883055127
1.64029661041785 0.3734564604226
2.37513769648333 0.603577506455911
-2.99525189517047 -0.50868802061655
-0.516214140266254 -0.626162819748975
-1.12038293711445 -0.697160845476706
-0.216513018071231 -0.274459976883178
-0.328207144370853 -0.621286605230837
1.03795714651676 -0.00504812264942602
-0.91465796249721 -0.862744105890896
0.0340633065997385 -0.686206710991177
1.76730923720186 0.108863883323445
-1.37599981247643 -0.821048166669087
0.164755906786138 -0.691762597649503
-2.19629963873493 -0.0573238568286631
1.81837858469833 0.168163810369791
-0.37474355432492 -0.376124517352067
-0.0451044148219602 -0.0690032130577547
-0.411661994753488 -0.195457054474367
-0.117916457625594 -0.37823013452249
0.649339580635371 -0.137975087726555
0.933990815015171 -0.129935279858466
-1.60948132765898 -0.782923812778683
-0.761761464399924 -0.588015336055467
-1.55321248100589 -0.837981831048291
-0.99520289338293 -0.169482021059758
-0.112000400000004 -0.539998255875889
0.163283712584266 -0.665313704575672
-2.5325313488963 -0.768569022098162
-0.241136942076034 -0.288819724201136
0.700894999041993 -0.126102950654458
-2.51506622951941 -0.885129860013467
-0.096281895834427 -0.438578137575874
