-1.05603498225561 0.668686215794932
-0.879397687795547 0.502369815321951
0.288378136986664 0.315571023330161
-0.305692754299763 0.792451384484727
0.170514461398591 0.490258696211068
0.136046907285132 0.135463417132161
-1.1696344317878 1.24658394121968
-1.99182134916533 1.4194127975244
-1.07512266646488 0.260959897710446
1.41142958143289 -0.0215141349991693
-0.986455907508095 0.629610246416342
-1.31842340157897 0.904074431858385
-2.97479383473396 0.185293854817274
0.371966819439466 0.0762440206050785
0.246933691631453 0.618421374576526
-1.45296599016602 0.671143002602027
2.74295550887653 -0.347779034780586
-0.448573017132488 0.764339178571591
-0.658242001712717 1.05349582159906
0.0398613151121801 0.441788047238283
0.353731882314493 0.591865515536066
0.53635040728488 0.234772591350853
1.0235687207495 0.00542398006101295
1.21080868186805 -0.309947458065434
-1.08103144097412 0.429610702317685
1.15083761104562 -0.0994236895811976
-1.70911235286368 1.27560737726874
0.0550759150152463 0.0878741328929503
0.441397830487132 0.0448282234371496
2.70517706018751 -0.432163150319896
0.225271316438528 0.153162628465701
0.397868729480763 0.0801249241470968
-1.90004791874844 0.872529230288079
0.141437853424154 0.542413155916531
2.07406011834206 -0.309462133572063
-1.28843765698023 0.788777039505645
-0.11686518423617 0.990941687004684
-1.44441265980816 0.88814484938807
-1.63334215165486 0.507000170958394
0.184024065780548 0.486556665758262
-1.27727138514732 0.113807799583227
-0.611630736193069 0.510469541565172
-0.955525957745262 0.379059705816249
0.724931183483577 0.261785816493822
-2.09170550270432 0.678605091140056
0.294517260879596 0.843510582747221
1.26169958294474 -0.174897260537541
-0.627929146156157 1.19792189300942
-0.160465212215513 0.710382713225144
2.19323865730418 -0.0212956654417854
1.64557408510942 -0.362975988709783
-1.50516381439632 1.30451101480406
-0.474613826726665 0.784442021803486
-0.0928300941934958 0.556119626224503
-1.06039468097111 0.782412241437788
-0.965364916643422 0.927002941029412
0.364559550693255 0.565150356724843
-1.62035883570779 0.714640822509518
0.892912810491061 0.059704613335249
-0.0749662254737684 0.1344817005289
-0.205388613610233 0.349942822983649
1.28315035252097 -0.066424614295681
0.679693809643037 0.361783316349268
1.01731964127587 0.0187641662103527
-0.688265052319192 0.223419466580618
0.0109215308167711 0.86665523136842
-1.81028611046709 1.04357737605755
-0.165479725008214 0.413028936168892
0.905833655969114 0.0663485686944446
-0.927921692731699 0.162927357311535
-1.50866839831153 0.767841805584504
-0.258989966934367 0.255525032824451
-1.82576172359417 1.40664380796469
-1.83777062804422 0.98258762238737
0.286662125813205 0.48793480281421
-0.943687041703177 0.494423956776619
-1.8117802869756 1.33690755937332
1.86247537468791 -0.622840093132015
-1.41938899301677 0.945316921551717
-0.739188414861032 0.0246152790199195
-1.60351128438755 1.22339933927229
-1.39916836281623 0.654604691737754
0.637679740054965 0.539211076188822
-2.36534610554108 0.210300216123266
-1.00434379900861 0.587862612752697
2.16655167564566 -0.352363011708551
0.0819204684570279 0.952590508827215
0.786891646373899 0.246473115066678
-0.152469115202983 0.324128557077575
1.49662406630904 -0.460438260990374
-2.38831392531688 1.30848655939285
2.70382195331427 -0.929545796621534
0.233016267883851 0.366652627729737
-1.0413578686256 0.845195116979094
-2.13329548349849 1.40674348118236
0.325671866994737 0.0621024991658892
0.174456011557328 0.180963735228432
0.280354755839893 0.271174957574593
0.157707978728258 0.381419152986459
0.758433072170658 0.218559342318758
-0.380415800957413 1.07557801375109
-1.02452395238864 0.916815073922203
1.58452635923843 -0.440980858181068
-1.23700384089299 0.0577064138596249
-0.173289579337981 0.238916863775767
-0.245824088252038 0.0931746375879849
-1.47098229562437 0.610467171569552
1.12590444610738 -0.0306296928471008
-0.954378208501336 0.0895293665835467
-1.50852259875665 0.821286862052701
-0.0270087937601365 0.516701187746644
-0.829770132141924 0.745017498697625
-1.12958818826777 0.705212467274479
-1.41536823056103 0.330676455094108
0.624340728735004 0.163971991948389
0.609763211941503 0.540822375212262
-2.29114224998588 0.875763975996052
-0.443643882901571 0.328590544828947
-0.346891939428996 0.478915144050177
0.419578909350239 0.170969726772964
-1.40428298737619 0.358590013301262
-1.10651537631761 0.652394771088358
0.577271738934884 0.00624760962466938
-1.25885650203104 0.712477099345143
-0.423491508577939 0.828262729439339
0.829797742917842 0.235895974425885
-0.166044177299014 0.598389041742345
0.153297620290531 0.592243064870082
0.648783189674647 0.329790620429695
-2.37421748780452 0.428944209969846
0.776753588342669 0.130416819783991
1.30611472306625 -0.169936770830555
-0.559922569822079 0.468791449031552
-1.48066232872202 0.846381696248675
-1.10323508141201 0.719036074838682
-0.612106478377131 0.865100215872475
0.565410913933021 0.283762554172793
-0.0660414660615037 0.634178563223399
-2.27827871720881 0.291451161666423
-0.710950796359269 0.794623758236585
-0.39320761515679 0.924370026729083
0.323884439165647 0.657473446087107
-0.0996930654565324 0.288315000866079
0.0820414189713802 0.00155296691526801
-0.105390899838196 0.40524417069296
1.16093502697831 -0.0206135100490502
-0.781731348181846 0.958347442559574
-1.2230005558327 0.474778554593822
0.604560822793419 0.461140294150602
3.06461291131799 -0.590862653537935
0.274385143634954 0.0230270370899541
0.938518654481246 0.153581907347086
0.00157149762768497 0.00796762272625302
1.04629546307198 -0.0363419107586888
0.58064004700332 0.26555934680963
-0.416596838715875 1.09257100794065
0.138309841862925 0.899146670917979
1.48585682126273 -0.368321718008881
0.451587429446726 0.527465282336227
-0.717614984046946 0.553772791192079
1.27971711265903 -0.1228722370811
0.459995751993663 0.574876826938014
0.247720841578788 0.0587218238395266
1.0348612237526 -0.013742717202099
-1.93702394007051 0.269353596557321
0.203309718815991 0.190644197445843
-0.780852700771659 0.777482349689915
-0.548320473405326 0.732064686376104
-1.1860406290752 0.570658011476446
-0.854208594727991 0.043866659932693
-0.337883150083477 0.675536108020356
0.56093507837565 0.301820148681075
-0.13307625731225 0.00396022068151866
1.78865311706817 -0.294243736926602
-1.71465462059599 0.148266054909224
-2.22690220504631 0.0610601106928213
0.287420437513039 0.66178675463626
1.86410548518535 -0.231412848173695
-0.582366195366962 0.102845009298782
-1.57027692720253 0.71222125834774
-1.47698977755947 0.529068366368491
-0.198590105266219 0.593688701952156
-2.56213312020287 0.397849471641079
-0.298212267025525 0.757735159029859
1.41231603581224 -0.351994789354092
-1.22065470744433 1.04718873173661
-0.75422970348492 0.908822952706792
1.73357850874261 -0.332938237096085
0.641304364502884 0.155704978803533
-0.9885277842393 0.382276103655417
-2.15902446299723 0.406791055684441
-0.481607538545281 0.851762778338689
0.113236068489684 0.306882167079729
0.473491478272463 0.592245332461169
-0.120425983686578 0.471562753010917
-0.331977495837595 0.851295455563551
0.845763025531151 0.210704313330594
2.26331645512837 -0.443932076626133
-0.972532085074041 0.669412927438369
0.583618762272698 0.149933998665559
1.0782134569094 -0.0165653850666441
-0.331383169110906 0.19127505563457
-0.138533083358422 0.082892959638391
1.38455738468123 -0.528715271791022
-2.17922755842877 0.402909343189883
0.566182328260611 0.234453757463715
0.970103387538137 0.0535232162094041
0.777767801666917 0.368350077955852
1.73708853866807 -0.132518375743524
0.321621324038982 0.167358338713807
0.841650148716982 0.20477954573637
-0.896020441536476 0.159303822647688
-0.539673590704139 0.822709681927893
-0.357858656502849 0.106974140310037
-2.84038527802845 0.000812188489058741
0.261048948500964 0.193307712511413
-0.302560161676381 0.54717480959042
-0.679989357033839 0.625483846262905
-2.46760213991474 0.0691693679749128
-0.670724014620534 0.260843828892205
-0.450714662821283 0.721471938816058
-1.08917742756423 0.235684910597183
-0.230699581775068 0.536445948866711
0.682544060202466 0.232417756573263
0.743511733751084 0.0244065913516068
0.577183567795467 0.584537409745412
-2.49274965864696 1.47754866600733
-0.669509791773794 1.12012215528305
1.1411671498995 -0.127596967343852
-1.2836799853725 0.406514024790517
-1.3710013665118 0.88664473630868
0.696174811497551 0.00244339967283336
-1.31770431653793 0.553274699745608
0.196143898944489 0.444046172829631
-1.62183339010286 0.94752871085672
0.0377829711697895 0.0213192497631507
1.87366403870929 -0.140231899158094
0.0810309206763964 0.299570463666548
0.719629083761711 0.199363867999573
1.67491728323854 -0.22236303298747
1.1935771873424 -0.161113950608621
0.416879428096085 0.0694090857776913
0.317069105681573 0.601920351275391
-2.20634165874702 0.65786695946934
0.476997638228119 0.618674771403503
1.53155215398795 -0.0529469035902931
0.819116251057165 0.123036500476501
-2.74595546344128 0.395214327473461
1.13117700240499 -0.0581384223209707
0.635442715960762 0.388165368576383
-0.0909911559554713 0.806511578396787
2.2565389011912 -0.357931653367228
-2.6217215245393 0.281731571894882
0.788755928039003 0.29696938708826
1.39232619192741 -0.406539195091934
1.14725131315011 -0.178990200680048
-0.226064677677498 0.978482730563809
1.25114023272664 -0.324887536638669
-0.553723091514886 1.14860581199563
1.72646231364362 -0.142330208599558
0.346529439034483 0.273778303524898
0.231608391726759 0.357209194177842
0.242166969877117 0.012826115086836
0.169407802782139 0.705153314928783
1.0301767580809 -0.00457683848900986
2.20738290493416 -0.43695502108437
-0.693384233705795 0.809482416027764
1.30402676562101 -0.0446339420740006
-0.468319177447898 0.446413088489389
0.653554442225077 0.447649550696354
1.72044734642229 -0.15838621435439
-2.56908266400089 1.20719316053836
1.01053717091537 0.00249988420489983
-0.00502342343109751 0.100996307791341
1.52582955114786 -0.564591907306266
-0.67284832039856 0.259151779850853
0.332454472723978 0.448241827594825
-0.0733685951187035 0.794186171899095
0.302772011177004 0.235189975376383
0.903327020337317 0.120026709102332
-1.44374738113552 0.596976933723823
-1.07085024735509 0.130323330013596
0.68504304167568 0.108686837328067
0.285810814729817 0.354847309383325
0.0258542786124282 0.13067793774553
0.164484949783096 0.79440117493818
1.21120131646688 -0.0251303323777638
0.461846531973471 0.252413228162496
0.0348644999919186 0.510198101927446
0.0199450541700994 0.861968080796188
0.915425280983083 0.0306848178507686
-1.42945066768347 0.921794121566965
-1.25144617380479 0.98483274267668
0.534038578839116 0.111902706203413
-0.908951119283773 0.696546902278597
2.23466441795889 -0.641112262706657
0.681386273905673 0.483103767166636
1.53197824285492 -0.379917981090736
0.0436690784386041 0.937561861478121
0.30994752869523 0.602328194697087
0.946336066410935 0.0838759195397441
0.390578236273867 0.146022599798653
-0.847436848936303 1.00964168427118
1.0393272999431 -0.00977094453453447
0.606929505407649 0.0391823995139759
-1.07864013478607 0.33768684858534
1.24955274207467 -0.211511095654922
-2.08432209256242 1.13315376741228
0.393175437102761 0.425991055233662
-0.0090137349902979 0.06611466993735
-2.90867202511777 0.0514693837557105
1.23341184726762 -0.108985754966101
0.266802717933748 0.461334165167841
0.304186277380069 0.0356608928114658
0.598031583804708 0.446080413767161
-0.356943848469381 0.469513426631727
0.204320075458463 0.593341693819741
-1.28998974643276 0.485497822242004
0.503546353789646 0.447647679145898
0.511146454595063 0.111064544532372
-2.13838077533965 1.35198802069296
-0.620733012984454 1.19897788069747
-0.620951441556687 0.401287797427827
-0.0120893706878631 0.114280683764469
-1.92689630670653 1.36175324939877
2.14816968067816 -0.825940733320908
0.0503801813229786 0.65493470840126
-0.186830721466599 0.0360175840352933
-0.105233169589902 0.964823633489796
0.277761454616443 0.73335033710831
0.15488214216654 0.722476423591439
0.62837450397142 0.317886459284472
-0.232281235256786 0.864880337676555
-1.52339026840948 0.293375597739609
-0.356985464489087 0.280402865043136
1.61931481907523 -0.551654210285234
-2.05367465115217 1.17513711478601
3.1852456033215 -0.297936980651276
-0.0383536908660908 0.708439720170467
0.395538189060891 0.0792404550743025
0.411613129827782 0.54911079957105
1.31038333826366 -0.243829216204241
-1.06574792674744 0.339637511474522
0.831234397817173 0.119054104002852
0.404943799242223 0.306368363655937
0.860399301201517 0.254364047369679
-0.219089576699488 0.845305227590555
1.37030456161765 -0.389010478902896
-0.452302014450984 1.15802853425104
0.767712490747205 0.285860468963662
-0.452327066239413 1.0721320445722
2.82431231278027 -0.377058186608197
0.0945436629487488 0.358268004960793
0.515450097950511 0.072999547434192
0.90113855974657 0.110483497991451
-1.16873878988871 0.0161699632794842
-1.04909555056147 0.514088039132887
-1.50553604139379 0.663116254284379
-1.12037259837653 1.09234546318187
0.42843433956581 0.118368566047907
-0.125443443013091 0.782147570961282
0.0928564089503422 0.712452849757835
-0.875161530104743 0.776412492122062
0.787934285065204 0.223791550602645
1.24677245644404 -0.00285979195778497
2.09794598266335 -0.47741071646549
-0.742193648518989 1.11562688864285
2.49510809356716 -0.125757498362985
0.649540838066688 0.416993225308106
-1.488984695995 1.36554341213015
-0.352776972537504 0.61076215816701
-0.537024201644916 1.09675403660415
-2.07810015689001 0.263508415817343
2.31191030227006 -0.74234823583463
1.67824210165964 -0.735879367620894
-0.88124517517203 0.461433979627121
0.0355995589184858 0.706121635985251
1.95526411804617 -0.87415384970332
0.352733239010721 0.535756627093627
-0.625619349892851 0.126339733917977
1.90192788373263 -0.426599913289847
-0.522157515908664 0.898933998501395
0.0282605473365188 0.889134158293202
-1.12831554927523 0.577908635436451
-1.10165895097235 0.636303096791736
-0.262177570628452 0.624827456377655
-1.0047730904227 0.871990284576593
-2.09166398614645 1.36776311070362
0.361579142716603 0.353746331657705
-0.253131812684072 0.550365305978796
-0.835500010934767 0.0245735205075744
0.544067301695065 0.534112361478948
0.236277104203314 0.58406405395731
-0.420836074044563 0.536039327135472
1.26230846525808 -0.259637406982515
0.756370701072773 0.30599509850225
0.620299658449778 0.0305945717312798
-0.0465087993101687 0.801443984118221
0.446591810508532 0.0903451195413434
-0.764436433687357 0.901250794895638
-0.0740060214793518 0.896563165142312
2.10634488638494 -0.0895994647295249
1.08748689994063 -0.114225536110963
0.837051110051301 0.329659822180994
1.32383154651918 -0.0481736215132986
-0.0681738910473257 0.984852358923469
1.09614040764325 -0.0358778824844426
-0.701377598846811 0.495388486968031
0.185103317817631 0.0667378476721969
0.569656114248136 0.05175491445871
0.207057117769269 0.17216534664857
0.672673170119423 0.287658006141127
-0.795617497973543 0.637085009596807
0.494769914779937 0.107167910866341
-0.0475752882424961 0.500334180221801
1.15923215799168 -0.126100979317683
-0.347489740755772 0.526802862940071
-0.130027337894779 0.412594244649049
-1.44296508263662 0.0377414401645337
0.365536043191546 0.234627119866266
-2.68474709908051 0.706635294372045
-1.27491414123764 0.528372579055577
-1.50606458973341 1.00909265646609
0.866369838107797 0.00361455514957349
2.08950820391859 -0.586525203709253
1.12995503387366 -0.138714755325044
-1.647832696482 0.984043431474741
0.658618051231537 0.307906979052905
0.895647343360746 0.0627192621253785
0.520928848787283 0.10911171295877
1.31698637284247 -0.090656994134208
-0.160916036860142 0.0854759719648204
0.0205301038951058 0.726828218500534
0.702092014617445 0.193254123184564
1.1695899698757 -0.070266881640885
-1.2075266216267 0.611505508152056
-2.28712776195212 0.704831066173503
-1.79051842425046 0.344854062776866
-0.505237826034358 0.772845081491245
0.387920726191465 0.0577014209689912
1.23661985728146 -0.141031456058003
-0.466100570683329 1.07986049015785
-0.792358244080183 0.735690334207264
-0.21171559322389 0.29076014856299
-0.378323527723566 0.35161914620046
0.420394921692566 0.472309072056647
-0.305399850803974 0.954029605387861
-1.02669687919194 0.708309773140171
0.749780121337242 0.0445556531961041
1.0122514331413 0.0244271396499867
-0.170222682558044 0.905708563949181
-1.22623121448904 0.744678440769436
-1.67346477163693 0.0376068446275746
1.82109751761706 -0.737373021654254
-2.026603889516 0.695938323532999
0.789922736708389 0.367684039170219
0.430542075217747 0.0215124233281741
0.867841429443127 0.190273655277193
0.552856529114784 0.300375404981196
2.3764379851462 -0.0114783319646722
0.385989086226505 0.222601096673732
-1.03416692989833 0.675974960100844
0.325194983274184 0.258265818549016
-0.205645015349676 0.775722338528781
-0.393408537340381 0.561065351751931
-0.312132454157491 0.0667346155037552
0.527859300755844 0.250994361352519
1.83371080688613 -0.875612745730999
1.04338920816739 -0.010428597263912
0.573001652360274 0.193516314746854
0.641466223139643 0.12526956219207
-0.0065226735014015 0.949436219413586
-0.0578891198814237 0.755697310400835
-0.177946239661323 0.976514121692414
-1.08116835352162 1.17042939662042
-1.14904378853484 0.100111712225315
-0.417435126149315 0.245443010722474
0.578159414647327 0.395436726242788
-1.38785974454816 0.132988042350322
1.65647621958427 -0.079665311926041
-0.0594791859185636 0.826794077795585
-0.698047693266879 0.963343469520703
0.260576916079917 0.544946529565071
1.74352781193532 -0.527891044741305
-1.08652527227711 0.39000062123622
0.784414752614383 0.285694099883445
1.11937571060275 -0.0494530652777276
-1.28376479909868 1.01898805166398
0.00746265558546966 0.09612390801762
-1.5034916149195 1.0546329418669
-0.869234785844299 0.9766514278265
1.42804570210002 -0.223533518976257
-0.605712550190402 0.143663465586503
1.08385118224013 -0.0873950354595715
-1.22066949897739 0.946200336112115
0.85032243093033 0.0285883841904731
0.45546150584912 0.4263024517521
-0.535242564941065 0.0711237123339809
-2.04178604021546 0.155904779222058
-1.65122363665068 0.944046619496288
-1.0941288603506 0.601474506630249
1.02339446799862 0.00707790300631146
-0.646656654035622 0.685994357391558
-1.27628369503021 0.810599092401181
-0.293052962089491 0.908019606587356
1.03706524917738 -0.0177234928305241
1.06375555776514 -0.0102542558887198
-0.112184886018535 0.390174089697229
0.591143893360467 0.441989727891387
0.209872131196414 0.431393019588924
0.695462396172902 0.336629010534142
1.12541185127021 -0.0954182128087106
-0.556213862116303 0.161337677761115
0.257573203057699 0.805110543805219
-0.194744939631275 1.03759662165529
1.00251514163506 0.0158222394448701
-0.277575545363165 0.554091943864839
1.83216848217187 -0.241898183656041
2.76698010109529 -0.107690669550484
-0.342431422700167 0.843708476377238
-2.94635491856946 1.02303327951107
1.24162289802333 -0.338660250109996
-1.29007265917802 0.526148065168482
1.33075755399891 -0.0411604782146064
1.53018785006534 -0.459393527253679
-0.431414076053394 0.149617365153147
-0.119666956344292 0.451908405778939
0.587027475402175 0.208393679059497
-1.70813755645628 0.295796795965106
0.467521098256637 0.534899362937057
1.77102332768497 -0.548572851128895
0.192543196764038 0.291074920584996
0.196916856699951 0.247398594623744
-3.58401524967876 0.214845691793212
-0.814718911757808 0.455778647869658
0.577324899282044 0.202261034514089
0.454108606530183 0.523430448534818
-0.260443358665242 0.300057093402799
-1.25132892635847 0.0141269790124198
-0.515235647886593 0.540217147246172
-2.70991853856295 1.05461088883337
2.13851917245941 -0.489648888925757
-0.10250301957413 0.951126412733074
-0.659523645852444 0.403718192765721
0.170039960616404 0.31557664340303
0.558160345893894 0.533083495118254
-0.527036630523204 0.408979654018485
0.36812016952139 0.591430117534704
1.45760248294856 -0.276236097117991
1.84295971861959 -0.745665524934124
1.36762201900088 -0.117431075189253
0.101251679934869 0.130233781895848
-1.46551670133031 0.853118401809717
-3.7921873618331 0.155853481099217
-0.404464122587268 0.0366518784586439
-2.25210720347953 0.850398046632828
0.953734857241992 0.0855458823170705
1.31103935537835 -0.429918387506898
-0.39553912887491 0.91393489369091
0.7435710489927 0.0454695119515931
0.525536383691151 0.508071725942123
0.112929947055515 0.289968439288347
0.269043292932534 0.360700067265356
-0.661616380112622 0.504940026930156
0.164679498175476 0.628694677546403
-0.751088368845815 0.617589379104284
1.55330035130765 -0.524496334295183
-2.17282525607906 0.269631364518446
0.155760329337369 0.606422320452056
0.416206636965634 0.196829923180784
-0.494618781172491 0.974763703589087
0.130182822967139 0.915615964260853
-2.42576466589069 0.431646476502592
-1.57461398489319 0.0118676971523354
0.991407975562266 0.0499054013022345
-0.240664733290456 0.913498474040557
-0.0865323255777358 0.435657173238951
-0.385772929781363 0.946486077211212
3.21711760275518 -0.0664459449373165
-0.534250534186737 0.477413028513456
0.710172511482057 0.206392466087585
-1.20300327683174 0.40933150380162
-0.896900266581903 0.14891066969196
-1.46026668810243 0.0115196670675723
-0.220566292059723 0.53063535309892
-0.361598560385411 0.780590227082707
-1.04933963290575 0.190171975367075
-0.0942127189203216 0.99811253349232
-1.0653048860967 0.432068034924361
1.99093055144975 -0.485538583986434
-0.68402954978206 0.919286349202447
-0.384833774314258 0.555968893999871
1.09113517620555 -0.0877427354761161
-2.14739430263818 0.408136045813224
0.70088543661447 0.288906239205882
-1.30258603597113 0.0934698592317897
-1.30108867989544 0.487519027127515
0.590997249213876 0.0716703130578173
-0.111403600187753 0.61741452995321
1.66264154035686 -0.181267722926019
-1.55350820160062 0.273004887727494
-1.18832928783565 0.109098301697876
-0.908954742868961 0.2946631230849
-0.163244164891368 0.167783657229987
-1.19264251224462 0.223062312944752
0.875887339337796 0.248205124530583
-0.118649798015563 0.702992892325402
1.54225260526858 -0.0989797237299292
0.991164779116119 0.0728490777843868
-0.777853478843626 0.102147216607377
-0.253264304520409 0.40432505105862
1.04322620314794 -0.0194184036719737
0.977902374158342 0.0402029649070933
-2.4131281651659 0.797592705885167
-0.236353034158101 0.653079123336524
0.760106845199973 0.35872036623493
0.286352996518427 0.306050046138446
-0.0657139520595489 0.948701840061002
-2.26473337975131 0.875724017255625
-2.64041919452283 1.30830457017891
-0.418498042009447 1.05967256891646
-0.564690557932931 0.632300630441747
1.72071522297664 -0.684504677777863
-0.335991755874546 0.182710830196158
-1.74347188265403 0.69705605586908
1.38494038203748 -0.480535599373739
-0.121200484017748 0.75873552920955
0.183655109487413 0.455493958501853
-2.50298371843287 0.434437958940442
-0.437583154525582 0.658285235296717
1.101608787928 -0.0322819519020856
0.141943881729236 0.753906486245349
-0.0639623899526735 0.282491792957055
0.0465797722205523 0.752367324745124
1.9827202075657 -0.0499129762146102
1.40763886046765 -0.0818966904591912
-0.600550494173153 1.02884281551559
-1.08662587092501 1.17967592816972
-1.01355447777178 1.27918149479896
-0.212669442616852 0.298128390083282
-0.936457221310612 0.969498825616714
-1.25303237556147 0.941318760910031
-1.3669923772388 0.013938824246691
-0.397248315774654 0.635795335501431
-1.66245839964032 0.827156699615351
-1.37513808656272 0.0500707864277169
0.333864748225728 0.405452849054465
-0.50339244551833 0.238015563468755
-2.1503543011343 1.15767985499477
-0.912699413253248 0.937705216389146
-1.07260781138554 0.161585847503791
0.48657638507896 0.467697349033939
0.212365231269463 0.0903917532922439
1.85798756933687 -0.78089806882492
0.322543444899861 0.371199923536282
2.02665358014545 -0.726729550555717
1.05759279329816 -0.00559719270050793
0.641991588392685 0.558353663862091
1.26270227367726 -0.360075854937561
-2.36439368972731 0.944185677198911
2.48462436886341 -0.553518709044589
0.297299962692537 0.614576835921296
-1.01756445613585 0.682720914848619
2.68812138049955 -0.207071245225115
-1.54182404917624 1.13884840239622
1.08081600771671 -0.057135753889568
-0.287782538983332 0.234747065442415
-0.485250120426318 0.59319222216842
-0.177933988085484 0.303427448851743
0.254582550799755 0.536850818135738
0.0294962406743061 0.173362341904991
0.937093572841354 0.139649014483461
-0.96047935039981 1.13385464167989
-0.252821901202921 0.146593159475986
1.16628150417401 -0.0819098861116573
-1.89931329995864 0.584375681317307
-0.0754272621554417 0.313635636078491
-0.371610349598071 1.1409244176722
0.53618918551978 0.622409718482365
-0.542730302904234 0.479625909878868
1.22012146052653 -0.22751496639139
-1.83734572706193 0.235605546288799
1.49885382617727 -0.252517764530737
1.23671207412405 -0.272552982250866
-0.127123830137682 0.394096969793296
-4.02727948918698 0.192001598815212
2.0163157418136 -0.84253072536552
0.65566719745978 0.192339287377637
-0.546266103149083 0.502771049460914
-3.29102203000651 0.305276966686853
-1.89448918869439 0.191781378761336
-0.749096983129427 0.881734605561903
-1.22918535845481 1.31803649722624
0.452757226612416 0.686755216886821
0.863098670493612 0.226413638811658
-1.66820284515298 0.827269567593059
-0.66701117004383 0.728237685873961
-0.661352910365874 0.931584315889696
1.59806227928871 -0.294281025309889
-0.942684461105284 0.443962540994544
-1.22358335141869 0.295738031313083
-0.175964258998238 0.382637674598282
0.862563538205757 0.12167980028519
0.949022508017512 0.144182398565746
1.51323644612603 -0.0826957615477007
1.78623738230392 -0.552114140175934
0.748535713675813 0.0565393346699484
-0.810809783718786 1.23316596222971
-0.281087120341781 0.712405612671074
-2.15138804240593 0.000366174776827443
-1.00238337851893 1.0517478866988
-0.510407859364163 0.154313907449627
0.790890288205712 0.0135406029146212
-0.402000133288613 0.144560121644588
2.63091890243089 -0.492371797122646
-1.02940149532303 0.194688521951134
0.00477977681125448 0.45068288466683
-0.70186329914391 1.00081163792956
0.682851229955063 0.396166390003264
-1.69335830028026 0.832006316406886
-0.913813547449456 0.127570049952191
-2.35246130140598 0.877736677374301
-2.2519205822519 1.42608809932917
0.97490049763022 0.0364623244952346
-0.85537940638997 1.23898583654241
-1.08913100897453 0.860552538906611
0.395605902317057 0.213696400806686
-1.80141186002947 0.249153947314262
-1.69396605126137 0.600061001156929
-2.77336219125157 0.261007295477394
-1.07185190283864 0.415001317567568
-2.61823965266947 1.10043519281339
-0.10235269188491 0.815503396338101
2.07786533654584 -0.909759519186968
1.21456108672148 -0.210166983987859
0.16099864967444 0.178983580303929
-0.0207303055609055 0.796419438045809
0.511134566604663 0.540780100733249
1.14627828356704 -0.18252268282535
0.561896384896473 0.543332006082911
-0.239234489394362 0.790811986862217
0.613112943064137 0.451391152855542
-0.325792506689519 0.00832043521825306
1.52092198125908 -0.0890178914745602
-0.574905833742497 0.912748846797907
2.15327716499321 -0.249383893334235
0.662061241640791 0.460171687070429
-2.88957798727765 1.16225952901574
0.66460338991572 0.297660884319626
1.0315610095947 -0.0052814948968232
0.235180065001562 0.283713630823527
-2.91936585325953 0.302785485338737
1.9388215852786 -0.426585668366835
3.61746558227983 -0.760863305611971
1.66385381910877 -0.206084201260355
0.746140242664675 0.0399464510574994
-0.579761333352406 0.108836749117047
0.541376106679372 0.438308384973723
-0.750877915687366 0.974552663608622
-2.05044116831302 0.805225172672849
-1.00184634548754 0.319234221752562
-1.38437871286806 0.599510767615337
-0.817155821855006 0.209292169599646
0.904880321103793 0.141329142690555
-1.2697975624181 0.515729956017304
1.60406608093058 -0.671241261573647
0.166650261339781 0.721053568477485
-0.136985940458041 0.789061428790001
1.10681951391439 -0.120840342127466
-1.85742449573011 0.588404480691495
3.38396018875858 -0.105401636393645
0.156459260500993 0.868871307869677
-0.47228346426318 0.774624449372719
-1.1581966232399 0.675994423560179
-1.50618656231489 0.751348152482555
0.996570242609541 0.0352373417537753
-0.386182074725083 0.86015160990099
-1.80358193577676 0.794706644898029
1.21311235678745 -0.0357849874922218
-0.296506459017095 0.231619228549622
1.91985409523704 -0.58206883346137
-0.628073170470723 0.564004794488253
-0.53000419566239 0.239910441604226
-0.575767407249697 0.438468825530086
-0.70478540791699 0.0116107289410788
2.02924238061759 -0.842672769586659
0.178288770254178 0.429939984276508
3.62138442850171 -0.927850813256519
-0.0627420546588588 0.754166669385915
-0.326213493825795 0.889148822490552
2.67380773542902 -0.627738589142278
0.614492788336257 0.590061337653105
0.660204641003934 0.368977380865261
0.040641602498803 0.752950142519618
-0.845621066961774 0.397237773293827
0.0564460890563372 0.251402266837247
-0.879657117766662 1.19098668810559
-0.368138312778794 0.917116030008877
0.248567939910126 0.758686292564032
0.610031341933819 0.462461937531366
-1.73966566308363 1.23649625476873
0.798383183403656 0.118791807184679
-0.712873618051415 0.791917230066359
0.808001951138727 0.282289542113859
-1.58020797841591 1.26573793375753
-1.08642200904174 1.27488866933725
0.66315915257113 0.449242375498267
0.186632856347849 0.470355753638146
0.340774717529958 0.791724305791527
-1.00310338718474 0.827510330735496
-1.42682240612102 0.660715868671719
-0.0645047546639361 0.166521686692726
-0.0135408691293157 0.922049627818885
-0.998482879924633 0.125847347386427
-1.32690972019271 0.802178897590702
0.883697673867257 0.245381205190992
-2.48587660592998 0.402292943918848
-1.90636957081672 1.30013791023838
-2.38016151936344 0.0940187437354372
-1.43488891189568 0.0435021849376571
0.581756127728437 0.0403758363581001
-0.641284288144349 0.256244763276439
0.0694572688242441 0.304054541494222
0.968478990281625 0.0424561268924045
1.45357055644025 -0.369295641829009
0.49898823880904 0.606524038068675
1.62137420733881 -0.27866144811761
1.14101657370336 -0.183446783609974
-1.10947805681848 0.343104796703545
0.2089890003336 0.505307761799333
1.75488646110219 -0.387837939484658
0.264449153615575 0.412672738137269
-0.0624994332735121 0.816614126656928
0.442910458892299 0.6017012380205
-0.535883552693443 1.0281725971668
1.70589178833021 -0.727312852161065
-0.95989227002195 0.480693806007878
-1.35995159544103 0.349809041362242
0.742450511771933 0.338260854206984
-1.14728092400169 1.29245301582939
-1.15216271461318 0.50471765587328
0.0402238045186755 0.136918266927057
1.36464645670522 -0.265976926394106
-0.963818130973275 0.943729725518235
1.5226152164678 -0.523444838609734
-0.234323168183851 0.256739524070772
0.357978586388722 0.775974513768767
-0.688552169863824 0.0371123722290534
-0.100630765619122 0.507342614936076
-0.841732257290963 0.583669459844341
-1.38255070692553 1.3528522041694
-0.968222395486405 0.720772181836135
0.71976896505841 0.177177081540069
0.427314589066062 0.248288477263913
1.7573339819515 -0.574213092159595
0.845634448431441 0.11487316257547
-2.99575407046853 1.06767314118151
-0.117914286022465 0.889469718637882
2.37282357889077 -0.281661604547972
0.786337858157173 0.17369095375557
-1.25979159208217 1.10039065890649
-1.55261734085814 0.737001480475916
-0.470435537857285 0.42962547983913
0.168611772232871 0.0873759525750878
-0.900663656839383 0.921122079355607
-0.874499340575891 0.127717874888818
0.475471670066847 0.267931367996753
1.23527616623639 -0.148081122640308
1.76088682393807 -0.586232094722507
-1.34094693038472 1.09048591330965
-0.388989259760179 0.247929875913224
-0.645406600041728 0.592227213945797
0.738887849819423 0.357414279593686
-0.737323166203892 1.23684730439072
-1.6469176708112 0.0634980441620448
0.867321113398981 0.193557846434865
-3.25359202756445 1.49187663634185
0.683994171311107 0.14420798341222
0.345820353742795 0.22909396454652
-0.967470159405281 0.975565944808897
-0.657479853958782 0.803598044744067
0.388592016076929 0.409353747140367
0.829577134091989 0.241912334006633
-0.351458011569736 0.766425760314436
-0.396768219555594 0.227289004766403
0.485231320061498 0.141545686744389
-0.512949706160747 0.346189750930852
-1.66717157860758 1.35869583860973
1.00819881737683 0.0390574377274213
1.68537012243396 -0.0429618352388635
0.856833122260583 0.0132607579364856
1.73824007913855 -0.782910921234046
-0.14556768913025 0.670073693855779
1.76109175026465 -0.84134576075673
0.729783236616945 0.147743170815136
0.196026757513165 0.686645390286948
-0.58517329914935 1.04672246994351
1.54162895061407 -0.0838079565000251
-1.71717186622989 0.119120741943275
1.46026223881167 -0.473450751826748
-1.4386772587644 0.844060826713303
-0.201110811885813 0.107451328749346
0.800803843490171 0.301575622656034
0.478858758654876 0.284002550042549
1.74355071097605 -0.106212069381515
-1.02241777269012 0.323987277842782
-1.16682074790203 0.0792605951768232
-0.16925829910272 0.903301755284345
-1.83163161951083 1.39711420082122
0.361272839449396 0.137184203581121
0.679717644627419 0.334983719865205
-0.446662082213546 0.531845982274399
0.150604059288952 0.772061701136024
-0.115834764017418 0.0565478845056994
0.936422072700016 0.0248336438578349
-0.579582078374926 1.12166253136474
0.435296478745804 0.419294433726221
-0.641643580371967 1.17508422246077
0.560354643495446 0.0657230671031524
1.24564081382677 -0.00468105844464642
0.887396863015408 0.135533426664343
-0.581645577247598 0.894723528335794
2.94756841587808 -0.15547194510445
-0.545038794378608 0.334378495959799
-0.0821160906795566 0.588989315819579
2.35709350709349 -0.900309408009875
0.280452730882051 0.00165123689354591
-0.662269298903568 0.510819536701578
2.41758297927246 -0.667718402258992
0.0975924779949914 0.491738434995637
-0.740193584816228 1.2263331683846
-0.756090583416417 1.18353540382055
-0.537126903597694 0.183547888591298
1.03910601840103 -0.0118980932529526
1.00878371412214 0.00318563155696369
-0.308808826044183 0.883093791579923
0.534405675282221 0.612005988962437
-0.913256924778992 0.137590158043009
0.529111970280284 0.249256142920234
1.3534442888464 -0.326977550519214
-0.325164019210339 0.641301414954899
2.52806308535304 -0.697105234371915
-1.58810488362768 0.58328566034119
0.946791814551736 0.123597814008536
-0.538254601525215 0.282509378407222
-1.40553354827326 0.41883083875975
-2.64246500505429 1.29643448343889
-0.401801595328518 0.232931340291629
-1.16475106437094 0.206992280967566
1.20224983840816 -0.274510897459855
-1.810384762136 0.669266301470159
0.675440402137759 0.215817459212875
0.429652780034337 0.656199322722921
1.1322448723321 -0.0329635019972903
0.568211800466121 0.1324853484548
-1.03962200404771 1.05812480667639
-0.445672793289359 0.114925062307266
-0.8815000359168 0.156083832787245
0.946726482765653 0.0893906761051615
-0.263026324174386 1.00693148750272
1.08144746204802 -0.00165050212802476
-0.478761075094501 0.206565929775002
-0.366531223846376 0.920456372241171
-0.24254477574454 0.534922651324933
-2.08751315744503 0.616056149475095
1.50294466783109 -0.0714673642150254
2.71617097696892 -0.894685140600067
-0.334626366778677 1.01554327750564
-1.69958360923932 0.291069418531406
0.33080156794586 0.600052648921446
0.533509935222619 0.596378141225153
0.619613619143154 0.0542026564965578
-0.943852264676133 0.782886216434889
-1.4999179965343 0.934184454542293
1.96064811736071 -0.909911913079255
-0.61554024138084 1.18169783585671
-0.558782070814972 0.744886153169907
1.52857347034747 -0.477901022950238
-0.814851805715106 0.157383118400583
-0.242851336593385 0.43599647511141
-0.916275580841246 0.172244506416376
0.645730664089732 0.284325535132343
0.204128490428087 0.865155607141163
1.0907417431415 -0.100147479424932
-0.77333519522664 0.280678676511236
1.8509834202766 -0.431387973828233
1.03542049372437 -0.00789337009363506
0.230531903238238 0.574929040081353
0.91666640695506 0.119207878692872
-2.40190112702939 0.467430915995934
-1.34717819165352 0.547305483213802
0.413989238525329 0.748934940092603
-0.793884176717867 0.765861668842044
1.54304255492541 -0.164578455320724
0.601344960540585 0.345387177610418
0.725243976194363 0.466193488868405
-1.36024993334664 0.296987867513992
1.23023301187503 -0.208074141499648
-1.67224445234876 0.325357534227714
0.649777631800405 0.233423797655244
-1.20860375419704 0.271492035873497
0.192351082905536 0.832385145833398
1.44379332218411 -0.476710057439398
-0.754855386991697 0.212077851735947
1.19088213447727 -0.249285362825622
0.442135621247164 0.00924966214128754
-1.06994444616952 0.693600388632334
1.08715143641039 -0.0768404433585033
0.533560372918599 0.599663283934667
-2.25758907497044 0.337417322672441
0.663375779321746 0.268464800972831
0.680515461690912 0.212197075452115
0.927101456010498 0.050430060821886
2.04462777310331 -0.731149451777764
-0.101609698265696 1.04347859205395
0.947211178444484 0.0649626564875034
0.0357968398370683 0.274098446950896
0.565291847497331 0.505496785127131
-0.974861233339299 0.526268436726075
0.583257644762308 0.259273058715964
1.59779568996474 -0.208435899861162
0.291037063643151 0.741976907895665
1.16665998131955 -0.1939153904956
-0.223744615288993 0.15758501058664
