0.0923838619251212 0.0114260672652472
-0.793825361644817 0.455530219793949
-2.07204098904814 -0.0093829333949258
-0.169354683179144 0.184025585728264
1.09676712704141 0.97060253634355
0.260367107696187 0.160307229911168
0.0861022355119506 0.864179638239411
-2.73962132376591 -0.603747321134624
0.0544513477543741 0.293314370295452
-0.877218272735591 0.179214669308268
-1.70704981719301 0.00864384686506514
0.362613035406082 0.0797588001823125
-0.241019203968961 0.200336144936855
0.470311404582155 0.530493440111275
0.559204989803467 0.596857827707663
0.127172112733388 0.564094305784829
1.48633450944416 0.382393079345995
0.0313492531446102 0.0343198436853752
-0.460535473123462 0.637599181676831
-0.816560416846545 0.660206352510079
1.30854125812871 0.491807541821815
0.712980574928385 0.241423815812169
-0.524648438055939 0.555181913589967
-1.73835387503726 0.0240713944631659
1.75117057236577 0.532400708731341
0.924974044839497 0.768798139380366
2.02927551018931 0.0692922691838116
1.07210149030377 0.240004026292287
2.0224661991148 0.586595194430678
-1.65936817442559 0.0046357225729932
1.43344831060244 0.317060570442942
-1.78860070858888 -0.0161966767796153
-1.7164272818759 0.0524536846829609
0.592444071915457 0.754537811036032
1.5487826237466 0.103926576456361
-1.39316106741217 0.232887935235785
-2.042257105104 -0.19156787531227
0.107313445918877 0.413473092918109
0.533425222236954 0.889033200671317
0.662240082278653 0.0894055656948861
1.32596999888549 0.841358055865487
1.86417686180239 0.751128856348037
1.31060603474701 0.304132913200415
-1.24628739188167 0.0431158202783592
0.0876666648813071 0.401579304387644
-0.437620363068917 0.05143352295511
0.376979589606763 0.1173932499664
0.277679394898697 0.2458728563818
-0.545418021803665 0.635250563103064
-1.11404678389276 0.334516183153757
-1.64587082483057 0.122302410420538
-0.0699052865824022 0.444237608396504
-1.68360651590074 0.0163358172481555
0.899667246528214 0.391731010926331
-1.11529419391727 0.0844274194235882
2.06197365950286 0.111003382069574
-0.0601178004638423 0.15679053809344
-1.22744822381661 0.472320924181518
-0.0497221198126467 0.163893318577401
0.94507150087543 0.538497989197283
-0.473341319847737 0.600187892507166
0.863746457157019 0.574732340937003
0.451942180696564 0.415544163870663
-0.633707087491272 0.209094255179311
-0.256396298771419 0.226584527028487
0.257117495704866 0.778604132477252
-1.23687217447107 0.10213563474569
-2.78028231519398 -0.619353075827062
0.853628368395853 0.61679132714562
0.538546735105489 0.83215325423964
-0.802731986717566 0.0604902930535654
0.425710200731358 0.698552232147716
1.34154564838505 0.392689201102901
-0.12375103093212 0.304920025746188
1.05754726687751 0.526879306100333
-0.241646607094253 0.434283557869511
0.553461974662243 0.687042505625698
-0.50312132494267 0.0433938901258099
-0.616469864822948 0.0552249335311008
-5.0908803411156 -0.647120727012633
-0.985325824715653 0.188889351672363
-0.302826278265786 0.684151525104581
-1.81081238387623 -0.0709282063551777
-1.03002861128426 0.376013859679019
-2.74071171265035 -0.398511396512617
-0.951706581213533 0.188888799233041
1.26985884742807 0.282594218776556
1.1270442439334 0.848559193692031
0.512762238898575 0.476617909496483
-0.385869716390113 0.590937923842215
0.308629497352978 0.245938893829104
0.755899441839253 0.39051369852994
0.537583887820342 0.340288191459142
-2.61189007491143 -0.0384774756401222
-0.728268473094242 0.618420967333664
-0.295288054370339 0.357914486972495
-0.731636466160778 0.549003474977078
0.369421252472763 0.801724355250321
0.397254572870957 0.70709753709616
-0.433466169335445 0.717832510815555
-0.716133867786259 0.19897799943754
-1.65927054235161 0.0118891602207184
-0.510573112140724 0.500954037172
-0.708573162689948 0.297549151167082
0.800054503626967 0.600572845017835
-0.937812411714439 0.581130202992618
-0.285063660791764 0.430965995971364
-0.737767690641202 0.498590638050063
1.42938276989038 0.735812137562938
-0.173961871335954 0.735825741660586
0.924616460852137 0.921140375073105
-0.434921104406972 0.289899487823157
0.986808715936236 0.47123453034301
0.498865067280562 0.84353697660431
0.444436782449221 0.381368606779078
1.26394648462521 0.700652904691615
0.75185371381602 0.940404167704219
0.0202529794014058 0.768180263149277
0.114128615810455 0.125263071209049
0.243104229142061 0.80773084544504
0.631098104577767 0.0818360079588863
-0.0953595076184948 0.0049225621919492
1.04907459686656 0.301219487659902
-1.52852971430356 0.209245261713439
0.962679983573771 0.919857177074642
1.63719594267286 0.703665063320041
-0.671518168035772 0.0650481044951188
-0.142981470217235 0.148618803692077
1.24814847823864 0.164870025715084
0.999504246939719 0.16322976273207
-0.784773379171659 0.521675872778487
-0.0134167480204911 0.0753719018600657
-0.167147144785882 0.626029475785132
1.88818266438009 0.0449317318441949
-1.15989074895843 0.457260910937034
1.52556396761437 0.919753043436275
-1.2540319773044 0.40805025392272
0.76311022679143 0.631941018485237
2.03274467071732 0.823870673013789
1.15533947464683 0.297848605279205
-0.805470053305656 0.553111067924376
-1.1482264509295 0.287547950957781
2.34453870331796 0.697312715463588
1.41159157011307 0.351009577829576
0.644896685920281 0.717777786271493
-0.340549482564968 0.577563242017237
-0.750318313115009 0.474367899998087
-2.36994510068884 -0.290714705632692
0.0194894094058209 0.288074476391294
0.635443998135288 0.541344066748351
0.274830527164083 0.655302470853478
0.982894274645478 0.54764847995289
1.00545018087666 0.608595870712419
1.14003786613296 0.852852462236583
0.189221015038049 0.482106502184264
1.65879508947053 0.929664451480627
1.86596816849663 0.614754451078198
-0.154528837522667 0.13676181164634
1.72030056746135 0.0239950662613988
-0.0713199879741783 0.0945004772212968
-1.06090526689986 0.24517706540428
0.2063901489713 0.343383352531822
1.26452321967839 0.783522941222869
0.481573852666729 0.339693269997365
1.25198353968179 0.195189802029294
0.457207469479736 0.798589553286414
-1.31263243410533 0.273912049993831
1.16505572160581 0.595373948960032
0.530491106758395 0.363384393931745
0.956069907525477 0.483238904515811
-0.810696100641768 0.379188720846563
0.424855429367471 0.461120386759955
1.47056310147846 0.624109584133753
0.784285538884154 0.565720181640655
-1.10874054101783 0.229016214690529
-0.00767466536662975 0.0885606510745537
-0.710999330131448 0.489798272827905
0.0848109400863682 0.0124611222808975
-1.62638096288065 0.167395897696104
-0.657228445109224 0.558829929869253
0.588981169986311 0.122178857330536
-0.886950929154089 0.0906920224366205
0.0674075606580084 0.0925056355601415
0.14495571264066 0.82721841318735
-1.6642283474556 0.0646654218969515
-0.903591251115966 0.117387573218583
0.534671725184802 0.357547810868681
-0.545587900491007 0.736461445038997
-0.214725692211644 0.277131215602328
0.268438849578025 0.734991201441948
0.422323070046872 0.617295497479361
-0.693425602879867 0.254843415216775
-1.55472706169535 0.189511027145657
0.944820674923437 0.538560420674937
-0.173708524341687 0.814933828023809
-0.470269469168854 0.241934717666003
1.67412359479969 0.330797588563861
-1.90058192055259 -0.148453412303245
2.47363228144493 1.0223981843385
-0.850977139004633 0.155795818718568
0.741111608875413 0.920978619217509
2.25020861278297 0.326348892372058
0.288746391064073 0.681498398114224
1.82437610456279 0.290943570973746
-1.81798308933726 -0.0194352545004924
0.814910401441808 0.757575086104458
0.0173558379040402 0.431383595089535
-0.172182565540203 0.660398590384813
3.19237287626555 0.906875729366926
-0.0373974301943867 0.647501635557156
0.0742695347990018 0.218684224015187
0.573879956414968 0.87469961931018
0.251323116267375 0.577949301454521
0.632729143957356 0.150864884240527
0.868485813467425 0.656616683584312
-0.803700679363575 0.114377131421849
1.53335816198801 0.264849350088695
-1.27674150124375 0.0137476804019755
0.100562156376241 0.233552651625064
-1.06239325984384 0.51846598933141
0.702032692125542 0.753959742518734
-1.78953239634363 -0.0203902042492117
-1.16088313974195 0.282428007618199
-1.92832686199952 -0.115624421784995
-1.09288586235827 0.275747827880466
1.18248173334766 0.747250426543824
0.25141062736146 0.282488357268703
1.49295736745193 0.372334599097323
-2.41054513193993 -0.194177389486483
-0.157356906391422 0.555691813024288
1.83840915279711 0.34506077181205
-1.01509196162053 0.0647150499894239
-1.55096855459695 0.0879223609492461
2.35035983888107 0.229261261698077
-0.800158258612817 0.3645692181689
-0.0649872235353607 0.563369571092823
0.17317363080182 0.350257017915524
-1.78052673011825 -0.0215056653163747
-2.25781337439403 -0.215881756628979
-0.455029489244292 0.711970353149662
-1.97681447886046 -0.186707742770881
1.13040386386311 0.655561779640432
-1.73852887107373 0.0175644740021641
0.400692270934055 0.600789252472828
-0.563506911559933 0.640307832307149
-0.534290544514794 0.318017477668844
-1.50549846846068 0.190928795379483
-0.0128816581805313 0.184219587219456
0.428917892834776 0.890448295281579
0.508663020778161 0.5510760478837
-0.838724450521536 0.321391215074149
2.08783492402934 0.0477276597394195
1.41679841805215 0.749089507411926
-1.12150032015395 0.358262697186773
0.758029789265528 0.645647242464953
0.142917360204425 0.526819323923065
1.15545035198759 0.036941972975077
-0.914971848317657 0.529517624798551
0.891565495145738 0.216134626956082
1.21567582338738 0.841124403680201
-2.51764399152564 -0.541720564316639
-0.647240400000605 0.340945154797464
0.408115745663938 0.765658925868558
-0.46566706993682 0.0357227586274535
-2.90667373485046 -0.608412734160348
-0.79459201621193 0.257637204265036
-0.349391433174888 0.332257864466479
-2.55729004346596 -0.139059102141185
-0.335810954711973 0.524057269354242
-1.07288395202895 0.499564144492412
-0.742710020117452 0.686387887301178
0.186286639650564 0.630236402580203
-1.71299475167409 0.0474379704119806
-0.674141729389441 0.53623020125077
-2.36230305287695 -0.304938984068616
0.24762312537137 0.490798606254499
-2.22510952641197 -0.440853773924977
0.0534328544208692 0.169586691230072
2.25443542966204 1.01310813981421
-1.02161213139316 0.0857130965940727
0.766419165399666 0.387497764823249
-2.18607737540191 -0.397405895924613
0.0737717558171268 0.490808391838809
2.03847499932274 0.441759891251638
0.424558527562057 0.487733101083984
0.857800750378705 0.575007460233034
-0.473191766922506 0.681199565883131
-0.588845987278325 0.552118056843061
0.979472631139782 0.956668389373014
2.01707826348022 0.055215115689626
-0.761514569458711 0.63905276534416
-0.28827709463012 0.242064415400244
0.481483200070809 0.756284696713309
1.1989750924686 0.0712801924831523
1.15382994886396 0.421048352596864
-0.733408381808632 0.599575876992576
0.751391225608561 0.138185467428666
-0.94598935096622 0.613470334039755
-1.64833627556916 0.0976315865644996
-2.74892101097952 -0.597123402533832
-0.349599241715325 0.755914134339403
-0.707177054071986 0.684725321300412
-0.279539534765847 0.538504882992823
0.630907468343921 0.414744025598333
-1.04272884301632 0.227837467554198
-1.62094720002824 0.0321853674072042
2.06474417737786 0.114127030421622
0.398634301513364 0.357808880827633
0.307904083619759 0.569111480764412
0.446203638911879 0.545487062168706
-1.33934467799248 0.245854750869769
2.2025160209247 0.652493141481048
-0.662232503658033 0.0619335163829855
0.779275073092792 0.173345942559079
-0.766848224465071 0.171466739769266
1.07925988142847 0.115864289153888
-0.767457093501033 0.548948266675462
-2.78544159537808 -0.232825899137474
1.19872323141449 0.0244297006113789
0.721534585737681 0.133616006434657
-0.89500326121476 0.252488789224165
0.843964034365032 0.398425487509649
-1.51779771549847 0.261940130220947
1.71178818839348 0.226858975337034
1.95068567629484 0.654823639257167
0.310336667498702 0.64015283889797
2.11342496014779 0.108066130027652
1.78960110157956 0.543965585741913
1.02023291279915 0.699555667473113
0.362184366803145 0.324375253900321
-0.00651450922706014 0.76720837003091
-0.0667209746019035 0.59076411127285
0.0716022508036332 0.281220282247271
1.30953778038562 0.834700952949181
1.31462548644561 0.698554564156078
-1.55022595413466 0.151584345388655
-1.54768556260355 0.173518383525812
0.591623818466406 0.226986018502616
-0.617936046045425 0.212448323975345
0.419838112095228 0.215751808949331
-0.724853170292664 0.486903523759862
-1.3445400836176 0.19065062268755
-0.294611660170605 0.544194146309966
-0.332422457653842 0.464181225883285
3.07992327594223 0.556573705666013
-1.69555795092575 0.0830435424723261
-0.0767366625486266 0.319812192019934
-0.148069060552285 0.498664735371041
-0.912652737653741 0.41449893224641
-0.716742698757689 0.0133272220847216
1.62413302041876 0.417585773607801
0.524043646480287 0.0798659030163984
-2.76170594500614 -0.0973524989522511
-1.71593474908169 0.0254349808036807
-0.365636006691714 0.585907559367466
0.245039521756471 0.710036231386668
2.66731528776613 0.294191633411618
0.201491329572934 0.329930424262814
1.28640040087231 0.665262028701256
-0.509706164536299 0.422005949606077
0.557661206590086 0.454378304665523
1.1362688895566 0.265453846780962
-1.94327370186334 -0.128595564353406
-0.362278404287419 0.752758179101165
-0.631950199629118 0.00879024722661576
-0.255895978754877 0.769403733918877
0.425547613151391 0.591009518948306
-0.774445071491615 0.244801430298775
1.77757025274569 0.83082723569
0.831226870428338 0.159280827198052
-2.1268224300212 -0.149578444888012
-1.96428036153875 -0.0272096549648185
0.692957055590585 0.502243929210776
0.427790366925594 0.354574442720357
0.85447476882929 0.739217277850799
-0.809518539915261 0.515987514008278
0.97124869335477 0.00681046289129466
-1.5398246371489 0.0983243817554167
-0.356815503008333 0.225837730634634
-1.5258945568024 0.0787280951296127
2.09835611679784 0.259384252648294
0.213542451728036 0.188024689193515
1.42762322842333 0.955485908361283
-0.554731294629444 0.432059631640672
-1.33955744984622 0.221000368454746
-0.383851370589863 0.750602071743545
1.64417064918758 0.532893067850213
-1.63161740996247 0.0425856640754094
2.67866524047077 0.209908323278694
0.724537878379789 0.843129005540063
0.371838624979868 0.112956767791025
0.0560916499582238 0.733959110771676
1.30923928273209 0.419945273223341
0.612440248233141 0.617762207366793
1.40952917362827 0.811161551733377
-1.05763099625162 0.445829495514019
0.456351845230346 0.907590858756939
0.517760881945914 0.50298433129992
-0.666962922861645 0.237200328591037
-1.09803389457695 0.215292857155737
1.01356111594727 0.553537872756481
-2.14065703027584 -0.370804369000341
0.433616646633666 0.323684513839283
-0.910485059960956 0.322158222975662
-1.32625603087386 0.373550140923103
1.23540474213594 0.254094110941932
-0.271875542375284 0.614661046323898
-0.788336703257724 0.500298556283888
-0.246327019614139 0.377645809340368
0.42414412729082 0.818280927526846
1.65663507234115 0.415217296868362
-0.387413878357524 0.531275844296249
0.177459152803467 0.439284463035269
0.772285625002457 0.278266741705294
-0.148741212139844 0.0118065551375875
-1.45755825236265 0.149420043784312
-0.888722184320889 0.554929570501052
-0.0550868301089508 0.533991850561201
0.386473441980032 0.403867436964429
-1.93072729182139 -0.154919615211642
0.385525044015975 0.564760625176483
1.0651938400034 0.532194227461068
2.01841746781082 0.138038572087712
0.0657552841695699 0.731983781917326
-0.637191336355853 0.418979862464213
0.534953141421622 0.233438721054315
-1.51237632271884 0.191717695796353
3.71455682966774 0.200396248298554
1.16134022473551 0.334195241014632
0.366753751316256 0.124212423408651
-1.04258366754927 0.180546381375585
0.919427924452669 0.00617647128264143
0.844596960510596 0.923972641392964
0.293119953515588 0.0057609160200642
-1.46072235647879 0.0786248303832917
1.29277326189764 0.0423470103347863
-2.7672791580961 -0.0788340416959502
-0.393536633790903 0.603744595784649
-0.226728151857913 0.220033300211238
-0.346294491543782 0.00388830474949471
-1.42120612027491 0.274352613175163
-1.85397103151621 -0.0825591977819832
0.567980256610998 0.663087192642963
-0.726542168337821 0.194013499007249
-0.524520606488098 0.673005566984372
1.79222963022503 0.845424719187059
-2.45547413552212 -0.226313176714671
1.79006389824933 0.731361589968773
1.58026912499333 0.0416358081934133
-0.338641875683808 0.0952017208479014
0.727399114344627 0.435837431262033
-0.0558549216707484 0.580635842117546
2.58212681600307 0.278910873778744
-1.08965558488452 0.119686677349014
-2.27164537899859 -0.312854340568157
0.828596283962795 0.151114252974679
-0.168724381537497 0.259930841379826
0.928216282572503 0.725361338343736
1.07534765271904 0.752488690836092
2.22485224833935 0.189479258748184
-1.26330993622872 0.195436414488589
0.0353026894864315 0.584697089947776
1.10105881702932 0.939195419414473
0.983330073592911 0.750652092261365
-1.50787543050271 0.243114102924102
0.600946363419758 0.0269202283482222
-1.07519492065717 0.122763079821886
-1.16259693122454 0.404316517852399
-0.863322399344306 0.64942176552017
-1.58378107366942 0.0876342089037145
1.58571241332159 0.168512054078702
2.24423852048963 0.981661639716685
-0.177918605573442 0.303236755711987
0.366274028735875 0.409946934593292
-0.742534124649396 0.349072703691791
0.293233471720541 0.23511631434643
-1.10186318358667 0.286682478115576
-1.24889309158151 0.209575349897301
1.00776948466978 0.00486341226378088
-2.58539400918667 -0.171412035730333
-1.9994809321108 -0.173693240599466
2.29758507123901 0.952967689744585
0.18454323422535 0.683018229069131
0.00309570496792561 0.444984139671149
1.72871810034224 0.655971970463172
0.778455086402003 0.252502590227449
1.16287675565348 0.22899855648788
-0.223471611930486 0.56031835722948
-1.4864494049075 0.112046827539813
0.962128326206238 0.733586747408437
0.44204881880175 0.730852677576024
0.746427073736345 0.744799069494177
-1.18811926660959 0.499813083069233
1.41011500590144 0.937371383553459
0.537169624575258 0.518430856297081
-0.826663787955511 0.24828253766477
-0.541367731815732 0.493081218738732
-0.814098111510346 0.448831342145009
0.612580963848978 0.399199552772057
-1.06806896804686 0.437179344378777
0.158317198705008 0.0744885597703444
-1.08700532462643 0.0559819243771219
-0.537087386675077 0.0836278823910495
-2.47603891259179 -0.0680522379317587
0.193994866033717 0.0764044790973155
1.2998738567936 0.799653964670814
0.0753266476971763 0.0975138901993304
-1.34561513997319 0.225893883679554
-1.66351808025925 0.0510807520551398
-0.698021291282793 0.484855241458162
-2.67607943885335 -0.104831383824139
0.155967707967485 0.632537684811911
-2.27873858071365 -0.339076172072505
-0.512184245489787 0.208953310999399
2.34563366505073 0.95353710533169
-0.992198320415835 0.267079624826063
0.332310044121886 0.808900787328249
-0.339534658547992 0.151075819137495
0.620377776358549 0.54518949354712
-0.93859412115594 0.351741375372868
-2.19967228576582 -0.416436735297172
0.558277065354766 0.87403326501551
2.92263870417485 0.352807981692587
-0.356466026019114 0.0542627161329851
-0.587855400476398 0.527859830267537
-1.12409107885859 0.180908882802548
-0.56233095981012 0.212597113871206
0.652340142686047 0.224318319450328
2.77267761684284 0.776301399761661
0.463088579395042 0.331128946009791
0.797777640636009 0.0267868713022174
0.5377079519637 0.00828647234908655
-1.33167831024465 0.12924499779482
-0.395959715751393 0.647547013409503
-1.2643390005278 0.0182337290451528
1.08053419021852 0.897755065739713
-0.588439611794379 0.00285888962880224
-0.485891594004109 0.267615252888429
-0.781932692630442 0.668434762373395
-0.225004948339286 0.454553462436691
1.29632631685444 0.676515199275505
0.69278290033144 0.284187063658021
-1.48004827378994 0.27711689939691
-1.48208061472123 0.137878849827341
1.32176117162642 0.858555736342076
1.54317347349945 0.221083869809535
-0.613456718636966 0.314601023028627
-1.32021514560249 0.267336212993989
-0.329738900433021 0.776983118085912
-0.439787429818258 0.427908977890952
4.26104245192578 0.611420850049702
0.367711968979152 0.611720769142473
-1.80047483213482 -0.0110811669026707
2.51036083919123 0.433533549436713
0.420760101348151 0.363200702360057
0.741174843324601 0.277271782543974
-1.25006395558964 0.349958893210653
0.176622451567543 0.0193230547616586
-0.708646678028944 0.132931316540824
0.684521034367255 0.294120984195018
0.0204371585950461 0.343860369347286
-1.15783576491301 0.472252023893762
2.26779916931009 0.502318916770329
2.42002085244659 0.0813876310632607
-0.387446296616928 0.494219113560768
1.22258828590065 0.114298550328999
1.24391498198724 0.0385729687141413
0.91721902594629 0.377558701964435
0.844063767928965 0.0615223709831436
-0.585044769176408 0.727215705334338
-0.886268162363031 0.553191809860303
0.0904903634327636 0.467182368524113
-1.32185765698732 0.317990038228959
-0.102859559558381 0.0600431097066654
-2.16053402599872 -0.0371539676989097
0.528639596175266 0.434425733855235
-1.19051038243912 0.0201277787815443
0.877650316968864 0.748128964772649
1.18994741525216 0.736144403298618
-1.07249543732569 0.449721227627158
1.42702731051029 0.836964892173764
0.82929570807224 0.279964486922653
-1.36025873990555 0.310154222395964
2.29581649223599 0.633498941650032
-1.39657224936607 0.00162088410764577
2.41447041739298 0.0192758418163927
-0.283499684892273 0.437648190281577
0.181972912413636 0.00708092334013971
-0.00685056271684458 0.266984789974835
-1.32787126374227 0.334414910078163
0.237962799112491 0.165328481245212
-1.19687748420533 0.0688483624754574
-1.08560377265612 0.353358100770589
-1.06066679931887 0.300453664959263
-0.105787067694885 0.246564513778544
1.35146416295542 0.844057083392566
-0.70027653014836 0.495642109695228
1.20610452596319 0.180451760715653
1.15827121955436 0.893049106036901
-0.941862093120565 0.536906966864715
0.849699271513583 0.715156074809159
-1.29898462718488 0.348153540067461
-0.262915436106078 0.685148477907822
1.1264550332375 0.1140548872234
0.973477532783722 0.588059575505143
-0.947856165026204 0.156757833413167
1.78344697519377 0.570873411207272
-0.773622813619356 0.207704202753859
-0.306882495863224 0.769847106881977
-1.42377360604172 0.267540809850412
-1.85843785950725 -0.0128846750880051
-0.105940660539369 0.173212818380319
-0.414893206266307 0.421246450391074
-1.0981704805734 0.141705579228723
-0.632990752245308 0.481370714704175
-2.22847123764624 -0.177052752626361
1.02977669671504 0.963518799638894
-1.44464318950454 0.151014929653315
0.801619525617159 0.465505866190851
-1.06149813197225 0.442055438601444
-0.368008106899588 0.750886406472495
-0.89381757722779 0.450357631894342
2.28750279137555 0.570685691186614
0.707632184195893 0.0540394288951604
2.14586597524064 0.834940954132846
-2.04904459945478 -0.0735801149385131
0.584565500667758 0.306430535791942
0.699602402939344 0.188787099300975
-0.488688567530868 0.474935224864081
0.34009315097692 0.32820767871144
-0.312794635515178 0.128820012247539
-0.958694612871231 0.535044834882144
0.0631400306307386 0.851159598512106
-1.27256116529634 0.151971336090542
0.770459664377268 0.0149610655932814
-0.323629668068889 0.68722400832044
0.165939471189399 0.126398739691971
0.149326141732785 0.241491889809208
0.373455480886985 0.708579010631931
-0.925665877820588 0.504820383700973
-1.41797054132145 0.10042132855569
-0.775777611655462 0.21097079414382
-1.49427662572699 0.250685003999964
-0.942638797988596 0.281699564338351
-0.256661097932723 0.0446040033573483
0.262041430580533 0.231788186045079
-0.727857249165219 0.621876843449339
0.690141272644691 0.140370136221072
0.170405570465823 0.275601196018698
2.17134118771545 0.589638756962792
-0.4281633870646 0.37366388024671
-0.62982217473491 0.204235515190525
-1.47988446355945 0.0213257255228298
2.25746731003914 0.171445168741722
1.12206391935901 0.764072568092573
-0.815319504342592 0.280549864133848
-0.135232982966291 0.137669821192259
1.31287148417432 0.380303067748008
-0.699851309413694 0.159301677243637
-2.12660177335653 -0.337392497512876
1.5303908537387 0.483057398763397
0.739617833952205 0.589366998483142
0.865739981674772 0.252717142154633
-3.58031048345597 -0.111034159408326
-0.246118853525565 0.722064791084318
-0.183462450497966 0.0799721655031038
0.0849063194450204 0.749033879012449
-0.375630325767905 0.0420884076181484
-1.79265256351989 -0.0449358105781445
-0.884234908270446 0.444668907984422
-2.49697474860525 -0.192755277335917
0.713297601681211 0.780120128984324
-0.108801284640779 0.315291928462915
1.66957442414891 0.0410845240464267
-0.850586025637465 0.305165342706736
1.24718348960555 0.866787500001571
0.200924542933798 0.324299644157487
2.29631273547066 0.701205485575761
-0.231254831454352 0.803397270121451
-1.53716397099851 0.0659312352734442
0.360546938604438 0.726609532068658
-0.611416152248769 0.195052932561619
-0.264434058544723 0.450986704092811
-0.800606912771762 0.354987511059193
1.72675341595969 0.838905455951423
1.6925245903223 0.565614141190254
-1.79206708124535 -0.0208882039303654
-1.32430410340219 0.165174842740917
-0.0512264590512213 0.430268113895562
1.78227521328549 0.875470925905722
0.546138755587692 0.2027091909371
0.5959098449502 0.904101732404401
-2.20037795911049 -0.17437275096653
-0.436561573738637 0.451438935718642
0.84448163647978 0.135147153295246
-1.4563181938006 0.212133435938247
-2.14187953587291 -0.116869473270939
1.82338331255955 0.0857893689113981
-0.0334246898199266 0.59875741100536
1.2022269880018 0.0492202913352269
1.83352671616643 0.21216751580562
-0.998621487708524 0.246081438545246
0.297368480648811 0.51485452636366
-1.97994933615956 -0.229348458141542
-0.571535770679513 0.00226039027675293
1.05152794030408 0.934638574620601
0.03408506335802 0.470872120773751
0.248212133380563 0.795326248034741
-2.69192108588599 -0.104790673299972
-1.04319032046032 0.093013472517054
2.09946109018993 1.02609912606072
1.40594452469589 0.935528055160618
0.404925385965998 0.0228787634925354
0.355587009620988 0.704739069646961
-0.350305694925496 0.77391896326734
-1.10055666601544 0.161387907205695
-0.714829568140412 0.314796294683024
-0.0908386378272635 0.616673713061304
1.26665034892454 0.76617947638273
-1.97781479272817 -0.145260091223946
-0.0697689675861276 0.723988016699083
-0.150258008820271 0.00677433108875268
1.09906432113248 0.0293541987347967
1.32113136077112 0.237707469051976
0.749765996475402 0.719662989768605
1.15615911088676 0.425389869784495
0.108567146040067 0.11629447352099
1.62633681716787 0.0623112401750217
-0.693943999023658 0.422608900333303
0.655369426214115 0.660160467647121
-0.397588092139708 0.586547237285189
0.650277478865397 0.537106963458186
1.84762120102816 0.308135262486668
-0.488499579650912 0.369841805289875
-1.19323317499217 0.377307487423987
1.91294740365855 0.6021221329961
0.599616281730925 0.728876357404566
0.341154829549563 0.806468169142832
0.382184376648156 0.194227133988442
0.512683751336045 0.40332636576742
-0.548803199628756 0.42067715643408
-1.37454718401571 0.100649283093153
-0.0656908235676857 0.0230331254575613
0.346068694837356 0.477859452816753
0.0661853446800569 0.777027448912016
0.408679785646962 0.709753036445044
0.0652101271226741 0.771623511349194
-0.259957822672648 0.802034490529315
-1.6270480165412 0.142502334620591
-1.48371465983659 0.205202615582073
-0.2693305588833 0.119710023203037
-1.89893486788855 -0.167833451068061
-1.12700558250611 0.0970375827865117
0.349630354090762 0.318644704131972
-0.524139134371479 0.250435622967883
-0.232527180207775 0.00351542475122399
-0.581566788055279 0.67412372312737
-0.533329070291816 0.213580996521897
-1.60850642113161 0.17544836115014
0.109523993823085 0.310912640602236
0.160400587798435 0.0747607643112144
1.09757978447557 0.795997826939669
1.96468329635411 0.457350694076086
-1.04409396428073 0.115672894201494
-0.732102871102521 0.277993701153128
4.50542977358407 0.87860256065436
-1.59032760437196 0.0521033783939393
-0.440692749467697 0.178904298940287
-1.17142001730854 0.131598215359802
-0.388300750810894 0.290003231653855
-0.532473345499048 0.399414723054082
-0.163137413785374 0.799517318125913
0.958552009338689 0.233356992940288
0.827087332344555 0.314638723366881
1.34494763514541 0.236919752608905
0.543650181078986 0.0212675028516578
-1.09690499940894 0.174933011673063
-0.629915018136376 0.0101238540384981
-2.19515637755649 -0.31762294700918
-1.31012665652136 0.0107196566204085
-1.18336087584131 0.034411752270489
0.580887547755309 0.557883152725477
0.827768534270338 0.134342159710988
1.42904296880006 0.735684336892141
-0.935618856067618 0.39966723554152
-0.353064147636991 0.281679738910886
1.76858136984663 1.02051529203315
0.620427590539528 0.878228950325364
0.272965408034974 0.21421908730489
-0.355191055844791 0.625068415502852
2.36800192880133 0.782013023430836
-0.0745021401205697 0.127192951534129
0.655522543862336 0.0651697174015108
0.0725924987627235 0.604630138300406
-0.174620919918571 0.455634713070993
0.619828636244732 0.402605870371904
1.03649934480215 0.801195099633265
1.28188658340174 0.899689993592822
1.40959099900475 0.219415275663906
0.397552737256328 0.799486767066934
1.65288682100743 0.0444649362496424
-0.0473413098977685 0.600325095906248
-0.500321265841604 0.141415263353285
-1.74969413503503 0.00877657000918771
-1.26651899105716 0.038432612795775
-0.0594854152719748 0.288131234038654
0.867130836129519 0.384578705098884
-0.0900432913559939 0.665254152410002
2.81305437500539 0.644522531986056
0.776465368548286 0.641987553752841
-0.0770815861740976 0.130768555450431
-0.917288493491194 0.08377205024053
0.0909746260347918 0.298663972134184
-0.519017937517358 0.272735574641209
-0.0932105931086764 0.168775525287139
0.819731354704255 0.00424540638528542
1.4616340074426 0.527681985341447
-1.50118568822744 0.182846634199137
-0.249591651108814 0.213116978493899
1.54028944143249 0.270228088197847
0.245095444235913 0.767725011935203
-0.953888509891049 0.0626746694160575
1.51795270978825 0.478854676874887
-0.193767145009717 0.0335778918294551
0.957420821844722 0.689415685539012
0.15173592969769 0.396650164918
-0.259274331583593 0.534778307603021
1.2391246357531 0.0273037327352352
-2.6395094340462 -0.523764425185685
-1.10541434559673 0.252175416105576
-2.25917759387236 -0.228670259908769
-0.799812771481559 0.303577611594677
1.10541982225648 0.136737080339195
1.19591538701288 0.783212524139893
-1.4803673552218 0.26802443950445
2.0262251093076 1.02893501432341
0.38664377402964 0.0661949507660136
0.0978321068616827 0.77074414675852
-1.11930301452525 0.512391227783202
-0.29544917330557 0.269164050352924
1.89831083594032 0.0464254440771398
-1.02987937141556 0.405525975237859
0.459666889636602 0.607015433897093
0.733205997711823 0.457384427538644
1.36758584839025 0.966551706759523
0.388753504229361 0.13537990529576
-0.791860979755205 0.386568722272069
-1.30795582526715 0.115641973355244
-0.795892934961653 0.457180074013845
-1.14380891910745 0.0336676026035994
1.08415193256766 0.889895425285103
0.504606338560295 0.61445030932859
-0.234484945984217 0.580096108600653
-0.613439554699602 0.627700857181076
-0.239233171640749 0.276835363543152
0.783238605276085 0.731361407609676
0.231743111233391 0.520920975593065
-0.330725309793149 0.363571046151909
-0.62339639767264 0.313092854961808
0.53942928974257 0.0215871638241043
1.74986397561668 0.271523094767129
0.279754696653309 0.618203867531671
-3.30841717207065 -0.38273547545268
-1.48563460191923 0.303072325015509
-0.121188179097333 0.308285437581523
-0.819182021465445 0.330437450309861
1.37668947930925 0.627396047223723
0.187696236141897 0.569903113455879
1.01626050035043 0.242976627648109
0.489422825815397 0.276048920785568
-0.42366968874463 0.527458326224298
-1.07279420868382 0.385060666241273
-0.132432743185137 0.58048795930302
1.08623758850887 0.374406216629732
1.17618325655205 0.356519136504073
-1.66892148522861 0.0389833417050026
0.475256598943054 0.830349633558088
-1.48598381908049 0.0303076028715234
-2.84846274145882 -0.604400217547789
1.08416472953144 0.50519481747314
0.849905851792514 0.0427200806793091
-0.683790173002752 0.494935248552734
-2.86474818250147 -0.41182577379079
-0.878354985288505 0.015874035598036
-1.65783793989217 0.0263803603503748
-0.582305246313182 0.462888284909683
-0.370611494002036 0.195365628284812
3.53008572556825 0.0415573284891271
-0.102166504870782 0.459639701662056
-1.18107205955821 0.0945246173193044
-0.50734075033368 0.0130585412989705
0.640398684837318 0.844866814389747
1.1231461481301 0.697345540735009
0.668277940512339 0.480781201481467
1.47677622849303 0.368380450625812
0.356252662096698 0.30130047534624
1.60085984767184 0.496900470542529
0.290000580781022 0.181709981092533
1.21282161912249 0.839188661687229
-0.710145780122192 0.569283933410425
0.447663358235866 0.0280408101158721
0.807889248918932 0.848765430406107
1.34474835112624 0.521801181911029
0.101018449261446 0.163460406081487
-2.56840434487932 -0.540565782619043
-0.887844215903486 0.181328503261518
0.085775463720505 0.791747819662426
0.680216771883879 0.809394420948804
0.597479931602876 0.160561508451364
-0.793659476041279 0.360683319916228
0.504979145150338 0.782487139540459
0.859309097254534 0.742454055415908
0.043619574590562 0.778253931825797
-2.28990033054587 -0.191212782674099
1.03314356769296 0.609632849312452
-0.0463331636219114 0.647077651835438
0.152296437642277 0.343121133230223
-0.121199672726606 0.56358148863073
1.96544868940617 0.322324082681514
-1.13631623016989 0.513193137740353
-0.66249425013583 0.0569620554151446
0.275471932937392 0.367342869876941
-0.805895130873098 0.223192058525228
-0.798214940127535 0.243746281137743
-1.47409975048239 0.0424989418972075
-0.195674503242905 0.648266076629194
-0.182382981368374 0.531345099149542
-0.626038958218345 0.0122778941618106
2.41990714607152 0.798700151305111
0.846251656478285 0.91579387497805
-1.35880822736435 0.106843059066928
1.23901142743375 0.431345636504601
0.874984174820377 0.287022044929396
2.17534786945501 0.183993300632588
-0.708179921365095 0.0815204550998804
0.156404762191473 0.540947615558531
1.46184100697533 0.315891940644201
-2.19245871620527 -0.130256110067925
-0.0458921334008134 0.190529186336899
-0.321443041056122 0.0308424694728633
0.490838459216722 0.144551828351658
-0.74992213859005 0.516041868206135
0.686681333678117 0.48693530441589
0.261130197627657 0.566121500186513
-1.8046399633267 -0.000797527152671271
0.914221781618881 0.788190542161468
-1.81094914435001 -0.0694443714176595
-1.08819842472981 0.157341246193892
1.01962914567587 0.439236984018041
0.61136676400096 0.436314420547271
-0.178517273766268 0.731918562892205
0.67093444956305 0.0917368447725558
-0.261979467077391 0.56640560313637
-1.02082561830622 0.406544541302956
0.258596764086666 0.449130985752405
0.3267237968485 0.64653429119878
-0.505764194457642 0.75451344474844
0.925993473302862 0.0451244380456253
-0.273115131684754 0.0677096551375653
1.03867677166741 0.654386008366413
-0.880176031208167 0.265174428892321
0.789595962417073 0.758799055231626
1.33903211544446 0.723972626456962
0.144684498511302 0.11259166192437
0.400885583844229 0.7915457957786
-1.60725747267041 0.0903216511260767
-0.630553671599299 0.148217760679093
-0.184053340799125 0.458641340072337
2.10448635781583 0.634182401990687
-0.143856915277037 0.459931584917104
2.0021614451563 0.492036066922733
0.522259109195604 0.50876383212756
1.03844722043991 0.938255520242089
1.72802417434335 0.540279841431725
-0.958543607231729 0.364450473857549
0.600701370302184 0.523829409801077
-1.34493185262058 0.3541696600877
1.35084772370534 0.431305742646161
-0.556283716231079 0.509680953114051
-0.543210547740647 0.597023595560197
-0.425330453477938 0.298626099903439
-0.845740048194537 0.430918344520367
-1.70559051474936 0.0601683600880519
-0.997059992423218 0.090207285192665
0.355081284195204 0.84657518985158
1.08790658263084 0.902410917971392
-0.865349032535155 0.278407582605202
0.200594943631289 0.68027190720188
-0.867379510138152 0.554972180659341
3.00673192018355 0.704297285392166
0.251788950582083 0.161500081521869
-1.63932824734152 0.0435678801832878
-0.294944250424109 0.19115029259338
0.275611934314647 0.551029363476854
-0.758971382721198 0.0745978320697241
-0.757974944050178 0.542258145287057
-2.17760201091393 -0.130962842093931
-0.739407226646926 0.0195521629391228
0.516670864516994 0.00730202361507611
1.38096733673853 0.194811686620294
1.26120070800879 0.263612519146208
-0.913365397160058 0.349643568604414
-0.633860906665118 0.659663815339014
-1.64762452076702 0.0759305547047074
0.172985979602515 0.562061527608986
-2.02096868402868 -0.161200347380618
-0.294441505059197 0.260754155845302
-1.22511758894294 0.0270484008167748
-2.09413713471015 -0.327910707500067
1.87098989278229 0.804388179655243
-1.07977987665583 0.242153088167496
-1.45495427554151 0.148409545079766
-0.339930393727196 0.100898552481017
-0.353396245931186 0.563375741260263
-1.76686971186602 -0.00435010930659597
0.506635931548118 0.407407268351263
4.16611674820721 0.566944042158245
-0.362891290618319 0.212853444973569
1.90852220966575 0.120108341711581
-1.74017677110486 0.00697704910568035
-0.0895224927022474 0.150101954431682
0.098437061386304 0.201633351425639
-0.577979482758419 0.55485830419722
-0.507566434198715 0.268175298663367
