-0.464303776667111 0.0669734612523089
-1.98006392262595 0.00850147967074638
1.30670146589232 -0.258096321623532
-0.534540624469797 0.116381008387038
-1.25562726761785 0.253418515268311
0.0419269305864716 -0.0430319315458208
0.598373651716598 -0.269817822747106
0.797551265424369 -0.00756557805375788
-0.358440855625663 0.229915562996005
0.0627443770853613 -0.00558766828299025
-3.77072618393744 0.149357569150876
-2.71654585425897 0.309484343625756
-0.128960982622699 0.0381808321312839
-1.38608216798553 0.443457224387809
1.62037362318793 -0.427994484568768
-0.962973047467625 0.140717868478483
1.43655692695519 -0.387066329648428
0.550052627957919 -0.169521811713559
-0.971913854646564 0.165649001512138
0.438707137526008 -0.269349424394401
1.45640613092205 -0.439004445085732
-0.382076286861377 0.245389500566875
-1.20155799447889 0.231790782303246
-0.108819944411113 0.0203540599692989
-1.28037224775372 0.379462121222831
-0.7525407181358 0.0427493560627018
0.577198283537392 -0.0205313322552016
0.363648845871013 -0.00359152070455619
-1.29540900958965 0.260194612419071
-1.37515415084133 0.647589282288194
0.882455659935846 -0.183240513151028
-0.852920191869774 0.436650208504853
0.112880320776442 -0.0104356355998377
1.7660792961219 -0.521474534578428
0.240263976516714 -0.127772146723134
0.221645268946384 -0.149546136873199
1.56573149340973 -0.114878621722681
0.952290145579385 -0.0127307240841685
1.33108350104603 -0.691255608589083
0.924147700920249 -0.123886726364017
2.48943793161867 -0.321995748256348
0.340548972176073 -0.197695248103698
1.05301805551651 -0.049070022925822
-1.69565456037359 0.204324204038982
1.17135349162092 -0.63087437307955
-0.676109562536961 0.347964852381288
-0.106923300780715 0.00283742155364122
0.0550342749417063 -0.0636991681553482
1.04848709928325 -0.387943881327704
-1.60049573142748 0.0334209396588396
-1.07114751043871 0.359999960125329
0.185224106281476 -0.0703117008567419
0.199677523692528 -0.230369261385346
0.173504774991056 -0.212887908683891
0.502949399033093 -0.105004029414006
0.708813246901218 -0.42904949311098
-0.696566442719136 0.267844336352987
2.75052681019626 -0.321309942263655
0.148122278739081 -0.187065437134478
-0.53134240206467 0.0173224238797652
-0.0965299300635329 0.00426075346809698
-0.620715696256672 0.159206616363289
-1.84956786189569 0.24589335249802
-2.49401399205067 0.194181419471274
-0.814154767197388 0.00972286029810394
-0.256078957086271 0.164353894987441
1.22645595699562 -0.0500090513736332
2.29568511602963 -0.732710783898476
0.0909580093663647 -0.0940604676625385
-0.698307316635228 0.199009219339562
2.17225096538082 -0.562046921299191
-0.542903129621297 0.076139861174446
1.55311919175631 -0.392861014754342
0.654652234023159 -0.190765715119808
-1.17553610454939 0.00123628173645026
-1.18539829806279 0.209961933417009
-1.6319718350661 0.379884428196915
-1.09245890284129 0.038948955528709
-0.738387117497869 0.218172609595345
-0.377024986233649 0.0592115848574742
0.0471384140791718 -0.0591372674576369
1.48807428776843 -0.564965763908479
0.676828744349201 -0.198328723997813
-0.507389456239194 0.333314274628928
-0.690137104230067 0.362739711226718
1.73835602203921 -0.326688688286983
-1.78256591084035 0.427574546697256
-0.82329660802451 0.127554353801877
0.752117827652596 -0.063663583498218
-0.297147833794755 0.125661299055972
-0.106071899094057 0.0297712183989718
-0.148938238043931 0.0237943756854256
0.785877734109624 -0.134754047508752
0.898543069676561 -0.0530477984958619
0.216360569378824 -0.0494566909963278
1.19260425664206 -0.526185658065878
2.15136958336293 -0.234165136763362
-0.224483475909727 0.0347788655622708
1.68278021700739 -0.11577025879779
0.0697089976919323 -0.0712216007505194
-1.39055670585027 0.235153462109558
0.120993112824443 -0.162823091564348
-0.927948285908607 0.162832069939949
0.442768801951579 -0.333901596091692
-0.634505423384723 0.184498374586969
1.50246416856114 -0.597345930744693
1.52249868819797 -0.0591885078251132
-0.597082702124832 0.226649423530165
1.81543831912006 -0.190473096167826
-0.225208033212694 0.0314768757887995
-2.7393285706914 0.113574677408473
1.96949085017879 -0.20891760879868
0.573708970592092 -0.316139151488075
-0.153176574188564 0.0071121558539485
0.23366617768554 -0.14564831264339
0.864762890845868 -0.221699994641086
-0.182592770538986 0.119618816740634
2.23568822024953 -0.617028582642876
0.691711956190142 -0.164949182204826
0.395159099821419 -0.0134765848012274
1.03079410997763 -0.355477127338548
1.92088501371157 -0.556115451007953
0.955431828008291 -0.187551582519573
0.174763836750883 -0.160013965763879
-0.59632110500737 0.182473759623703
-2.49695801405018 0.0356962168522772
1.4194351199949 -0.00883290037664343
0.959481303076359 -0.0537908062205476
-1.77378887965556 0.227853668105132
-0.175208968666477 0.0217829155821408
-1.24619175737977 0.430891903002111
1.6609378769468 -0.413345468256067
-1.28602520382018 0.328959934555313
-0.919154851764059 0.310127390071598
0.772585597056891 -0.339523171709207
1.23581263656486 -0.171621094832167
0.434061528979066 -0.123594731720273
0.0540806344749789 -0.0674408878993561
-2.44905361559738 0.20418934891526
-0.80974582399366 0.261052779293435
1.19235599045712 -0.632325388641218
1.10149268095614 -0.274643362799077
1.07348290785165 -0.470411903872143
-2.3132797771685 0.189039318100985
1.08225923126282 -0.624543782594252
-1.01795169639397 0.518350089916809
2.14291217575365 -0.32347170876309
-0.639815060694148 0.403078889354121
-0.611362078933319 0.28630947520123
0.771324486640122 -0.304330956612071
1.64289278162546 -0.11953781839205
-0.704132123330891 0.22138880523871
2.25390446891398 -0.531377197770514
2.88790449504201 -0.357614140036927
-1.20524573172997 0.37532937683747
-1.51212386326221 0.22947889705998
-1.32699660153158 0.493093037701018
1.56295983505798 -0.422389657621158
-2.29864929889475 0.544043331814686
0.618067889799517 -0.029511832373467
-0.400303195890984 0.1152100666835
0.824368137199602 -0.279179822228882
-1.9196677624023 0.610339036642314
0.565305934825553 -0.181159422457621
-0.492082029864217 0.147389881110225
2.68222287367095 -0.0428282389737793
-0.243232993408676 0.0928256079482733
-0.865610241007139 0.497097313105778
-3.56095401640196 0.6976355590868
-0.263017298183097 0.211645101882796
-0.939742311007388 0.139900572866519
-0.405217454666954 0.0836947592360133
-0.265894004745207 0.00655656501089869
2.65032008898944 -0.684627329797635
2.25415547032435 -0.539523128333184
1.69149210250015 -0.025513285965347
-1.3080089289873 0.536987233856853
-0.496740172219841 0.365056992532372
-1.66987420800027 0.358344352272963
1.34302490525535 -0.31786742254758
-0.224632598206819 0.153041792745607
0.354392459618475 -0.0498212163356772
-1.45664936850608 0.317409596521432
-0.810773299708192 0.175316415232959
-0.010884087033019 -0.0113245943373987
0.0195000213181445 -0.0542700739319093
-0.366475155001142 0.219715812805405
-1.08414904472256 0.529121548145346
1.45333653073573 -0.20106687750676
1.03068700032024 -0.353307161145544
0.389577408768382 -0.332758551365238
0.140499681265206 -0.0558076030263981
1.1580537194342 -0.275544318283464
-3.06167440869469 0.0745443223911684
-0.514942919772993 0.0594868014607927
1.79948957569869 -0.221322221387741
-0.308384095954222 0.154093190168054
2.2227462863386 -0.643230635771234
-0.988581805784096 0.485252637160402
0.055056038608425 -0.105334394578351
-0.6227373627889 0.191889336172675
-0.108832938997423 0.0140193056478046
-0.32342626337559 0.0805421102263282
1.41083177149242 -0.00538981835007498
1.01838666692842 -0.546631947694218
-0.0305609934850642 -0.0106910677357101
1.29455832191318 -0.0987261163958434
-0.712405931153658 0.365567688083455
-1.0418674507402 0.336343495383784
0.740327898462833 -0.104703013394809
-0.830192331290456 0.0853169753698975
0.308992737278291 -0.308588116518218
-2.53941518114582 0.283947406336202
0.151693516321718 -0.0861645826461587
1.67003232967534 -0.398769090255721
0.335811998875114 -0.0258092085720935
1.49913032352212 -0.351837104811301
-0.564762349229347 0.36238133305801
0.386384861630758 -0.101077900269826
-1.0707365134597 0.576742868473445
-2.13489815062605 0.521828107480914
0.132858185381846 -0.00205985111003885
-1.29616514416311 0.187208990347478
0.391614047739917 -0.0128614966612821
-0.0286574395532895 -0.00140216504118908
-0.731603841771825 0.0103935066052392
0.507495917238048 -0.0266678746019835
1.03018540941206 -0.253685875941432
1.409832290846 -0.0576825440898505
-0.970730835143468 0.0421052048172155
1.4148282167946 -0.638806324081194
0.841680577606103 -0.174452713204543
1.24731856679607 -0.633976274316405
2.63053076431403 -0.512945462700047
0.680075480152032 -0.431810249679025
2.4366354378096 -0.567618839497744
0.055386279013634 -0.09068151504745
-1.11620807275278 0.350149559819268
0.574235867784755 -0.379471698022362
1.60801118182642 -0.109385721267594
0.0434307260049194 -0.00615892262207966
-0.678655296143181 0.293264645042356
-0.41945676566652 0.319677465205083
0.221783339018831 -0.18698792123888
0.357869485224731 -0.160082652138595
0.225877382629836 -0.128422534666564
-0.713127039350921 0.00140356990165026
2.39967738481733 -0.412989924593693
-0.76414398240803 0.0380697893098286
1.92970255697916 -0.597581312240314
2.38301012044214 -0.0288146459938533
0.119759832169403 -0.142389379440244
0.361251098136726 -0.288377315720663
0.0781811933633643 -0.00944237482831694
0.386978807944317 -0.197505176946155
1.14747946471065 -0.475609604555924
-1.05653798731068 0.183044621442453
1.3726667199732 -0.681421169640657
1.10847955149965 -0.313850105797422
-0.0351125073586104 -0.00232625080080913
0.64761791654067 -0.339085944523827
0.518938062276618 -0.2641111524856
1.83997243501641 -0.469668347951229
-0.763149556482679 0.302881258838665
0.336368199044532 -0.213353457287011
-1.57484579127452 0.41047253380697
-1.11434784485319 0.044500671760712
-1.4532425039937 0.225929040892941
0.814831205004593 -0.124965903809714
-0.909032005788162 0.0274678730610536
0.167893125304312 -0.155264691626021
-1.91408768486793 0.736911470248379
0.408450132644567 -0.293601743264445
-0.559202132240736 0.0228637613294332
0.0589675652432326 -0.0605118633187741
-1.19635807063085 0.222512087521947
-0.295506477322559 0.181080495029923
-0.655556852867615 0.171550821776958
0.110764125026773 -0.0422586025968371
-2.2333689472103 0.737806751016395
-0.240474209886985 0.107960173051102
-0.104172398374616 0.0169904303332477
-0.093748951595633 0.0329181486214655
1.92229437362573 -0.0139796392924485
-2.74797595753595 0.651255020189267
-1.43073581552272 0.621886513580431
-0.045420554787557 0.00363642437334749
-0.380250532680936 0.247355475625518
-2.62270566225393 0.841218410725784
-0.462493604605816 0.224681656053407
-0.246241345000643 0.0927651469056683
-0.446151851555515 0.330550906557854
0.289148895894174 -0.26505606045585
-0.492338363706159 0.309880832753332
-3.31994850965091 0.105539703374866
0.6998280913597 -0.251484466936458
0.332938866765784 -0.264271869632614
-0.575824964471496 0.183877922342093
0.860284824846288 -0.0325578962247327
0.00666625626263436 -0.0353401532263468
-0.33163415754399 0.0632887584425069
0.385949652437238 -0.0304880118053403
-1.34892923974857 0.302544647758421
-0.332504329116777 0.243962376954074
-1.66147031158675 0.323484609900319
-1.10866032341082 0.27083086448535
0.757194516378383 -0.471486049102526
-0.998481814156078 0.172620922816974
0.271594606209816 -0.0765384427855056
-1.49696151350215 0.470316024086046
0.678458374083485 -0.377775905204292
0.093254187567396 -0.046592633218052
0.0875991125511461 -0.0533235473770084
-1.17946649996045 0.408912933373877
-0.068196149024423 0.00772202722599192
-0.189995445815268 0.0841477899898246
-0.00711515426739332 -0.0294841212045867
0.685819266144918 -0.43256123024302
-0.0816834466624582 0.0182804210681546
0.628318070273176 -0.293522688749753
-0.177366252458036 0.0975381401767426
-1.40073376394976 0.68997806649809
-0.215184818888428 0.02840140703014
-1.78090385687799 0.0960202618968645
2.09263837101208 -0.53331129955726
1.11812383720536 -0.0162661710558674
0.127701599026837 -0.168720029716856
-1.3360650207441 0.505420165821632
0.159488701607955 -0.0826933703219857
-0.772053036576821 0.250165580827922
-1.40623793886114 0.663688749400341
-0.474255144328009 0.193921480465974
1.4404807725693 -0.479025227510158
1.35076788020601 -0.36446117791948
1.08676862796364 -0.353971803372631
0.301658970894312 -0.174101422389268
-0.216109676498896 0.0915186214603526
-0.239847443210906 0.067467238954684
-0.324522523132809 0.258693379531841
-0.0517819851250059 0.00319224263680647
-0.661012273916814 0.367229458320689
0.0239323758876165 -0.00451776079286036
0.858948936589588 -0.419913529473664
-0.601264031252038 0.100776576712321
-1.86549661123343 0.578672599212391
2.03600564948785 -0.470106487000168
-0.778043761248132 0.0428865890487084
-0.160620485733516 0.0291943932477555
-0.904274024736021 0.495132964429779
-0.27929276683925 0.0715216185873919
0.423715336986614 -0.269410941237353
1.20903043091255 -0.406819227222951
-0.420872780637356 0.073913268074728
-1.50537969450556 0.61305454808202
1.5430186145343 -0.229983974213957
-1.33151704814815 0.0388466298694748
0.508403417671534 -0.0738618900067455
-2.67111825801318 0.482620656857812
0.302496119766927 -0.0913669749930904
0.585010112728653 -0.131188968542157
0.649458682696977 -0.266569152179049
2.46919482336105 -0.582071260580138
0.647352819007453 -0.265651695332271
-0.995847331395368 0.167035549573305
1.73248497991811 -0.708499223691098
-0.750183511352758 0.119980439647065
1.60507310642216 -0.0114355530290702
-1.45997453253679 0.48430749689336
-0.44794202863672 0.127618738756564
0.487264245396859 -0.206763420019992
-0.398960049226582 0.0176669448932598
-0.252613234014503 0.192549184247203
-0.528477950112649 0.0783286124544272
1.55637239249269 -0.604624143619723
0.574760479558609 -0.315594013374349
1.83139096824857 -0.249705331959234
-0.189482325557528 0.0987517564341366
-0.383722397323357 0.0297521388583755
-0.245323444427637 0.083345731795395
0.494519335811673 -0.0686802424816378
-1.52686698474914 0.68862533367475
-0.250555899000692 0.163509364642915
0.783384510067958 -0.295071953828828
-0.0736634591772677 0.0346446289110719
-3.09156345733511 0.0147904073876719
-0.9733990904735 0.0649544421038103
2.33432083272873 -0.483858198502575
0.252413702088633 -0.18812483457262
3.08599764937658 -0.748351389734011
-0.420320636398079 0.00572819716495846
-1.05354244725859 0.355379434574716
0.557066668594896 -0.313206554568657
0.534494470138446 -0.431762971825781
-1.48380767617237 0.130539906009327
1.66543021396672 -0.706176814802751
-1.97127449450293 0.193989407729278
-2.63172728106528 0.206854334953316
0.22940661110601 -0.14262209934934
1.62311815391601 -0.106213712334954
-0.921490279482899 0.458032092765957
1.11805757635009 -0.288394475219064
0.0539650543926668 -0.00756734120786101
0.354396404189461 -0.0410534815639725
2.5288527187746 -0.11086517485687
0.173870222363224 -0.0304248884024941
-0.580017863202037 0.0938941662944738
0.023148608878796 -0.0174979989304759
-2.15064469364957 0.6080636919187
0.526604634563564 -0.100666221995856
1.79044663152439 -0.316370927803942
0.202093532873091 -0.149851199049082
0.390272075383124 -0.25420993211265
-0.224610928587731 0.0688670557104814
2.52085483328814 -0.000328717100153704
-1.12716999946866 0.0735884183678698
-1.72683406475262 0.246363278938674
-0.655884662783644 0.295682869613325
-1.32970523181896 0.0293732049597081
-0.727880429903231 0.00444993631302184
0.0244835076124747 -0.0632132188361685
-1.82947507428475 0.640829097480873
1.27880984506959 -0.49008616685314
-0.117494445324564 0.055326722498925
-0.419927777729036 0.133512652485726
1.43663310808269 -0.338181182057651
-0.0286255368845745 -0.0118895940866755
-0.944452049806341 0.0421770182867749
-0.00017604485233303 -0.0118526401850277
-0.779418480371647 0.132701823940287
-1.69334284548354 0.204045167611544
-1.45139885245006 0.0375763051298977
0.526895735293928 -0.389599744541446
-0.965633260870794 0.55914633253449
0.521464300538782 -0.427317466442421
-0.959124567511938 0.323091196986086
2.58002189616598 -0.237451804668677
-0.694629686338528 0.0119237193363905
-0.423384953865198 0.195569906474065
-0.00440628426418358 -0.0358686666427409
-0.179118081600447 0.0961220074134834
1.48170654797175 -0.15017562608084
-1.03282661935571 0.313666118618518
1.55086786163419 -0.509559034015358
-0.370628136567554 0.0621527569770491
0.953648789151042 -0.584057832321726
0.848908030573707 -0.545222857332327
-0.574711718196633 0.339402968460548
-0.791106223092573 4.86096330449251e-05
-0.50295151745206 0.0420957933324404
2.12094942451238 -0.44289558083342
0.81520890959967 -0.201873112284033
-1.11942913693025 0.526108211442507
1.45599789885767 -0.538732970465516
0.738452849676938 -0.466022452874705
-0.281458926660011 0.0999133463296274
-0.524052977397515 0.0582504601657592
-0.280402548783464 0.0169803436122281
0.476281080978039 -0.371076919716807
-0.37754665088527 0.265303184361965
0.373320171743332 -0.0899841030116782
-0.640334110161929 0.0609489334988582
-0.272406801353614 0.0911674624930305
-2.46384838132054 0.214429762518507
1.19139459453491 -0.00265949166946909
0.747920929315914 -0.490355950427242
0.683627252310971 -0.0400356381904368
0.276124029486854 -0.0537445047870741
1.78421034626926 -0.705162485676205
-1.12484564696088 0.0436284638105926
0.00250586917033443 -0.0511128722837371
2.33391829756656 -0.0465608449521976
-0.686761914159464 0.124012909337712
0.26971000467932 -0.143365695809041
-2.12328889455349 0.638850742479084
-0.797488641833922 0.21255886114463
-1.61563254559652 0.252691322686853
-0.514865482087096 0.100233532142248
-0.557477890526151 0.130181634123014
-1.96266908459102 0.416313994192946
0.120482726816779 -0.0952743290647828
-0.196040019098542 0.111401648981793
-0.617735744355583 0.165784741947054
-2.36506632518806 0.720762702286615
-0.58914933247221 0.354711787382287
-1.72464018905606 0.464583225425494
0.188867931205062 -0.120564651783461
1.16659971650959 -0.0718723434007061
-1.72601164077086 0.00228902951664632
0.731658436475135 -0.298084552343325
0.86340821635252 -0.386326021957033
-0.447245545134486 0.269808560643977
-0.256588516770417 0.0338644426796149
-0.383808138290832 0.257213406439813
0.0794176287707661 -0.0967550363188262
-0.491189651846101 0.028770819424859
0.903042208429017 -0.385797596199359
-0.246380012955983 0.178232315153761
0.72040608209584 -0.433957533749947
0.475492680423888 -0.236844787591403
-0.499945787245544 0.16720382054801
0.955140523097501 -0.432911988771527
0.0923038566467328 -0.110678176941753
0.82185634842788 -0.407317667399528
-0.374725160387815 0.0271085604804943
-0.0536111841576269 0.00700531383324791
-1.36163660712711 0.0598164735410046
1.61421028903622 -0.487565936420148
0.192401909887081 -0.0762573788740493
0.222084875915666 -0.131934546076119
-1.01039824675033 0.580429530758362
-1.14881068959007 0.0197139052352925
-0.758131419390387 0.238580094150801
0.291141522709319 -0.186232875213109
1.0572247479044 -0.053907351879372
0.222330567847075 -0.061022113371151
1.00313118159218 -0.0202429474161583
-0.739269704464776 0.06339633961666
-2.65411809108454 0.739917098606255
0.744828704597279 -0.325483993419927
-0.266249482319221 0.166851082270059
-1.28996272940091 0.124560212668305
1.35076368209014 -0.412269655438765
-0.144997622060879 0.0707913112280398
1.02044475128124 -0.113985223281251
-0.0247093470131723 -0.00192880584098794
1.3174764509664 -0.144877351501783
-0.234575674211523 0.02784006325395
1.04528178439072 -0.228836950398597
1.50702232401987 -0.62608768444939
0.26526537345854 -0.145925460917419
-1.12988414064386 0.553194039388573
2.31979678697282 -0.665723256047258
-0.470404637482286 0.000711536502848196
0.743197043165799 -0.41477262772559
1.51912336150301 -0.115651449440986
1.22067841543937 -0.599046429037915
-0.0749018866361282 0.00332428265649896
0.803172405476992 -0.180525479379197
-1.34859190517186 0.12877030826329
-0.356827083855626 0.158078694634365
-0.752082697670825 0.0450254339276905
-0.57031349294963 0.144277751044504
0.0648151685599515 -0.10015755492298
2.89294149381151 -0.0381716914583687
-0.735171816337137 0.256635154416215
0.155888069707723 -0.14473401742419
-1.72820120964407 0.274005380107319
-1.4242777004768 0.193077794607631
0.0550437688524357 -0.0790490663593874
-1.17008555589189 0.443691720907328
-0.0427200088681515 9.88080892140456e-06
-0.43401102792045 0.280891901876222
0.425045122324664 -0.254901964080776
-0.092803145071957 0.0426416338069972
-1.79668358301209 0.0758520386321711
-1.1197719249425 0.082268998436248
-1.37796334371608 0.0764509236806231
-0.0927549601833653 0.00812576835553344
-0.841300443019108 0.250911485751276
0.814686301483049 -0.0103760412975893
3.69663871588359 -0.174482275016821
-0.0434649893715581 0.0011746341791867
-0.90600808152543 0.551247080543933
-0.377680963428196 0.101158763340118
-0.794514421210404 0.0180338461273798
-1.98248182047386 0.339459103504771
-1.84253095648487 0.403556401187027
-0.891908232296421 0.544764084608202
-0.279729797842612 0.0437099941565999
-0.268617295330073 0.154080494980018
-1.4135590966084 0.434722432096436
0.15435125614149 -0.10182706174539
0.481944789360296 -0.0895267929196399
0.775452606166094 -0.211365658763202
1.95874388712688 -0.790210442696184
-1.44204108886724 0.0880690663398263
-0.279669976909198 0.131862971047944
-0.705750243328286 0.00620307287609601
-0.222171235929183 0.0595848405025339
0.274650267660555 -0.249960445449999
0.815761461605185 -0.493275409590704
-1.11799582756554 0.1454295606437
-2.16053696722544 0.311489181568809
-1.79583786530619 0.0256511979889603
-0.818805980781796 0.147089289914088
1.77021101875432 -0.503911126138991
1.23433373067691 -0.516189067170698
3.53471217410735 -0.312021867163848
0.0549192494518129 -0.00874220513159984
-1.62125967654103 0.514928036558848
-0.131860568587191 0.0820914456165056
1.40609687887279 -0.404696586116335
1.12653006506325 -0.0659881412983864
-1.03199991445189 0.199700647532062
-0.614762699665233 0.217905330426116
1.26592345743197 -0.300217768406864
1.04936780249225 -0.516353552690356
-0.278255404046097 0.0789561005454788
-0.452955688066396 0.302574537605586
-2.23947855145395 0.661915751724677
0.803579325218953 -0.368009225813991
-1.87885324193436 0.299426884816082
-0.344833285306912 0.262408645403909
0.440808752435925 -0.121646241175203
-0.806776252638871 0.264706528933333
-1.46632576364543 0.47326016805774
-0.0801963090262936 0.0441826223496862
-2.48066955682565 0.700197453623356
0.640847596996035 -0.39667516185838
0.489505337179642 -0.169526733669246
0.586996443572537 -0.320238889606827
-0.819979634414611 0.369475018231066
-0.53296361327865 0.219926643205431
0.0801626080642788 -0.0732851255990362
-0.606595744917421 0.0898262383246558
-2.81657674752644 0.408907939579503
-0.653338800090822 0.292775320754106
-1.2238441494749 0.583687993968258
-0.422588725855544 0.106085142859728
1.71306565560081 -0.0330400830515703
0.676379306317006 -0.211127770966936
-0.739080608030196 0.163188083642496
-0.563749446608557 0.0491011771250126
0.798551922108414 -0.293640155114317
-0.605435724700905 0.0496490204736613
-0.852608158829344 0.063462061563612
-0.777099133885658 0.490288962140039
0.915163359443804 -0.206537229806438
-0.728815267327322 0.13511520745221
0.425963778951871 -0.337546518804471
0.137845601608973 -0.0782916837650768
2.18168537227262 -0.262516460129273
-2.55732261139887 0.213063078657711
0.288590540557066 -0.0730599523633221
-0.899378934428756 0.458407811649883
1.74781881473292 -0.406188824099048
0.160725060391711 -0.0975650744711427
-0.788825100438192 0.105344715178502
-0.0372613387476594 -0.00480418485373389
2.31478933167814 -0.223320747445788
-0.90515761324592 0.413466303020303
0.841653026008632 -0.113152476641969
0.398121458987713 -0.0265648507449725
1.26990862760641 -0.354253571082105
-1.65703993491463 0.323964849377452
0.909244529653445 -0.143222212367921
0.963111354830207 -0.207336629631153
1.42753687902426 -0.149846389788698
1.00069149910853 -0.138086803908609
-0.883241472124178 0.206892590355628
0.804077457696241 -0.358264979870482
1.20255192367152 -0.284374991640607
-0.575989930652677 0.372705635057347
0.136357424929566 -0.100636907167535
0.592678615967716 -0.23386004301546
1.9399585787218 -0.650983655281918
1.32062728413627 -0.65575798619473
-1.01932396125616 0.152360412816041
0.338022817293058 -0.213953833443671
0.438042169904219 -0.0877365629512626
1.79576021296646 -0.174820194993302
1.1562598604173 -0.285252696866175
3.04381115027613 -0.0705633131283995
-2.28003750131042 0.1510058421674
-0.528591914822152 0.0778208118349001
-1.08724356179569 0.369596647476251
-0.328347514973865 0.203020562969417
2.48810172606351 -0.0919461358700005
-1.03938962795294 0.058550979510323
-0.635893538598304 0.126969127424716
-0.427078330450601 0.117023543147641
2.41523237526753 -0.274819947445243
0.968838920971018 -0.350925015529251
0.22191050935654 -0.0171138577025694
0.88022983328206 -0.158157729095966
1.1659567967686 -0.327117887752002
0.941693282047225 -0.50769891390334
-0.0443236956002568 0.00119012248723147
0.0672721226160399 -0.0495335329137127
0.147790717775842 -0.176631037973577
0.130425578689911 -0.144964632651703
0.961895614140895 -0.550688550831429
-0.0666540349074347 0.0279036878811436
1.2071715955221 -0.241325913524331
-0.895104988858993 0.0719934259707461
1.45169789305956 -0.716674297116524
0.588484129230085 -0.328221716936859
-0.522875332475899 0.0498915530575322
1.42924876692184 -0.0691793851787958
0.16824967614668 -0.195353885958124
2.88462485074078 -0.430913845430646
-0.896383956512433 0.107813034351607
0.793952698205898 -0.467472109378761
-2.84722775857877 0.329048748801317
-0.48771651296523 0.283335669949263
-0.578852595916615 0.374719421609729
-0.258926208186866 0.151702572012884
-1.03681453817445 0.213541901258298
0.302330705825585 -0.283423453257846
0.755413776478912 -0.37046950370506
1.84390351016483 -0.0205351858818165
-1.43471342237227 0.226702128988165
-1.43481429772909 0.635145742185144
-1.42680266081723 0.211583318540095
-1.46277338401529 0.475984464148909
2.122668695766 -0.195636335682749
0.534128372298416 -0.331979444471615
-0.287919390944667 0.0398830580077284
0.0129148646637691 -0.0308703420175161
0.490487651988828 -0.402115697961164
0.630090564395843 -0.346637566326148
0.99842139001505 -0.226331742972972
-1.05970896677074 0.457809437140514
-0.270377369677666 0.0644406193255986
0.0268373006156034 -0.0323532098320907
0.504313727572987 -0.20858745288877
0.278259517280428 -0.00694006513515288
-1.16176323724766 0.38211347549267
0.279110145771455 -0.266711330527044
0.198132245783925 -0.0560704256223213
1.65937449738985 -0.711303386522512
-1.96664932971743 0.00963483991065336
0.695068743813263 -0.162818966935075
0.575058287331823 -0.392182349082979
1.59739307918264 -0.520734713507844
-0.625572360708742 0.332969342478017
1.0093996600283 -0.614166903477654
1.03482498932474 -0.0830263462899867
-0.744423442216395 0.141137097404029
-0.0693087087821534 0.0244574604382677
0.22899103495188 -0.227607900508161
0.495236353160842 -0.15009168661031
-0.414245847628655 0.316298859387558
0.931928187700834 -0.304562637798678
0.962935216794947 -0.318630100967446
0.809061452086803 -0.148300671363948
-1.46160368868393 0.0619948289119358
0.539850357174127 -0.375634038867582
0.208783777321498 -0.159010654587814
0.719527497502517 -0.039840416675992
0.811502291553203 -0.53617092208424
1.13221060544376 -0.545907880475481
-0.423414189660664 0.187277645314484
-2.19099001477616 0.682445453053802
0.942405665678879 -0.375484676244957
0.707013352587027 -0.00664794351095656
-0.816176415923207 0.207027383886362
0.579449647494502 -0.32001539870989
-0.301441882713841 0.073085983726456
0.4727098634513 -0.17147978819729
0.706693419132637 -0.0402071572320494
-0.00400593924884237 -0.0436036072808836
-0.745310895568647 0.277238181061021
-1.46663224820558 0.179756248221113
-1.68411926363287 0.741209296725139
-0.172290510105046 0.0613355918771439
0.794623341721165 -0.332957957986872
0.788828724699955 -0.241417268142606
0.848692426873385 -0.023041602694737
0.479118537512006 -0.0206094252719347
-0.714109320753982 0.330238242422763
-0.0112924295447884 -0.0337742845393431
-1.17749332429744 0.464196753932122
-0.00753936303497723 -0.0351715557354668
0.833263465379167 -0.462681420561487
0.554653018085036 -0.260162124967805
-2.48595300848374 0.408579373199217
-0.388059323405242 0.217726478740052
-1.36287370354067 0.321250498937732
1.08477483974923 -0.222931673299434
1.04239009894017 -0.408933941007146
0.430158061291438 -0.0674819270144568
-0.0746750506849548 0.0339511307931019
-0.808088061828604 0.112042927829056
-0.288268928379421 0.23871754230919
-3.01426713921793 0.381497223901971
0.606044309810403 -0.304224429167216
-0.420695152784705 0.243002795994479
4.18221718501287 -0.648770412657409
1.31354185261138 -0.266179301539886
1.27411110801637 -0.644092778880772
0.897996435259404 -0.184063536010991
0.779295385568436 -0.454006673135868
-1.2185094638032 0.338269900071767
0.710335608168456 -0.223087029267916
0.656308022073296 -0.253599730941276
-0.879498423028482 0.240931691497607
0.658393089942762 -0.351097137332513
-1.2523143866253 0.199499309133092
-1.96352521251798 0.325448120295477
-2.26966806175762 0.347092697696711
0.903498643600564 -0.190361413356289
0.186493837214935 -0.0257322819401939
-1.64458880033386 0.348088794464146
-0.469304823272086 0.246482150749941
3.16199116963924 -0.817453181927076
-1.33857408707445 0.676894046918294
1.60329212404455 -0.332624888720565
2.19049940739813 -0.799655820692416
0.72210454823134 -0.35019582434739
3.04276630378695 -0.853568984037991
0.40545135960268 -0.078732039700696
1.21148203417745 -0.214759072377797
1.4703276350178 -0.26178196009054
0.721117887193271 -0.235398330196231
-0.707921789308137 0.318775303329787
1.17314747429253 -0.516128645789951
0.0114431266688714 -0.0127950981832443
0.15335097623362 -0.0467594346902359
-0.506077546833647 0.238101818262262
-0.976285476612277 0.398501211144023
-0.368752592990705 0.293527919510449
1.02752481917941 -0.131563255524481
1.18727989610766 -0.528158933425283
0.0843054032003878 -0.038958747233436
-0.55121924382925 0.132245627980519
0.19961438865482 -0.0403789321539547
2.58763292986713 -0.84073473224824
0.947345360691253 -0.488377965034677
-1.51511583626944 0.300154355904034
-0.0951884352499595 0.040260272666063
-0.847748955763551 0.270318658188599
-0.858255572554345 0.271774744631037
-1.00786401145537 0.134660562476391
-1.68112245859305 0.154999135868869
2.36913832905179 -0.141353558769661
0.567339947287208 -0.294908110486222
-0.0841065847802016 0.0323758677221722
-0.504327517620071 0.335491692679891
-2.90970107833426 0.8747012530709
-1.0915933589833 0.396616576364488
3.0068453799046 -0.23415014695858
2.50005376304934 -0.276004858888583
-1.5795101077136 0.49429539408043
-1.38401519445249 0.328198590692243
1.24422829722275 -0.0249558168614665
-1.1731703805168 0.231833086771679
0.587298196720041 -0.34649940639349
1.54625483803795 -0.228444653244632
0.488680584899705 -0.227708541782766
0.167931114338515 -0.0989176207115836
-1.18247037551742 0.0705569431638914
-1.2266355643442 0.0306206970105107
-1.04644908693174 0.48001444486884
-1.37309297426058 0.472961108502367
0.309622285390459 -0.148045418824734
-1.74419933497095 0.400248531849462
1.56481273586818 -0.515368490269546
1.30199548652243 -0.483221710630778
0.290550262328825 -0.127945927179287
0.932228981461737 -0.347580685206438
-0.384535450162948 0.302178265037649
0.0411629789595516 -0.0861769112256292
-1.47974929112343 0.0561944391219181
-0.986623112517894 0.117397582601607
-1.05339845477682 0.213372787576651
0.977964738207726 -0.418035820354604
0.599427920107735 -0.325128178800555
2.62771265864402 -0.411652360830733
0.892770445537717 -0.352184070702506
1.30288676784932 -0.365075335378995
0.192263063946367 -0.0248595649076493
1.48392020965918 -0.522385458706006
0.316169745917043 -0.251442323300283
-0.110388309994345 0.009854188711073
-1.52014900517805 0.628645060865159
-0.106803040143739 0.0502198870297966
-0.688481447683632 0.446666788363977
-1.08302210279447 0.294309516294092
-0.927805486071141 0.0424836205816756
1.01349183032945 -0.177935254392466
-1.86554873685969 0.538821781807127
0.90353298145604 -0.13121535772132
-0.421672694783431 0.27006437770125
2.64969089886287 -0.604450637049401
0.935207394919925 -0.411311117750459
-0.119759989966928 0.0714749197173032
0.0537153468670971 -0.0551126484379693
0.421299260069216 -0.275736007086992
1.08028119361838 -0.456962388758167
-0.422107221004681 0.330931693604507
0.830458411528883 -0.0213458122972272
1.12098591265025 -0.0432234584844265
2.76745953422437 -0.450425420084093
2.29898009504324 -0.186754800547877
1.35206089640882 -0.596792306533438
-1.85572713841447 0.106392143695513
-1.11861765340717 0.546108563127457
-1.4487832643669 0.539742782174451
-0.00621697856819883 -0.0312117723054626
-0.699535797059951 0.0538794990602951
0.721833721133972 -0.104537467245818
-1.67485023195248 0.658302662588889
0.339218702176976 -0.062008369577924
-0.812965264421477 0.0366861388189356
2.13006665761296 -0.538538422041254
-0.590088242859512 0.388482911889183
-0.534300172585918 0.247277288047471
-0.227522469827844 0.0380780046642489
-0.865347928913167 0.297086150815534
-0.793539394350581 0.315665977186604
-0.528180124672521 0.167837381671988
0.801663719947908 -0.364069167427875
2.11769724064784 -0.670692241727423
1.49519136295454 -0.00858063672085499
0.27404590418004 -0.214582119842531
-0.319457923938353 0.143292055313561
-0.238422283314059 0.0939981553456344
-1.08703338512513 0.123761036189802
1.89940626394739 -0.103646265725363
0.292202388751704 -0.198145850681668
1.40543079909004 -0.0759078304065572
-0.0864502414524762 0.0170188404143197
-1.05658060095743 0.578304056565169
-1.05562760037434 0.0523824375233871
-0.890505061831315 0.0917893416487806
2.14751463250487 -0.0600453396198783
-0.766572139249276 0.204066959293389
-0.519170586748728 0.0824876330384784
-0.148639981107845 0.0321574409324099
1.20549816024799 -0.652032922039682
-0.38834400648515 0.128629090427284
0.313612437945376 -0.0742061454816198
1.53147991009103 -0.679015391025679
0.456218616033953 -0.00134805526556339
1.36420829246271 -0.522625196970073
-1.01866291283169 0.227116024044598
1.0706646627156 -0.177800628683832
-0.274534792626267 0.00717280423246101
-0.727674435806554 0.377180802155805
-0.810831005691452 0.461532508193837
0.821149229792388 -0.249815979800598
1.14800034938936 -0.559011559769797
1.78692675601967 -0.593851078653142
0.159482775629677 -0.0989275274028023
-0.699861009306964 0.16512500330797
-1.88468736269215 0.61711742023193
-0.0895966509295074 0.0174625590736683
-2.33329322514201 0.311515672222558
-1.43311793527112 0.112754589855124
2.83165350252256 -0.761405146750495
1.10682156067738 -0.115302761751575
0.413309636266564 -0.223744066324212
0.365611444817388 -0.173270899226706
-1.48679492898159 0.0295530663071103
-0.199801438163812 0.0963466781310699
0.395713255834724 -0.00447759477225501
-1.31090879166373 0.332756883654547
2.71693316062197 -0.655336512443846
-1.63920615917397 0.62304165196871
0.990984703982208 -0.606753569206573
3.14250768904293 -0.850172437761943
1.33557315093145 -0.294149945242322
1.54840493080665 -0.463381907636659
0.423498862128121 -0.186212371935719
0.0123140844316217 -0.0205966311210797
-2.18652028226873 0.241924391951353
1.71056793266106 -0.220283227407762
0.353058258400048 -0.222784764575026
-0.167629184421913 0.0604746684293748
-0.182986603422007 0.0183628949023963
1.47345859869428 -0.618539386994115
0.694534723336254 -0.0216391879923084
-2.020266668311 0.286145335372636
1.47557495687256 -0.53848514345481
-1.25467360236855 0.286172784784186
0.98769034765598 -0.516508686589478
0.197848939103578 -0.21563257024057
-4.15879289436611 0.148629287780874
1.17709641499444 -0.247482044738438
1.19323951946935 -0.569498155706468
0.700788605139272 -0.191720103189711
-1.29712060897701 0.108067543734352
-1.20900775424222 0.462714059080979
1.08996279914573 -0.375523489470405
0.444535848474205 -0.266893628064561
-0.826348957648928 0.313399785376977
0.0393087666833885 -0.0720744821697273
-0.333787660488507 0.0744834346680295
-0.397769714963013 0.153341470211871
1.30149261037198 -0.552249011906679
0.188138131512301 -0.216569030825014
-0.930821433908107 0.377772111728654
1.12666179534959 -0.326826864901697
2.1793773688632 -0.286274887564054
0.272156359068507 -0.165403346016161
-0.351000943564546 0.1836362473258
2.25814296780297 -0.627064923642959
1.38806759991193 -0.157172623123017
1.60475590346162 -0.610903946757668
-1.29185105911437 0.636156486517648
-1.51449603445606 0.568036627420594
2.9403872253384 -0.733639742809092
0.348221414954527 -0.321114012839132
0.437884809696442 -0.364874551361822
1.32024246739614 -0.415533679646772
0.149931649057247 -0.0498926943088556
-0.395956368333657 0.0194137087418471
-0.718556743800973 0.228664871276331
1.94196231818322 -0.149400328168881
0.0593989526976684 -0.0382780071903077
0.209433457600795 -0.0679513470157843
-0.55226971457805 0.227193432250488
1.49749145561025 -0.352204761063883
0.212006779890001 -0.00450525307725828
1.35223853400685 -0.406958686861448
1.26530276987995 -0.138269536213197
-1.86267555209562 0.522748108305774
-0.136390801942095 0.0883043272707817
3.06424999803381 -0.157466952055213
1.57831356017549 -0.032204572020293
0.80649229653607 -0.337959857986862
0.780584687882372 -0.451034170017173
1.28349889501365 -0.253490306815994
2.3939119537595 -0.0982857768123703
0.660531396001753 -0.04020418749907
-1.3315139908736 0.549872283483989
0.258296995570187 -0.0053144714216253
0.516401236574348 -0.349390276026613
-0.642599502428258 0.30385030159747
-0.0893694841501645 0.0090983337763151
0.600482940831111 -0.289611444488791
0.811692380285665 -0.198258477286801
-1.06357214189879 0.133400338515978
