1.2531359308197 -0.420377724754908
1.84604018360831 -0.205910471576144
1.66663103888512 -0.422787194709299
-1.00192376214029 0.774113243012068
-1.03684413494186 0.268720271795525
-0.845573582530214 0.168968840542247
-0.973061851644779 0.436422349976182
1.02587947557836 -0.255913922997483
2.46881624449533 -0.0977413493854568
-0.758794792544305 0.338766094848525
-0.325361799940914 0.157029392990096
-0.0849792704210269 0.285950756097373
-0.692333346717886 0.0183272094307427
0.385048307220903 0.0991037104065225
-0.199805934722874 0.307944443400442
1.16587977033834 -0.484938079132612
1.47230049705989 -0.315076852162407
0.538701684949121 -0.0171668436663407
0.962721512613357 -0.243572011581937
-0.126178655132482 0.0542394033184565
-0.717928432170548 0.684378203531239
-0.287174322562703 0.486916956714787
-2.72883734370871 0.156326218805142
-0.167952157186257 0.35482216978509
-0.236766474497057 0.0737970126909405
2.87761448651918 -0.794321001552466
0.678771140693653 -0.0466086295593241
-1.94024663252245 0.885279966178664
-0.173067362819602 0.243832024041054
-2.46765301567141 0.940188838290171
0.419128184040665 0.0637591789912811
0.0941156880779844 0.125151054332666
0.00902276571242662 0.175120065430927
-0.0813241872343845 0.349547934034716
-0.944945675867719 0.407316366951895
1.82719148659875 -0.318558482717128
0.713395883588626 -0.115999229164685
0.86099702834465 -0.14372950905013
-0.715865975410114 0.338274033483242
0.154196259767603 0.217384007898722
0.886345525724577 -0.061148041070766
-2.12690466730002 0.786820846595792
0.600211262210693 -0.0025833022791799
-1.7488780084062 0.0430159919312425
0.831726794231397 -0.0471712960928068
-0.207796474437644 0.447843226703765
1.20439291015212 -0.0793320585572451
0.79037248074354 -0.168888646958237
0.738489335460493 -0.0162776447337379
0.0749831798737052 0.37580275623073
2.02679867386257 -0.373651410168581
-1.22347300003301 0.766578564443155
1.18956593114445 -0.39837686934094
-0.0286797246319753 0.329714078064307
-0.163392452406041 0.496280464269165
0.886652471731833 -0.35457199431221
-1.12273953671555 0.235497395636134
-0.580415421431048 0.432954289370724
0.795119393181563 -0.0366873786859693
1.3801107121975 -0.323357727433684
-0.651384309909225 0.563798397242083
0.164123768395222 0.0239784331348521
-0.892798855526004 0.693762007405999
0.895405385750366 -0.0936525641331131
-0.52866948312237 0.232458379096575
0.90554776617 -0.287030395548564
-1.02674667305544 0.504476392031876
-0.350947552957963 0.242844961225605
-0.856020908167666 0.748727591934653
0.00889068265689966 0.345056149319548
-2.45626753343446 0.914632545688714
-0.360611597819494 0.249952458872672
-0.642451441661938 0.234541352291165
1.66108290560773 -0.0349699310552014
1.5429386895639 -0.0751409088415181
0.86023272911649 -0.173731644228975
-0.100625467915308 0.191621351227102
0.592792962685346 -0.148778056465196
0.558006544109741 -0.0422666036489664
0.627174548241451 -0.132521168828894
-0.973018226980682 0.290310247827724
-0.0241531843322879 0.206968178292829
-2.04214335829612 0.889576027434596
-0.164407669589044 0.298517099072226
-0.679694127539522 0.736687707715094
1.1451371474106 -0.112558401537379
-2.24464210640543 0.918932941565477
0.587260345578539 -0.070455412560039
2.0400592066812 -0.162876372734045
-2.21751964868317 0.892260700650863
0.874094476283881 -0.144261174336292
0.495916676164506 -0.0036006414996647
-1.66084525333944 0.561262111874479
1.05611927437742 -0.010407399366834
-0.352721819669891 0.3912606431714
-1.07892474996498 0.426702542599859
-0.232349561813019 0.276772641802418
-0.63967196909769 0.679501405960117
0.30074379082579 0.0442570939989314
-3.35387159991266 0.0249479297885332
0.0697713486251807 0.39227444495289
2.32251723010028 -0.594900142202888
-1.5943080240459 0.674725037473556
1.48290216068552 -0.0752573915498313
-1.12138924930936 0.0671789566466228
0.353329709531878 0.0502505933542604
1.7919123477425 -0.73700084755257
-3.15124399591108 0.221354878570977
-0.777266102208965 0.389621890361303
-1.16134807016943 0.129508520649822
1.28485385223844 -0.358885528569975
-0.729208815731178 0.213839598835743
2.94689849023775 -0.456458204778359
0.429176071320544 0.0416931605062488
-1.2293167845481 0.0656006414591591
0.206669460962502 0.202808856895041
0.456565129957082 0.0213785860277456
-0.281667009506246 0.35384063847526
0.386943711708971 0.0677679666863735
0.0702434410284656 0.0467036160129336
-2.53247053011202 0.178569244109849
-1.11265904868649 0.10776037761725
2.20613303917253 -0.0417841581455142
0.0942526277317984 0.286324985933485
1.49535420184226 -0.262035444874549
1.31541273471422 -0.544470488081659
-1.37599059048379 0.0339979721441568
-2.16556400644463 0.234654392594076
1.30478825098351 -0.51529450128898
0.318446969644736 0.173425575609256
-1.78938006654704 0.405374116663729
1.27026831690834 -0.215542828777268
-0.156309570484053 0.529120132999322
2.43898134122776 -0.160228450901611
0.898230617839088 -0.353581116694143
-0.150770363104355 0.0635080045281804
-0.235343284090381 0.202489026968766
1.20680396915475 -0.441465288825666
-1.78763820545149 0.616187204168504
1.02840439577449 -0.108534687400867
-0.424556607002118 0.220597474140648
1.40427537383733 -0.275483631060891
-1.34430500763255 0.167181252439094
0.139278999911053 0.17334554404392
-2.46269738715203 0.40780840999493
-0.991221959433475 0.662122773589716
0.138192745151841 0.15254049003354
-0.101600626088482 0.526514529826975
-0.391419363256304 0.439023287102128
0.069126676226551 0.0706250811585148
0.554146221256241 -0.0808648255879204
-1.2150982515831 0.289542924768638
2.00591697408933 -0.704705005554256
0.243749696643998 0.14485112875984
0.987401313592815 -0.419054412080901
0.253140720006211 0.0195887423176386
1.19892939134276 -0.574303691478332
1.33266737480308 -0.302316843738228
-0.1815484870376 0.0612907847597846
-0.706755731384043 0.0518853765059451
-0.214160157766063 0.555726260974826
-0.343712015918388 0.35408490104792
-0.54279475652573 0.692365712459044
0.366101915255975 0.0436138164800011
0.398510779427217 0.107446000787701
-1.02412727633142 0.625587144001852
0.905252346710214 -0.00053059973638285
0.81141269871043 -0.305960271390032
2.07853299981249 -0.0265779461646952
-0.437224631097947 0.401676915269827
-1.66425100095104 0.159828063079101
2.52287631802805 -0.377892423665616
-0.0723033603150605 0.220623933563137
-0.0462698298012123 0.00140855684723215
1.080007870601 -0.190269112431352
0.833419526979881 -0.383714001752791
-1.1631294853724 0.274592319414119
0.233302482524044 0.0524101276804533
0.456917496813595 0.00852759529415207
1.03477463990507 -0.355500288905597
0.59251380597973 -0.0780684460782488
-0.1347386255689 0.175921184548132
1.47373179375148 -0.647948147614611
-0.792986068791231 0.364094196285819
-2.56639340703638 0.415410826040219
-0.749703765346287 0.680883334479306
-1.25786166255223 0.849320703677271
0.13668339010178 0.287405927284002
-1.31218549207895 0.061729741159471
1.65216735872961 -0.541154098942863
-0.98689376986557 0.788317213879537
1.29794662123775 -0.270306843101729
2.9101936243783 -0.778638089346917
1.10369569926544 -0.152543390359654
0.0352645074968133 0.00343630155919207
-1.08171932803578 0.127744357988766
-2.12655302214258 0.695469742054308
0.101287917863895 0.183119603627489
1.06422850727013 -0.136256727008757
-0.565267324442594 0.675444020901324
1.62673507790098 -0.23525453513128
-0.371017939897632 0.63234711260528
-0.276928413304838 0.498149940388014
1.30621960077826 -0.343753812975843
0.252374485122366 0.153917811529013
-0.645879148498938 0.102082144666258
0.18130563461766 0.231169307311158
-0.76869152598222 0.622570665246171
-1.09280856902866 0.182346270276017
1.64025521893522 -0.230312155177866
0.194195077408367 0.198389608366226
0.384363332950512 0.0529564644081518
-0.189997089485902 0.28958159570483
-0.133801146884268 0.00492068582911701
-0.767242053576492 0.572929872441396
0.177079576565741 0.16591636084942
-0.533178709348177 0.57039239289707
1.58099142219525 -0.100552131537348
3.19232281613088 -0.709711221735417
2.75173125774519 -0.807068715538399
-0.278976673658518 0.563499108918256
2.34494312584533 -0.459940244900982
-0.783638418568704 0.1129489142571
-0.691568667188752 0.599838146632471
0.0359182037785966 0.450609694661949
0.428104310877734 0.0377483588407775
-0.267446239999292 0.425074453832674
-2.12327264959605 0.248290337659977
-0.716635920085402 0.196746606699372
0.428085035001004 0.0632985484821139
-0.584885571994557 0.505846389718034
1.40169688939181 -0.0512797397824923
1.6396367688183 -0.646126134580925
0.128126062309262 0.0583638698242574
0.0443982648867728 0.431757766407105
0.981590071560849 -0.1035522551957
0.00594930711095653 0.302522032594008
-2.79735783848325 0.974389486854555
-0.777192289964969 0.311435284527521
-0.541436649348241 0.694584390741075
0.818627556296684 -0.008709551477885
-0.782399952350912 0.541534922057332
0.761139714154501 -0.219967335433315
-1.61691336260838 0.531756345399507
-0.341459124413631 0.480052441738492
1.75649287111807 -0.566229998666205
-0.574823743729395 0.165544651216491
1.28511120992178 -0.303281387887757
-0.47538545901367 0.230817541811425
1.07198399979334 -0.0478566706766704
-1.03472120391113 0.294602995860955
-0.0720939858965791 0.0298503200845001
-0.813116268426821 0.66265413765187
-1.01341405414363 0.258703277876625
0.23458635780485 0.0456869483613882
0.484977244357976 -0.00866268316136049
0.234821789067492 0.00676404260696947
-0.562134835739129 0.18395644026753
0.228576710050868 0.281352468772894
1.46527384251413 -0.438722257952894
-1.82198195971056 0.274963657325027
0.566140695858392 -0.050101429264128
0.08374340600173 0.196539938892243
1.02199257871498 -0.044537038332166
-1.95153006677692 0.124210517698414
0.29482847368006 0.161603490965718
0.231964860003208 0.261585315005024
-0.745035014900988 0.444097987496954
0.804497008590846 -0.372881368544062
-0.440438551668288 0.558398458387827
1.40128138270505 -0.588840612213005
2.08591379945144 -0.0295329176069853
0.75848784284222 -0.131330884978331
0.937159914520258 -0.0423925829432386
1.30897809943199 -0.262873576795752
1.40562268326373 -0.129414869133095
2.01626347175064 -0.0826530796890916
-2.23679262706596 0.37046503466492
0.755993450286274 -0.0381928811701648
-0.0339065588578569 0.374515685777891
1.75682236242479 -0.125026419091446
0.820293358222097 -0.193360151265536
-0.811976056447671 0.00842280989276758
-0.275463157825859 0.302746447865797
-1.30459993710175 0.738691435003527
-0.840266420135724 0.103364238716708
1.91557123426129 -0.484502016787998
1.42469547381304 -0.607708678373074
-0.941489809198381 0.622145336171311
-2.46953207404567 0.704625212665235
-1.05349846061836 0.621383682740305
0.649592048252448 -0.114816067213226
0.740775754677012 -0.00920809478726477
0.296672379379861 0.198118497890869
-2.40772446830154 0.553160535247134
-0.823236166271858 0.230889840359128
2.44517245103256 -0.857122533184431
-0.550838754489308 0.061816464396546
1.47284532493542 -0.612398414959497
-0.772738053610847 0.56620939305286
0.217853971210873 0.0344398018519305
0.0584588551493305 0.309345840239228
-0.304092843767616 0.623160725254447
-0.000208752301409281 0.253336764248784
-0.72723918838283 0.559143413077626
0.0403550049635216 0.101754196655201
1.10929837271731 -0.0138208458571791
2.06200946145415 -0.547012504253886
-1.62267340197425 0.646231072729913
0.469629471195848 0.0119067274807717
-0.199044908528618 0.0271868715488357
-0.915407208261271 0.449473133341669
-0.715540855488325 0.366019562612221
1.7904508410113 -0.465494092118457
-1.21110206467869 0.484180096109622
-0.231263048412071 0.372785189047036
-0.892903932948119 0.364179931675634
0.595853142468302 -0.0775516698080011
-0.0684939530037672 0.179792674457541
0.173746659598447 0.16265618497275
-1.65528103742407 0.881774613160191
0.612047535553014 -0.0540784747558305
-1.63045286868584 0.44685506924547
-2.0184521758893 0.683775583933531
1.30447743601745 -0.343386428987367
0.388194622269951 0.0581119448775407
0.119028389286405 0.255067291259713
0.247619333870584 0.0364405573475002
-1.78997349898022 0.473555257908507
-0.158232291095776 0.353580310124654
-0.545925645547127 0.6333528901795
-0.122161769199105 0.29155521571635
0.3617688016844 0.0176865299964965
0.167504834316873 0.0882246618140405
0.762587003807212 -0.0494259940281763
0.404378289171645 0.0610393448851015
-0.778920028816355 0.149315080411883
1.35231826325054 -0.631665423445382
1.09360228363097 -0.390474353320036
1.0287237793212 -0.247069408520949
-0.153761739224311 0.419447837202679
0.0208051404845935 0.464829210090659
0.99924229198958 -0.18610059997993
2.0824379077364 -0.826679023987199
0.483537973139237 -0.00175556196782256
0.895582596668816 -0.0183768861138742
-1.72229981869905 0.192198105679686
0.5846843713241 -0.097421619874937
-0.678667198605974 0.269107244609982
0.495978513998997 -0.0207315837624477
-0.965295401667292 0.733649135271383
-0.0585823409038218 0.431398258369017
0.324769425715817 0.0843890697763284
0.445308029438682 0.0262689985259035
-0.392668420331854 0.350031130854209
-3.80307369713374 0.123861691317576
0.598157313668586 -0.0952811504121503
-0.877397980628231 0.0150584925941835
-2.14365299315866 0.161649048374685
0.15767573089595 0.287112173114276
-1.59786599752001 0.499212345851433
1.5733108262108 -0.123900681317002
1.29875896678231 -0.161932723736061
0.472930544909348 0.00349989699058358
0.88162313789141 -0.185292489810065
0.832409159547553 -0.0133072017567734
-1.61955495407471 0.278473250370045
-0.34718454315135 0.118860206101678
-1.11982260323885 0.439156549816574
-1.66286625732907 0.567375002993701
0.328513998919133 0.107150202193918
0.291099130337243 0.0872174777880679
-0.651656321839847 0.163660710803378
-2.24801021399631 0.784327659480007
-1.39467680671675 0.00711864603994762
1.31675193145628 -0.279562954602638
-0.223106272221663 0.0477250908529709
0.221817839374515 0.0349400708710805
-0.0530763178917345 0.510415195550233
-0.0387782857072656 0.132886432881418
-0.111341086342639 0.159196144848843
3.30142630005607 -0.573581311755876
-0.0812478709531432 0.243318930491067
1.12106614885786 -0.183665389187232
-0.304243449905054 0.328037861540109
0.643931036538179 -0.196202657980885
-0.650268139554259 0.0175677462358974
-0.565667807671196 0.231504257998473
-0.852544932866148 0.336657804696076
-1.31591124898143 0.0949679756662823
-0.206518565671377 0.440887390761905
0.586895365585399 -0.0526709552960101
-2.50851376905376 0.392498926719046
-1.28775118636891 0.403188660606093
0.044921850664672 0.0875279756576071
0.239048104210556 0.290749373962805
-1.43280664553598 0.777105836359646
0.0961004175215336 0.30606775104728
-1.36451935685972 0.277626815652137
-2.47124403160927 0.502383881204983
-0.663720021002745 0.533854845400169
-2.19633920003387 0.494810818848448
-2.31030823815218 0.677613237413959
-0.872382758583053 0.0449718965333019
-1.56730904365325 0.538879391337398
-0.910957490328252 0.205823835024093
0.44800141244329 0.0346040924025538
0.242001479597443 0.139415802757682
-0.188616105748896 0.208308673965722
-0.531065182477016 0.33775081330575
0.371969199886766 0.0728417448332414
0.371261927029815 0.134989845010812
0.595245502744643 -0.000663907947435425
0.278356625852863 0.153799830000075
2.03702415517744 -0.241308372152149
-0.44004424856246 0.000437012096154811
-0.271768444834547 0.593259095084716
0.596592077312544 -0.0936268594822161
0.801696647288959 -0.0605311250521918
-0.210589828454032 0.217378747827618
1.24360152674425 -0.0921204662760217
0.124956304050838 0.36649219888885
0.607337571201468 -0.109780983963324
1.00395619065724 -0.160474141232613
1.20357572956133 -0.513379865123347
-0.448508957786263 0.257697982116838
1.88284963186964 -0.117876864372227
-0.525880104089835 0.190286431106478
1.26726220001057 -0.407432940939001
1.7717023895139 -0.0810904482583713
2.3344095037102 -0.864980100668326
0.682923613137703 -0.0714196238317739
0.644265089266271 -0.152320799233099
0.314029160371579 0.137882850173283
0.229303833527239 0.144213042483927
-0.22673217320603 0.323112316118702
1.64728699287388 -0.531554548296749
-0.337622336401503 0.305512523194256
0.61135890428911 -0.0159936398843824
-0.073875009230425 0.080426681495825
0.154147208648557 0.211505298489602
-0.0921513302192642 0.481759787316734
-0.0266270937564028 0.259021454855146
0.0220815250449531 0.00551338061703387
-1.06905294859871 0.705706290077772
-1.36350381402051 0.0439372788589843
1.71262256785075 -0.579453315579543
1.40198329197032 -0.425520813237065
-0.134178360400807 0.111004170731309
1.43421586512917 -0.0339217896573419
0.797675463752359 -0.202775063968112
1.10418966783914 -0.00502848867703853
2.33756290713874 -0.877259120302283
-0.33023868926254 0.418944068565345
0.259122173643319 0.066412773360751
-0.387933234236486 0.309611355583107
-1.38194794859358 0.731403124571192
-1.31685777639284 0.762617836423525
0.703919626002709 -0.18961932371364
-3.22133140457267 0.800879730699909
1.94133477632592 -0.733399505287153
0.563319549748843 -0.0861403661078742
0.193718512589858 0.207800580512923
-1.52180607255666 0.28462271801482
2.99366739102869 -0.783161232353157
-1.47007579851107 0.0687570238612378
-0.106681480043124 0.261069248659019
1.95115900115623 -0.388734668827485
-0.619522701484145 0.376538274565855
-0.855818169257323 0.651237455588677
-0.674390176462404 0.347963289605212
2.02060364804984 -0.0939181485565962
2.40807835364863 -0.406763803396132
0.316970743778438 0.0794967518465653
-1.482990287959 0.388739502528696
-1.27709985176528 0.476089046518859
-0.227637072074385 0.545856627903319
-1.33069581358196 0.5558396481336
-1.25217585411902 0.278896857186961
0.659378700326746 -0.215107109897166
0.0350607304573132 0.17099705847057
-0.604961374077916 0.0928137611910397
0.325661860930223 0.0196175815943628
0.740046629191307 -0.173072550113052
-0.274543091135374 0.274671920450575
0.370385019560757 0.0724212923714105
-0.00367950458732906 0.446558167781549
-3.07013899809912 0.787824639499435
-0.947882664570055 0.770299824697313
-1.79604847370705 0.492341356911332
-0.406208822831188 0.576725850224405
1.65714670268003 -0.097323467416991
0.500851126509522 -0.0286990982667405
0.908703700273164 -0.330657692834197
1.17188275417879 -0.0729224880752276
1.23686593739018 -0.492851129127166
2.90930125965511 -0.215442513155335
-0.131071120300801 0.291538749110467
1.79709652888239 -0.462413717681138
-1.22723098000449 0.0617396438546993
-0.983463047048533 0.793900978565459
-0.132547232487466 0.551629848511846
1.32373740188117 -0.357812775302146
0.179814553562522 0.137173615967304
-1.47105389840621 0.865205022132574
-0.585325621795237 0.358147591169287
-0.267048387048184 0.276726223427788
-0.754573026644764 0.12627343287173
0.488117533217158 -0.008408770337624
-0.528091672674947 0.104109804229835
1.2106223261188 -0.281484653452952
0.0878085139199909 0.390109757173702
-2.04096755840213 0.775444610165893
-0.590327034552781 0.161788271349058
0.268933280039749 0.148084499175842
1.75744360499162 -0.646627698746856
0.473302478117595 0.00475284115352704
1.26910763974031 -0.0543704151975684
-2.42297725624095 0.369399778989181
0.0686085471179134 0.423449045008877
-0.500769180329899 0.353423973707234
1.40789636185014 -0.140696346408064
-1.75947189805 0.635159558857154
-1.48699740126209 0.72581191134432
1.25318236071493 -0.303725595601807
1.08270393213043 -0.2918300997903
0.697801083878662 -0.122603208449505
0.727671449316286 -0.112820198018469
1.50095696048987 -0.121274860929772
1.21890253676579 -0.513340632110461
0.227719905735439 0.23861587111999
-0.55691668494286 0.706325789545622
1.05035952337818 -0.42286538696229
-2.90739351121187 0.637960190696677
-1.46730107418446 0.69907657254889
0.117691219481125 0.0989961810913279
0.118536781214723 0.0260608521603502
-0.296115615788766 0.467672219675141
-2.79605021696156 0.676383379061123
0.741771842629296 -0.106970598191649
-0.869895305313321 0.663699810774308
0.602827321667605 -0.133010225378655
0.721931182641138 -0.0151439700996659
0.763489186352885 -0.192461172157985
-0.169219699196495 0.457167188553992
0.433153460491435 0.042883484016977
-0.0867812020461305 0.280559511535955
3.24180504702297 -0.926342155976307
-0.0152347466660936 0.344213650972744
-0.849542258173913 0.143248354869523
1.65475633861883 -0.379761030282928
-0.351348166490563 0.505261598660779
1.00536846073231 -0.430548539909895
-1.23933342437357 0.523395300590408
-0.240553652321837 0.479701935870761
0.848745854783874 -0.0620155389224731
-0.0165828996710619 0.0297193953945886
0.0554627645045438 0.272989251626928
-0.0654157556143689 0.0715743354705631
0.76612340608153 -0.201481879711943
-2.08910308598591 0.646076801248267
0.396820579046997 0.0365010690062719
0.573360751179328 -0.12489501309047
1.08582500308939 -0.42175491317145
-0.042591809100035 0.424434607139135
-1.20064642146377 0.420140532611756
-0.744806012206443 0.0554576601821295
0.245895474651434 0.2131999324938
-1.58530936308569 0.78526358618828
-1.0520765162697 0.331568515818492
0.470930179387036 0.00814762524566906
-0.207463902120488 0.499073443544381
-0.194612558034233 0.132812806112198
-0.884162025654124 0.282247579034056
0.76424423137192 -0.117424619359255
0.807547041060032 -0.0784733806648618
1.66217032247556 -0.108417631448104
-0.21649237842978 0.261949552241521
-0.884099150621071 0.26684810656324
1.51829298958077 -0.564310546741253
1.38779526016534 -0.088893159654071
0.642129001845537 -0.157894766007412
-1.42342281127237 0.623802587939931
-1.87478427212527 0.801565745226406
0.168821650806768 0.168541477920427
-1.80643731877977 0.845926180961621
0.118028618478962 0.142237097240291
0.379481254820819 0.112176896110198
-1.29361837569819 0.702019968796943
-1.53825006090545 0.56330032370007
0.923588874442584 -0.350608418006721
-1.74549886831227 0.40963720216792
-1.44426628759614 0.86613388112693
0.697930053536504 -0.254766002493209
1.7164784258554 -0.759260502190908
1.74974152718043 -0.650472064807278
-0.486110595976345 0.0700168794537678
0.413812232792242 0.0927867297307658
0.359236028004932 0.138630208222946
-0.327156382182629 0.0377500247071293
0.485022743743585 -0.00716028607250097
1.20539239559588 -0.062731528252447
1.67439834205925 -0.751087540348997
0.452093054978634 0.0307816655461305
2.24393625029941 -0.481242082457888
0.273083121669343 0.0418657401246303
0.121394709763826 0.0629248871908102
-0.107374916946668 0.289827428158183
-1.45374180753387 0.289642179949448
-1.54640459427374 0.225921862934809
-0.152119128515965 0.16551361797323
-0.0392143310442967 0.498854265564737
-1.2892936940142 0.485158462479985
3.3879106227604 -0.676776467259469
0.610704079641716 -0.0657689993199095
0.774447087297288 -0.0623181613288235
0.0791159406853916 0.203070879665119
-3.02287173386075 0.841322826499253
-0.00540921235781441 0.324561591989097
0.56139497756774 -0.101148534025356
3.57938782485232 -0.469796414229591
-0.194535910256994 0.324549652466508
1.93475863904957 -0.502409829402087
1.46435195568414 -0.406843570103079
-0.898001693579857 0.578191499701391
-0.618745143203151 0.071932689489785
-1.26412885382788 0.692539300676448
4.05668982566098 -0.619201499604321
-2.53302200805624 0.143189592685266
0.0689723614560293 0.302909746215359
0.822568733810323 -0.343577392302281
1.09391202568942 -0.37900841963212
-0.684731153289758 0.26485487531345
0.350324444400413 0.173257561305012
0.545734022691179 -0.0683456027971835
0.202729827358994 0.303663206054846
0.676185397605895 -0.133579480712114
-0.498286757476052 0.0238890584577528
0.568469644130103 -0.0740195797179269
-0.761366476333151 0.655314950454268
0.836020243834496 -0.0822144983927874
1.85982164293031 -0.329903226627719
0.476810322934429 0.000582358752085296
0.132931408308243 0.0789044161858366
-0.385509798593992 0.254733117685419
2.35293001475476 -0.411632447009644
-1.12601186183614 0.0211863916287013
0.210507691576594 0.295981669679386
-0.454459345998069 0.142698465276623
1.40870269754238 -0.394784339188051
-0.390265103255693 0.078180919783132
-0.395061964793455 0.203559461573452
1.09803796707865 -0.278387082625831
0.88334740457065 -0.366166365605076
-0.391487980901158 0.567078618090654
0.390671227749931 0.091719123994423
1.14011616000518 -0.342917425772488
1.69795850080454 -0.654840476901344
1.85299333175953 -0.329092753527828
0.609610073958326 -0.117435801628383
0.583510242552699 -0.0823856530817765
-0.235207083194139 0.0958026475677093
2.87925977962705 -0.510125094676974
-1.01864945843612 0.697903965067906
0.653535415533187 -0.046627651536448
-0.459345807144626 0.644049827117015
1.04555039089531 -0.495998779815066
1.40600113636496 -0.426934195496124
-0.928608086684966 0.793538292424946
-1.77007497133851 0.83692469846897
-1.66270445199991 0.508284787004408
-0.73963547491788 0.4805755461871
-1.25390490195982 0.710521667201754
-0.370284407569043 0.540176174643722
1.68578132149766 -0.0816008792631863
0.691637665392718 -0.146838391099846
0.129031492930229 0.0348053730086602
-0.873880150205682 0.207556664278974
0.0504979413949801 0.163806322582567
-0.0268436953189203 0.457137090537234
0.54639472582918 -0.0985709996549495
0.190845748010828 0.0625865641684043
-0.326261532046544 0.308106797379274
-0.0224074433252619 0.350701200597548
0.0239438514562034 0.20578896415768
1.33299804885548 -0.553361012697135
0.302682746579578 0.215614661103963
0.348908898335091 0.000595219851243832
0.407138021570138 0.0144758176410479
-1.4400616487433 0.527889802688609
-2.49955859425424 0.427585439055193
-0.35851127846923 0.0549725045858917
-1.91830014406948 0.270493139656832
0.759752342054721 -0.010896633601432
-0.930027391798405 0.74722989527428
-1.59134985908878 0.202597273960711
-0.465784973678865 0.144398955901435
0.541024315177896 -0.0627967642265273
-1.15933915099789 0.759295737320402
2.25525734337485 -0.421585900735596
-0.473361144066259 0.555364663343658
-2.04985731298606 0.710909451137653
-2.82822486253733 0.617568685559375
-1.06689467672232 0.101196438601326
-0.478884684911705 0.563786371397257
0.717162772704345 -0.103996273402325
1.87653765939115 -0.17303672892969
-1.17888090313635 0.679126135738779
1.83817474364598 -0.171954917247466
1.67480677255847 -0.701478866439735
1.72127236505075 -0.516871094818701
-1.33061574517682 0.122328418847442
-0.85838552144644 0.271668552088925
1.52429485069049 -0.503792914334443
0.491093732793598 -0.0064877160137982
0.129811759592854 0.359100839092068
-1.95502938657417 0.742119049828968
-0.265196546998576 0.489093473583739
-0.264388766877089 0.218475934061365
0.1100585294583 0.0254915051898277
-0.165427596318343 0.0865637031958441
0.820056048852661 -0.153920415650809
1.30338464309726 -0.237762923065565
-0.781006694751596 0.630271678849477
-2.99726248005139 0.81637653412712
-0.653702968500813 0.0403135032890487
1.25159866544237 -0.124651149313261
1.16622543703827 -0.480989620223014
-0.450945174699163 0.524785352254743
1.92289159450411 -0.569595107922279
4.37673760155299 -0.224749193877855
-0.404778815977541 0.102362870525064
0.536436283768148 -0.0764111092165305
1.06041072011533 -0.0118861328099627
0.378908938606408 0.119423582407485
0.973431034050719 -0.297757193020269
-0.785128681884571 0.0136462127082738
0.832634043451905 -0.0900092364096598
0.0450884876308044 0.124472155706954
1.33921199206176 -0.200709411596249
0.847134292697148 -0.209027708822451
2.93693544945757 -0.87970259797146
-0.575447665304747 0.446771492926837
-0.816145692541295 0.453640331259532
-1.35567704778425 0.426246257554702
1.38634225942219 -0.0616047681119828
0.30658648862923 0.229457011429212
-0.65224585376789 0.478133974100278
-0.809341791484926 0.69874790792788
0.442476958348793 0.0368759954336431
-1.1765392279801 0.297673674734916
-0.603805685178376 0.441225264148817
-0.787467405563256 0.686688735621768
-1.99886126740271 0.685427080978962
0.230299793596542 0.304129363207194
-1.4697582889851 0.467524104434149
-1.44650903677849 0.891641140977779
0.310386602007166 0.127729099371676
-1.32570086234705 0.731704137611911
-0.12193367995629 0.440014471957395
0.193275020286185 0.281126397893453
0.657371285937169 -0.194019091756175
0.663424662332525 -0.0863002840661167
-1.00217225400046 0.172222811363822
-1.40488911084456 0.681782507593484
-0.184470918992591 0.434112012478718
1.86716848990899 -0.568208421283635
2.39661069090255 -0.625313365236505
2.07324734312204 -0.587524104705618
-2.6177064340519 0.0906705842694313
0.406719044950985 0.107253936296759
0.754829414230961 -0.305252989587935
-0.98497041510886 0.781026169332983
-1.12407345075152 0.120401984394056
1.26175919866202 -0.602916382942719
-1.60739766642882 0.40798784626594
0.501972331353575 -0.00302249710576351
-0.741827268437035 0.172128991208246
0.448939705423688 0.0259386383277714
1.03244449503869 -0.180747488103711
-0.7217599045076 0.108013492480163
-0.941867098250876 0.355828431616843
-0.688101997663907 0.420733178166361
-1.10057218932952 0.839713768615502
-0.26048589796985 0.271205368605231
-1.70912999673361 0.305258430963242
-2.17578654798261 0.866934064476619
0.602314008225345 -0.135328539266588
-0.922414153941567 0.768974330419947
-0.366742003080661 0.127758496258
0.312421340478918 0.208575945571124
1.8918860707016 -0.241369421183633
-1.17082764546324 0.405889094937745
1.06201784002739 -0.369941970835547
-0.319762538546886 0.0150601591610339
-0.720220158306306 0.253977644521418
-0.996283143727117 0.313260590601467
-1.1860756153999 0.392945897583165
0.00778075445654626 0.382413394465435
-2.40835734260359 0.32032928503442
-0.209490265035906 0.0874771464962553
1.10127616310732 -0.162913987247168
-1.42920068761275 0.188526918439197
0.60488039762364 -0.125179807068324
1.13254848688273 -0.448314974903461
0.224166083903509 0.0251038594991157
-1.18650659468172 0.393846547730985
-0.552717229838819 0.2636956563835
0.0717803567977342 0.232269686393993
-0.261169894711802 0.600079143445846
-2.45930977146072 0.681205777809874
1.14883561151762 -0.333031748410616
1.3137990462798 -0.295763123227865
-0.533923254367425 0.427406277190818
-0.226675823258452 0.0498609329531548
0.592930230980305 -0.0321413224887178
0.608578739582591 -0.0631343195085319
0.254502310779218 0.276104480223253
-0.65429982116478 0.307788409726901
0.468724147928782 0.00358646931732839
-2.13751833015077 0.495774958808712
0.449768651777478 0.0405452286493947
0.0150273230449169 0.363197696716717
0.559157985590277 -0.109161885371714
-1.29667983522036 0.195786028137397
-1.45339582703009 0.714829812398826
-0.910146191766696 0.203381014488997
-0.966419228017006 0.237063599541813
1.7196539254897 -0.343969800302481
3.40510987433868 -0.194819581088941
-0.213795633956785 0.017710830428972
0.637681366641552 -0.169827509781355
3.3724323443892 -0.217530028177086
-0.539573359032505 0.109115985257633
0.0439001304533838 0.133226813924264
-0.406311508691311 0.215520328892242
0.733772479516064 -0.0165655087443444
1.38179938959303 -0.234819440694407
0.812348940697819 -0.145858516669756
-1.31429021974561 0.379497008599263
0.759437711080563 -0.1898587081979
0.787134923257965 -0.289759553936994
-0.395117508652032 0.182630742002487
-0.622052770636327 0.600662796232129
-0.0733142204739392 0.061385783879348
-0.919248447548559 0.0671086107030053
0.375186387963698 0.134237884573958
-1.83521852012244 0.546568442567498
-1.48538289576965 0.694916571484246
-1.55873281011627 0.52724900786827
-0.299784799844185 0.553001247401821
0.317119037872072 0.0651127777672145
-0.312676497361655 0.0301055252623256
0.375423842212533 0.0562822110295029
1.14941182566719 -0.255902558226011
2.83146273433611 -0.179394514695824
0.809220955241738 -0.000322013199829689
-0.671435941472023 0.063852635661496
1.57696785136447 -0.114061320935524
-1.40395328673031 0.872642829036786
-0.18567754700872 0.0162758697605002
0.13991372539112 0.280359399745418
-0.805329497407143 0.00170497503546702
-0.608220645638287 0.342853753528368
-1.68476157417224 0.440919783572808
0.927762946403007 -0.0979683119179133
-1.3994269659677 0.0984997747649324
-1.60029446126134 0.38070346841756
1.75479810378529 -0.423844352142985
-0.213192414413269 0.0862303137857537
-0.266747228751482 0.56381022429439
1.48254453039354 -0.637623822815993
-0.128885456883053 0.503942841570413
1.48427478207468 -0.0352688025204694
0.0460153891447917 0.117992222931995
-0.42386265900635 0.56991624056786
0.209338106844151 0.231970949497956
0.0682834182130409 0.369394606859438
0.81734938116611 -0.158158395961217
-2.06912040152872 0.0518929189960296
1.21301545589492 -0.120786299168955
0.351234589952587 0.0521979856996987
-0.699730175683022 0.106394244808543
1.6591593896604 -0.363519926548472
0.191487824785555 0.301318056823012
0.111857358012662 0.368719522635574
0.426070585038775 0.055891989522794
0.0117331404784794 0.298028323664945
0.777508057404072 -0.280579491193479
1.02059795265063 -0.403508205194026
1.37749172976109 -0.0161860380186397
-0.799443497372175 0.00149222667836364
0.253460897406197 0.0958210379413826
-0.896080515905299 0.329780445599661
-0.915381134857465 0.369304693795269
-0.0694130486925143 0.467912345012537
-1.26312621619293 0.201057219298041
-0.49738223430262 0.396839271982019
-1.8670557212498 0.50298663409368
-1.04070947115905 0.364393261758314
0.673816373571167 -0.118330005932209
-0.222922209452397 0.520132403612322
-0.230196618232308 0.168332459086032
-1.19465471056125 0.396402706301522
-0.0815718830016093 0.287023601737597
0.727757707428048 -0.135453454532774
-1.28793767922266 0.35873507783253
-1.04548172613594 0.560959779280867
1.26594243107977 -0.289214511150139
-0.0661663454434302 0.456251015124876
-0.0694457063770051 0.140014690788466
-0.0102669782623281 0.0375522900010447
0.460776789138049 0.00807207965037259
-1.80287835028853 0.671453530325899
0.618919248217212 -0.117981023519206
0.437066945558559 0.055701885601895
0.985429612809482 -0.144704267393556
-0.028943569096753 0.302274357969941
-0.330244455989144 0.105385965630096
1.84464867143195 -0.579980900441851
-1.67344752286765 0.123119005742507
1.29531861918314 -0.153345685495316
-1.11280351749769 0.596018796378337
0.216187665057044 0.042385765598453
-0.354885843082524 0.433153492430373
-0.635854931647659 0.246263060371343
-0.772747030003502 0.111176531600812
2.21553755352607 -0.426043047128198
-1.34389062115391 0.0349271114822073
1.40499088569818 -0.236499901332546
0.842445032859466 -0.121314066689345
1.30168074819286 -0.254598907739373
-0.502182912900861 0.423801521314728
0.517655007926263 -0.0191884568115792
-0.409891177079784 0.0680439187306499
-1.43039473527957 0.809747553854709
1.66721908238646 -0.192080696402515
-0.872373020859285 0.686157542280178
3.14345235734676 -0.856184954787862
-0.379478160450349 0.574233338390277
0.979217554941539 -0.220568712073462
-0.33285352220623 0.181429797883671
0.230974620416659 0.000314696306681621
0.0979719109735045 0.202648295316852
-1.50830810524322 0.0502367107935693
0.50892211427385 -0.00720602190059491
1.09410612339724 -0.117495105914521
1.84950452056139 -0.201022278194831
1.99827425219874 -0.305258070097868
1.59086080886268 -0.357842600123908
0.767210176016502 -0.270081808963218
0.92113650522892 -0.147346609182164
-0.133778980597526 0.51153654868308
0.614472615860658 -0.162514043074545
1.68791440373171 -0.513654683015173
0.18994468899758 0.142307028228791
0.00882151233741621 0.273399150476836
-0.697725902604239 0.236256525873061
0.468318468801845 0.0119371730906195
-0.714529013108917 0.178740934812208
-0.564785806770648 0.173172078860229
-2.78443467954094 0.699915689297174
0.157663512003066 0.0171507936567454
0.993218435902707 -0.360161521936659
-0.630421048694266 0.701822382587087
0.272090230684547 0.145659605643865
0.438359344893961 0.0213054993244184
-0.284333011358614 0.075526414010999
-1.88730950342633 0.202553512191382
0.513464068860745 -0.0353397017598287
-0.545200987290628 0.271101590984253
0.816579548585749 -0.247078635716304
-1.44876279757914 0.709196271227171
0.0659032304229329 0.275282852639301
0.980019445544422 -0.0700599920988599
0.372533087721993 0.0965022540499171
-0.72395333010837 0.565928062388216
0.185723895688842 0.110581521840173
1.2378653087103 -0.115812957128744
1.18246103302374 -0.530499106493228
-1.94727246193923 0.646660617177809
-0.527019429620107 0.590783107140909
-0.183785839036835 0.326154248308916
0.819251813072848 -0.25471040052436
-0.33142230009224 0.446338147484651
-1.11719374088041 0.378652998607306
-0.48919433624375 0.646891644004184
-0.765658926094148 0.651849809842939
-0.654920231129466 0.300897863602084
-1.97779895523596 0.228619679932772
-0.239869280009373 0.344903400013215
-1.05647829420808 0.161255297532789
0.522540987146943 -0.0476917628786259
-0.377606808423634 0.412829226691014
-1.33007934316542 0.864715348489278
0.553084711025121 -0.0312959395972823
-0.121857020444319 0.494753150954934
0.402747289984432 0.0955163872070002
-0.523514423853586 0.276822898279434
1.80918992673661 -0.325637120229524
0.587248513034203 -0.0126000216183473
0.265668385104902 0.0627244797177063
-0.256164431219677 0.317196915982072
0.223713363108422 0.303540046308995
0.142327701368508 0.224653944519838
0.141141681375518 0.0908702109710579
-2.42034575634033 0.836865422002659
1.98900755371557 -0.103815356932025
0.934118274871899 -0.344843119493899
-1.49834842146151 0.0844534663482903
-0.545013049358695 0.13590557830557
-0.814129019346747 0.651932629102306
-0.640711455366215 0.599736290193587
-0.146183165490014 0.373539640686959
1.38890062845468 -0.413995361109598
0.142136116662166 0.28448806380626
-0.746242758654187 0.22222160031661
-0.162326775395435 0.545238212167314
0.388851279113865 0.112429864992518
2.19697216257254 -0.691055833077672
0.152626867256168 0.183049793535211
-1.14362759726272 0.162662110442728
-0.242886304119796 0.587215919370028
1.19490806155018 -0.0529269595720633
