0.12274459216208 -0.0697378859261584
-0.313062307162693 -0.231187907280727
0.587870029707881 0.162573342590831
-1.16309225865845 -0.574543199877289
0.158868087574452 -0.146668533250014
0.212516308157953 -0.0835811216809753
0.410447787271556 -0.0131725150534622
0.478161060386443 0.0229315913228471
-0.863187648321984 -0.521382105863913
0.695857825356584 0.203742317277133
-0.29056488092471 -0.0461137101575522
-0.731326118933688 -0.364463640112064
-0.638091106788584 -0.0584444473925629
-0.50722112258565 -0.180469114734385
1.14684670450806 0.495430820416672
0.874855131534894 0.254802428016023
0.0769294951689798 -0.170713643943104
1.04196745325379 0.125754575409086
-1.76134484678083 -0.480904007020335
-0.0619783773316592 -0.182984807193588
1.83552151891001 0.214963467879041
0.553304161880631 0.0562269559796606
-1.13690586437237 -0.0556131908039151
-0.654966258502542 -0.251020341677864
2.07958055088527 0.671581620674379
0.347888479650109 -0.111874121395583
0.543425165913216 0.0722052585967782
-1.48849392845203 -0.36005369789833
-1.21596061539416 -0.618814260431053
2.78124316443038 0.70882648172814
-0.0711576266003544 -0.310784203962418
0.176802684227613 -0.1028961952618
-2.28549551703611 -0.169532604583125
2.28037833275347 0.714963736781495
-0.666145961052279 -0.526307172265584
-0.101618796098719 -0.292004532277295
-0.358145166211041 -0.370004701487189
0.528538308977729 0.0538895156381344
2.51819942942712 0.562505517691847
1.8492530582098 0.488667268481445
-2.01247860927353 -0.532537536719385
-0.0880050684254824 -0.261988469264386
-0.15705358129496 -0.0983758618079155
0.355204360970226 -0.132991298921498
0.00826168629887972 -0.342480141550819
0.937265843456074 0.244986130835617
-0.184795356560983 -0.155201749502582
0.188011104977473 -0.102850021447567
-0.0517088781612422 -0.0414190192102786
-0.157440796375582 -0.320055407896361
2.22011819324821 0.48815657323992
0.973677091810748 0.0492293852089886
-0.838358256014384 -0.658518175583066
-1.48981419255561 -0.578514301378824
0.202126704465613 -0.182537238719475
-0.879030769491364 -0.285252997173888
0.536785338240811 0.089083028858869
-0.676597977851188 -0.0662908553811549
-0.115048217646957 -0.0434517346184061
-0.764256938326486 -0.143640643469215
0.481788667234746 0.00737369664725741
0.431566958100349 -0.0321137092646429
-1.81498330792615 -0.14145561288423
0.312035344584244 -0.00317142782540293
0.889328545421659 0.258240312705728
-0.640407295058186 -0.29074647511534
0.838029257561027 0.10679684958422
1.80664643896584 0.117574542360126
2.13092721207063 0.308531959131407
-0.376324277334366 -0.318287695366201
-0.253580459158563 -0.00623190722428474
-0.682126202154546 -0.187971395728982
0.689279771498541 0.107288410001618
1.53417357931865 0.546663750959484
-0.682753270681991 -0.336798024011329
2.02619719183809 0.102788573987937
-1.19136079594154 -0.11259383295
1.42123399066496 0.298214688234177
-0.153908065285265 -0.068072420891463
0.736794990186498 0.125910169649926
-0.161543221612828 -0.00387719118849254
-1.37405999350941 -0.0788234954192748
1.19800853839789 0.268977534145933
0.113968465630439 -0.242741832269252
1.2857542717684 0.286854867776969
-1.64886841946268 -0.275135044751053
0.0903769799779186 -0.346561892090552
-0.497861149099359 -0.388151408932979
1.96932574614494 0.00260765883794146
-2.13895284089906 -0.683316157377024
-1.57731534842799 -0.582191193114926
1.60546780167783 0.24400038326253
0.70518193666062 0.0308161896601255
3.30001964652952 0.310543633803858
0.794093310078113 0.244166986798612
-1.5272258040999 -0.721016518454089
-1.36671898528327 -0.507831061010652
-0.469998603377409 -0.412149388676417
0.138297704627629 -0.229091785523189
1.13662453220704 0.449577285615483
-2.18626124914765 -0.324833964478243
0.643079355530662 0.174039619420769
0.582663864746543 0.0307488665785592
-0.209695574742529 -0.412772624081267
0.282365876737986 -0.0789816009880956
-0.373397178008303 -0.428257511145911
1.37051293192446 0.215535797578913
2.0433657491789 0.326269133336023
-0.584846296272461 -0.584391608108182
-2.19856717847979 -0.420418528855386
-2.64334262279236 -0.681553840599775
1.68518856016367 0.467944346552031
-0.543922677818471 -0.2561653776933
-0.733366323733848 -0.0381247025474646
-1.25271248692406 -0.702999302320752
-1.07513575451119 -0.531103525204448
1.83803499565306 0.689342658996569
0.081141172568162 -0.0141851726449068
-0.112308846943909 -0.0544653572248817
-0.658329026250888 -0.613508213310226
0.183390064664699 -0.12893333591766
-0.698102916578291 -0.0654372593585812
-1.46295170759827 -0.682375472745177
0.991773304714139 0.0942575542410391
-0.190664263778698 -0.0618839307958855
1.43337681993159 0.0398121323230431
1.24274846910173 0.507567273006232
1.57368129778713 0.497649386229039
0.784544753576381 0.243358520929043
0.135001275110938 -0.260465102358424
-0.750030283129899 -0.537528567535669
-1.23029682940697 -0.189487435003946
-0.87158622763879 -0.460016399373535
0.571278391427814 0.0253500035158673
-1.92321649761989 -0.239058677191815
1.76345828280196 0.0347912729951745
-0.753082207174779 -0.551215792384669
-0.826417788063429 -0.201005770927395
0.961186835114587 0.194843354875667
2.56577731864902 0.550657721574367
0.334691949452516 -0.121682563226638
-1.63214033807148 -0.544709032199598
0.135988615891321 -0.0453617644280504
2.13715797476006 0.413929331594519
0.644126166869433 0.212339617401883
-0.422566355255462 -0.198385223462979
-1.79054713783481 -0.300171365462756
-0.46748550949065 -0.101026255639529
-3.11003102362695 -0.174967757897415
0.26490432555413 -0.0450118192073629
0.751686596566162 0.138648321780426
1.33224689406325 0.575251148856037
0.674730498766863 0.176951228639525
0.976786687461386 0.0388533093544037
0.549518362753293 0.00726505110855423
0.928300740731882 0.050162193828701
0.745285707813348 0.0542929608897937
0.674179079286879 0.223119786591873
0.29530376423666 -0.0887900501582448
0.962302744246307 0.270228258507079
-1.58510617281173 -0.195641966551294
-0.804466770074852 -0.0659272639910185
-0.247040359943998 -0.180323894404193
-1.59876242179009 -0.240857179952021
-0.0184380986887221 -0.0715457108510252
1.42650719624671 0.171654724870977
0.520006150524475 0.0411437701760175
0.0194921157460868 -0.372416664290707
-2.25009046676378 -0.464823803429362
-0.695050622308548 -0.495272532932567
0.00767966937952916 -0.370438139452062
-1.77227385841895 -0.4666026383559
0.953404728687736 0.00163552748292336
-0.171619220266589 -0.408588242873737
-1.32516987652575 -0.217369690108548
0.061230166193765 -0.126141008190788
1.6744686392726 0.639938818886878
-0.949853561672901 -0.566782983717147
3.53608909161626 0.681884161657206
1.14913667516658 0.0378593256283435
-0.627792762226031 -0.544221095041728
0.510333282870089 0.0551656697474603
2.3310544311334 0.630274409912883
-1.26006666256099 -0.224004898888477
-0.128786366776115 -0.420521216064405
-0.292535673983572 -0.112597630847553
0.349678399895284 -0.0984868961733339
-0.349801273168989 -0.20801856882217
0.0368429456662185 -0.357473376688786
-1.53052002325948 -0.296085453423471
-1.03691702978793 -0.23418582429398
-0.559041800482451 -0.0450385109104656
-0.514068165897573 -0.370778158508543
-0.7140996795574 -0.0425953489152305
0.283295581860188 -0.0263304966412838
0.0147957772111173 -0.346003939569555
-1.41569420268913 -0.552936061066536
-1.79872237629321 -0.302546364374914
0.562034451149061 0.117551952005008
1.36963049308722 0.10998048872634
-1.10437499830192 -0.584401672858805
3.21910154819642 0.635730851373342
0.723277383454954 0.258798770484618
1.98626125841441 0.41639109945567
-1.30778412508545 -0.455301326647709
-0.0776334363294312 -0.455419346809474
0.685089532135443 0.116800157472838
-1.5108066103265 -0.379512090459821
-2.8657921211514 -0.0203398066828122
-0.154319440269253 -0.335768223054972
1.25483971372672 0.271217576036259
-0.594780569960657 -0.0851877260811977
-0.569270816105613 -0.247953017470049
0.453092168566275 -0.00709723261942244
-0.241445927596258 -0.448781028682788
-0.0173868648153722 -0.19932481675516
1.13085981026964 0.46462599644005
0.41484951600023 -0.0372017830575268
1.04905552006957 0.441669599107675
-0.644099004741499 -0.0900055638394772
-0.791292041747323 -0.361464770372008
-0.181796593035829 -0.247985560108878
0.34918709289238 -0.0369930531163469
-1.25821222560474 -0.330250875563352
-0.229395351184412 -0.20190936890691
-1.42357507297962 -0.462554636612628
-0.172209284143254 -0.033415618854038
-1.41117004801111 -0.363845646869569
-0.656979695630654 -0.463717532006812
2.45579603671535 0.352658207864328
-0.649415852018962 -0.325298425583903
-1.02581021389727 -0.478426108692315
0.365493579976412 -0.015784521496677
1.40049980091307 0.373368341249661
0.627165146125609 0.1520223570335
-1.88923115459135 -0.660024973340979
-0.661320888366215 -0.325933510855257
0.717553987947671 0.139274970549253
-1.12861051565049 -0.566963965350426
0.175324146413374 -0.0696338712585779
0.017968876526231 -0.148849837809243
1.10146909385512 0.318400538012643
-0.0763077531032604 -0.336418937011004
-1.37903791479394 -0.105887312903621
-1.42601134096411 -0.49283364547045
-0.354293125532879 -0.285650549506719
-0.43766148067216 -0.463640228205
0.152764382163141 -0.250921033818988
-0.561421383056677 -0.613407408112671
0.346602455141257 -0.09486423724961
-0.125691659895399 -0.335958106582905
0.111435029108425 -0.0508569175463868
1.1361508636226 0.291161831860617
3.21736994261665 0.747517536115695
1.24736636488049 0.43240557748035
-0.647327619631022 -0.18584493115974
3.13803730807352 0.467429651183328
0.290678136537254 -0.168490552210174
-0.63017546694281 -0.488822248398191
0.777135758117173 0.113501139593735
-0.461125973491861 -0.39123774735639
-0.0174667393575248 -0.0314111098090072
-1.07252578136709 -0.510509601056319
-1.87896020492382 -0.307433615063516
-0.831653821694934 -0.047461506666945
1.16705912456082 0.14236351652461
1.85688488761034 0.0163093561029883
-0.857918708248499 -0.410214442369249
2.68002654874072 0.699683790855858
-0.339347354318897 -0.510031643091025
2.23474297171335 0.239898918113733
0.890455994164412 0.0169492883803942
1.70709518066187 0.466738009636016
-0.753407416192217 -0.37382279470995
0.881380091120851 0.138550761431706
-0.0540259634127134 -0.0555451192426852
0.631384900006355 0.114469260345155
-0.822991148151158 -0.446601882278903
-1.4608011686105 -0.208789573945364
-1.16588861331251 -0.367349948740726
0.766942121439347 0.222439936952962
-0.163591991278293 -0.103682422102974
0.94150829680083 0.167887221579836
-1.19004058113085 -0.229017634439218
1.27395822220444 0.440589755468515
-0.523874464106691 -0.118465243482408
1.79252877024828 0.0893034083863854
0.518447996247851 0.0453963420515042
-2.65627889039442 -0.41768488976708
-1.39205914281514 -0.12240885330576
-1.43012899243401 -0.507525574485405
0.0675124324475418 -0.0843356711139919
2.19869108130027 0.511914178419481
-1.27079036021334 -0.0955853075548477
-0.523642325568117 -0.0826573343096677
0.265056818993851 -0.0875882235220758
-0.50795621362093 -0.567447879924072
-1.35811699452206 -0.694968883798055
1.07341217387579 0.419490015210511
2.74696457712862 0.47373119687445
-1.11858619590408 -0.400252012185242
-0.0475211603631521 -0.382946216832598
0.301302130795409 -0.134823188645733
-0.645977962954261 -0.0891273002048518
0.185229002088817 -0.157413169796633
0.767933740229949 0.0715659949391723
-0.499864673696435 -0.0176748305924509
1.02747429998728 0.151210323183406
0.390485882695694 -0.0753285603679006
0.465719258423493 0.00730344192979355
-0.525470372252301 -0.547090195629776
-1.28469067329018 -0.442113971500862
-0.368382108059552 -0.465332424616003
-0.972459907474348 -0.156195109281662
1.00337834607141 0.344420890076792
1.18429802639503 0.450959671605346
0.849487330587173 0.181265244914764
0.762836688873489 0.14543995835332
0.676312270580766 0.124094551973206
0.0363904366605335 -0.0703315304956374
1.82337977975482 0.315419437471811
1.10178555908635 0.360374099630866
1.23741772227191 0.250398291736451
0.715819368814091 0.0106697582333179
-0.15782124462473 -0.093054969147005
-0.977093377941811 -0.204364679375343
-0.789723319036355 -0.244107163875626
0.412791674279061 -0.0329331738191384
0.323947981309652 -0.0438349196241431
-1.21234111393261 -0.277112498762037
-1.30324086534065 -0.523466340901349
-1.78427052617565 -0.671909683431892
0.37441399007476 -0.00481332508082142
0.110665143753229 -0.257296032229469
-0.835727574233519 -0.423624725573011
0.767157827040452 0.0247073719827883
0.447823200684207 -0.0149469001358306
2.22969091645175 0.495247625758486
-1.74814252396645 -0.511362821791135
-0.638592744829334 -0.0628803618858208
0.368738043397256 -0.097022045213972
0.98787516967903 0.154490070810897
2.27855620581452 0.508172487991219
-1.61825693150433 -0.403183186475557
0.313491247192642 -0.0304537475558724
1.44877493731115 0.235367368146862
1.88094966425331 0.542918887321097
-0.607896413902836 -0.254713786745016
0.760228042066916 0.0745750343332895
0.380288561910709 -0.0275504404572198
-1.04988773902842 -0.0686464637096978
0.275863982079739 -0.113280937492263
0.881545898567034 0.129779185681214
1.23626994070102 0.135752312065608
1.10480631091678 0.500801467485396
-0.830605897140151 -0.134149349763286
-2.17225607792293 -0.258624456354878
-0.850873981831778 -0.366408708860028
-1.1024482044626 -0.699620509070189
0.0448083074242132 -0.266396492445972
1.05453773651523 0.169178241854499
-1.01860016723618 -0.616278106839186
-1.64133486457683 -0.0643913074504682
2.28495505551781 0.538534407391348
1.67501828133271 0.415926222272563
2.31160568333982 0.0430160965578472
0.553102387365113 0.0280519370872706
-0.286552333402929 -0.0996608600340902
-0.855638466214211 -0.318768515358392
0.629960817333695 0.0923454935775279
1.41658232720946 0.29028861367644
-1.14381844639329 -0.303554693838064
-3.64805611386491 -0.765189109680174
-0.537411709757206 -0.323837266532305
1.00555521071094 0.133565405020892
2.4600581907124 0.258379369784957
3.27576773285059 0.348079321470515
-0.10120626409449 -0.290807685391633
-0.945864013987143 -0.0508436136359987
0.227014919160525 -0.179895855308177
2.18036189076648 0.0240146143510766
-0.745375197584263 -0.60484726968651
-1.1365275811553 -0.721859494371066
-1.61792257833403 -0.312023997319649
0.615213234723803 0.119563332960303
1.25111861687722 0.16042419280747
-0.301698700108121 -0.533494314293893
1.60788594996059 0.0747009768371146
-0.269579147530854 -0.302361954402866
-0.423126649964531 -0.510423600863132
0.86561686921032 0.0561408526413526
0.20609966960359 -0.117247754593526
-0.0661156921481056 -0.348724958791208
-0.68563569966811 -0.191479074595268
0.431114954109888 -0.0349446224527439
-1.10108059851198 -0.0291370495682979
1.79488650899216 0.112781584368379
0.349491213061133 -0.0108934042247494
0.66999099920466 0.177898740992759
1.16672359905653 0.109118213175851
0.592586070857577 0.0865212785289291
-0.798633359426584 -0.485769609008094
-1.08156495076004 -0.713391984047434
-1.08214148925451 -0.379919818114718
-0.491321635400196 -0.596119728772097
1.2703248880367 0.487869325439564
0.276166489469069 -0.0684241220727463
-1.0908515149117 -0.403411105016237
1.34688865303409 0.486980518769831
-3.10802223812973 -0.397264284231286
-2.0306021192952 -0.292159389732345
1.04809784619083 0.14312846842705
-1.58624373359329 -0.686632651749458
1.46753605566045 0.348381233375167
1.44317108983968 0.209338091103185
0.645654630107494 0.0388451881852819
0.822780323909237 0.263218058468306
0.742639160063777 0.126669008375279
-0.459566682709614 -0.55282811308335
1.34942675851827 0.402382131945465
-1.68430860620525 -0.142238053739543
0.554366198845164 0.0474821782049557
-0.794847238306766 -0.422216475442581
0.391973009239751 -0.0494402144064181
-0.0254201133925953 -0.113466964199265
-0.0506566521704283 -0.0537628138637184
1.72153999200065 0.572904639894826
1.43066399027849 0.572612551864714
-1.37240646563803 -0.180156020003789
-0.38507366115472 -0.490358976669297
0.0462259947664489 -0.218821164288999
0.575873177263919 0.06317057290578
2.3989826745899 0.383518400069374
3.44056093970181 0.123876858619045
-1.14189747533611 -0.446309351364858
0.0507515703562134 -0.229561560197202
-2.21738122066308 -0.428858240130264
0.38738072532142 -0.0180562450372786
1.46713983208447 0.00112498821691514
-1.21620759208392 -0.23392090534623
-0.0656571917590384 -0.0893333918633383
0.178740638601662 -0.160341973327935
-1.27916601691952 -0.216559832335317
1.05725768946924 0.463693705749675
0.795058029508133 0.00832178992698873
2.29519313612662 0.644024503685585
-2.41197279063114 -0.69218418323463
-0.364675931846131 -0.298367219658038
-0.807726448049309 -0.460721059817923
-0.17739593499274 -0.0493256112093047
-3.60940621798452 -0.815250547261303
-1.37462878603327 -0.475031555836981
-1.55549588518156 -0.290290924299747
-0.761382383005874 -0.211395152741769
0.337861310263539 -0.0951541692790835
-1.2869853851255 -0.574078544009761
0.915678752848033 0.11940577028838
1.60843200407491 0.380117539918544
-0.584884541045579 -0.0605702178731593
0.478445385571536 0.0166039960404778
0.535540724518917 0.015688531159623
0.872278861900515 0.121735640365206
0.39156769510553 -0.0494496608682772
1.13814231449315 0.0830816790658931
0.137812636800696 -0.00926029667258693
-0.763740870599996 -0.32694001913593
0.13117354116536 -0.110328938207164
0.971641663202389 0.422817064646083
-1.26140779331132 -0.276781953641194
1.71317698593601 0.0854692407773297
-1.67996121596676 -0.226115282673668
2.04408613015987 0.0938796706727417
-2.05335728851822 -0.220068518382799
-0.468461101603467 -0.258008640598112
0.358472887036168 -0.0462761037150065
0.657266633937419 0.118410749778589
0.0879881649248221 -0.159875768250469
2.24363844477912 0.201782529312639
0.909161799515742 0.218738626393471
-0.551659296560244 -0.203613701056692
1.19600263371885 0.107236192950954
0.826916045797996 0.183295652199704
-1.29377391629133 -0.663594892553717
0.907317540960938 0.182769574448146
0.692069882766054 0.0325094989759008
-1.04118475849367 -0.313477465151776
0.0847642098030799 -0.0515174582976058
1.81181662049404 0.306712223133816
0.263255996240871 -0.0317291117250248
0.902571883067365 0.33698401628567
-1.9518704196159 -0.0185038760001199
-0.771480343439798 -0.0233900302616218
0.152844151288308 -0.113649618222141
0.396949501889382 -0.00272978199452771
0.971277115118396 0.0449862092802882
0.24060393105913 -0.15244829051724
-0.611164921707761 -0.6145498132463
-0.624264596665721 -0.0305675063269438
-0.463389290259173 -0.0814721975911557
2.90847045596253 0.0397623577921375
0.0267244363159241 -0.374003133268024
-1.35041737548235 -0.267698367260985
-1.05272065898121 -0.515616242646073
1.25180521584264 0.23740364973749
2.18938509240987 0.705261409805537
1.83522097298805 0.155982394169393
0.343624744151658 -0.114531412572765
-1.96581603583953 -0.601310441488658
-0.128863158007582 -0.212061473625419
2.12687075539161 0.389645017684433
-0.768952899413221 -0.300279891606453
-1.42965758105105 -0.320274129207092
1.42872988256441 0.151343636711254
-2.6526242618292 -0.820256449894471
-0.435408168371389 -0.0184558256259356
0.117751706267321 -0.0811589491970448
0.889579201116033 0.314570257595473
1.74309887601778 0.625215765462454
3.20424497371405 0.00196565358014833
-0.323501619486291 -0.411131027709185
0.653006872600418 0.152086175883119
-1.12274478995202 -0.0687956266420334
-0.0996950517588847 -0.408861971403043
-0.315122227675789 -0.271744571479584
1.34158366695981 0.188350802039991
-0.373712010159643 -0.149988128116636
1.29806497585223 0.205472781460389
0.162530021993595 -0.172880041942087
1.49812732888976 0.0700290259745635
-2.01158797650335 -0.440525013949137
-2.74696476201485 -0.403322138785043
0.0910210508809626 -0.359750720814081
-0.131519880937451 -0.355063894251605
-0.361268606424864 -0.402355506174347
-0.265442661860704 -0.437123795576677
0.14163280451134 -0.2528808289196
-1.30046970469696 -0.394447701538332
0.517101321595622 0.0422119228910703
2.34030672715765 0.384410438077081
1.82680694320521 0.457996791785987
2.42469697493017 0.52880904344983
1.93709825670903 0.0542845881781156
-0.050738429099544 -0.339333741625781
1.09332456069936 0.391521186825349
0.65753670839109 0.0819652259919014
0.407882669221492 -0.0690711645537295
0.346532933246339 -0.102730925794587
0.234516350431914 -0.217557198647942
0.966249403923069 0.376073838576525
1.35599952489644 0.545855384492277
-1.58110170498426 -0.232568835315183
-0.588808037672904 -0.544442911563503
-0.28267267837693 -0.366774832362889
0.707708200864562 0.0413303593206637
0.79703790514087 0.246298724541369
2.113436440297 0.267542393304185
-1.04553069316988 -0.505860247578257
-0.540478173295233 -0.00493992164077171
1.69355695076846 0.0165744880099971
0.720143625541852 0.0505382938721386
1.77799142210556 0.234045472467585
1.2865412576785 0.328083773318206
0.985430966350214 0.00434973567796432
1.34964604798843 0.375359785887474
0.872201002802417 0.257289644853458
0.887584376764145 0.39458546813492
0.714512228573845 0.273161684675915
1.20327591003688 0.430393880577947
1.25669353174083 0.363790548595774
1.24148049255367 0.129983212543014
-0.750066884661581 -0.662118866576693
2.08650964985271 0.218079034997059
-0.712437970787829 -0.270356559304685
2.50848784889448 0.518804802953012
0.931505570687624 0.0467917832149379
0.404515658908891 -0.0319258126206218
1.04291811449032 0.399754544109389
-0.555246699391229 -0.435488262698941
0.171685708116585 -0.095577982518278
0.198427135033279 -0.0708637866551814
1.09484713172251 0.334059257221525
-0.958811238867992 -0.62461149944031
2.28484686007172 0.492706583863154
-0.0832591054454544 -0.158810483787526
0.410047101069693 -0.00750579348079802
-0.283011512155934 -0.460238898930252
-0.0926996961486304 -0.348732896833821
-1.33229719565451 -0.408563666486645
-1.02482366416032 -0.625993853811467
1.65869949714719 0.589876747975821
0.359334575275673 -0.0560311072100167
0.462896977553425 0.000460596763036598
-1.11577531480154 -0.556321135086151
0.002114109734269 -0.323612925699159
0.276799604479863 -0.0401821649159296
-0.887888509453179 -0.615319488147612
0.441792553907607 -0.0130323144000091
1.45636212416643 0.529188911355087
-0.0748489569397586 -0.114339229405934
1.59650575159221 0.537661235738025
-1.45975350091762 -0.340302988422108
0.175337139422835 -0.297574340681081
-0.147365888612641 -0.273960095194705
-0.697620807428705 -0.636414888456301
-1.07230194181267 -0.00306583453747889
-1.57550078155597 -0.0191940062755311
-0.795113669947095 -0.05019589422818
0.320159641163969 -0.107282115488671
-0.351330686695394 -0.444835668621903
-0.48054990831587 -0.0254491316417093
0.129157113235762 -0.29582280013212
1.07580398615663 0.288518421538154
-0.521561142942605 -0.439903962827592
-1.10239369659171 -0.607395533514261
1.70102600623995 0.351234713962454
-0.414853233861902 -0.554076813447664
-2.29023320079068 -0.559811876182107
-0.578758097226048 -0.267694158307448
1.47410280988708 0.574482269171486
-1.2535286795541 -0.494843101827094
-0.196630872478066 -0.308351615356108
1.69296022274485 0.644388560875842
0.913351882479022 0.0731858022089075
-0.0362190140411827 -0.394459515310827
-0.543028409389674 -0.149846212510192
2.96129140509292 0.582961493119262
-2.98007549531853 -0.333272751209885
1.02396363653972 0.448153006274729
0.195873038082369 -0.0559472336449878
-0.123088551390815 -0.391993794802746
1.09219292600274 0.303210282950251
-1.00341326896741 -0.247021388835856
0.918043772676215 0.0460348369802339
-1.00638261349479 -0.506784528136397
2.23774050033269 0.221770422421376
1.86029305066824 0.549149115576866
-0.350977461467291 -0.393716783897373
0.93880646121108 0.393582123550978
0.498918981344934 0.00328089509953217
0.908439264457917 0.146050677024193
1.15566804381015 0.427435660987191
-1.00112764150009 -0.385073577646647
-1.29122550434998 -0.040270437612124
-0.436891595619086 -0.429271616220371
0.074938675038061 -0.192843640551214
0.85875140983572 0.300126449605492
0.143124252375868 -0.319495169997929
-0.122253850115274 -0.297426183853297
-0.434196288857962 -0.30669591683303
-1.1092268632618 -0.0262678427385704
-0.742866405749146 -0.329934241882008
-0.202124488872925 -0.439211037916207
-0.837050079004713 -0.676029585713552
-0.152378861967894 -0.211598700336341
-0.0358366369119723 -0.402943191166998
-0.219382101490123 -0.23434562684251
1.71490942086751 0.0855184458541932
0.0608991498138576 -0.257115970517925
-0.300243254122428 -0.272444833963003
-0.692195729470725 -0.412750126358781
0.164583141261402 -0.0768163701519696
-0.831017083841949 -0.0403138095464696
1.96719062164088 0.543958803327051
-1.38611597632822 -0.18124380690047
1.64165881711929 0.39585950694584
-0.0334710096239293 -0.288105140067169
1.74287524566461 0.0807648764544825
0.701338430431745 0.0874675086166176
0.0577581841896185 -0.363066963062754
-2.29777304581033 -0.226012409773744
-0.206547446312636 -0.185244814899464
1.32428745075631 0.120548807576225
-0.0677116926328983 -0.35671334323453
-0.198727412241627 -0.198509588691326
1.93188494030711 0.44083148283784
-0.168795679697029 -0.116021461875147
0.0302831514300605 -0.329905490961304
-0.0614846559960401 -0.0721401719719436
-2.87338498152035 -0.477434016578915
1.5844082427767 0.0603438511979602
0.487833427269634 0.00866032323115407
0.282788048243295 -0.012025065933053
-1.70559302276801 -0.341136196690001
-1.13065949231343 -0.179758435009895
-0.50823034587639 -0.579976556071408
-0.0878989666857197 -0.369470372661376
0.156688716943781 -0.187587988004462
-1.22654139539786 -0.222804458021859
-0.00443821912141363 -0.0159837243053578
1.57653932883825 0.195548227234962
-0.30172015950474 -0.0980956770124767
-1.40346407095966 -0.0819555687686911
-1.67761919161913 -0.0498624481597675
0.475280110450585 0.000548203139615998
-1.30499318804762 -0.038131128249192
3.78672614648714 0.325906914244356
-1.39884625786235 -0.62944046854362
0.884755809287508 0.3310619881451
2.77448166834896 0.539188193038734
0.293494458022072 -0.00541677333161953
0.882915836719236 0.385976626907427
3.7093235658881 0.820079169441888
-0.792405814552734 -0.115149650285736
0.506783137597118 0.032860333401499
0.930131322471405 0.351377676031166
1.2643669711881 0.221182843675296
0.613071255404528 0.127679699135962
-0.786090841051416 -0.115770934664858
1.60679567756065 0.313140367667194
0.955896102639452 0.416502258900244
0.0820927035993653 -0.293455363055961
0.984615643818808 0.047303155600768
0.204314999668409 -0.143964375291294
-0.683540012984269 -0.546367948731053
-0.636441512345251 -0.583550213743837
1.43143677333957 0.448363455922062
2.21673438599066 0.0233952328506397
-0.589465969115085 -0.208666307917296
2.43642228096006 0.0681164556913298
-0.173159138511867 -0.389967187725144
0.491120310536588 0.0290316386424829
0.997459135295596 0.137210235855499
0.845933640153738 0.153326973929715
-0.0359535015394139 -0.187895402809191
-0.503873032225977 -0.149114785906364
1.57608374845951 0.0442739926249415
-1.402770062549 -0.351831381366265
1.22426853813094 0.473711165767497
0.109851993978854 -0.268974203855298
-1.44021327421338 -0.122600588584239
-1.09564231116612 -0.283160534077449
-0.593828257930815 -0.246018273350326
1.4073174955342 0.0685231649832212
-2.55359572337442 -0.548123503128952
-1.0113981707963 -0.108436789862497
0.125743888319626 -0.301946613401269
-1.1436949191509 -0.177813072723044
-3.22528924906774 -0.389979335133975
-0.645914972897448 -0.533437479816828
1.43100977269331 0.118028030979869
-1.76259924581547 -0.380442648664003
-0.481683432875655 -0.0186170915312804
0.625965645922218 0.110566300868473
1.49658553692125 0.304368444734503
-1.96329905592899 -0.240085926050276
-1.08214169144007 -0.299419075020132
0.633230336994952 0.113065044445139
-1.75402031219283 -0.356855200874508
-1.97160693974648 -0.310277635891024
-0.844325764770038 -0.156261372110668
-0.78240407515608 -0.122801909398165
-0.708572231472228 -0.153221051732247
0.200256484117995 -0.219753879368509
1.5915087793982 0.330404009671208
-0.0811535813018625 -0.162520060519471
0.294124468978303 -0.11386308209421
-0.23685330667534 -0.0443418228149437
-1.0139045973853 -0.605628922881224
-1.29461849768259 -0.560871525069809
-0.462302454212743 -0.198537677003546
-0.392650598174012 -0.442636365898425
-1.10407783508611 -0.525952232299701
0.669829453615187 0.093087748761602
-0.840441164092451 -0.620252545133888
-1.65886673530687 -0.448399052491071
0.60376010873243 0.16572399292388
-0.0893508339739035 -0.335243867108308
0.258236083304157 -0.0280123198087485
-0.423997534449048 -0.426080465638526
1.89259571241259 0.611115858473692
1.61112320273165 0.019036920795291
-0.629843484543999 -0.386318872040402
-1.02880178124454 -0.460255504709753
-1.28948653170777 -0.439617346632964
0.763641745308666 0.307391325764466
-1.28461990073403 -0.566497356042021
1.2440971788707 0.0966908339588946
1.319946545032 0.487922548501042
3.69515448375579 0.354009621799208
2.68460071173089 0.631485938464127
-0.865911570298692 -0.0292674890533744
0.368880854905974 -0.0811912734500679
-3.73976057954414 -0.820769471859829
1.58745809176126 0.488982606174634
-3.05618050715579 -0.69722119152506
-1.0444509764968 -0.697779628083075
-0.924087087368247 -0.131924742223947
4.24463023635762 0.262391663743672
-0.73001726760875 -0.0468203480330589
1.86511961667061 0.627729692153916
-0.409609155457897 -0.170360403182159
-0.462494250297007 -0.0727019372457523
-0.264334189705556 -0.293525939345467
1.53908472285537 0.178077066323668
0.740071130918833 0.128564535121152
0.632986912327818 0.00509284995790727
-0.561148673589283 -0.498461689086034
-1.26719037963943 -0.561135008684006
0.468255307705858 0.00699028765518649
1.05167053597498 0.228515776590821
0.585505663409212 0.0505137037478087
-0.287263960574662 -0.395213223093077
-0.0554719375340297 -0.168278852397843
1.80046864041155 0.539832390473199
0.197467935701281 -0.221446658497766
-0.497407142883054 -0.0755698107130419
-1.24806716974657 -0.337946024510093
0.635497574041635 0.165149172139762
-0.840792600865072 -0.487500855526055
1.9530750525728 0.671905133647902
1.41098928332032 0.11798102596284
0.639299952881018 0.0654914005378012
1.98913307102231 0.270625529238485
-0.0720153112414767 -0.319692265496045
-0.926944539985309 -0.597292148637897
-0.773791099889745 -0.063916200181988
-1.41386780954042 -0.691328556075117
2.0497609234698 0.672562620673388
-0.271852681917132 -0.0667836626127098
-3.23083031513449 -0.548204047648781
1.54656026130001 0.536594241850039
-2.37611700062226 -0.164221190266876
0.751354531229999 0.20189270352618
-0.153968536529755 -0.0759567518781195
-0.320148509443399 -0.534756148598734
0.773267874217941 0.317459327859021
-1.03524700755586 -0.225951384503146
-0.0459403836196273 -0.0863051436053313
0.550063237605096 0.0760830759944563
1.04849425777665 0.419525300764426
0.127548465386756 -0.0246603658062352
0.421530321657795 -0.0212091826264932
0.837489212554953 0.0447288973693954
0.71572841727745 0.0703473505709692
-0.117321387968368 -0.428222286669662
-0.541946225406475 -0.430272991519992
0.7814482701677 0.165991649573483
1.76063933373278 0.45189557434023
-0.326214430818579 -0.530388782293835
1.44580622264687 0.564368334003962
0.593716653384631 0.134211706409569
2.76903503685924 0.632998516170804
2.85276877293412 0.0510824594486158
-0.231057724919759 -0.385433844780442
1.03605690037917 0.0846793901425298
-1.88678294818194 -0.45394835534605
1.14512531139983 0.0317706322076295
-0.460743269410727 -0.0188547905486465
-0.568559773996193 -0.424727272844501
-1.65106861014456 -0.568424260042927
-1.2786485309279 -0.148837581816366
-2.40212357669871 -0.376355359453357
-0.397099996334629 -0.522135132875596
0.00699180850283768 -0.151959900332053
0.331128501825242 -0.0911200701321809
-0.31961311980422 -0.119929058682889
0.433994451827205 -0.00742078193845067
-1.02208744601914 -0.327544004765758
-0.551664326924908 -0.43043092488165
-2.74122874971356 -0.329466377645903
0.676599667215245 0.226802647989557
1.51804197579531 0.0270733371941467
-1.93352580435577 -0.757335648308756
-1.47265290675289 -0.240258690999568
0.265958865082156 -0.0520029365518818
-0.434525792269862 -0.548180782302411
0.369266357437681 -0.104909497338803
0.149858371565891 -0.234689005937081
-0.732498794277843 -0.0166235478810643
1.61474074977384 0.416659835871597
-0.872384975918728 -0.528135258170269
-0.907724511500873 -0.478528514806943
0.812209915408694 0.316957530438826
0.385955357037834 -0.0398515165333067
0.193062539591835 -0.220197914425276
0.0649239237274188 -0.151923244739067
-1.42830535500339 -0.0421872320845983
0.573070691446181 0.0340582226096892
-0.176297513764012 -0.12315228829266
1.63571018255941 0.389698280366062
-1.55938825643853 -0.060467504449934
-2.20167749388687 -0.0107932766079005
-1.80954968718915 -0.692265808445965
-0.16314528518235 -0.00909917367518844
-1.08330799153929 -0.380400781126369
1.21495519290602 0.458847772769725
1.17954267229166 0.0276599977084686
0.762156391063238 0.0793696119245719
1.57427594307582 0.0164347475454282
0.648754507419187 0.138336766446359
-2.17295687477991 -0.397523066612079
-0.984297070897045 -0.696613705849864
0.863302410553512 0.243759580750652
1.31902263932517 0.503277798454746
1.15673853017372 0.498511034927257
0.221448538332365 -0.257378315231205
-1.38070727619217 -0.173648057030068
0.174365092700124 -0.207313336609677
-1.14462821508943 -0.288330795684144
1.24653343170826 0.213592386922425
0.449846672186778 -0.0111094730959525
0.0318571110171592 -0.136908021041435
-0.415543766184826 -0.271986189650454
-1.45041728869495 -0.304651255651097
0.647555683541769 0.176625745410779
0.696289189427082 0.0549214417467633
2.34826221977849 0.165256399621087
-0.663669493720128 -0.58028048954412
2.28029011232315 0.117021313355243
-0.870220064651413 -0.476010254641629
1.29239040102265 0.412157830929376
-0.163436374845181 -0.274968594347291
-2.12893943187534 -0.528045758692822
-0.950904743446646 -0.0790869444531586
-1.22833210483568 -0.158586894812776
-0.632813717852942 -0.444431968070347
0.871329340966113 0.0847579613298633
-1.99356262834494 -0.484038287181498
1.9494561786491 0.578966007313392
-0.301936285600388 -0.197708546320588
1.85631048151971 0.0646540976640436
-1.98360612944092 -0.429084653860922
-2.40538413969809 -0.595770610248368
-0.647293362601693 -0.165388154425048
0.929554938622291 0.401640338353078
0.751013440459335 0.112932902040178
-0.306056525622821 -0.30587534138353
2.26685833304604 0.216251052230637
2.77538518073599 0.0692736892779506
-0.578293737307851 -0.429151822659322
-0.984037069477538 -0.687715339150268
3.18512456631917 0.670669968811508
-1.27621650567634 -0.690068594400912
-2.56327342323339 -0.216680301477729
-1.67972205154439 -0.479545938045991
1.35290116456801 0.413539664852193
-1.11217697131073 -0.0596401370996694
-1.7232137848884 -0.392266461300036
0.78361474960789 0.187000629843268
0.878144975421986 0.289548405525039
-1.04172266311645 -0.05917697574636
-0.0133179774105422 -0.163078177810616
-0.633820867840149 -0.0313587951939659
-2.57192281573907 -0.18852524959519
1.18281147779251 0.469670026743368
-0.670324951329571 -0.484966252902888
0.606565612514015 0.135737250024548
-0.409603760702961 -0.152427418188673
-2.3411027408385 -0.0833765758116177
-1.28343089064653 -0.734107153367916
1.42586889806261 0.368320716846275
-0.51513907363145 -0.534540984532609
0.130345342548432 -0.167478247370053
0.859188110739767 0.235096286678358
-0.525593026766236 -0.296750659188282
-1.16543265553273 -0.216145202431858
0.258532731871321 -0.193521950612249
-0.407448532786261 -0.531364614391674
0.462319273144014 0.00256362393572255
-1.19931516837433 -0.640606412982061
-1.04279438239153 -0.298560309989853
-0.786908905077349 -0.358544955949606
-0.106532128653804 -0.440188894497751
0.589945979346669 0.0522835308735359
1.93984231228986 0.52922249138757
-0.0915696770337283 -0.0251299126470974
0.369173990682411 -0.0657634122137135
1.08356672780359 0.323639528341397
0.771515892062729 0.251118599304335
-0.876436394416954 -0.20335530389197
1.98029375686951 0.250554618880642
0.944336291104375 0.0509616500832427
1.04480385457239 0.156972928056186
-0.201440787725647 -0.276952347878779
-3.32085961014414 -0.129923973893369
0.272031320588529 -0.126603699714217
1.62980431362099 0.110316037002217
0.433612283405453 -0.0247758392516732
1.02632643221707 0.366644730006398
-1.48092454960332 -0.216580996278605
-0.174243476867887 -0.105985337467594
2.02021216520737 0.405148662651858
-0.639858423105487 -0.423855015749173
-1.96964442297643 -0.606497178611518
1.75183812870417 0.651779380021927
0.326370431652075 -0.0587051697633289
2.26488918768083 0.559952097852082
1.85530296696396 0.690724817373797
-1.46126199380984 -0.349839054458861
-2.18258647816296 -0.420083155772526
-0.0850564728219964 -0.342406540879604
0.453007042693704 -0.00595475472384492
-0.658605667230519 -0.284958825410809
-2.33219439199072 -0.263893354129689
-0.520030630530952 -0.357679146013706
-1.79755606065467 -0.54285915953678
1.30287400803599 0.213345485627878
-0.220276188529548 -0.178180082225312
-0.219789759743689 -0.452053395670457
-0.426616957015867 -0.579301279137663
0.898878351673167 0.0232314033720542
-1.33478850716928 -0.544408821949172
0.408481065393084 -0.00975215847816628
-0.559123953978558 -0.265292370883337
-0.935478682736508 -0.508226193404207
-0.830961579404991 -0.292623676195701
-2.15756194395573 -0.659661513032508
-0.0113329463944486 -0.276389359312315
0.430454767336698 -0.0296220969550942
-1.47958496582153 -0.588265350402231
-2.13751320878227 -0.366186984423303
1.39869105238484 0.517678379747778
2.78445326185187 0.17577772210621
-0.348746786045313 -0.435819160332404
-2.59106900794721 -0.706790101304557
0.0989999973307658 -0.142180194941597
1.15879928367546 0.355769438062563
-2.03894100267572 -0.40442327585168
0.40825801322927 -0.0468480381377404
-0.869315646825613 -0.293711537831519
-0.171655961775993 -0.0295753901737472
-1.29326384791711 -0.584512516912566
-0.59608311147945 -0.576170710526956
-1.04837472924687 -0.457064019056419
