-0.508491158495689 0.0155210575649191
-0.646178344885954 0.0302656715935027
1.29813024943329 -0.480770505547389
0.0648969939656842 -0.293193141541758
0.147709715240717 -0.384075427433878
-0.582426515146036 0.0332322949142368
-0.559594530121876 0.00845043504942659
1.91642232828967 -0.387391408099694
-0.656233299092819 0.0973576969363726
0.00962821719350389 -0.306253504176833
-2.35373762002372 0.589155050907619
0.943148952394247 -0.515204065011511
0.135499765043345 -0.279098905816224
-0.110839193748029 -0.0372291954279617
-0.0199313439945546 -0.138238326406385
2.87927727558108 -0.805645020764817
-0.311431639949345 -0.114956981325015
-2.42364147573806 0.48347894150507
-1.9979244437099 0.12672826800001
-0.723381820975406 0.000342198769667248
0.598002048125283 -0.209895070322919
-0.338131925408299 -0.0673800268174042
-1.1129264198488 0.0855519331501956
0.894416700308686 -0.477061142745285
-0.42124913121154 -0.0563802289447919
0.50754777021486 -0.201143852030182
0.658178303320656 -0.187499621800449
-0.784027458994676 0.11369726207937
-2.31465948259459 0.238972371237954
-0.00761617841459662 -0.144904863075615
0.259395918860711 -0.312824746762417
1.25676605473509 -0.535767124136497
-1.98240930858765 0.021145137293191
-0.0419542631077338 -0.0390696427254622
0.155463990983224 -0.175560281716706
0.76882053550299 -0.315224118633689
0.594848662565267 -0.52526665122201
0.537454431699646 -0.176309788489744
-0.522478896599635 0.0102740073234931
0.247277643289077 -0.139419222615008
-0.0833359185041147 -0.166575702950029
1.41641212915353 -0.580813557890598
-0.140664606031775 -0.0303803534876232
0.710217994876676 -0.446833838917146
-1.22623895981416 0.331750581540199
-0.149918999620368 -0.135804217394932
2.59787776132067 -0.321895727480143
1.80122416855941 -0.107625009943896
-1.49924222669249 0.180996937368188
0.694411768886261 -0.240409009600836
0.793317464917565 -0.491601643067123
0.932861208582185 -0.201058189833611
1.87142301979529 -0.368828634145419
-0.0251253576821299 -0.155878190122916
0.141928667292448 -0.0647817894434734
1.75490283417541 -0.536780549958028
-0.394880483061363 -0.0268131638048166
1.60124822122772 -0.350710652821297
-1.44030360808559 0.410818883720164
0.457047846700523 -0.437048833379757
0.176587929065367 -0.0870050183151794
-2.69666986363606 0.564923745319843
-0.697547876835055 0.129998509077806
0.624117493831123 -0.238566597660873
-0.745159768994519 0.193833321532824
2.0324887809141 -0.682974816229267
-0.0105161225941666 -0.337526689412738
0.401555968523434 -0.408328968813728
-1.0577425746204 0.266660816727506
0.526796186291328 -0.446156781719192
-1.79641855775396 0.0620210144341137
0.700235236225618 -0.464567856021838
-0.0461522912418053 -0.066796714695412
-2.75738494930641 0.0808271079678465
3.69536898556999 -0.679745040935283
-0.0141359044177601 -0.222864750721312
1.39843669293855 -0.535461091729546
-0.0134053167274136 -0.16752081535114
-0.513873281543181 0.0165992565597256
-1.839279618392 0.242426687708435
1.24412044496169 -0.473877901206838
0.24123565569951 -0.0443780769025566
0.356323513898904 -0.438622188831321
0.687678517153484 -0.431421335358272
1.86123211512528 -0.744933470642455
1.25614073405177 -0.694961625773656
-0.0988466588577346 -0.175081583188641
-1.73568015508276 0.205028797737391
0.258706617163936 -0.40262207743763
-0.87808472629816 0.167008909014995
-1.92955037521345 0.0120081866369168
1.97802000763382 -0.401172529702027
0.0911259832281687 -0.0422918563235797
1.40232196336607 -0.476152803725485
-1.00783907706709 0.247702714377989
0.625932361837844 -0.178002037891759
-1.0518038576419 0.225930882713687
1.5688564932943 -0.0853216248950802
-0.335890471770897 -0.0530326490857444
-0.796394269466646 0.146072071262122
-2.22706719220901 0.442490175205173
-0.236937101914918 -0.0937967816970576
-1.05931865416852 0.0584975259270976
-0.251389326475936 -0.045028585522945
-0.356557924120002 -0.0696669041505881
1.90369054095798 -0.570609226931123
0.408739895236667 -0.0520609055878562
-2.22463043338378 0.407423097137078
0.919947141700841 -0.641737031777147
-0.710875077368646 0.10688067094041
0.736642285768957 -0.362695351843857
-0.140546716665237 -0.150354507356333
-0.0309157499716298 -0.174043704678249
0.488865275719831 -0.111340267246307
0.35196317599233 -0.357858835598169
1.08062417292768 -0.0688656395146437
0.793753950340133 -0.538890540974757
-0.189237517531104 -0.125759426894006
-1.95029480869915 0.653694004637386
-1.99478953485953 0.119815119221384
1.3084316904583 -0.187918347542971
-0.296882784819851 -0.124494565897322
-1.80066629459766 0.358248840608812
-0.866234696949674 0.0780517417812895
-0.36476098517783 -0.0405044327811321
-1.1194404285849 0.400812397357151
-0.59330067914918 0.0923301345906595
0.145987253610177 -0.0836949152531687
0.212068344567074 -0.137465618045256
-0.78801557813513 0.0467966899471924
-0.40738805153194 -0.0593458608909136
0.0434290265237106 -0.348547410406212
2.4659389138724 -0.590530440999994
-2.15402958168778 0.513134671516739
-0.547634481008563 0.0181686761655018
-0.883636330169168 0.0860647564690315
-0.0768792263252889 -0.169621875517886
1.19636664097604 -0.679218064036048
-1.82166432082368 0.331228316480837
0.0716329994975515 -0.0694390478856958
-0.889913243538167 0.189253914379992
-0.0979105102874769 -0.205245636831831
1.93084447620917 -0.115361894814854
-1.03638882052817 0.231990402192973
1.1295700787607 -0.218511552035373
1.67438000915435 -0.412371993320312
1.24049560643318 -0.503189271063159
-1.22567966322988 0.456232968095872
1.06483097477708 -0.0344813596517426
-1.30001781522396 0.251247870407246
0.416041243911267 -0.0298628416096059
0.438354477129985 -0.111359722347606
0.0931261059673573 -0.291991158211752
0.399130801236103 -0.412104940618108
-0.893743153178058 0.0246471599769605
-0.7374196927287 0.110069364676169
-0.230878174919624 -0.154565748792469
0.812489878861305 -0.403463919456049
2.38873092056779 -0.417272961382621
0.27121063484831 -0.466837667887813
-0.669060553751205 0.00132941902112549
0.232674396671727 -0.123056651961371
0.356813365424999 -0.0928997448151183
1.3051747813711 -0.638318286654144
-0.466968991955322 -0.00513144264220508
-2.87385295088575 0.586044181343159
-0.372210995758829 -0.000930663015243932
0.694567946682981 -0.141034626914783
-1.74329234734346 0.416831472224217
2.41415481778139 -0.283498781798091
-0.2486326765561 -0.180628903486575
1.09765628695331 -0.532235612550367
-1.27582016254739 0.167441256749564
-1.90868325835378 0.0225440317540258
-0.50495930005057 0.0155868751870521
0.742873555994585 -0.101994090843746
1.97851632952634 -0.458718351460912
0.086735744850459 -0.0814613330390998
-0.7541642004113 0.177065022504249
-0.13527765338664 -0.0367674315357574
1.33997644658419 -0.420048726536389
-1.00632717696877 0.227205576887402
0.450963968404362 -0.388378241900375
0.368095661435203 -0.445391299103532
0.857342621200067 -0.573806488407781
1.31863107857884 -0.679005353112605
-0.321170691129378 -0.0221906633352365
-0.397030150882158 -0.0781508169991575
1.25259623448728 -0.277957553630192
1.58993060329546 -0.0764464531861929
-0.374018801352006 -0.0626282927263882
0.755391710955122 -0.562840286383842
0.310238413667291 -0.0888001610578745
-0.74438369777667 0.00171058747377497
-0.100518707499829 -0.070535951227198
0.481811934939771 -0.274165062286559
-0.664627921243328 0.145106961573336
-0.280047226620836 -0.0837448498448121
0.142195132152018 -0.277244309420035
1.32519525947849 -0.544235539438355
0.506277671551922 -0.0769313205632702
-2.36569836678265 0.585607590499995
0.417659006563237 -0.378683106448598
-1.08268513382387 0.069375530522126
2.24761664515782 -0.716927209111282
0.420667705116331 -0.323398880968302
-0.238389865924737 -0.0793115119589057
-0.852141348567218 0.107494943417066
0.768984699478536 -0.0628387918052234
0.109115994157781 -0.126598246201342
0.105287195391984 -0.330058900407678
-2.05299967870983 0.199262585333974
1.75201393535425 -0.204769864683422
-0.166732598873333 -0.104566740976282
-0.792858384403591 0.0583729621006057
-0.487962529886438 -0.0003169143256668
-0.979388447349931 0.0927658816119955
-2.00918188451026 0.073412288420677
-0.652274005320964 0.0186853029865854
0.242394933226073 -0.0891018301293667
-3.68660291637227 0.142202425492083
1.96659767060172 -0.565481186011477
2.40224185979943 -0.420263692820197
-2.26226761593865 0.369687401579466
0.0676051097717881 -0.306253757328642
-0.33781357788052 -0.120402038618312
0.18148430795605 -0.249365241337716
-0.75007453155166 0.0405558694718924
2.47149375580644 -0.565759102883017
1.08294924460208 -0.255399613754551
0.557889753344127 -0.460166020638621
-0.929497548039264 0.0499348816404803
-0.00269910602310845 -0.220355982260046
0.807647886753781 -0.569282573769368
-0.397382903258597 -0.061785949088633
0.355483938113368 -0.00496172665852997
2.59416357136888 -0.377348858600111
-0.61598630104761 0.0434195609020655
-0.549768416273123 0.00971219789811588
1.37829988406198 -0.28583065965284
0.822847617087337 -0.550203615027128
-0.992708185796098 0.0774989616235669
-1.14122154038616 0.375706428914456
2.44988853262135 -0.548452380314418
1.22654215386705 -0.170777174036575
0.427767822573985 -0.309543466562797
1.73850540208919 -0.0726396243940427
0.861793440871169 -0.444477905734833
0.974510116341239 -0.264806457673381
1.34905906601303 -0.222779504133069
-0.256812992531411 -0.187836813494849
1.1451577401499 -0.170142808061882
0.655107196947512 -0.222978486139175
-0.632797658718337 0.108732611657995
-1.71594597152183 0.105858042503842
0.746341016326004 -0.032339688943628
-0.186053575964993 -0.234784994530917
-3.79650018049701 0.545485115650714
-0.0866811979468134 -0.00771284490624495
-1.45971390367856 0.286446484615525
-1.31588855469141 0.129588376652511
0.050096769188093 -0.158697433312514
-0.209159742148567 -0.107385886347444
0.253372025540651 -0.32127013700431
0.136116970761497 -0.268249550428378
0.885817739404771 -0.549016747329794
-0.971952467307155 0.0872920485073338
-1.88101000054431 0.0881882542906801
0.158008128664863 -0.0419417348162744
1.44986676383229 -0.483506620233674
-2.44079558448365 0.392236092427831
-1.02524265093198 0.349812729945439
0.232196304865909 -0.320395207843284
0.47041287952908 -0.195464194542611
0.517256461816236 -0.421675962027907
0.553927227434351 -0.368680410560112
-1.66855197815309 0.474747106939613
-0.989342103079918 0.0628644486038503
-0.355434486973422 -0.0328148060838748
-0.870728375824046 0.0674772906402093
-1.80848917379421 0.298581303489427
0.278338584073877 -0.0601195719688868
2.07991487730477 -0.42306552587102
0.5564723586473 -0.457814903024431
-3.45774978815972 0.465951459934608
1.23831882241615 -0.614853573884324
1.93033161890553 -0.240808784262734
0.144157790820134 -0.0885845231335706
0.546413258762689 -0.472830310654179
0.269647077898376 -0.392312971323576
-1.62943308756754 0.560801514237841
0.925663169801905 -0.489125410797482
-0.304218014740943 -0.0266299076977894
-2.24445204857326 0.0930840853970889
-1.23814592869456 0.189587007588743
-1.3533767434466 0.428400832183293
0.478795329088242 -0.51324270961282
-1.09046315506477 0.0770413928244564
-0.563407855898635 0.0059448538586979
0.0929472082173411 -0.229226804692349
0.181286772247473 -0.0171368206604004
0.678953856030417 -0.129791646969385
1.95506194772211 -0.36656054169641
0.086716970020983 -0.390563224715877
-0.892046467418625 0.234890868386136
-1.39315366145875 0.0169451120892715
-1.57696580723362 0.112554431715158
2.24797618914558 -0.265823127024452
-1.52518024176614 0.469687502279917
-1.55972378554891 0.0994281964898457
0.612039232596233 -0.476578681047504
0.628896664800294 -0.323530763339683
-0.952184848878294 0.0855395398413807
-0.904713862335935 0.297523902248476
-2.01208252992377 0.0777521063504541
0.903184970826357 -0.104756300537067
-0.066813653765161 -0.206537582701339
-1.72188350164372 0.395764480585914
-0.672010497054435 0.109058882810456
1.74747636113369 -0.551150247791273
0.588198628226593 -0.449954865919313
-0.676161985829114 0.0503535200705404
1.13910051387825 -0.491662616051886
0.111804353449465 -0.191449151623879
-0.61797281522056 0.0442253393623054
0.848677101145767 -0.124991587453892
1.1306241858815 -0.0543960372956714
-3.98584908100881 0.473196735271213
1.63994751190832 -0.233121848211701
0.964848615606603 -0.628613795286858
0.00976122073008894 -0.297647040256636
-0.182735298124278 -0.03124870378581
-0.919902070907242 0.260780159193786
1.21857343286765 -0.265997717393943
1.07295490627701 -0.0623186638860866
-1.45593402557698 0.511462244482319
2.42004857639455 -0.699314924587175
0.401610735110382 -0.351262183387428
-0.589581076225419 0.0345958991031384
-0.0722754289702272 -0.222250870935026
2.30270493222968 -0.141117886269122
0.11128578514361 -0.200220439746553
-0.601043320217202 0.0798763717024568
1.68042565719555 -0.571831386186488
-0.573285483265889 0.0542350820738995
0.234736307075029 -0.356199971589426
-0.920733788064806 0.180800955633801
2.9098116554708 -0.71015964958665
-2.35445503213475 0.48636630875916
2.3219438115817 -0.0288877316452863
0.280445551886206 -0.0309329783515691
-2.09142843672153 0.202126741747146
1.41717398386047 -0.709601115546613
0.670630740254973 -0.0767957859896505
0.176766966571665 -0.215516628384763
-1.10675705183857 0.387538519411505
1.12885485614793 -0.161600786244399
-1.02806696120681 0.167798844258385
2.18103388114104 -0.726213360148248
-0.434484908104919 -0.037843969792864
-0.361070831465245 -0.0685380520125524
-0.997906143822062 0.346125716808999
0.639223098515023 -0.528269008150961
0.865181314746208 -0.335239168172954
-0.45299258289234 -0.0187000768542154
-0.170329077012129 -0.12901979599899
1.75219596270021 -0.137201779144777
-1.69079565804727 0.038219848406324
0.30930486581677 -0.244197687068962
0.40230234520954 -0.00769444642008522
-1.5552262300156 0.239440062459462
1.34298602242811 -0.531172094093406
-2.82203114953592 0.753304435418114
0.404009244418664 -0.178242753880804
-1.27637154271749 0.306855159827632
-0.326579187364803 -0.121946301261643
1.34323812685514 -0.324860563214128
1.3860349226397 -0.732946669509184
-1.02214849898586 0.125104034538897
1.97051051788458 -0.774434693756908
-0.446335441858766 -0.00256893746666215
0.98434317341824 -0.515459655071671
0.419466351837404 -0.0506563561465714
0.264980493563973 -0.122583499965158
3.09398617861184 -0.151067882780508
0.135836403041281 -0.129507622515011
2.52061477086571 -0.163244770636019
-0.117162329308675 -0.129366932750125
1.64521410190857 -0.141076521689996
-0.476883024005034 -0.00767541207209809
-1.65884096298466 0.576849825946879
0.235002149178758 -0.176069505770162
1.72868939567711 -0.290968392136314
-1.38926468019447 0.411993221350685
-1.31808842696406 0.370479043986374
1.12681111830022 -0.290777889186318
-0.206225354170996 -0.149488694900176
-1.78161641425667 0.31221778507538
-0.140018902961145 -0.191019603513549
1.32723552537657 -0.427458401594665
0.634103312043922 -0.17081231975109
-0.217717396899549 -0.146506488401591
0.349863559348017 -0.391855354286012
0.910727544691666 -0.0478117195270192
-0.00771619510598652 -0.181808816023596
-1.93303086491188 0.154210204497795
3.0699519611179 -0.746716884682572
-0.972658750461979 0.2035799125511
3.45817826582758 -0.397654691303937
0.503471936919326 -0.384446282035222
0.366557436172103 -0.031540824144233
-0.930037882312274 0.177346089483825
1.92766479440568 -0.258281858143452
0.247790877919323 -0.063795040300099
0.100035162791356 -0.10112423872627
0.950041935893676 -0.411043564061478
-0.524749653526404 0.021860480838215
-0.920508203274708 0.288153898966486
-2.46929149141938 0.165777542690823
0.476709336386075 -0.514853285822816
-1.11294980398948 0.41111735482974
0.576732813541162 -0.311967111756139
-0.40621728368956 -0.0107744094334646
0.320678367247524 -0.00763582076285664
-0.893175670932753 0.180709997067478
0.732807989605388 -0.0868464624126512
-1.3049611448644 0.243531500226837
0.727418223463543 -0.0800743543310306
-1.76995114259363 0.605378023930314
1.07131037266083 -0.104572641932126
0.52577782956335 -0.132615051505572
-0.742074599002859 0.190509000424214
0.0816066054455281 -0.287277570040669
-1.20743089454413 0.0859010473694416
-1.23774162584066 0.303341654943852
1.84783348377358 -0.166735662633213
0.613870301098466 -0.382915879117032
0.0672979971632673 -0.103162684734386
-0.904634323819461 0.200787505857692
-2.32114802974205 0.280174101021538
-0.0365807613624213 -0.235072226285298
1.92140306162387 -0.359559793693824
0.746151889806571 -0.163356863054435
-0.446924428994543 -0.0060008584546193
0.0330988601841822 -0.247838936906075
-0.859003958859865 0.132277554412167
-0.133480093722183 -0.19280994028572
-0.195388940168061 -0.172547232597623
1.56302747183731 -0.441070371088403
-0.347143316980016 -0.122169298328788
0.190925066261496 -0.125874182218651
0.12969151031287 -0.302727005822089
0.856206997853623 -0.157313969401615
0.987433818156248 -0.27868256709145
0.686389284849628 -0.116879797524392
0.260145447373094 -0.0631259829188386
-0.116516873079016 -0.258475683088438
0.732209483027002 -0.394359133290088
0.366988274592541 -0.417995959960565
0.631279948996593 -0.0387264380070068
-0.835317858425523 0.0353526540526372
-0.0182964209899685 -0.0228085253093144
1.81695380739323 -0.318203595512866
-0.507436104817117 0.00968861746446571
-1.06230795620302 0.0907221629067846
-1.58650365577521 0.228232117408682
-0.982279259477582 0.291503108143313
-0.99735635391714 0.0921331654652296
1.13974066541641 -0.632478123794822
-1.32578840736104 0.114363243478401
1.8968320739827 -0.567867576269114
2.04514238936407 -0.29157890493554
0.96184661230248 -0.622903378893402
-0.911823254376811 0.0759924381656175
0.384322727300547 -0.217034775532035
0.715183135944335 -0.273417374943118
-1.88059252564504 0.00450071667930785
-0.650801207747386 0.127243473504827
-0.507471392084404 0.0123036950914485
-2.99755431025677 0.0714739060415957
0.413929848640309 -0.347297871853232
-0.154208461555226 -0.256695698484109
-0.39695659006779 -0.0747684519572245
0.0313067848961794 -0.352034018171192
-1.91761104027953 0.131537234733611
-1.48048505443477 0.220716524046933
-1.34692886397561 0.195250374102706
0.536636794198498 -0.483152729080163
-2.45960115765477 0.593805938859182
0.901369694739211 -0.125900841984074
1.6399150519096 -0.704330143965799
-0.638854458379477 0.0256534178961781
0.272688678210132 -0.278905195166046
0.0429014940926009 -0.0657721301476605
-0.742413992303574 0.0480894618205001
0.306332184216914 -0.441232863320739
2.00145292624582 -0.58676678149492
-1.25111943024272 0.032655313099101
-1.46368061360249 0.427732469536444
-0.223471296993108 -0.20971142029634
1.35132816926765 -0.182870531759899
-0.963563251270821 0.217620828390995
-0.961596221881271 0.00426117027756933
1.0709612240873 -0.645245165090428
-0.818438827090186 0.235915864967703
0.130869236424861 -0.128521569715014
1.67051807452464 -0.300956969403892
1.63857634952431 -0.612268156390899
-0.495568646852784 0.0019475520429467
0.771949617114592 -0.450319912966894
-0.569711610154284 0.0418645406244358
-0.359826019701292 -0.0281179405171408
1.58993195948387 -0.585914503380029
0.451569403292775 -0.300520382746305
-0.749971630633578 0.00270538323613744
0.650652712229247 -0.187629002063621
-0.724409403191933 0.0842398725310027
-0.0730030987933257 -0.217155606506711
1.20489420159702 -0.604483731473633
-0.0342875944700298 -0.00443514457293071
0.62480152045565 -0.501958585129778
-1.42272211549588 0.188488825543139
-2.54337234387104 0.694888662933294
-0.64319990533036 0.00284174756464883
0.674851195289611 -0.54222541529348
0.419763058151495 -0.519336965011296
1.123591761268 -0.551892035577131
-0.85160711543944 0.109665842906346
0.758203824985544 -0.565817857537342
0.45434639230111 -0.44939524197155
3.28318646468162 -0.658296365672514
-0.292167195808646 -0.0170106543199686
1.94739173233827 -0.0609119128972074
0.397289494556896 -0.0434025816902263
1.4936332557658 -0.321354155953984
-1.19356224327082 0.420745384984671
-1.4886178954438 0.0421064032130309
0.143111939401304 -0.0826510036473041
-0.692512983274197 0.0796593530205954
-1.17323584432077 0.216504829595328
-0.99782449412303 0.230592236465378
0.792343847318359 -0.383091968889482
0.0944246862472642 -0.239254262162731
-2.31510743344808 0.195588610075404
1.30806846018926 -0.331544206627833
0.0700460528110365 -0.162578750134558
-1.48613231683334 0.541395649793382
-0.0334930181591018 -0.139917086306455
-0.521251112119023 0.00944843828781406
-1.18891245884104 0.0753985338504966
3.24719059609846 -0.876654324212603
0.372102593607427 -0.40467466919407
1.54104147698645 -0.636689544837184
-1.49312003906041 0.0917288825853475
0.946768452957401 -0.184350323466875
3.42613165691953 -0.00699593951845905
-2.34434690660296 0.336187953195593
-0.589680903491218 0.0158809888238982
-1.1666645063558 0.392106892284947
0.554945433208959 -0.302897816065618
1.73616597826505 -0.317720873822296
2.52147258000932 -0.718112210131458
0.547796977414177 -0.410640767672225
-0.564679282125431 0.0280944711483602
1.31133362318217 -0.203578012974532
1.64200582101337 -0.626649879489163
-0.868945225562333 0.239330854298702
-0.691562072455645 0.147540914225871
-1.47029086420292 0.386438134868763
3.09613529658596 -0.115206929203114
1.55719080377275 -0.485037987452338
-0.637265498030952 0.0561381372406264
-0.742436568915202 0.167859623950747
-0.453224743047107 -0.0216531981169266
1.48099108912302 -0.410356650640411
1.66090071978674 -0.123032152613312
2.11339837150831 -0.256835107859142
-0.78053355300707 0.125770919167214
2.33158325399119 -0.617557385695099
-2.50703508293832 0.405847350399416
0.874866812354539 -0.265691220133436
-1.63161192920844 0.528598132452887
-0.547097403946221 0.0294547140117493
-1.23363322057039 0.156675043588453
-1.86016663795845 0.347124581988521
1.86442583158457 -0.353461871220222
1.53193140244126 -0.559966230984943
-0.346548258788613 -0.102751609041329
-1.97338988865887 0.256650108999259
-0.853555257360304 0.136788427648178
0.20096734204031 -0.123035798288782
0.426896215424886 -0.0976868181451671
-1.00405554126043 0.242774564431526
-0.747204117642988 0.161537531630837
2.18886937511121 -0.145017476472728
0.741196430138055 -0.603652317105812
-1.50838846154247 0.0369968565096563
-0.741475565895537 0.167041340523147
-0.643880513930838 0.113611162315312
-0.0905300989724555 -0.215711316631431
-0.562445041640629 0.017378805853822
1.37119140311035 -0.361090202461161
-0.651795734228121 0.0553367617649719
0.964155778087942 -0.49645748524961
-3.28030988947322 0.536037449376614
0.534090403306323 -0.19953151852275
1.76766355277881 -0.309280142807016
2.72520755304273 -0.49213784706429
1.49525808490106 -0.262383950107893
-2.36064715917083 0.584629379321571
0.0950384224982336 -0.251320165905412
-1.52655520185543 0.290647734046344
1.97351704106816 -0.111248196147317
-1.23392661565813 0.0901256553689103
0.762714867632763 -0.517538902389693
0.0746983974980191 -0.222710534657923
-2.72587700314845 0.692020977812465
1.07350256749653 -0.502558695416899
-1.7851940059464 0.482384452649973
0.986860940544178 -0.0469842752230535
0.465719195916108 -0.347285146571287
0.345153973476477 -0.407941254587893
4.82411077925597 -0.757292328513218
-1.56924138879672 0.174152208541145
-0.616760228596604 0.0711302003768545
-0.0172920291631026 -0.130359814514018
-2.16293968105559 0.663492254943682
-0.220749331749055 -0.157276465494812
-0.0864816867169126 -0.285197550698916
0.406295173521394 -0.015371091167692
-0.0315479195831893 -0.150887474065734
0.303685777710044 -0.0891030629750876
-1.16462704245168 0.167701200288042
-0.234554147305666 -0.0742264315713455
-0.349568014879712 -0.0990249201860653
-0.00804115878253005 -0.0554539450772368
2.31034737498716 -0.323474171947647
-2.1515528778538 0.134982369646633
-0.873759388883489 0.0367952658682539
1.19137816767134 -0.435670875399727
-1.61395912787164 0.287394065061768
-1.9878252446222 0.614068042389015
0.356842631801778 -0.461582158580384
0.0242017793979711 -0.0572668471338568
0.163156210440667 -0.169974703511139
1.79054771670943 -0.343059213026325
-0.723678049468098 0.16839610800812
-1.83589214486913 0.438317741335665
-0.0240367581984657 -0.0239927352652662
-0.52660828649729 0.0143789622462307
0.334204073126277 -0.172991337326939
-1.00507252598933 0.198170095185652
-0.0369099578427524 -0.177686375188279
-0.332768786182759 -0.110612242622209
1.85804878730418 -0.37902470996532
1.16821001370374 -0.457307023415717
-2.75714322699315 0.742094859141265
-0.867587640512848 0.275828705046912
-0.683090391590052 0.100688334823034
-0.157377292284965 -0.0412119342524247
1.63539050062318 -0.30676354652158
0.669064338502843 -0.406912645058893
1.19781412656584 -0.665372286203835
-1.42259981086888 0.438040506878267
-1.07622165694908 0.15981253557108
-0.236078897021592 -0.169235643849364
-0.692672843647551 0.0680290568456015
0.0301194955062123 -0.0909801767612437
1.60740451288564 -0.299239130817033
-0.420737182050564 -0.0465334011771463
0.138594713842847 -0.229268299869573
0.72964499794042 -0.244097400736147
1.13765293090739 -0.406581331725971
-1.35454045806438 0.209009932606372
0.547387603445364 -0.0589316045310621
2.30114056178806 -0.363605980387768
-0.155777592107178 -0.0513779708085162
-0.123480677552646 -0.0262960997315836
0.470200327943147 -0.0231564724710563
-1.23773443032013 0.0318720766022046
1.29089959556864 -0.0275319814847038
0.453389880007418 -0.00704306855146808
-2.22863752447012 0.358279603535251
0.55011175080449 -0.274908415130384
0.500937574920016 -0.159248570362284
-0.532936593507162 0.0304846203380839
-0.897776730606768 0.299662174195242
1.72937615118581 -0.530326900551104
-0.702854145915188 0.0488384193473052
-0.0607124183824539 -0.299952701346201
-1.90075704768866 0.37581857508558
-1.12909834246372 0.0752393582045447
0.217335208294466 -0.365370774148046
1.39567318598108 -0.459036704586485
-0.131092708617748 -0.203926137607313
0.550396832652579 -0.371187323349261
-0.016239984367235 -0.129360019481166
-0.166483512165974 -0.0617222069511663
-0.690840415326407 0.0287516184399489
1.54141823046658 -0.276258872651908
-1.25155760836277 0.347845388848073
0.482651452971077 -0.178361532562888
0.145441555890344 -0.346714011662407
-0.746960925636708 0.115025150951982
1.20646015571197 -0.139606654459806
-1.76080180025014 0.571201950194895
-0.0825918579399607 -0.180879038579704
1.86119871812329 -0.188667282901172
1.00501162330312 -0.465573421821697
3.35308662359472 -0.25147350332399
-0.444430732616542 -0.0216389788804566
1.42106776992265 -0.227763932564477
2.3239132852339 -0.323612064659963
-1.80777292516894 0.571178208326068
-1.1838619471253 0.345322576065235
-0.724213011979949 0.0532804604861912
1.33560617934301 -0.475927207759089
-2.51117369166447 0.212788397255655
-1.6491909532042 0.467065584555478
-0.755986380136976 0.000479653565142774
-1.20512997569831 0.293420806406799
-1.26973837646105 0.410149213986015
0.912648119552805 -0.0283243057922214
-1.59593136567922 0.237998176614707
-2.09890600414286 0.443435997590959
2.86517328060101 -0.22452263608284
2.03686440329395 -0.215014463033136
-1.04794705307022 0.270181112264226
-1.0111389954868 0.292294604066381
-0.517127539359974 0.00859140853694596
-0.0931653289738554 -0.205719911695921
-0.124450504017371 -0.186899467510764
0.154362329939722 -0.130567609046434
0.265858872743085 -0.105663524637026
1.48170835712429 -0.0526324146396928
-2.69412586888458 0.31937622538128
-2.5150877713773 0.391253306320255
-0.49934362963355 0.00741100794653325
-2.37722082265512 0.595896274095167
-2.17402650345804 0.399334821258833
-0.455639616717581 -0.00274098268396714
0.10063739009791 -0.346881568698305
0.0621018649703333 -0.0349115435848217
0.0349024916185221 -0.237258923440149
0.762738531593116 -0.11752595155059
0.56527459732063 -0.0205805893374976
-0.614991880251182 0.0504750874406199
1.89277965236109 -0.24140399707496
-0.582212749108974 0.0714463522249692
-0.508379414021806 0.015846505124652
0.477882011079402 -0.243269057026626
0.0572943418204728 -0.191330700983069
0.226526386172239 -0.430844438872614
0.488707893465588 -0.16441540994665
-0.565785690316035 0.0381304210250532
0.563677692364285 -0.564177073249326
-3.1224379766332 0.0199754543294178
-0.4895767580962 0.000291974989720245
1.43483342425167 -0.411558102092921
-1.26978655334752 0.0636416730946886
1.5807510101861 -0.0846553812893935
0.574857450919098 -0.429820568775528
1.63279103601737 -0.229025442360738
0.814993942775454 -0.0313971458268398
-0.698933157912759 0.105030905323903
0.25531617991358 -0.000406030840244548
0.190108025389105 -0.0179021042908954
0.199167811392739 -0.313445409168111
0.394945293174691 -0.464977619588911
1.27662252863298 -0.285327758641929
-0.719866697221533 0.130640119333421
0.677752202747994 -0.159993389027393
1.66681568513281 -0.606410157399433
-0.272296224313253 -0.142541115205626
0.550312005359896 -0.432124885874401
-0.843860746637701 0.240687258202524
-0.186235532624001 -0.114278062814637
1.07373378762948 -0.284230267913579
-0.315271659383288 -0.0894185011578365
-0.697374411936544 0.161325258105671
-0.52054250978634 0.00355731681344537
-0.832175668621635 0.246996164762437
2.59058699479021 -0.61959554029012
-1.39103004120336 0.174288791100137
-0.846229491233803 0.212595800897265
0.224221579631003 -0.400390382054733
0.45489079799993 -0.215505216062987
-0.992686441350961 0.198837771635628
-0.773882425493865 0.20002807311723
-2.41570910866987 0.0881909552626317
2.77882736017418 -0.550909848701748
0.808820260675482 -0.160823580986354
-0.669188333527803 0.101486980305443
0.971221181958776 -0.51245066852607
1.89579722776093 -0.148859959946932
-0.576983011016934 0.0678248773214326
-0.923451036810444 0.143520955540196
0.126525420791473 -0.305756945254031
-0.432036631840099 -0.00214037547455518
-2.46224480064697 0.432208583105801
0.108345164091009 -0.0333654639450984
-3.38100087218478 0.755499768372499
0.294277533730069 -0.313488475749107
-0.961017831159541 0.0622500204139928
-2.85297896804535 0.228514679045629
1.82273056042614 -0.359098684652188
0.181343464569094 -0.0499829762968791
-0.729579691530616 0.183880757275564
-0.183614965141788 -0.0128970961947315
0.206995853246313 -0.0320739643469345
-0.308218971841736 -0.07444047447004
-1.21215268090917 0.342498361852434
-0.924913914161065 0.0169025520374968
-2.03919837308453 0.106427882909639
-2.55039363809085 0.68162960496974
0.941226128112327 -0.341956509465141
-0.325171476627692 -0.142073408485268
-0.288410518750805 -0.146357589850104
0.700977230688621 -0.133798102603683
-1.30152125796674 0.106064993239958
0.19617156912192 -0.149085283512163
0.0587017826602174 -0.0733944805987936
0.326228351163757 -0.183329361117082
-0.93367495418703 0.0152821377241986
-1.9059315337034 0.176420375289491
-1.14905170430634 0.340615305188746
-0.908332547726299 0.0245377535576309
0.185517549287195 -0.0868906954585158
0.0991082717427153 -0.124819990202236
0.793061732064952 -0.462330211210234
-0.674675618635383 0.115641315691598
-0.829279699500945 0.101505389496197
0.440883878900252 -0.0714409441620554
0.104391680498555 -0.155484477612133
-1.09648750770308 0.361688742074457
0.415846470638843 -0.207967663934024
1.19753871967265 -0.535604954450401
-1.54499782959427 0.41677049108198
-0.342322610418097 -0.0160437257276817
0.169485677669916 -0.0239094630193318
1.87330197298072 -0.440587044350567
1.57258713403984 -0.126479018889303
1.83491198246426 -0.277322295602388
1.61813340682225 -0.659334879389628
1.48122246704822 -0.326977287558699
-0.0419586915835197 -0.216236823412523
-1.52734882029703 0.398753418629903
-0.324214552369824 -0.0607536087238816
0.381969554548051 -0.427549560015894
-1.86620544589077 0.558568059040859
0.812257927207694 -0.464097661792872
-1.07228698259579 0.278374999688852
-1.71270901945752 0.175776327005506
0.256231768667974 -0.306429260170478
-0.905235528771821 0.0822896924952219
2.87134513304587 -0.0672819749356783
1.62456827867317 -0.476011474043889
-2.36506417526977 0.681040683282196
0.1026083277624 -0.02327007665793
1.43174248321017 -0.155444474915609
-0.733329939049817 0.157062086756699
0.819866845286749 -0.338414361010762
2.1682684553506 -0.0623860837349468
-1.88245300855216 0.562960670751712
-1.69229991886868 0.31036512504845
-0.867310727631676 0.0839876809402116
-0.399103840505912 -0.0245596976814816
0.215026939964416 -0.060847716692467
0.766008997772547 -0.274711263022453
-0.324131316273332 -0.0761285398892009
-2.81178140340834 0.441474545637754
0.0331393683181904 -0.239939261157748
2.22985860624818 -0.696358694309365
-2.26312476694507 0.233290092167596
0.409227718384639 -0.171734757898519
-0.557991576012646 0.0199730904619335
-0.381247079794779 -0.0566853156204231
-1.62508368132217 0.0714574578758528
3.14868414189619 -0.466399161699669
-1.18253091334855 0.419816995421764
3.00737230690609 -0.447627672025979
0.844575329948151 -0.0726692032788809
0.205680474212207 -0.14712776552442
1.20645038297836 -0.573709083155966
-1.84345626701834 0.284773153490991
1.42544876660027 -0.623189789898136
0.113089211226349 -0.067708267866866
-1.69743455406571 0.477697144772622
-1.19673371606092 0.219554766297725
0.466934899188352 -0.0512096088056039
-0.52470037582776 0.0320900079389842
1.27846774723225 -0.491760806603374
2.63041116195025 -0.0148201336732636
0.278479940090511 -0.190226335484467
-1.69350878568322 0.139048623685239
-0.987553940102596 0.260341230263877
1.68969615310033 -0.595119666373988
1.13014236881639 -0.0391610635699646
-0.274184224554058 -0.168223337243672
-1.40114050714083 0.0249465136669812
0.102752929815797 -0.335094795857591
2.39521182087536 -0.254928106719823
-0.96510647146107 0.152960247429724
-1.59076858736638 0.422792985527745
-1.13396133284935 0.36617748060229
0.156071616965006 -0.0191601938629002
-2.22982379447956 0.0101819680206489
-0.463045410246337 -0.00153591869630307
-0.630878183920712 0.0395888297694648
-0.246116030054521 -0.119886635237139
-0.567135317273086 0.0529391832785456
0.604454564646854 -0.512603273385169
0.144079219903571 -0.020480459070087
1.11540080460082 -0.446794347375831
-2.40120781685214 0.238357777381447
-1.12932050115797 0.3173020843415
0.0459420660967462 -0.102433121628543
-0.22406064866347 -0.16411176127922
2.11406488582913 -0.113270866848818
-0.390160775910773 -0.0577887025427672
0.727940744777834 -0.215076725014335
-0.194157510214358 -0.156695263328772
0.450622291685069 -0.427769495465801
0.287465126701215 -0.132512542109684
-0.249146834803877 -0.140927530783866
-0.528734895457757 0.00740373944106867
1.51987045195739 -0.0200262785969078
-2.488229841664 0.561972894032727
-2.72778733220482 0.739101266158886
-2.50634236066764 0.494330935065421
0.843455638749658 -0.565177321178784
-0.21699405285904 -0.132394101384794
-2.08270410785167 0.492768517663964
0.682977987887893 -0.0825911014432115
-1.89340814112953 0.573728632335611
0.405232700997576 -0.165038236962037
-0.785386241308248 0.180781685701281
0.880243418898195 -0.156893483537624
0.576443012776933 -0.490085131144711
0.666103310973909 -0.205257161017941
0.154793574515297 -0.00714748759802854
-0.0158866524289513 -0.199860980732605
1.58851385314123 -0.585144289457483
1.55660963895238 -0.28071630843107
0.0911550690726233 -0.273342911409254
0.833048830265449 -0.566737236339239
-0.544272982358394 0.0440640944323927
-0.940935898234881 0.0637023270061391
1.12321796227966 -0.0478066488689173
-0.53315637229411 0.0336737702582088
0.368083733242624 -0.0424467996240216
3.50932791932244 -0.326643921266925
0.52182150871603 -0.301577347786861
0.54423540666114 -0.467919861703317
0.814452214450608 -0.454999865801173
0.290937398253617 -0.184451683095538
1.80434014176978 -0.734958356271602
-0.292713526599834 -0.0431532850082429
-0.148648528064233 -0.198154586208187
2.52585740437529 -0.274044815872185
0.00266276150188872 -0.0485834111640863
-0.484217245781816 -0.00148964089239631
-1.50571121163687 0.459348772461976
-0.768834252659328 0.156857078772559
2.11687729258512 -0.759305335414501
0.312459116231787 -0.336427553441338
0.767371291429158 -0.40385600356877
1.12342166598687 -0.365029175679731
1.95518958582332 -0.136257320703316
2.43733449895982 -0.264114482256225
-1.9792789204098 0.12148576923882
0.621045105575411 -0.574874269674231
-0.684297310402134 0.0295367314742548
0.0347639233489559 -0.174241193497382
1.24605086378277 -0.185580232812999
-0.0341727527550583 -0.275726927172801
1.46740862078083 -0.391596559095964
-2.22886992188176 0.434510314437613
0.223413588300607 -0.0452169398865782
-0.237195107315131 -0.0191260432936221
-0.710765321763804 0.171948454070502
1.96478020490737 -0.536397771415958
-0.966003450628537 0.258032785323578
0.444624718755001 -0.462903152892317
1.49481213286586 -0.167453991405553
0.518291958322312 -0.417452975615965
-2.7788345929765 0.323363662894785
-1.15914808639246 0.0674004169842162
0.304531878523752 -0.361760847097415
-3.4204329776676 0.830423026428069
0.669877347715403 -0.044891589222728
-0.493063137444375 0.000806640027803718
-3.49156224516334 0.638908238470893
-1.04363656428355 0.0121221135310266
-0.478013058307594 -0.00738238113482321
-0.904422739264862 0.0556001262633549
-0.889177081404517 0.052146039911176
0.740718275749456 -0.142900972660686
-0.98234914254927 0.254827233774168
2.38787414393915 -0.759104996501481
-0.184734359725674 -0.181378448697682
0.925483848468435 -0.612602680281116
0.427346049905639 -0.203422334112167
0.612902795415647 -0.471276127291905
0.663106375644664 -0.499922882636663
-0.790372921955352 0.119452300452614
1.34633965399084 -0.61532650788852
-0.899002688379529 0.30246004048626
0.0490098472303416 -0.135516700884629
-0.312417207548656 -0.0159624154778164
-0.883718782742187 0.0515043966438185
-0.291521416766895 -0.0314784984117561
-1.53813206576047 0.0104022402897785
2.38787714011926 -0.411995163725225
-1.38696972120327 0.180070327213011
-0.78407416048932 0.0346464043725198
1.54408556062771 -0.161366126008258
-1.37171104815947 0.255033679757591
-1.46847058593235 0.271687564450997
0.225525849383413 -0.264203681144684
-0.720676600130055 0.151981509344883
2.1841640471257 -0.546608019983512
-0.544411955887779 0.0166056675133999
-0.75478157142537 0.00650667526307239
