-0.873910643750202 0.118900114912895
0.0923911935012798 0.101221503775265
2.01018419633824 -0.090961689286963
0.851080982042409 0.0715118070888834
-2.38413579667686 0.251172653574399
-2.62165337540486 0.631855855989963
0.143365342233739 0.0240968065893185
1.01572281361549 0.155169729960099
-0.455133405701083 0.0847788290751938
-0.456068770526137 0.281629947073803
1.14208484309164 0.0207358128775756
-0.115573877012178 0.115241817940331
0.895941184323335 0.169550860147591
-3.01485136793905 0.0239076792621192
-0.0241861088843357 0.0281116001219718
-1.14047406723395 0.654978264326358
-0.532671889175458 0.243287600207441
-0.0899936077745621 0.452043214181973
-1.66627166359784 0.197819522786259
-1.1711546623353 0.114059050299658
0.238284472266253 0.467670094334024
0.840041378108404 0.187888834148154
-0.123157506501949 0.401379290218258
0.250089439231595 0.384028171714127
-2.58205897472137 0.38362674799383
0.697095715697522 0.316129209103056
1.84980992420888 -0.294883991713212
0.386213085784849 0.0209274891023779
-0.229357743950708 0.380150226878793
0.734557227342123 0.286666777013846
-0.831070881270879 0.376945837044238
-2.5090985472273 0.274810391993496
0.449449268697227 0.0247378382886804
0.419862037179841 0.110020437358451
1.10155557562891 0.0790328146179805
-0.00193946408376608 0.340253965784058
1.01580489990636 0.115674245162455
0.24375504613868 0.162240601529509
0.0916632843397441 0.463136920399937
0.589263083947026 0.122198966886769
-1.07464488446607 0.348550373240315
0.146572140452412 0.0278156824693023
-0.419892264357362 0.025308835133605
2.24661287620618 -0.0426535852960364
0.1226482638823 0.160013442155995
1.04768706870653 0.0133856843880323
-0.300160445112941 0.319770945126391
-1.41208381830772 0.0690207788107577
0.696511000814898 0.0201469141452046
-0.33032787666286 0.0803004300231744
0.551287989939143 0.0712949750659427
-1.59405174233357 0.725733669899105
-0.167448210418373 0.129914257164028
0.0436022580555086 0.180758638350435
-0.0961596644770439 0.392563462172784
-1.17954392055395 0.498251436957156
-1.50110594959492 0.180035704779352
-2.062588248928 0.00200972915371092
-0.76421455082126 0.219121708544883
0.509104266193018 0.162028540589241
-0.678083136973052 0.469243392126814
-0.947130352922557 0.281810725173543
-0.41938843665475 0.470366314379343
-0.360220692789329 0.36422500368564
-1.17123133769978 0.627881324145449
-1.04426335326738 0.23421653581181
1.34876345205432 -0.0301429247255776
0.490362274351157 0.141408303450763
-1.38382217751576 0.410162452082271
-1.58880291398322 0.295774295319055
-0.257309914943224 0.516570727386905
0.69873313478029 0.184300163798357
-0.878554643798482 0.0111465863245889
-0.238261593221983 0.502714704750844
1.70820098287786 -0.0837422157882791
-2.22007359453704 0.366310656595316
0.737703628821647 0.214262073461222
-0.685349568050007 0.266987048423934
0.157719249504516 0.223750138874533
-1.58986184908665 0.386326943961482
0.830286937535629 0.0792497238766888
-0.814168364296138 0.590171386635952
1.30282183439364 -0.00581866776885168
0.163057359685157 0.217771699179969
0.482999963686393 0.390913520449506
0.328994906738676 0.325276879330513
-2.17050222997876 0.531141342274697
-0.293562081016997 0.585115245182368
0.262968726971383 0.207571835295701
-0.412875857053068 0.108527432822878
-1.23257599614396 0.210543691007232
-0.313856705361374 0.148425436460859
-0.478182860353867 0.581884102295268
-0.254763849185327 0.39731821940578
3.69447403527518 -0.517802843867874
-0.25590452498225 0.534260179202951
0.24278876393321 0.112879141376397
-0.114645228354126 0.541584737931854
1.48380645094255 -0.0756651676069582
-1.280736537955 0.0354407774053006
-1.1251941493949 0.232527087343878
0.975386057703291 0.114537597083143
-0.422469820063879 0.356748788462251
0.792493418376693 0.203546041438766
0.58363254988916 0.168046900023718
-0.15022487819852 0.449355069157358
1.15951528496404 0.0916115272240422
2.93729447911582 -0.239273564932592
-0.645821404066654 0.646024373263673
0.869437690507123 0.166602445907852
-2.41633494086538 0.390341816725188
1.89123593784118 -0.0929869169761706
-0.227058753586108 0.427301802053564
0.216603754402046 0.325955649289922
1.33018638648916 -0.0110193441353329
0.155477076794565 0.418668564732951
-0.807844009825588 0.608167990018962
-1.49626403462623 0.250198681208184
-1.30759890742519 0.00767932949714708
2.3388069332169 -0.43724458933191
0.206019038353061 0.148759776390353
-1.00324820356823 0.54239527558854
-0.1562271109135 0.180727021993458
0.139552517720801 0.193020178063545
2.89233949993686 -0.576206973661621
0.463028504951684 0.212611953146766
0.976406148985099 0.0341029788284412
0.621903945850503 0.116313094707972
-0.660100034607512 0.207701198053774
-0.0724371089639697 0.161418920799592
-0.783938217282431 0.518925178243565
-0.76108880930257 0.0603846424567189
2.4593040592766 -0.104840892110125
-0.611653404733244 0.535221282497354
0.886457649604452 0.0664134052724612
0.0685681081084261 0.154887574716725
-2.05880497056233 0.023600289452249
0.4772652716225 0.375273105563047
-0.916111838365004 0.18868603118614
1.65287478316991 -0.00905473347199593
-1.20404382433288 0.564279070183602
-0.912196337279482 0.653297928344761
-0.409851967827164 0.429230291030643
-0.421555303666017 0.166617018327171
0.951952298802159 0.0534768457591162
1.74664232769559 -0.222319287617493
-2.08456945466973 0.0395678370315561
0.380152768022632 0.164579210060896
-0.723071496020066 0.146725206550784
-0.928567658994628 0.692767964346523
0.979190699648345 0.105554020258906
1.82352121562366 -0.212739380711362
2.71612183807722 -0.564979610852969
-0.409494428286277 0.522586043609446
1.7949453599386 -0.136713920638585
0.299299337682483 0.268008939863333
-0.693917884138005 0.601781092981566
3.24977247527318 -0.446985428974774
0.339996419096621 0.395675988055352
-1.55312845742487 0.0622034023103467
-2.24318674303877 0.124875085886193
1.67588830254275 -0.0684649709719778
0.126027176881445 0.289944844274268
-1.43436861364264 0.2008388216582
-1.1729417433026 0.199365346139916
0.307912948527454 0.0528182936456851
1.06987854233237 0.149259159471938
0.307488730261983 0.0303351993018261
-0.975680459199697 0.0225824581386044
-2.03893765053712 0.588502113764176
-1.25078234005067 0.343419822543024
-1.4361924027744 0.315555775717543
-0.160970170708764 0.08320826966588
0.64135564266294 0.288556089182611
1.78025046458138 -0.237164877213402
0.778934678884602 0.0251259662652592
-0.546305209350034 0.63650812194021
-1.78473311453187 0.080809018162545
0.71886493390222 0.309686543308177
-0.380402091572088 0.32745410278363
0.354560523376123 0.0404280471198832
0.177582112403123 0.496795110770371
0.0449619767315619 0.163908459058444
-1.53696018195343 0.344571409076689
-0.308617795041301 0.0959877168590441
1.73034608220684 -0.199407988111944
0.644292500247804 0.112559284348421
2.66111721628511 -0.316191547282723
-0.45614159067209 0.218508996749899
0.0349680842522263 0.335501540438869
-2.58952184390591 0.0571955579503686
2.41090802149713 -0.263742852046775
-2.63162270356507 0.188591735636213
0.616912700490683 0.0695696396967626
-1.70466039532995 0.56763362833499
-0.910460243897852 0.444237513306199
-1.03010490637009 0.623795771136733
0.809654225992881 0.101836663826539
0.764417728319589 0.118470275777075
1.26466807459758 0.000510256815129664
1.0625488520728 0.0417967926286035
0.441093016944837 0.0352758637976796
-0.0238428048383717 0.260836579420686
0.62229336009316 0.361234814839093
0.0258732606353156 0.532029832106253
-0.0545935304524872 0.470564545118609
0.47700397877047 0.304061565821861
0.673171895851941 0.202499432204203
-0.171927550922687 0.240210049574126
0.207209518806311 0.105256443846283
0.350705570127789 0.441621468281117
-1.61155738366483 0.0224530788025295
0.745547904995204 0.310858588023281
0.544595263245988 0.140698067140857
1.30446283483761 -0.00284329091121852
0.201823594281383 0.207704287464534
0.678100013270023 0.16568764322372
0.781016163609201 0.0207732134945387
0.0375686134824436 0.202963375318449
1.2718605633204 0.00334886720544045
0.757080086285563 0.0312559273239358
0.255788308112118 0.41228349735011
0.622334467366082 0.125946628604649
0.445675350648179 0.313614596707407
-0.893302256163447 0.476069375784844
-0.466098916540043 0.412885217274935
0.823920605645473 0.0953227912877475
-1.86633850077496 0.183632084939699
0.128472840860714 0.211399451154322
-0.513513972305646 0.151094119335371
0.627686742197983 0.0792633761422319
0.0921044757634414 0.488836740393822
1.52612226650908 -0.0090570508095563
-0.160774939671729 0.459743685262497
0.841633753138386 0.27559244118545
-0.401006286541596 0.409250161464507
-0.552305860988459 0.481505233945458
-1.33346647261449 0.205157108161405
1.1585910472566 0.00226218733345095
-1.66789618581181 0.549069928736928
0.3709386914343 0.119437811133274
0.371012380359207 0.0856303964308895
1.63250024655004 -0.120467951397473
-0.478231768938695 0.206978928075968
2.22456328863105 -0.0991593177626018
-1.00508508140162 0.186225699939932
1.29965167681739 -0.000905876507335356
0.666960530887106 0.151932200630302
-1.61198740024736 0.656138138146621
0.333936348789873 0.0359461510286767
0.0603825422660554 0.475445558245496
1.31423963514228 -0.00449922902729184
-0.508574823894768 0.158635546629474
0.306845618750568 0.275695039780242
-0.33580650074597 0.437349829413859
-0.0410245614264104 0.113344899878636
-0.466960937022302 0.0988589935905882
-0.644814092218666 0.21984270443137
-1.63097883090981 0.234217438777996
-0.357203428166163 0.121366895790103
1.08889434196051 0.0425885231514934
-0.363085630639752 0.403060576041058
-0.0811975165872629 0.346013345583045
0.664711281143005 0.173652286002277
1.58852208735871 -0.125800965352233
-0.515920023203225 0.043606602598706
1.2180055578507 0.056719753620282
-0.475968800218883 0.269793684181598
-1.72945170230107 0.519464956953798
-0.247031078471156 0.230722174874666
0.016566207826033 0.111721488485233
-0.498201171889929 0.0168628203609341
1.35075891062416 -0.0130632302077803
-1.81671746756619 0.0419845296059055
-2.430002959521 0.330755649652644
0.269177938419516 0.402665735868761
-3.06704454226675 0.467856692651802
-1.46832503365885 0.274540872541338
0.56916927696177 0.203497758217881
0.589941524855804 0.338718175320208
-1.01906174031761 0.238267498345425
-0.053595752442241 0.115971089511237
-1.64176957252728 0.20777405185427
1.43121813592645 -0.0158649339115126
0.477187468122537 0.382243397507316
0.348679635146485 0.3746704093556
1.13698343083824 0.0348733193414247
0.660432456681262 0.107148677174292
0.441150118024239 0.392819976658684
1.94701328871144 -0.352197611740508
0.488210565117834 0.398159409334997
-0.362776723750749 0.352091710273244
0.188822779563902 0.488177929773387
-0.362994338736411 0.315295015938482
1.18111709722035 0.0510214225684655
0.810083066434652 0.087954886456156
1.85557307447025 -0.0521152424570044
-0.586510811812089 0.276967947078671
-1.31942874709485 0.660757860547836
0.608343280671592 0.307473241914716
-1.29963422307337 0.55774870279333
0.101107230354916 0.215305915032021
-0.781768701176547 0.59189365406581
0.37593366378448 0.329710271959663
1.11321923623522 0.0638767416169972
-2.26046482645351 0.445834720919083
0.019957643438149 0.105538892156629
0.265581255519866 0.00526929809039339
2.17155114485471 -0.146848517734119
-0.860162666866253 0.354178122170588
0.287430242919066 0.357441806858017
2.25032725964461 -0.0270510168920558
-0.144800664660489 0.460086735140918
0.656942340642158 0.27294867727328
0.422702693500224 0.0887755067248962
-0.796188763925344 0.447728085708216
0.284342305142278 0.312572581131966
-0.678715788207238 0.177200649517812
-0.0769445879438986 0.327052017921715
0.969294781957682 0.174377687677083
-0.564222949288848 0.174406499994193
1.32552788344102 -0.00520898356370562
-1.29520232222302 0.64719383284466
-0.899159243585163 0.134108636017997
1.25208724502677 0.00574034463559697
0.068105189783337 0.0335491552596539
-0.880695178408595 0.510600251005359
-0.938362718239855 0.391476244203204
-0.851578458129695 0.186809256102099
0.0275979280717349 0.503556469871911
1.25121418456887 0.023100361566885
2.32945869770951 -0.344750703937112
-1.28879476001924 0.145083640725466
1.73398660831573 -0.0308744907612921
-1.22754820805679 0.518193378193625
-0.519761648864878 0.126213333081064
-0.630036509967201 0.327141060779867
1.31000750427324 -0.00156134583923542
2.29127109180973 -0.0673281993202627
2.11145521193676 -0.41353356397829
0.558775948106181 0.285955137407879
-0.253272911692645 0.0945848561465094
-0.0472799501903968 0.359048330279803
-2.1829684186911 0.368691419514132
-0.779918819436806 0.153735395039891
0.375502558715666 0.141979760684658
2.09166672985681 -0.125817279186511
-0.325684800655904 0.236355359934058
0.412863180893925 0.34331667929286
0.404735575841639 0.422377125797285
1.232254650751 0.0364353476301482
1.10161475933217 0.0303547887556675
0.500228382935776 0.179284323609575
-2.21540441641096 0.460170044610722
-0.804258665993905 0.399370596583655
-0.406412922398869 0.0134826570980531
-0.514179803661342 0.60404026091899
-0.571967291780852 0.0882892811614339
1.52093427810292 -0.02007021393297
-0.253246219202279 0.239371859953973
-1.17207469480376 0.184001991191768
-0.727535665481425 0.437707118748356
1.78135269647514 -0.129286917035581
0.741632279706302 0.0866954991274863
0.390236666822315 0.257834441405045
2.08640836658754 -0.1692973538685
0.142100074654474 0.473459136111956
0.863835639754275 0.267406179744167
-0.946570517247269 0.482395135873888
0.18156415481563 0.0909215060472022
-1.23929398329785 0.158510677189961
-0.92132062209282 0.180939702578625
0.669311221710228 0.0102588364945999
-0.117691646485822 0.224579625338309
0.479626430873739 0.361130251715916
0.289490186293469 0.15778040224255
-1.01037878355422 0.363440770128007
1.78285872390122 -0.178533987196431
0.639042343117014 0.115715127824774
0.0180974574736849 0.41283018320337
-1.5949134099922 0.454084489604533
2.29791334853336 -0.393821430485667
-0.114578779973966 0.0944514338084728
-0.902919707639881 0.52929123612269
-0.573017525708447 0.303043663626374
-1.78106497298643 0.296555031683661
-1.42655796535389 0.0865929647524259
0.286876530713832 0.199217868050643
-2.08944468481524 0.461700994392678
0.384213298959937 0.328327354532507
0.859933065510335 0.0894789197695438
2.02283678519633 -0.180723581034959
-0.594204864222606 0.342838276116946
-0.648095306122167 0.50996307852945
0.263320677958012 0.362422039986255
0.9447845712701 0.0949325637624652
-2.39925460975464 0.631177481542974
1.06624786216335 0.144480919611294
-0.0796288786906889 0.174603326019327
-0.836928014752721 0.503522515610448
-0.0300168212348686 0.307906693198738
0.61376943962416 0.110545884189515
-0.15079444245048 0.395805342239208
-0.32148464620168 0.328802469994658
0.229316435080383 0.10377955588599
1.31110163166634 -0.00771912321337633
-0.49440409023968 0.431095608411004
0.370044299607321 0.383808633053139
-0.620437084884941 0.325631434142568
2.43871770033977 -0.0645649251289105
-0.198062726281237 0.563763500144124
0.462495134965953 0.289561568740136
2.65844815377424 -0.319520302756353
2.34617037052517 -0.39597312958946
-0.170407862926126 0.360554602932973
-0.231900942065718 0.0982101851664307
-0.453772474109711 0.188704311914401
-3.70087025793591 0.487161872643473
-2.90519961898892 0.284517967321037
-0.162622181716545 0.47461023463242
-1.088550011328 0.555976320447126
-2.00820855095312 0.556391809705201
-0.0766596948231475 0.202339662440634
0.877334150035575 0.140414479425642
-0.564100524205866 0.509304062319639
-0.163303661102094 0.163544292056823
0.0249797194316903 0.230102195237053
0.409213013092951 0.179481653256538
-0.312507300590949 0.360282968886143
-0.119154333292955 0.42431679578044
-0.878134130948052 0.239492471550718
1.4521197292719 -0.0783579495326948
2.13505411588668 -0.0863647818026487
-1.14879554655331 0.360780528246335
0.696438431845155 0.190237634252009
0.660766442120954 0.0857952737243576
-1.29146167037012 0.453675304870341
0.312240316042583 0.384351970691932
0.535557392171857 0.3612755274437
1.42818419810513 -0.0830107252721108
0.660516131363218 0.0469253002586457
-0.315929191545133 0.490267754631293
0.110533781555307 0.301749373200968
-0.0473376574357878 0.249373001462229
1.72616476258757 -0.182484992099009
-1.78431713552536 0.575688991394967
-1.78463645748641 0.085582057109397
0.674444993110853 0.286208778715203
0.620693774988365 0.214496257230822
0.559440959561733 0.321978507193505
-0.503858324756833 0.177883754678394
1.26921541579528 0.00868682158326241
0.790965563190835 0.0961287205348289
-1.1947200860129 0.288798485502441
0.673507802226594 0.254287551102942
1.34803848986859 -0.0223110669575814
-0.0910591129656822 0.115305436494083
1.14429606992417 0.0294143978335633
0.257952134886166 0.0328362470912886
-0.799850366470261 0.669104937790595
0.241952705308576 0.290752792099079
0.0511675849573783 0.0346090724986004
0.29566394972058 0.212047707187272
2.53049250784326 -0.279448470008736
-1.87686620920504 0.256003581005644
0.461885017744099 0.0390764455794637
3.04329575648357 -0.194507607259036
0.214470568290418 0.410694756167145
0.0772320461512023 0.0850973910083354
-0.723387248383541 0.248074862810019
1.46670839162171 -0.084708311878497
4.024962159908 -0.0198978328501977
3.55973049735083 -0.587649077286591
0.996879505251792 0.0484860909502943
1.10625473861469 0.0441853699625894
1.76467347464625 -0.092799101269277
-0.0637351617950661 0.285063539516111
0.307322899255363 0.228047770516917
-1.76676878781422 0.251182604854058
-0.910147393669829 0.0778241162241878
1.23641257538591 0.0307536657854819
1.88750929898475 -0.0514967161736402
-0.648829664047843 0.624625713449588
-0.716314323369403 0.30025989961449
-0.591746823178799 0.616953686872589
-0.962225135751398 0.412813222533639
0.664558210445087 0.0275537847741393
-0.234354892677962 0.349891566212418
0.596416833889075 0.00619071245589483
-1.23523488194094 0.555578766265029
0.0765369550353594 0.0400680040944777
-0.218010632744982 0.475300602060133
0.859960325088636 0.141629219517236
0.463664034876024 0.266478550023683
-0.137692469276366 0.318497088707924
0.267256833596708 0.462403079385729
0.38933518170489 0.0687428580844246
1.2578790972426 0.00130981911529615
-0.547044385155472 0.0757499944243031
-1.41723903610364 0.247667237494558
0.422289409710649 0.309145048112561
-0.695412084447114 0.314235702938869
1.34597592930981 -0.00225783589326798
-0.470149632222959 0.196759251871796
-0.705923156035048 0.242734677585406
0.3538178007448 0.250484038174472
2.62672737368262 -0.287794324121024
-0.543261553277743 0.392146376935165
-0.416654841527584 0.20374384786797
-1.16526277572989 0.554653012965303
-2.34880454255003 0.542716995379125
1.5347693999055 -0.0746360047390651
0.690822191751769 0.0341726152627592
-1.44641023606419 0.522834566297737
0.966434765908449 0.15329233103273
0.960573934761294 0.014349780929637
-0.46031096261355 0.190009970255894
-0.998932224161952 0.223738557158838
-0.44201064262485 0.377819538279621
-0.290260658175574 0.208295800750059
1.23253996695201 0.0165405968298268
0.582426128974753 0.286661411707164
0.207082428404779 0.232753450959523
0.102201809832877 0.0897372350714958
0.67418286685279 0.0669375380733661
-1.27119663009173 0.00633222775342745
-0.107465977690417 0.240980107666772
1.23337644481892 0.014380393679272
-0.148649613391423 0.294390892364671
1.15070130758308 0.0646756133498338
1.22449066655641 0.0117816095269785
-0.383171872200051 0.0631763458881318
-0.519777137090305 0.240234991695353
-1.52065668165927 0.665312060450328
0.963483579119101 0.00873967324805543
-0.0917171019193163 0.294932122646593
0.0781956693884294 0.516865980697458
0.393252964486992 0.426370908772913
0.0045724379313039 0.496105406178041
-0.327464315995858 0.58679124641771
-2.15854174230734 0.507403471388573
-0.59055777227171 0.587576140698173
-2.02691653683782 0.186682630503701
1.03794476967035 0.0829828902585425
-0.527680430321389 0.529406800116049
-0.285376954344834 0.507266969112396
0.460981358359444 0.227858477481552
-0.704412533403665 0.0528335797365003
0.509439630736885 0.0311035059915821
0.0183573728989498 0.0406011804895604
1.63314978589567 -0.0954074946041236
1.13246445228645 0.0456975258287928
0.565122371271225 0.169256133901831
0.012200613296891 0.44831362699562
-1.05714720548563 0.280048234191517
0.110953287939387 0.0286894376503281
0.882702103618635 0.0769921156951403
-0.972413589225398 0.475047463470572
0.671795429607484 0.298972941290124
2.13754110669864 -0.353039514596682
-0.195917513530742 0.104589014417616
2.25433479617257 -0.28393750041928
1.27626300108088 0.0124753551052968
-1.38384438956036 0.418714298547289
1.2281492312817 0.0490939466288806
0.246053173154608 0.247860071285982
-0.357404470555942 0.315246353829777
-1.51657017687636 0.570171089171331
-0.163195418208121 0.558740940377053
-1.77406476990841 0.423965117861894
0.992426051791083 0.173648585892827
-0.0231119049716557 0.153268386653524
-2.55398541109391 0.506133204555836
-0.993127296193954 0.433675927223334
0.00691911745798857 0.0310020918543208
-0.534111090072055 0.427523979572047
-1.31369631654895 0.0188793964322632
-0.15300969102058 0.22011461242008
-1.13515802122406 0.454088566731021
0.145532474322969 0.362396493289101
3.329546164197 -0.497505003234891
-0.545117508428184 0.116411967820656
-0.0084200714424175 0.526663882407648
0.368759778410082 0.238705341401015
-1.42679517524319 0.299181990160145
-2.16557613030922 0.310034388377857
-0.703538840227277 0.514281858467347
0.054424138846395 0.0165630954636178
-1.54464463073888 0.409168283754942
-1.48084989050446 0.571575965385151
-1.46047320402984 0.552311264562875
1.85903180870041 -0.0577403883277776
0.46915580125096 0.279588538198403
-1.53252724709451 0.6264999947671
0.153557491382414 0.164648095062
0.310629113753309 0.384630604652653
0.626827752436884 0.212218993262442
0.00975552526321236 0.259264799199709
0.646271470000327 0.176385088150866
0.170170806163338 0.0894792521811585
-1.49697788949701 0.0543669878657718
1.68300035872003 -0.14948451949796
-2.36452010323434 0.143534424407594
-1.99642239378513 0.588806880852375
0.306064483694128 0.147087253300786
-0.588505873337223 0.514698082274868
0.428704005441245 0.355801097978335
-1.09213860008335 0.162883673302583
-0.385266739626233 0.0736472033575946
-1.67161123095777 0.335581987727561
0.6121690319264 0.322067019587472
0.363792499873569 0.0848087563218129
0.0399165796054752 0.098026498166387
-0.0716503595308068 0.0603523806182224
-0.295511082530422 0.395362774107349
0.129993141894426 0.379652711587504
-0.609770903335545 0.148699498377402
0.935378620854491 0.221764372247462
-0.118352589900548 0.0869517626637886
0.927319996249539 0.171260207473805
2.14797314521115 -0.223471488779854
-0.0905655776223998 0.0335370893176725
2.37317297356595 -0.115477562244797
0.590146712883824 0.307332975998495
0.213467328689459 0.190563521605252
-1.81085793306376 0.383814947939205
0.456763673758226 0.339245794197763
1.71028220333879 -0.125584928286045
-2.554198544914 0.275449690108863
-1.22616928561365 0.41451624823997
-1.63643743405619 0.428165294743923
-0.454474033049291 0.0904690780602876
1.95159327425367 -0.11626225917623
-1.31243131147264 0.623724668916437
-1.1205978978439 0.352718852656431
2.37875383713067 -0.0770062587356968
-0.125738914560761 0.0964370916711359
-1.30600038568797 0.330952171853698
-1.31848069244741 0.327536317209334
-0.653636912689383 0.410582202570553
-1.75757500496675 0.179473760485618
-1.37405847371225 0.244317879342424
0.874840509307409 0.219122570486086
-1.23711904334672 0.152448219781545
-0.242745468521604 0.298439791664189
-1.54488299891422 0.597023895685883
-0.16827561846752 0.449666259400997
-1.12906340106223 0.67745216022882
-0.499233288923974 0.518840350756859
-1.74678971246899 0.106388930548784
0.324168103792024 0.152506388773167
0.579741150271946 0.0725974440339281
0.845098645193548 0.207517628773531
-0.888488508394009 0.274667244147805
-0.189383695709825 0.00661329310720684
-1.8143766132824 0.229888751474369
-0.453010944897972 0.209083340349012
-1.908656696226 0.35043619162415
1.2822635287225 0.00180045061922304
-1.78213006472701 0.415229610940949
0.563610294665871 0.0625431558911608
0.238376850505542 0.30527198636374
0.454236030483695 0.391221133481918
0.647564047563792 0.192050595866874
0.278762619516954 0.168259880151161
-0.87757705195856 0.16465108943613
2.49965143139152 -0.372924304975406
0.871481894717496 0.224763649858361
2.98612512363474 -0.318601791525609
0.0612762596873167 0.198052951922478
-1.07190172369359 0.397947020209218
-0.710073034812633 0.380898408902372
-0.163393241147293 0.482704508345272
-0.153256500307223 0.119448071596463
0.52687129777301 0.152598196900453
0.217080833837064 0.0356738918185006
2.27899530718053 -0.131790156816512
-0.401109262299609 0.104174215797317
1.14160737932474 0.0330399384582022
0.279810582537394 0.286393905348486
1.71646996670363 -0.254855419681002
-1.01556215624937 0.055770619302273
-0.362448546332724 0.0586799676921402
0.00926674841835159 0.372796997264781
1.10697686005161 0.0455213987355186
2.38323150297225 -0.177012890480744
-0.0201348723327712 0.407372120325669
0.645808066284395 0.20951273310132
0.154368775990026 0.414373826894693
0.123414008611952 0.253957442149396
0.446015372544937 0.160262888183158
-0.309749837362366 0.375593041316315
-0.901152797665168 0.551268593496177
-0.919469187921988 0.537577187677753
-1.53138368438418 0.035325681009026
0.769323320048531 0.111280755280313
0.841387234573156 0.232828736686006
1.11151255609243 0.105973816388982
2.6181755097338 -0.454991390400239
0.990313892832234 0.00830334336423126
1.16043053938053 0.0602568125187092
-1.41000711953366 0.28142065916093
2.47078016620016 -0.193216877195934
1.25631760995973 0.00749788323482307
0.581072271945725 0.23393558126624
-1.09479477728917 0.013042353054553
-0.152955876277918 0.0756257794031713
-1.91070190163161 0.414701128237012
0.289829911062009 0.469969802965069
-0.528944322932977 0.268760083064569
-0.891689022669028 0.626254906075473
-0.84004138657091 0.515679077405059
-1.73538635738541 0.249955217574407
1.08758262810211 0.0264693219496359
1.02468351108745 0.0868974559644243
1.21442931603265 0.058844275171488
0.938288614568847 0.140706467035863
-1.43766031688369 0.266398313924336
0.686933749835281 0.0579906959692908
1.09748143359981 0.122475781267085
0.990826187200926 0.0111598118620335
2.5445222199488 -0.103848224500299
1.23537306527108 0.0221013970070646
-0.681687537049988 0.126797346779739
-0.159649591499999 0.202214292581276
0.925095807377073 0.152854024808695
-1.1531581968664 0.282288951994831
0.463005824234387 0.13922111847329
0.456044593242367 0.381396985958969
-1.44664315620348 0.597800600202771
-1.473550566557 0.329574512078942
0.0762025720680259 0.259137629877327
2.37252094327842 -0.179591339753303
-1.0777856810232 0.530565746669753
-0.895820467763466 0.496766983083268
0.232181684962211 0.0834955753201987
0.887738531438391 0.238107748535074
-1.08335951638402 0.689282284071327
1.07144184697293 0.0499073511051193
0.079649506328263 0.240838207861173
-2.68144592106601 0.71316954544634
1.10351602110603 0.0979930078974867
4.73146148087788 -0.595102565974111
-0.700262411334675 0.532919972185976
0.683114711212777 0.120131061647706
-0.656263157273471 0.199998481251775
-1.21610448069732 0.151200734173516
-1.17032015556459 0.286201153958947
1.48205876438696 -0.116606748798307
0.981264739598996 0.0166991221342937
-0.220405363187893 0.0510873954060115
0.394990701466373 0.424027438979938
-0.0807726195097485 0.394065969291533
0.354329450166502 0.206475891678315
0.15228715823626 0.171505518539569
0.669339947150729 0.0839547063093626
0.9748461548952 0.169950762981618
1.23784197184933 0.0152919339743204
0.292530728220498 0.0133582062200205
0.975368412414671 0.0972879165901303
0.277396935464767 0.270730097546559
1.33653916129298 -0.00566866128001836
0.288629994105321 0.215525728481687
-0.0383162286997997 0.364843841113664
-0.377334856809874 0.581958973733076
-0.784116279047444 0.359604250355747
0.411980066819034 0.302358962046982
-0.424162633835923 0.441391693283532
0.0903043278627796 0.10644503447367
1.02915612379919 0.0196125142600367
-0.71365671338678 0.643808587567924
1.49504606726243 -0.119901820596005
-0.165999522565293 0.0574876745554772
0.100415650931088 0.393531593695205
-1.14701001098314 0.440879938465763
1.50923046824845 -0.122598961777009
-1.23625683629529 0.499903657042415
-0.87241256921039 0.53681338604478
-1.28210249246301 0.334456028034978
-1.31518566280874 0.675270246125742
0.27379345327363 0.000133900948663947
-1.95160501180829 0.295580404023486
1.03077248778228 0.144568088024239
0.942787612675112 0.0776005122172474
-1.65378126805494 0.365268627170722
0.333689681650099 0.157542798243974
-1.4436068975641 0.14071564069029
0.196727909661082 0.074929776826739
0.781399562258556 0.26451317041778
-1.23064575634604 0.650275875475562
0.756586715887135 0.073907712699827
0.421924319588638 0.182441519928721
-1.92998815341908 0.714544993491134
-0.308130663364653 0.08387392367476
-0.564173920713391 0.0969021492136181
0.787636993862842 0.296138960578393
0.190201886316927 0.201811299312679
-1.07040331146808 0.262119457853286
-0.191965193008586 0.357215041936757
0.680669317831838 0.126201866659512
-0.467458144611653 0.476783133568964
1.80751213072391 -0.0242785913751228
1.30280958905864 -0.00073751376002628
1.01032612174884 0.103607261790965
-1.25570585891552 0.0846329716105849
0.884388227598172 0.207918102725827
-1.09911264174363 0.0736070874757242
0.204297244371438 0.298201809932542
-1.04877506370114 0.447821672171501
1.10844143228971 0.107634300633269
-2.79721973158793 0.2548848880907
-3.41922884497731 0.0651742547361055
-0.143710136684416 0.426136665881157
-0.983815663191814 0.38668842076045
0.527542633773159 0.167095723206034
-0.598652363826034 0.196325748561926
-1.9347694718007 0.195914681591491
1.38990820162929 -0.030926550134745
-1.44977522647378 0.480616353192784
1.11768815087722 0.11372970506881
2.58293126026018 -0.539338996949424
1.14054033494912 0.104248248352309
-0.314841317333049 0.175509493787628
0.522194607140841 0.27661072427474
-1.0624162607067 0.57325917967757
1.91886636087854 -0.265897364871556
1.00441307886835 0.050845399677082
-0.364825306438676 0.607335908084619
-1.0813549404096 0.221402964588106
0.539492861708842 0.150687226016221
-3.18322603033385 0.841337418702995
-0.473421299343218 0.432078066145608
0.977149732336107 0.0426979399749174
1.58695304866885 -0.145622332636168
2.22594428219945 -0.162060465928343
-0.133127463254002 0.535171681955002
-0.922903823353406 0.0856212411175389
0.231085475274429 0.294047434783755
-0.141810012620719 0.039376527944813
1.79932525383773 -0.269018205417546
-0.408573900691809 0.586121413273642
0.408405930104458 0.13234577000318
-0.734384247750252 0.355608516581353
0.878466319492045 0.0694630212600515
0.559640310319717 0.359171584186344
0.81664489725989 0.212421331251715
1.54334489625205 -0.1578682856776
0.675839023275683 0.11662644513817
-1.68917857123318 0.439513270145262
0.523325716716156 0.00120894666450691
0.642980098358511 0.344886939189482
1.00126670923343 0.0803472174877836
-0.855153190512208 0.530975414965145
0.701688395761822 0.262174360067839
0.0121307949661495 0.173587181784857
1.4945212593469 -0.120596233451094
0.0244672457855247 0.0058099181008141
1.2328964082625 0.0354678439076125
-0.0815488953000956 0.451773997701272
-1.01796565674369 0.15840835187666
-0.299928275440521 0.405345161710959
1.06663279941142 0.0272356995756052
-0.240651383969119 0.266818862705629
1.17374907272656 0.0491077106467268
-0.514163755137068 0.0880252475321588
-0.344063633609121 0.105200223292316
-1.48638506759921 0.0417856630672629
-0.797001529071525 0.00943981822389634
0.11539411163426 0.108654378487955
2.31552478100444 -0.217886686937027
-1.37303030963309 0.152097386546859
-0.650079432835071 0.534355415091707
1.47029769411961 -0.0873716232046841
1.44085969345306 -0.0435882432122973
-1.15661112695954 0.194065777374488
-0.988675017910162 0.443699801223609
-0.490021194630417 0.160554751976913
0.812075166510177 0.264080372410857
0.902754659075031 0.101846888481815
0.19947315442845 0.158221501052493
1.72566807638988 -0.120531974847011
1.42617635368936 -0.0366176420092426
0.169315641703546 0.173347884579314
-0.619620229532651 0.432277943504553
0.401837863129817 0.14467593606506
-1.31771922897831 0.530825116041326
-0.447702855280134 0.513160415345127
0.226462694886212 0.196666735847029
0.505791182866627 0.391887839044077
-0.194631979525214 0.372762890367783
0.162490020808027 0.230978978639095
-0.679758827359408 0.345267298449246
-0.129182610744246 0.140950718078761
2.57173307871601 -0.328031343164602
-0.794674981031363 0.525592641973878
0.132039356645397 0.43749936601685
-0.275981510666033 0.20268636693016
0.47911593959565 0.288918625038977
-0.62761482053971 0.214804730963504
-2.04247576716729 0.0732391978489273
-0.31944385340059 0.47596371739607
-0.831720530227174 0.594801167211339
-1.29694863631946 0.581584730801449
-1.79563048538224 0.337084553222109
-0.230235405226407 0.489183357276275
-1.00565025095802 0.161619627110745
-0.826008372985315 0.416706498356841
-2.1189615946263 0.190115618683568
-1.18638313583221 0.36726183778766
1.64771918244159 -0.0630639556378502
0.195108438037231 0.0534336389857011
-2.34354411267237 0.718472247747888
0.760047422865687 0.310853602276419
0.572804824354122 0.00963972758008039
-0.826591783366698 0.142658443427153
0.688142492353727 0.277028229864103
2.50215112042129 -0.257749824491842
-0.515661901319861 0.00907216297081574
2.24972832681601 -0.45564778393774
-2.58545826643453 0.196899073729212
-0.201149239375058 0.399094805776884
-2.05465792430424 0.712410356463086
-0.278170373918593 0.355561090668376
-0.780903311468538 0.18788061438847
0.57140388811831 0.00880762008467606
1.9193760553478 -0.0681353845727959
0.398986111534157 0.0702880350937179
1.49348273914644 -0.0548603394113674
2.02458011781493 -0.0324523090100835
0.775314982971124 0.135506967813371
2.02354483881688 -0.349798912718289
1.17657393355457 0.00904136177923456
-0.0116837253601657 0.097101718302756
1.06905628572292 0.0396646198920909
-0.655449966639546 0.361551685891828
-0.436283827024286 0.449474252559478
-0.0812520758736261 0.310780336397041
3.74114674660121 -0.189404202388663
0.433434392549737 0.318855772939688
-1.5584555552568 0.680707465866759
-2.03154945798424 0.157697911831216
-0.805124537788122 0.385082832178754
-0.380244102348513 0.221757411250385
-0.70279279554698 0.624132615147169
2.44308130852652 -0.0908324243453253
0.855844478937002 0.228018781346697
0.00058012046563137 0.267642513031721
0.692636252629469 0.314142289785145
1.96924002112043 -0.192784708515976
-1.39265206813658 0.385635650830695
1.57738283214133 -0.101641805916933
0.248578082067314 0.296425757673533
-0.36073966386972 0.162906381904566
1.97200082881494 -0.289044644083067
0.234327259711131 0.105605900727987
1.64126185655606 -0.123747436694849
0.620590609615922 0.0730477574818196
1.27915793640404 0.00289285996086471
0.153537068177679 0.300120821738376
-1.44908983517547 0.187242793361165
1.88636829519419 -0.0696079885968762
-1.19120978089631 0.357945093613242
1.95218962846142 -0.0195296700750708
-1.36021911742837 0.547499129386475
-0.172830864527469 0.122615001372814
0.707151831858163 0.123443608758128
0.69943804020239 0.132775529790852
-0.00641393799706193 0.00949827178027927
-0.660071225898088 0.252864108683564
-0.586328610713867 0.60170172924163
0.949875669069842 0.172196333609569
-0.208363112358124 0.261373597273811
-1.87794366733381 0.571606367565117
-1.65983096732065 0.36682322992856
0.164855153042826 0.344778622329524
0.4509914599371 0.146290909215822
-0.825913469028099 0.165374684926867
1.8040717800496 -0.0228378810154335
-0.880071417063459 0.228329879981237
-1.6596621776458 0.369448811437438
1.24179583047175 0.0317925384591689
1.03494567121236 0.0284549838262587
0.978827992078547 0.0371183941419622
1.09890282589522 0.0576876596611192
-0.0677960887897916 0.00141268276403856
-0.450222003067771 0.60911908487165
-2.53372573333867 0.0617676861907287
0.444867483507762 0.349891352603923
0.229006860154187 0.114518563383971
0.434990416869144 0.0166354776412869
0.557028932298982 0.0408765668398
-0.879707695118604 0.18460290680622
-0.925611299091397 0.626163789794854
-0.311357828687331 0.552123475848057
0.0805298066749291 0.339307255533604
1.06277453781575 0.138922602710606
1.05525995628391 0.074784433288438
-2.56257374017064 0.253580838841687
-0.112240911467675 0.391601158319598
0.601673500284199 0.354932896376374
0.997269428623787 0.0974219502567487
1.35231158780847 -0.00364288375580553
-0.921448796350001 0.164872728600381
-0.522673913412818 0.497894522696407
-0.731700003026241 0.559381042270025
0.123085228498272 0.280854845534564
-0.563291680966706 0.425413425685322
-0.936275790134741 0.185067294642994
-0.269936557710058 0.28674961324405
-1.35439339154853 0.0114976040889526
-0.00519164930934141 0.304952415561008
0.49058433955058 0.0080956648769006
0.791820639270944 0.138633153719552
0.231295177357149 0.298644957677081
-1.93650494544496 0.242069463096265
1.03847876200861 0.146168288701666
-0.418990071217917 0.382087699746438
-0.464921917887668 0.0649828980222566
0.310969073783089 0.0955307796566468
3.20607899112683 -0.444871397483919
1.47208920535982 -0.0375508891444436
-2.29021669925931 0.140539069840866
0.928305396196881 0.0461306114842135
-0.435486640430457 0.233449681842889
