0.430807765963632 -0.102807056873471
-1.06826328832502 -0.813347218696702
-1.98404318072063 -0.862576873829889
-0.735315496947467 -0.143314653214338
0.0124656063913542 -0.0561056301546369
0.590443309782625 -0.549653338343068
-1.053888735361 -1.31246611305894
0.680828590783004 -0.841369478378566
0.266218510405724 -1.06282472340812
1.39729223369186 -0.1180801163264
-0.404970685295689 -1.22092541764422
-0.714286624325031 -0.057841831038078
1.20645959876985 -0.374980858828297
-1.70101546415965 -0.303925891698
-1.03135743132608 -1.10678106708111
-1.21859333029008 -0.949012833888258
0.515757197926342 -0.129551230224135
1.65953208738073 0.0530547798047945
0.531267061679161 -0.888956316591319
0.0178451116173117 -0.728367367272412
-0.988862166869571 -0.750561013027162
-0.995117139219497 -0.398350430867504
0.383153170102054 -0.753063356001673
0.610728609647689 -0.463270841935964
0.505474669559209 -0.256535815196944
-0.00364254683701234 -0.973093723470057
-0.385455324664487 -0.35997637115647
0.454990064848969 -0.774057751144574
-2.19653211566861 -1.09652459848605
2.23175228447565 0.513806876139642
-0.753074016626073 -0.062283471473169
-0.310759004697216 -0.37153363104388
0.670801106428285 -0.850375776968113
1.0533299330403 -0.0523218940404673
-0.834982636580695 -0.249082351950323
-0.418978032635908 -0.0970130067666556
-0.428518047992089 -0.656225259224486
0.31560487633918 -0.624526661777354
0.671767748769792 -0.261611010293373
-0.896394206010697 -0.0866792338562031
1.84959203416441 0.0384595730249696
0.354272336295288 -0.196549935062762
-1.01696687942113 -0.450865246584258
-1.59402337182729 -1.16547912937042
-1.44388864125888 -0.406137645259531
-0.481920280007739 -0.841602229553086
-0.0583724530492838 -0.663052794854807
0.760539528119771 -1.02795822309904
-0.657043869757651 -0.730165560274356
0.894690629141218 -0.562564103661019
0.961903004737192 -0.765894006838112
-1.60450026348133 -0.575934529592519
-1.1886804385473 -0.341729944465253
2.74608052417109 0.203030667953716
0.970897534872732 -0.572313071663739
-0.522495612857369 -0.840184381256334
1.49746498010057 -0.184666999409752
0.120445806091508 -0.861188258192579
-0.496805665855691 -0.0727885528746369
-1.32421696329401 -0.09953815426444
0.331273575024247 -0.625315057525772
0.74644705769098 -0.611790857357142
-2.26734610502823 -0.166479019914692
-0.228649464842822 -1.26703659271981
2.83229202087053 0.743897866820884
1.08412278039317 -0.451038653550525
-1.0124420738922 -0.916027540864579
-0.989953662237125 -1.02342967910212
-2.05152820630685 -1.09860883453251
1.88752164991849 0.427095285338534
2.84074972663993 1.04468762075531
0.992667906728188 -0.397330907195747
0.11737826175193 -0.622415161400489
1.56696787639877 -0.000818534236943693
0.321338239428939 -0.289275867676782
0.692690553199263 -1.0310868624474
-1.31498724901884 -0.736490080840025
0.769105729453555 -0.05180969322413
-0.274839137234786 -0.544847285505828
-0.34339892591141 -0.994847646696735
-0.447312847276974 -1.05432240630861
-2.27543009528512 -0.3290458245377
1.07682642487904 -0.35195614428669
-0.595146678489206 -1.32605558321179
2.0047319980067 0.126141902691117
-0.401297616480319 -0.46396827387105
-2.12230075297108 -0.372360574620036
-2.55973668858591 -0.177895523985558
0.0804715443675781 -0.415874655434025
0.200993016220791 -0.0573610692601328
-0.235848445883656 -0.249316349956818
2.33948804395776 0.629238356798938
0.917120627598591 -0.220731551414253
-0.286188431204295 -0.899465573497516
0.429991509330581 -0.780346037413121
0.367388896190407 -0.685779771230033
1.41035897881459 -0.19605437368406
-1.76137510945939 -0.92037982355701
0.384532652148453 -0.883130675827775
-2.01031505985989 -0.0412312418380907
-1.17871702543188 -0.105112916980626
-1.52198123810122 -0.856687738377449
1.55782978055584 -0.0710520542511894
-0.949948857719891 -0.703516361317237
-1.9922957973888 -0.29807841091699
-0.35541326878572 -0.0673837915875557
1.27088485655575 -0.317149203137745
-0.136704073004844 -0.337844133655905
1.73498435590819 0.0141906480233282
-1.09720510913562 -0.993057210290938
-0.711273958480652 -0.247342347299495
1.37158218361412 -0.242695578675327
0.652670278875819 -0.637333845925721
0.0054346841059061 -0.835050945097501
-0.144095285606979 -0.860858575533446
-1.20079534896186 -0.313428725650784
0.0659866047201618 -0.71014619444658
1.5141692100104 -0.194464513815789
-1.49285580484856 -0.174890915839957
0.545963476124779 -0.247250577663502
-1.45759099063383 -0.594489337488455
0.421513785623805 -0.807503129983309
0.826180781385574 -0.787778810541656
0.26833659677587 -0.858415230935365
0.0416696115479223 -1.24219829243109
-1.68665379823257 -0.180290493435068
1.8355207859725 0.403795074511552
-0.00346332988325475 -0.302013305791639
0.668957383023903 -0.556792258414788
0.208018948352226 -1.18749395702049
-1.869282283207 -0.902289487209407
-0.153508640539939 -1.00543307054793
-0.482413333438957 -0.191178954999785
0.0850174653212497 -0.567066266635997
0.764600812997825 -0.418662022046248
0.172506175958028 -0.896362915967825
-1.20580984180017 -0.858539720232277
-0.0475987543822792 -1.08606930341216
1.08383062156515 -0.649693611927994
-1.18483961034495 -0.801293739748322
-0.177644936553755 -0.743149967738137
-0.64974432278179 -0.736222432246793
2.52678161325044 0.293945905227272
0.342539953006977 -0.760414315301632
0.205678836922488 -0.547477624024161
0.279161424348603 -1.11393513947385
2.4724874726458 0.0716907800043459
-0.793612745931383 -1.04277275705377
0.706144779028215 -0.978564943971033
0.197577770548782 -0.626793536857117
0.153866916228618 -0.805580621316684
1.66980950996963 0.0967956178827065
1.95144393310057 0.400517808058687
1.39227270218485 -0.291617654236855
-1.3961483212519 -0.417309295869689
-0.513780600399985 -0.864393777822091
-1.60970520509455 -0.353693347107919
1.30450718630077 -0.019319636637011
-1.57034983940633 -0.5694894437659
-0.942983215639296 -0.20403084834414
-1.88919246325386 -1.46725866039144
-0.73514311923272 -0.949979079039946
-0.919840148491178 -1.29572510712024
0.319010759712486 -0.651923033444198
1.71096714748013 0.144587649125059
-0.136978175159965 -0.311241039524149
-0.666443934068455 -1.27625707288806
2.6915604788098 0.214870451836453
-0.486151625667079 -1.32065763801942
1.65657301889747 0.095901507695019
-0.46854416677626 -0.454613296069771
-1.43895989229216 -0.216808028900305
-1.36427406113558 -0.272201561378647
-1.20995457658981 -0.484203589446471
1.13419832834832 -0.776037776224567
1.04630620626001 -0.382836322982266
-0.654490341389993 -1.07991243583519
0.71225754957553 -0.770441080102107
-0.217416998173037 -0.771825642064598
-1.45839583495266 -0.513227815712089
-0.968148681474012 -0.669122651359829
0.356963282801409 -0.605454906867349
1.62404151927252 0.015957250158816
-0.696222137384219 -0.202108200112583
1.00481431736639 -0.223442155745055
-2.00748416561179 -1.25670985084512
0.226301054129777 -0.886417011873951
-1.45392939335396 -1.34675277103615
-1.0264398196947 -0.900717253906837
-0.872513262331807 -1.29455541728835
1.08674435369107 -0.190212791313725
1.66950226617512 0.063923580579918
-0.215551978534429 -0.423428835811675
0.136294402279182 -0.558285966345732
-2.33963387355206 -1.34108427413995
0.298213751765678 -0.0876824965760362
-1.32231931709094 -1.36659189393478
0.780248163937731 -0.205189077764129
-0.0325567944158367 -0.799331169836624
1.87117143743563 0.0468967278762822
-0.855818818028511 -1.17311031339008
0.283374787169872 -1.08065162208164
1.71734730383099 0.218177968699673
-1.4603432449822 -1.38691000976419
-1.08499384506676 -0.303524107157801
0.566840522294823 -0.0294695233505311
-1.30912208869207 -0.30106742327019
-0.34415988491724 -1.11693154579367
0.297392389965231 -0.267906071354765
-0.574674676608827 -0.246042857681077
-1.50765867315437 -0.0248039768099297
-0.454108395814111 -1.25526827903205
0.590543832916643 -1.06837539975885
0.848444315931448 -0.38049362222107
0.116987186983463 -0.678015884129474
1.55559395520411 -0.143674411954182
-0.690350867026558 -0.451252092648123
-0.101720075140944 -0.0852483370079253
0.0715163404348577 -0.505068831600834
-1.41985659626559 -1.33666802476595
-1.28696884023251 -1.03066374247277
-0.743046381631619 -0.299152774496462
-0.480750404160523 -0.947106430092612
0.194298085820166 -1.01399519110487
-0.931883394000889 -0.546389795433392
0.974033686514153 -0.842022936804931
-0.799628394101008 -1.3713002504086
0.603614567697776 -0.726784014816869
0.335160978430029 -0.626819751699835
1.50020172956651 -0.015424975450527
0.0391466619396936 -0.903195400905273
-0.287032017064148 -0.0829093756511237
0.602092920260083 -0.173404720261948
2.10277005537742 0.15285283764795
-2.70321665246151 -1.05114250114188
-0.949966410688371 -0.287500013529663
1.16478752392399 -0.663388698495346
-0.764068944482715 -0.273518286121473
0.68862886900678 -0.999915320748037
2.06119001536278 0.188528826014754
0.470428682807683 -1.01411934705022
1.83394472710575 0.19069191267214
1.49978032222766 -0.246748724817628
2.16238166493848 0.494056307902232
0.534861755791203 -0.681001426904315
-2.46880176709883 -1.49650054627837
0.740627849723077 -0.127676294121099
-0.891551621928324 -0.0554783357829573
-1.19413123488282 -1.00095763309513
0.375014966939204 -0.394879688332456
0.399866961367032 -0.826892836163487
-0.46740346802911 -0.411405996967547
0.0234622714838652 -1.04379180548612
1.56835117184783 -0.0277164801009119
0.316880733518231 -0.501601503248605
0.58215930352487 -0.308790993403296
0.0791321678265338 -0.062638440287166
0.34864910856235 -0.219687924348143
1.42174551494408 -0.390989358239269
-0.439224496390901 -0.515129382313996
-0.974597443985706 -1.14318869220948
-2.63055802726566 -1.46787241597327
0.65268840963033 -0.0351810502414443
-0.926619485864119 -0.0685243107047251
1.36777935791816 -0.00118610844031508
1.09239682430316 -0.514910556864327
-0.251652153670393 -0.0582664264695095
-0.521853279640405 -0.703562066060834
-0.865227350234112 -0.485782507617081
-1.05040746706376 -0.635278576733791
2.51654747151376 0.563767449066817
0.451278484030824 -0.0198004043866409
1.82369646732023 0.307333815795405
-1.4096232252771 -0.781540196879081
-3.4373888542445 -1.1309402597555
2.00630974251507 0.690602949407814
-2.25469211540952 -0.370507904185257
-0.25781536924475 -0.275780148299037
0.687398691292552 -0.343902949877657
0.522368614543166 -0.946583110211932
-0.214880349849993 -0.831247934580074
-0.157142277486237 -0.268090530248387
2.26573182101212 0.169397893145008
-1.88334034424788 -0.77094939466304
-0.106615173256913 -0.602597943386684
-0.234346927928139 -0.803862647412341
0.98976840979026 -0.742051776321769
-0.726538822010543 -0.768797179500748
2.31640853382208 0.709985386036025
-0.14389314566746 -0.741576141779052
0.300945223746732 -0.0773545749305484
0.559027361113452 -0.316448136055373
1.10719072727532 -0.0654045264328033
0.528788742472428 -0.820702413731573
-1.05568913343595 -0.502351542696694
-0.319385447862928 -1.16970486917338
0.3030898308367 -0.388511179341629
0.586243891793856 -0.150462581212645
1.2405381471974 -0.480325218435221
0.0480122985430234 -1.14514076390547
-0.294364644682722 -0.936839344517199
0.739396823972778 -0.976481355427236
-1.87561246425063 -0.0454429675955451
1.39415696583335 -0.443042459819812
0.136677555621102 -0.785871589575208
-0.897749386894293 -0.6462381691021
0.865003490028887 -0.32787473522495
0.34607066271478 -0.332150157348026
0.075326918966307 -0.0513027944860359
-1.73065773126948 -1.20232529935309
-1.29252598299023 -0.931755875061759
-1.58827604405011 -0.193416709468731
1.54879401332583 -0.0878229151087604
0.559471152897813 -0.440786353469751
-1.20324888567325 -0.456877320095534
-0.778443154603815 -0.581475245636479
1.3147474493327 -0.45606868376578
0.293145989921869 -0.0798589321980642
0.259299538258189 -0.741330091544875
0.398512468834891 -0.155634690814064
0.347998614907258 -0.898018032435664
0.42350599324811 -0.17850473266677
-0.0920564521045324 -1.04050930946499
-0.186443130208194 -0.893635447147263
-1.77928522083646 -0.430381571877111
-1.31804856477093 -0.612709302211572
0.934180408962599 -0.519251488094008
2.67136408157813 0.456671131270603
-0.0354767894694962 -0.257148790334937
-2.46354360706668 -1.40667983266265
1.13218128092494 -0.123368486849372
-1.34561992454215 -1.00116476106761
-0.987858946648191 -0.645151169960053
0.754499337892887 -0.181372961745772
-0.372949870384045 -0.508694167240733
-1.35056641231165 -1.20805008270507
-0.511130343324207 -0.0504057154702432
0.44596245026598 -0.383043708532051
-4.30445333851879 -0.779137863421673
0.368926703409745 -1.03801291780615
0.620387024177459 -1.08155414552588
-1.63704538199897 -1.17787043897566
-0.230880408372004 -0.401407491041459
0.816520928215085 -0.123101299208881
-1.0036002672652 -1.37550015500865
0.141976620815537 -1.04583392323193
0.158160201776679 -1.18436811342158
0.446064575610504 -0.96514985618519
0.264125460701394 -1.10534820793251
0.106026911335504 -0.77590074718848
-0.988718815179825 -0.889399314071578
-0.475153985806224 -0.186050597872246
-0.292393326473844 -1.16233134523269
0.522552293328198 -0.225781884422087
0.368003094342322 -0.385330770995783
1.43912543620261 -0.163089969909408
1.03747160466491 -0.346572876290803
0.254212911563251 -1.17668427648607
1.16288137069543 -0.215045801803361
0.139524356131578 -1.02033026581752
1.64136924607985 0.0292731420730319
-0.919302798680608 -0.110030598187695
-0.306844173510445 -0.745050757600089
0.430626827599714 -0.933051403184469
-2.78438169665383 -1.24470013161429
-0.876143961358251 -0.434338415477051
-0.0636789085278374 -0.0119997174979282
-0.74236963872591 -0.438221002581582
1.12581100028731 -0.641512491438682
-0.0947417454784106 -1.1999702785661
-0.567485949362484 -0.0822330192423034
-2.01825797490344 -0.193864012836324
0.232847097158175 -0.946831995006507
-0.0304210820885512 -0.0913576989601612
0.0751509819849765 -0.755907238176693
-0.912921386667393 -0.403771956169932
-1.04644694794132 -0.957156624360854
-0.720216157016902 -0.0463024386436004
1.26449085397003 -0.399713434389437
-0.577811934768358 -0.0540144531791765
-0.429333317184826 -0.494003515252247
-0.151924123366352 -1.20593579828668
-1.67070758416043 -1.39050439694511
-0.39655318799185 -1.25802737145919
1.64865626780378 0.0318340636905615
-0.756256875959144 -0.531563864584881
0.912721045420366 -0.377390571630548
-0.428549468569288 -1.02102542410526
-1.43576475356253 -1.35201265517457
0.640912818803877 -0.215831335721918
-0.716089125390318 -1.33327552553668
0.474896963360626 -0.856005195486075
0.745468463107791 -0.658193439341706
1.25464840196585 -0.296360727304865
0.588908024678545 -0.32542682258201
1.03591454806512 -0.431553241265737
-0.952986460053414 -0.191722066656719
0.318383278350904 -0.419836480577279
2.72872394592747 0.362794792051126
0.360418856708959 -0.827259860218313
-1.03549596515147 -1.19390851568595
-0.875851119525646 -1.00539086256308
-0.371035312679562 -0.793080954011045
0.406967230275083 -0.981337595191253
-0.486006749428834 -1.01584751373496
1.44812176649784 -0.368965912998883
-1.53041902528936 -1.25053548116156
1.69046325390753 0.0661222120432395
-1.15951821520422 -0.0535020429263256
0.518519127867087 -0.0391064314907895
-0.303510997372333 -0.679042247892443
1.16581454003846 -0.151216762970214
-2.26451656106704 -1.11156302275818
0.264663764986912 -0.339847747805774
1.93862889605836 0.239143385898472
-0.383566128323904 -0.0526850679679795
0.519266662111888 -0.59761584507901
-0.0844441392790246 -0.742483083689643
0.58441784840276 -0.422697753408375
-0.602437437934075 -0.69194445785863
-1.0501977736451 -0.164173016784824
-0.773749302945645 -0.412232745224477
0.224914283652156 -0.532616564735169
1.03016818388597 -0.170477850964582
-0.0146756048064136 -0.8658662513966
-1.69351229011553 -0.471831164581845
-2.02008320486002 -0.913975369916531
1.02834405342693 -0.68802807839082
1.36355907890352 -0.198581814416635
-0.0970108514570348 -0.228556339716746
-1.47855747419007 -0.27562668260424
0.473894322446609 -0.240687627500473
1.51372792071503 -0.120981183211192
-0.110506609962121 -1.18371919568493
1.31307177522182 -0.448229419501883
0.730682956279527 -0.309384623461342
-2.3509558310893 -1.13738971320833
-0.813156578022243 -0.387324717578047
1.77930407196581 0.154657714327983
1.68964996874191 0.0091807399360465
-1.7698635965029 -0.536313412842115
-0.0577976695447394 -1.24144964091748
0.70225727805505 -1.017668989546
1.90970921040966 0.262670954973976
0.261189585383822 -1.10631986847281
0.770381136105979 -0.33060823624034
-0.354419589012153 -0.0240095548065013
0.610995364932297 -0.908864738553781
-1.56579592530952 -1.04900082237861
-0.38390598783657 -0.954111914043291
0.853747813537317 -0.277386936257442
-1.77611287212628 -0.753985491118247
1.67585812175399 0.146456350798739
-1.19525124737989 -0.871162097558617
1.26753593157262 -0.131876325251091
-0.194061777776447 -1.20527837634043
-0.111481344378166 -0.300682875201055
-1.94035008199073 -0.750218728506699
0.110399475411391 -0.848839254572446
-1.22294333413195 -1.23530270543331
0.429882521165032 -0.595201115958009
0.488299080389285 -0.713025024468686
1.859580819243 0.224958436554585
0.546790404926666 -0.697990736875042
0.214012818072028 -0.807941435510127
2.54160053374367 0.445534503232903
0.87123232368241 -0.420127442697142
1.33231449014101 -0.0100603187102025
0.578024869567057 -0.25578274103722
1.04071466611989 -0.340117154141757
2.67905333762857 0.0156659918023242
-0.0688251920892303 -1.085431502657
0.715997021778364 -0.376463128813579
0.116678030435309 -1.09855734947742
-0.451328358808614 -0.647575908646666
-0.278188226097637 -0.0866946300872799
0.505266793607788 -1.11791994454246
-0.983277716389094 -1.2137955932858
-1.68687412889007 -1.01465842543532
-1.20298385146307 -0.280046760121161
-0.486894765039316 -0.825052867793946
0.0363402015811803 -1.21563509762057
-0.0372766184421585 -0.703568650976463
2.53556075436573 0.371820993586497
-0.515295014687875 -0.327004861673446
-1.14589848893423 -1.31825333556274
-1.52951344115051 -0.86773955251639
4.09982831776311 0.913462221646971
0.840971127259893 -0.667520447824476
0.467137326475177 -0.641366596032355
0.697643427734483 -0.0830737293179863
-0.964496624169243 -0.737413610970993
2.64967241090216 0.898271113530275
0.0638155627866874 -1.1137665731081
1.19136363208871 -0.645139033593521
-1.36998256288022 -0.850744020635323
1.53292111125413 -0.141737560592342
-0.506922221403207 -0.762023238330453
-2.87298109451845 -0.625604890979182
-0.123763889966452 -0.731919878938298
-0.0203778346426857 -1.10911785634184
0.965365082119546 -0.437290520238893
2.57100979760627 0.145549465629637
1.20048401723854 -0.0861808491060568
-1.29463512353491 -0.494795375882792
-0.401054123072853 -0.915044825922327
0.470131243538074 -0.0982987096967848
-0.743357103479961 -1.28605074333236
3.11872343726033 0.121803443425104
-0.679459176168386 -0.399602635642944
2.22433787080646 0.455054550822255
-0.693666163013178 -0.89798919556738
-1.13468894297315 -1.31266636769534
1.17856167176564 -0.21847447145971
1.27579456035027 -0.550800510991431
0.647039148072962 -0.769646905952514
0.213138846245871 -0.354487669594209
-1.20160631165835 -0.644190578946401
0.5722203603947 -0.162406678036618
1.7587670883473 0.278914063830705
-0.199272896896548 -0.791592857200058
0.999388875361717 -0.331806014850006
-0.317819961570343 -1.11185475700758
0.222039391688638 -0.406147488650205
-0.842841281267093 -0.925847402912975
0.0805792420070009 -1.1667190686611
-2.10921212819949 -1.27716693834199
-0.854948342255882 -1.09719909267693
-1.16194066743047 -0.590599466255136
-1.93532455404338 -0.357738098634386
1.11753464359703 -0.713725729669922
0.371530231503367 -0.363687394341209
-2.39258168941281 -0.374317717939287
-0.302885099480142 -0.98152440412258
3.21174966268143 0.617515341800122
-0.950305424598575 -0.584578190692114
0.916802541067129 -0.699174392207748
0.735962681284942 -0.750648511748072
-0.340890630556275 -1.25726739624803
0.682082427819606 -0.247374189875088
-1.08599123169235 -1.21682261802661
-0.943472578080759 -1.34299186845085
0.360088104728401 -0.54831555385287
-2.10431827679496 -0.297061500161499
-0.206379849989061 -0.753131364523298
0.110384170270708 -0.730109888706692
1.14465530683686 -0.307611103239337
-0.796085154873903 -0.346889827483262
0.904694521249543 -0.744901478758683
0.883682606600336 -0.70130670761954
-1.39104847267664 -0.229384380965803
0.934218734069931 -0.726178378616599
-0.0486434291278316 -0.155145655075273
0.194729657829075 -0.0337049744649448
2.17811513615796 0.0665166609881451
-1.55787581578714 -1.26155936490727
0.239190864674182 -1.18985208517587
0.374678058438152 -0.970601551471933
0.398017243906136 -0.949562192789622
-0.632396393874452 -1.16539856510986
0.0533546543254499 -1.06965732598115
2.15351202413313 0.382490943836082
-0.956342778157921 -0.395807838601128
-0.732676678017455 -0.271755243300017
0.314490160043676 -1.09623343440889
0.540179838296571 -0.0769403269874725
-0.28434362319602 -1.1094839353529
0.243452743308656 -0.258130976318647
-0.15653883924379 -0.541873700784123
-0.118673147617757 -0.00655270692669939
-0.103449860762122 -0.276748689796415
0.0952326552457389 -0.600008657329955
0.999610733230006 -0.308292394670518
0.11025927263818 -0.0727674553811431
0.686521744929184 -0.547739186243989
-0.399325602422026 -0.948478441672041
-0.258221843940923 -0.280521934142238
-0.716532242065193 -0.120584383060683
-1.3086056350373 -0.382760505943571
0.0589922410408633 -0.437305882001278
-1.00507399443441 -0.248233687665468
-2.23477514456331 -0.777442799755743
-0.538367011412421 -0.829885142571398
-0.337166352463592 -1.15885845517772
-0.554109676907267 -0.47727059557692
-2.02736142704269 -0.0203610119402272
-0.614911624527447 -0.647059585402417
2.3210718259315 0.54453835286164
0.0155488454155601 -0.376858043433928
0.697867468135657 -0.494774866570349
1.06544650557113 -0.144892678058958
-0.431982479276528 -1.09492902439925
0.150937237301031 -0.230184985894642
-0.0982770789119528 -1.15472211200342
0.572385038972007 -0.979858389638557
0.790185463189358 -0.187076849159735
0.742109900837508 -0.521714095146452
0.591065007931873 -0.286535781495879
1.92842647300807 0.136965698087916
-1.43000749281473 -0.299361894337672
0.00300112627785129 -0.0343397168117169
-0.171672142814672 -0.202404295797402
-2.92759176907878 -1.50810740203787
-1.16068882633679 -0.532004855563402
-1.35974266732977 -0.232039542542368
-0.0728370162720562 -1.14184171614683
-0.144829998612022 -0.832870379201078
0.985468861286621 -0.708362200530855
1.80195166698522 0.257583939552795
-1.93613036319011 -0.312666043412513
-1.45931807499501 -0.958375973485928
-0.382897394709861 -1.00038863084295
-2.24474322434296 -0.711851255957944
-1.24835589152065 -0.416821595698328
-0.0852010491082285 -0.81102574449915
1.32959045231928 -0.362261563547966
-1.33810235370546 -1.09465400807161
-0.0569524445107907 -0.763402707355315
1.21411578653734 -0.529345778272377
0.356753188480612 -0.571358500766947
1.91437130111595 0.288907633199652
1.28791745174171 -0.375736313254744
-1.65229350647547 -0.559000097870666
-0.90705760063124 -0.951771142917878
0.830016857204623 -0.706674351691674
-1.33313483351296 -0.379339284806169
0.618773405632431 -0.475250738827717
1.68628012324157 0.061395591836346
1.18386556278011 -0.625081049618066
0.80453814076048 -0.277829570495504
0.832440005236918 -0.181339139375768
-1.74450962814807 -1.19697406400507
-1.23797316772324 -1.17683028908136
1.38248128159765 -0.421282432743575
-0.54276617378587 -1.32269275737431
-1.98123380774535 -0.0638179421599078
-2.86959832136119 -1.04875849414286
0.361004549909025 -0.381255112835967
0.739519421357948 -0.536568807164977
-0.210388668408401 -0.808381362159343
1.13057653137261 -0.153567415168219
-0.193193195029588 -0.157049448738726
-2.84775898547321 -1.16815868806689
-1.26025612838464 -0.58978137787939
0.953121002053669 -0.509155637599989
-0.616221484875952 -0.113012693017662
-1.30629402263515 -0.0226879450548337
-0.702400025327609 -0.846482159447482
-0.76801221701813 -0.0519633317391536
-0.110569130483457 -0.838939930981461
-0.113068900833038 -0.260649598741614
0.0297475186610393 -0.146782800472319
-1.23652793805798 -1.01354192801273
0.165273521174203 -0.970994563631499
-0.304253268823852 -1.2124669418478
1.13889916510221 -0.658408868084551
0.827696696450392 -0.725502409214033
0.420372749175028 -0.0242323664769823
-2.30309151666581 -0.384810227995737
-0.236103902633064 -0.989519554085908
1.10072091131434 -0.663929429861296
-0.591870896421828 -0.238459242807097
2.15565342341109 0.700282648079622
-0.346690208100923 -0.240952290486026
-0.473431213054479 -1.26555092425491
0.0687695902013737 -0.407500395468677
0.145439553813379 -0.744403102123912
-1.13711418430593 -0.944307800648204
0.781734864298885 -0.139246892303139
0.464368336661337 -0.698212105563493
0.251741866444753 -0.114276592672478
-1.20500260584112 -0.798129393982911
-0.653887004496891 -1.31878049320446
-1.04308054928486 -0.0409345451316504
0.210550494789327 -0.792900248452321
0.939707962396982 -0.399397150434674
2.29980566177662 0.753735323016485
-0.833048952389275 -0.279794153158982
-0.484642239075523 -0.875513516359803
1.63177896245421 0.023518939267428
-0.71076173318284 -1.08750195740821
-0.505949144586426 -0.436880454891651
0.51498603790408 -0.310484302843971
1.4198079664132 -0.189000646248054
1.20065320844662 -0.268792001325493
0.316767843164775 -1.00455698176988
-3.19768631863142 -1.39699494144663
0.229437459019089 -0.656289021087447
0.709329535014554 -0.164408157707033
0.439835597348844 -0.329172614461757
0.37773580521442 -0.869685902941828
0.158243443448296 -0.132234916015616
1.77621034556666 0.04366675798707
1.91975188207069 0.508197737860173
-1.94152988206944 -0.502239357679473
0.686244752936407 -0.661534901320283
1.70836441063873 0.0374701592019485
1.25036433107202 -0.408764448209189
1.08811345540867 -0.000849451944287135
1.90942749804332 0.149417328600976
1.03903350530606 -0.242891464665894
-1.25628619908081 -0.318725833283818
-0.566599001074246 -0.789914916156899
0.561180977086129 -0.819063547492532
-0.157566357726404 -0.160400235541127
0.844364455473021 -0.807990445285682
1.21373747517469 -0.364516624159214
2.60866500731524 0.749982969563532
0.785705817981494 -0.69832630992729
0.307778750738393 -1.11954549309025
-3.54052239689339 -0.759473562479395
-0.164518025092975 -0.170166388205199
-0.156859265708729 -0.0813773065882616
1.13249683706506 -0.706736255270319
0.708493051978897 -1.01495414233474
1.67103749904942 0.123551323597606
-0.32667800178076 -0.046766612163613
-1.15473804422042 -1.2725710501731
-0.169268352695387 -1.10919191355334
0.506984045235305 -0.109323486884131
0.875005646900767 -0.32355502536311
0.375308643980543 -0.0343451343818871
-0.612182707525582 -0.35102487368994
-2.19801702841671 -1.46281389407557
2.58787547727311 0.388156196678077
1.0507131803638 -0.844348090510611
0.334215964179759 -1.12693163261871
0.625992653837519 -0.857949123623718
-0.875383274639042 -0.845873146427405
-1.18529172026458 -0.191413217032277
-0.870360335899534 -0.992376720524158
-2.99912113801672 -1.51413660795889
-1.55485371181138 -0.588308876446152
-0.345456145833619 -1.02523930341855
0.595703113758492 -1.05417563790596
-0.207866108514137 -0.827269624195928
1.25201962227185 -0.520028026944525
-1.92180339041776 -0.899372703693156
2.89872770140825 0.176072076380393
0.519646219034857 -0.85093241994608
0.425679242409352 -0.237740042580821
0.914192223995236 -0.530832902188462
1.0113957458715 -0.0268418180584804
0.156345323100103 -1.05138522354871
-1.18109171986509 -0.514180636249489
-1.91118175935774 -0.187060127497389
-1.75113840477542 -0.830896063159489
0.0713679262061623 -0.55678781989956
-0.136197376020066 -1.23397093884501
-0.646224664847762 -0.0194532588430965
0.00897133353185312 -0.679830723866064
0.222080236323007 -1.04850366208966
-0.294492787887448 -0.655294809511434
1.64897932203311 0.108326247664169
-0.609349845855071 -0.528209407415744
1.28575240337802 -0.144039724891762
-0.498329564920017 -0.425534784282264
-2.36248102285922 -0.5744326347849
1.08683840180556 -0.271439963645568
1.36492688036389 -0.449713401144432
-2.02263698650081 -1.24431204108088
-0.772847994335164 -0.747640582389292
-0.503509828439664 -0.558636187282612
1.33874916762969 -0.315817502636856
-0.650733238704502 -0.648754434271495
-0.54022196506584 -0.907132767948378
-2.11636980838624 -0.0242642171442173
-1.57663342665177 -1.4322618963487
-0.74798144001158 -0.147978793712631
-0.636985330604693 -0.246213135042541
1.30841652093263 -0.157298192883501
-0.944186467387104 -0.480943899419
0.0998079584195773 -1.10386367916003
-0.907885412726107 -1.00308122174012
1.14383960110771 -0.1932427015464
-0.749518477320936 -0.397944950590827
-0.91170214482657 -0.0134115107862091
0.352753152576317 -0.529294074373738
-0.873446768750157 -0.477953925630805
-0.273312003687674 -0.0799325097878777
-0.88095626740309 -0.00763050188203576
-1.18089726394777 -1.34107355405762
1.50751631616039 -0.1419522675185
-0.884366060920362 -0.883386913215471
2.14900523205889 0.218148285735045
-0.907302071442746 -1.00592015735522
0.483541582993766 -0.430321362495324
-1.79182468064063 -0.141790289578371
1.25489532432515 -0.103595423711953
-1.58332159907423 -1.02985638458329
-0.0669324840173378 -0.096772771569598
-0.365157554391231 -0.423134396783856
-2.05041688857964 -1.14154362707867
-0.634387950372481 -1.15938140725884
1.9767563153983 0.102697111892594
0.350602562252464 -0.0594905380384138
-1.28403288189871 -0.20404456645612
1.03126831037157 -0.18188855432168
0.279273728593909 -1.02638416037623
0.873856490283895 -0.348140562535036
-1.22465490855445 -1.30883890857732
-1.22726549046063 -0.172979549165478
-0.632279365480315 -0.605449341365935
0.299419310118109 -0.83574891113211
0.42387215404746 -0.211565009217655
1.22458090235231 -0.24846354478112
0.600928914079168 -0.261779758921382
-0.670029204953144 -1.10894798409228
-0.94750476412691 -0.808579634427371
1.68022943415576 0.168513106350585
-2.65455456556442 -0.281191660526506
2.39668320247392 0.758823719192658
0.62716400083663 -0.509946311658074
1.35930867441127 -0.397037556577371
-0.284256336501077 -0.828184216311307
0.485582126967563 -0.1376729904261
0.290178251897447 -0.683590435515296
-1.43514338013733 -1.39557899368863
0.796186404972512 -0.450236002750002
0.0712809048770465 -0.349437925286396
-0.7249626724267 -1.22810772251812
0.616909781470289 -0.773148389765185
1.37731666301608 -0.359476801724221
-0.188887481164013 -0.483976487579071
0.595129325309129 -0.436163075744249
0.297938122481359 -0.00541200959391148
-2.53973461330987 -1.25046865069213
1.11451696719231 -0.154368413457286
0.522545541519046 -0.132059435244592
1.66601717058706 0.134627884293846
-1.70785444473726 -0.945768112101381
2.05824447566427 0.455396455771302
-2.29175914554936 -0.591713019292151
-3.09246436092736 -1.48938124392521
-1.12270398113427 -0.905696194878768
1.64338504038888 0.0600362421726914
2.20888878725455 0.431969595312154
0.433873015432574 -0.282861770470903
-0.777800621937182 -0.115920835470866
-0.0752539761557675 -0.441886504721618
1.96050397354834 0.0453718855636606
0.246637503099407 -0.246548727281685
-0.0705278723936521 -0.563712837701035
-0.0903829899331961 -0.303313845019532
1.68789697254977 0.16040884848395
0.28365211533815 -0.0139923713307276
1.51374520803709 -0.049269916518463
0.660337863992028 -0.777771541903101
-0.980215012184663 -0.561245976265489
3.44373532306488 0.782535692983376
-2.12728199116729 -0.438258276970305
-0.0621068374870869 -0.259935728059125
-0.0208197510409537 -0.708073727510329
-1.02591679238089 -0.067416899146104
-2.28062369563336 -1.26009216667531
-0.462810781803902 -0.929922252221875
0.622422262194177 -0.341569779377319
-0.0830245505008008 -1.04757690217065
-1.29666634821284 -0.928834587364217
0.702769530191733 -0.907357035419263
0.132113946551047 -0.403819169974853
0.0941413582027772 -0.912323364652411
-2.4227910118067 -0.294801289952634
0.461845798092198 -0.7970565893044
-0.892202928153534 -1.29728234930383
0.426571624411053 -0.224083900639528
0.694792679300901 -0.0825755487840433
0.50449592456235 -0.823326258424286
-1.17264444580813 -0.642270431590443
-1.04335742108356 -0.758640861590952
-0.463819737270663 -0.318466738535217
0.387189582838282 -0.442914627480783
-0.785201196263544 -1.20648322823457
0.314624862552342 -1.08247941698694
-1.00808380826119 -0.263617030788732
-0.487714010702103 -1.00815567239589
-1.08731092293258 -0.175308507581011
2.133043399096 0.471629409458509
-0.000771897146332504 -0.698846161783758
0.685721080867299 -0.794158514173569
-0.068764527834897 -0.954364271327817
2.73417593837468 1.07187603884309
0.0525595467094468 -0.699305319042492
-0.0631097067096105 -0.421437000253551
-0.0180837096253319 -0.253282057693963
1.35190126960782 -0.432833547245718
-0.523310616222349 -1.11609579875349
0.173520749380013 -0.167092101727493
-1.78595954332361 -1.44985595228386
-0.287739013374717 -1.21754995113908
1.1376282762023 -0.229540764173091
-1.39236596604676 -1.40836679275789
0.713220452594528 -0.326008915556279
0.208270289025868 -0.9174649123588
0.496817906178407 -0.654906308689196
0.274906333085544 -0.752533360799393
-1.56541815251825 -1.08447580676104
-0.15835450545282 -0.941766328113927
-0.932075456890545 -0.974155323967735
1.44952729965434 -0.00664238659746569
1.61566425642811 0.000364355035378893
-2.30130696055282 -0.540502599128291
2.30369605314751 0.560764721623326
-1.08239835104922 -0.174572855819152
-0.803410874497202 -0.648304694132754
1.66995332765629 0.105264179779044
-1.71646994108289 -1.36297750143667
-0.975191072166612 -0.0461043870536154
-0.87253214107006 -0.102734464647682
0.512835665896371 -0.318192593544252
2.27200360555296 0.0613343369272654
0.0792627045064768 -0.839809640757257
2.09082177109677 0.291541297628333
0.443028107664124 -0.982709266221048
0.531409437226609 -0.81130330170995
-1.23230062894834 -1.07637624886719
1.2712504206126 -0.321291770066486
2.62097598668646 1.021433643752
-0.590282005573751 -0.346130285471097
-0.802553370190054 -1.094185685083
-0.99122733526369 -0.565945563311556
-0.500833811262137 -0.983468200686879
-1.78988042917472 -0.910925645096319
-0.153233620785848 -0.563243337332142
0.145497920216514 -0.0165205405426983
1.48617626224185 -0.201777009228339
0.449251630721419 -0.00561374700962916
0.762262861467169 -0.343332597430675
-0.858473106427884 -1.12611861150067
-0.904003686709519 -0.622831518859253
1.38489000069148 -0.228446158491654
0.261770332345811 -0.324483153262106
0.647650013907736 -0.231901214000495
1.32006801598783 -0.119102158487396
2.06260249094419 0.439917816719571
0.470928758532861 -1.02976485541611
0.605689430858701 -1.06470973898189
-0.119194033908552 -1.256075155087
0.481852879803565 -1.05460092869829
0.728609280008293 -0.542164671800358
1.00864199320679 -0.596684545432928
-0.226416878955504 -0.156107767392987
-2.03322212710545 -0.888560175231281
-2.24569161740428 -0.479989042355058
-0.051318020425676 -1.02044159623413
-0.364109864055722 -0.533141800460236
-0.384945894352356 -1.03675839133608
1.24901280668792 -0.607901651056476
1.28678156944151 -0.0297819057408315
0.205379683225794 -0.00265831762124233
-0.885403675484849 -0.0157568854008254
-2.25946491226617 -0.825306010483069
0.565864357145153 -0.994014845315605
-1.7266826772093 -0.33806913123153
1.0210600904051 -0.47419613090469
-0.291447369100364 -0.353191123598421
1.30971024614557 -0.248243586989038
0.211884006621008 -0.773975101472061
-1.5454219589376 -1.12789506533242
-1.15188038207827 -1.13231789156131
-0.367045370067148 -0.807774345454063
0.541738829151136 -0.285613780180253
-0.249910906588287 -0.262271649456655
-0.663071430667769 -0.309958310382545
2.39168413404316 0.0885815978058085
0.437900450322457 -0.781008531484786
0.87195848852962 -0.675701675785534
0.22304463040842 -0.497517882850547
2.3962243524112 0.170068268211876
0.0766007315125708 -0.766346100127437
1.59194657212865 -0.0485402679045789
1.34966089131012 -0.0772982055081298
-0.474220090611698 -0.00568100286947823
-0.894974570935583 -1.12618019855134
0.480571933821788 -1.11523598186217
1.27855068785495 -0.555207325029662
-0.620506954305769 -0.932514715824286
1.79844214762676 0.39907647258929
-1.91779515761391 -0.146451470422801
-1.33936114775674 -1.16270356761929
0.272209779883577 -0.855427393652833
0.642485437962143 -0.000310430193897874
1.03524638049237 -0.682606392975052
-1.64163526691907 -1.22599811500234
1.74226329534 0.255823157924607
-1.0285183989271 -0.306270840565909
-0.600593997722031 -0.737826033718726
1.81993875333267 0.391411184730239
0.763807028493735 -0.0433137751175434
4.30160279100225 0.355201310430562
-3.76346317716433 -0.26352549639649
0.790178234159071 -0.676169235262334
1.81508646490836 0.0863480730340779
-0.822286596266148 -1.19108612292977
1.92745437465293 0.0426841761307178
-0.365849834536195 -1.10514650548616
-0.661436815591139 -0.668634916524254
-0.847826525562811 -0.249241898390601
-1.45666815666001 -1.03166941735566
-0.595673176415212 -1.16999000939022
0.0468760679488253 -0.500405530585944
0.547559623614474 -1.09130977651182
1.10130031422737 -0.150463051685755
0.502137997572907 -1.06578695702059
-0.737628323149229 -0.469805551651487
0.103812575730315 -0.562871484773553
-0.0179732818022477 -1.17929465715538
-0.489976127096799 -1.15818116197786
-1.55730643918368 -0.396220690654127
2.47039415901301 0.400685002726244
0.234085564771643 -0.130353054982411
1.66620374202363 0.144151727453329
-0.280185746894546 -0.917059182208396
0.845838328570634 -0.678098438035845
-0.344469141333867 -0.245917047625151
-0.119351937408311 -0.0653625053399274
-0.569648577835556 -0.938890205040775
-2.0511734583977 -1.33368720349046
0.320642999174009 -0.0839883949090301
-0.863208674760136 -0.822643346012171
-1.86407923258734 -1.27316196877742
-0.607285838237278 -0.234958144896068
-0.656206938808098 -0.832135986083952
-0.252168668834071 -1.0142037564946
