0.338958503610722 0.212860458904149
-1.50265956960664 0.885238194904101
-0.975857050891549 0.273881320683449
0.180228728515663 0.189833078398484
-0.435346234066416 0.526771381268909
-1.04453028838208 0.970169934529188
1.82660779057611 -0.277238172662714
0.704407771387406 0.217933378744941
2.39577328076416 -0.504525881090766
-0.436288757907792 0.751968845711037
0.0601470119541742 0.284987645274565
0.101382534506685 0.617189425989503
1.38410184089703 0.137789474992107
0.68478196720181 0.393533738428169
1.29156225909736 0.185797005851578
0.683389319689933 0.262933050711413
-1.04884097200327 0.735951354910427
1.18098878029557 0.144266672289735
1.10641845590988 0.401079093821846
-0.302995139852202 0.00393530872553161
-1.57026251226532 0.122451738297075
1.64073221713396 -0.0561152312645903
1.20172312894333 0.334499669619929
-0.584284582231267 0.0676160202994904
-0.479988387207713 0.217566172766968
1.12177894521054 0.208840636851575
-0.782802387922299 0.724938741749394
0.205694166453488 0.155925505825649
1.42629901482776 0.0708023538798939
-0.853848499953278 0.893257036552309
-0.0556734060498399 0.632243877048473
-1.1762053984273 0.495958099198108
-0.781271432765263 0.816297656408809
-1.17880875164521 0.858545166558365
0.0326631820203693 0.376500844575278
0.684226861497309 0.543920320720576
1.90893680602613 -0.216449848587733
0.619418295788956 0.161563661384088
-0.72971108341339 0.449620221352121
1.10847059423122 0.0508432634029737
0.832553942103815 0.575639103441432
-0.574757949850652 0.764109669018158
0.959435412421013 0.548691336051666
-2.2792416482573 0.840079996869701
2.91148805199277 -0.451621671007578
0.0264298836812447 0.0759640126762038
-0.994648186726241 0.880487406201839
-1.5778702966801 0.984550439604114
1.78860580154741 -0.197701681000353
-2.37708401120135 0.819482760493281
-0.591221770074117 0.644711350543689
-0.250687143130575 0.793605155316615
-2.57696043959967 0.329654392226645
0.491908170152139 0.496294429382334
0.0956001558247246 0.503389073747435
0.536997098441494 0.178117510390889
0.169871347869017 0.802149400310685
-1.3217395799694 0.575949074323059
1.33656408509303 0.0852292226087976
-0.132858166932342 0.325327641479607
0.952082138464838 0.096744870862368
1.68424527448121 -0.239593019207581
-1.79418270116376 0.320483756478248
-2.91371657011285 0.819427444114179
-1.27199314091422 0.211489135381824
0.857036297402604 0.603139410839744
-1.02555021025014 0.89294028181554
0.00120443054858374 0.16519668858535
-1.11918783363569 0.0573642251282471
-0.816503985140154 0.526248471372355
-1.45697239243076 0.900923921965112
0.882831323962741 0.195897263388676
0.869087344914913 0.128177096398939
0.444805153846287 0.607167970989493
0.0980909334279239 0.25463005804502
0.742056021499797 0.494121138391106
-3.97514280483888 0.869262436094632
-1.86907040615737 0.825409686382037
0.369647360968361 0.498718059580337
0.380854185139447 0.227273943160046
2.01500899723774 -0.0509970569266501
-0.698897597040503 0.228228832409285
-2.7821246405134 0.359935257295303
2.25916707758668 -0.604574854790071
-1.55585833886346 0.147428792643837
3.13270838220993 -0.651105356712885
0.96677632973882 0.061956442005246
-0.298627778424248 0.213301568604535
-0.531798506439054 0.248690910920125
-0.565436352987836 0.904392470218239
1.75677353122919 -0.0537491546107011
2.96734418905172 -0.318288773439183
0.596048202027031 0.710020709949805
-2.40325821057618 0.471344059883834
-1.3165305474081 0.395123737505047
0.515298164016724 0.379819537070075
-0.263989260601541 0.259629765991827
0.689449501341695 0.0684300134660676
-0.7737962999144 0.160079806228184
1.56705152170063 -0.0960981063197651
-0.30312891409387 0.848096960381416
0.487825380057506 0.637331468224238
0.000512984000799718 0.628478797915003
-0.567535012188794 0.520706115692358
-1.51677564892172 0.410731803055138
0.161453802125388 0.163483119255014
1.30946845804773 0.0344541941084255
1.22167740202856 0.184505328565955
-1.41635789970544 0.316624646784932
0.391283907619902 0.204369026065526
0.159375196190878 0.319243400135894
0.403231706602381 0.515492216298541
0.790767593911756 0.223995887494185
1.62896979573678 -0.0927975490592389
-0.734245924923745 0.212198945915361
-2.05587421201459 0.838886707156088
-0.493451000793835 0.135326672806955
-0.384958341740922 0.866567867300883
-0.760723352049123 0.18573821571505
-1.01962081519641 0.695372425488123
0.994999792216273 0.365969723703361
-0.181603883694256 0.747134016684891
2.16138907964173 -0.605276470289618
-0.00856315949077171 0.124593548923943
0.45741893290968 0.279715166298453
0.318341923699538 0.175620353267548
0.41974616108858 0.128207423081319
0.323961661888141 0.303320898046996
-1.9981055631686 0.28078348567288
-3.16742184534132 0.409297090205744
2.56866697373772 -0.512709999668882
-1.66995717791434 0.897908666620574
-2.39229753410632 0.358091076685489
1.61043146071511 -0.0564251719999689
-1.24629722615576 0.433276556562463
0.667349754670124 0.166836159847067
0.841540283299126 0.195415539453979
-0.342661914352243 0.890211266515039
1.02009486756956 0.415943820135446
0.312176559909737 0.625346268794982
0.503341602364965 0.319073667046967
0.802054296928779 0.130234712980604
0.490594247460956 0.278832006901472
0.656312817362996 0.626070370489448
2.14667290967385 -0.5369365891612
0.654557618838481 0.45129785699214
0.23050444825351 0.577620686747976
1.41944765566806 0.0561276940090039
1.96411808322038 -0.200117233277068
2.26190548831759 -0.0110084863161717
1.03021142858756 0.527695856454751
0.270724924500363 0.0581179632052887
0.671363128340398 0.682486467187941
1.14164706175427 0.138137142794556
0.973758783885643 0.301427658254456
-3.01191079937073 0.624885535723618
-0.423443913301303 0.300717148845591
-0.189346266605586 0.512839872936634
-0.647824332330262 0.175814024919249
-0.153604913791113 0.734765014433233
-1.51461458492249 0.179664518129321
0.42203218548976 0.672489442559024
0.849462666347053 0.517077752153193
0.509058862498971 0.00855613180167895
1.08121425306321 0.104619939881476
-1.079391747634 0.203569261946857
0.149756970088937 0.246371080505982
-1.22538915441062 0.318683530070843
0.71272314283314 0.557404399252124
0.196871202432744 0.243922689544118
0.0598437105851936 0.165989450305196
-0.60201914390011 0.275698282501767
2.43289711309714 -0.277607743927439
-1.27968586116611 0.388324136249356
0.0476842475954144 0.319566359139033
0.970885595249258 0.343851144340323
-0.231489606989982 0.853739239866059
-1.91598332971505 0.616489776621639
-0.143864923698732 0.126492612870929
0.568152854694299 0.129887584782328
-1.49914778343102 0.777643986003959
1.13061547651204 0.333852293120959
-0.689072806136648 0.544941039135237
-0.519986828966591 0.360518513017742
1.11004888067956 0.317788064348433
-1.20584207643978 0.258925322523139
-0.732909569031214 0.0132775941880072
-1.06282012820699 0.365394436914953
0.0996118419416186 0.110465024575635
-0.36292641848085 0.593894960627017
0.976318263121545 0.155878570614553
-0.00174701377467326 0.408116354373683
-1.37082949642308 0.783320268203356
0.431998214664117 0.0291250693862392
0.985044557389716 0.0977863812188784
1.18986739125709 0.243770265755021
-0.602450998260979 0.696334716945111
2.39661319177666 -0.0631462928074454
0.152972644288311 0.0712202086071198
-0.379711127616257 0.57771609947487
-0.307988159472811 0.86763086441784
0.0335546782317618 0.781113437950487
0.543505701864505 0.349167774461704
-0.237115344664691 0.0440230425496678
-1.23539429986176 0.858829921288181
0.203259659084354 0.240163871436096
1.12189303123993 0.394403388247277
1.12467769855996 0.394957361016882
-0.540753035449169 0.0303478019985318
-2.12750268233824 0.00315887944008211
-0.110637271948042 0.865795633396711
-1.2084038024128 0.943973733191212
-3.2206336854547 0.128140570438096
-0.0401222331810346 0.573427791417173
1.21223222535817 0.086901050233876
-0.371469435871362 0.831799477620002
-1.45634429081555 0.677882145531411
0.401569567902535 0.234422784943914
-1.46375552511281 0.593359746799138
-0.11667418005524 0.231790286024714
0.887263896513184 0.198326849338886
3.39963381277943 -0.780470551927305
-1.50215231171774 0.329909693741628
-0.19843601047922 0.751778035049384
-0.333975109129532 0.489771969729461
-0.768548559062261 0.171158447015008
0.562923920466921 0.0203351043815223
0.475336423700455 0.100012272431521
0.833196623532952 0.282076428174137
-2.94436667341329 0.0358942157303362
0.395533228550828 0.173185030992921
0.522116150099584 0.0382335680571678
-1.03591373979426 0.205750353293176
1.15866164188994 0.0342217068044915
1.0380270422774 0.199144814205434
1.09911149452658 0.234153187876385
0.361565782095239 0.104395054042974
-0.402264302290823 0.0739138946011469
-1.72516416568591 0.593987266705854
1.85962870378995 -0.0319328498937715
0.23687479864362 0.774214251117606
-0.745994761453307 0.053629232628622
-0.0504428669325576 0.132076806196115
-1.58629983725009 0.230959992408731
0.390719512607965 0.356808200232725
0.985273106399386 0.484999729045474
0.39498653001619 0.31913648266807
0.981511620535367 0.129592058798267
-1.44484825381336 0.554406937199919
-0.229874524933714 0.856869920485471
0.0238938446086826 0.245010987606458
-0.48452967213373 0.285628275523626
-1.10767326630867 0.231951378674859
0.511310529170379 0.339241367132859
-1.20419913742923 0.0711273709359473
-0.494058397762763 0.539145662093323
-1.32678566886219 0.411239749257436
-1.91549139675669 0.497987051666336
-0.147240349039217 0.0758054916657991
0.80804709383512 0.413289170550911
-0.858200651687768 0.287701340575525
-1.0767489286658 0.532364521965105
1.50499951077409 -0.000279165513195171
-0.55789328305073 0.329950111901272
-1.24738604438064 0.0195175717095512
-2.03063141880238 0.287569994022473
-0.0791924916467097 0.118604225936545
0.965209802585757 0.122876897082846
0.279753991227136 0.426596551725883
-0.0825862043406588 0.590137217900352
0.716016668367743 0.612047324215182
0.129721393848016 0.108693768445402
0.184329422903411 0.348888517557866
-0.253416662932671 0.855576888113197
0.561645940380255 0.448523755291964
1.20797456526733 0.0665181651852755
0.479046356738532 0.139198851463733
-2.57763591811775 0.931336113027795
-0.563067855699302 0.788331981805062
0.11793889322332 0.389274337793838
0.26043856129298 0.403580961137587
-0.188652024901802 0.402697202496253
-1.38223044194824 0.897091218786627
2.08574154220176 -0.533327986036433
-1.29480214412223 0.583324043198992
-0.864449302687905 0.374395219822582
0.479836298814313 0.654962271537842
2.12607403580663 -0.468988600855133
-0.0869726403551652 0.364173510231765
-2.19447707439912 0.900162101343297
-1.65901292833125 0.79905868878798
-1.81550749895418 0.163335757719617
-0.044293901839653 0.0592159532224677
0.443050834923546 0.75926459882581
-0.0124417227797975 0.34874138808002
-0.418561539603407 0.498211498123978
-1.4888034059067 0.510084497525497
-1.4480635777675 0.796016434313886
-0.175412369182997 0.151752204249484
-0.308441578800587 0.719158657474535
-0.893465809027987 0.547843725286461
0.155499905957861 0.764399107648467
-1.28955011368811 0.950394148477799
0.705159864420708 0.238404563146953
-0.833522705127625 0.801844773103981
1.34065378602996 0.139722054017755
-0.743396769447699 0.921441492196939
0.294623054336307 0.445937193386035
-1.4389972428693 0.297047476496397
0.0972507903644503 0.151989855510471
0.841924705676269 0.244667067737428
1.51629837096779 -0.0166747490486784
-0.248131453520559 0.697566327896723
-0.367447576994821 0.439706003929703
-2.00822212529781 0.265149632170596
3.00214168813487 -0.315772308274526
-0.211423161311575 0.112975638218068
-0.241844314788928 0.37090709307243
-1.40193361033657 0.857925192410254
0.948003256805024 0.0814065313687332
-0.771801580705155 0.718139936050333
-2.02619812915012 0.050536914944799
-1.27210111277203 0.448228111196011
-1.09513063853618 0.210350779846493
-1.90446582325418 0.664125910514743
0.39944839566286 0.520711512189167
-0.197247449701904 0.78342744365408
-1.14090999297224 0.785486526560604
1.45645119052687 0.00554793436891235
-0.904428432880973 0.584299760132481
2.23812383303965 -0.0448823467316998
-0.00416648134215764 0.51235445389957
-2.01055200082397 0.693059552721112
0.00541293238533042 0.531100588321943
1.52024956736949 -0.0127572232667356
1.33272806585421 0.117819218583112
1.17868924120401 0.0234151375219419
0.76897327999364 0.295465626033019
-0.845707234500678 0.615194896903406
-0.075930524851034 0.801545428834251
3.55980548004202 -0.752729065110632
-0.467981802084892 0.662195699305309
-0.48105229285316 0.892071420692753
-1.24571552346089 0.928890524446886
-2.054085742718 0.428139321486678
-0.805508737856205 0.842851620526526
0.122167080080636 0.0641183801514123
1.42141738259809 0.0554053813384332
0.0359489278455465 0.680954309931195
-0.312648066610925 0.0513532533145051
-0.49402591617136 0.850049217016134
1.37184892775198 0.0149634048010429
-0.0201240276100314 0.225594191711522
-1.40130601254392 0.11648046111692
-0.303336158968111 0.165280850252002
0.380103386293929 0.105216194477876
-0.471877585902852 0.381998707151861
0.318790840422959 0.391604491693909
0.557235064220182 0.705556876277426
-2.50913974361861 1.01438976257677
1.29629313545533 0.050778175168605
-3.08382637657727 0.323178438148353
-0.566452183371033 0.104319378278459
-1.43662591166887 0.0363254089117778
1.11161636575917 0.319742691579481
2.66496708091037 -0.101896585673052
-0.193721306897377 0.061963746030124
1.81581905643152 -0.127444994909505
0.157306178567516 0.208718056367915
1.0872997928329 0.252254751410191
1.89007140161261 -0.336070430238969
0.226197308317422 0.561420274717546
0.624172726725227 0.0487514105471256
-1.33978925088607 0.722695756263043
-2.77580003659652 0.0309142087866399
1.98436512019 -0.346141307962292
0.366263308315209 0.53190970454381
-1.88315621764588 0.351331808985841
-0.826174302827398 0.352740899247359
-0.625176183148498 0.898151412964913
-0.598387224314976 0.489805421391293
-0.272174595831734 0.45578530451577
0.509156188201043 0.5245830363317
-0.800445127031792 0.494765499815732
-0.350487970371124 0.290193987534119
-0.0495701650159244 0.720908201462383
-1.18830609625386 0.830137086800133
1.18016401579105 0.0819737047845472
-0.00158971642082631 0.736479726192199
-0.306085879206257 0.286809556494121
3.52412037334314 -0.791494517402985
0.10968803667833 0.667467064908962
-2.62208750344058 0.162430287180891
-1.92085916180133 0.23492098034221
-1.10747175383169 0.877577546859377
2.42828487233382 -0.117107310291186
1.68427801197003 -0.0952376819364879
1.67157661226195 -0.258543843416682
0.527132709721285 0.0517329538755853
-1.00106054848189 0.270787940772786
-1.07580568158549 0.257333011811923
3.26586762001554 -0.576673895512571
-0.510850139371333 0.916069438572487
1.29274402981655 0.206054200030332
0.703411594609166 0.500593126361158
0.256885962220251 0.473197486330959
-1.05362787738368 0.408367559869637
-0.247088627090906 0.479311621257674
-0.591077651717631 0.124966422638116
1.97176737214515 -0.371385313511703
0.318952563478511 0.259762157186078
0.119633262941346 0.299691985146043
-1.63567235224266 0.10629394497413
-1.14307145498183 0.469522085750092
0.800793458773958 0.379408924903908
-0.266334109492427 0.569434758881113
-1.9442864246016 0.148163784277169
-0.47539439908285 0.568355116037314
-0.443893378954899 0.454713335545442
1.60040303884814 -0.102668212869464
0.474393738233466 0.212266516944003
0.814152313813871 0.264413567653823
-0.237473440043715 0.538281532403466
-2.69483077346696 0.329366633076039
1.24172192877641 0.0702684759629172
-0.0115882286490157 0.328705944403442
-0.581978237499644 0.0903127084614672
-2.19796447533645 0.200214959155953
1.67590950710408 -0.0263357998741517
0.443507362997108 0.553052878063067
0.363682681158263 0.0564652106932826
-0.458131081530022 0.655408692502148
2.5931845611621 -0.646300211140927
0.468622074631235 0.751074197894241
0.436866576725328 0.569452055302356
0.286371483284553 0.322456715949567
-0.320105851144161 0.209041079659108
0.571745455428505 0.101425478558361
0.737946070345686 0.108238232178023
0.418238093050768 0.0359330438285637
2.03169221577011 -0.362336851571103
-1.16919679143326 0.345316111860651
-0.2487405586735 0.542975448300887
-2.13528727064702 0.828374440170125
0.355081247207373 0.622467605592684
-0.0979066900131351 0.691961122818676
1.07796872113036 0.145202496512277
-0.243603991708271 0.726779763172861
1.70426304328897 -0.232261999916298
0.39909249070285 0.197281720228695
-0.719282175526117 0.363240395608371
0.790864336725036 0.215282479268891
1.80200460773164 -0.0610970313310875
-0.489228168609428 0.814964539241419
-0.795984246772772 0.21415473764463
-0.094802998259001 0.124685991167394
-0.167205632856192 0.767014139372685
0.403896120508023 0.0426039961308462
0.32611442010679 0.116443589603837
-0.0347524606941489 0.481915929047303
-1.01242907362014 0.897984645665619
-1.38458717562984 0.0467387732142348
-0.39684109128676 0.888204331398974
-0.832594533643875 0.455691923427489
0.323842009769884 0.202743986182143
-1.87990329183988 0.0071064445234246
2.36047835278067 -0.0388711881195168
-0.454524257751132 0.663238083665412
-1.2397945104048 0.824097938422369
0.915125655510634 0.195559328474368
-1.62503551914358 0.396530540429941
-0.290863817721925 0.189844310818601
1.24872618843292 0.181271460112851
-1.76698851210308 0.0878768173333235
0.160587505991866 0.720283070358294
-0.527267980837575 0.286075917171732
0.425277456465349 0.119483315011101
1.3420963822725 0.164357830309213
-0.135895370159116 0.236791055119249
0.427435438662573 0.571601472448602
1.24549153180282 0.115309648324842
0.666805805348276 0.554785728465908
0.496845607795642 0.193148162608136
1.07060692807569 0.360333447142453
-0.473393486073201 0.52879902243158
-1.05523295467733 0.691599306648077
-2.43555178956178 0.815260655207318
-0.87978309679508 0.1518724488603
-0.729123908100131 0.19570558115187
-1.16115599847385 0.677131365062718
-0.253115691045937 0.337880617504344
-0.0938975707177145 0.610904752931112
1.05328738428121 0.437659436685344
1.37755164477949 0.12046867585632
0.307411227622953 0.618635626094995
0.203078878601087 0.416416295893909
-0.0279560086101547 0.339275158698756
0.413304456272479 0.123055423344736
-0.436781861734572 0.586782745173438
-0.331870104989939 0.636330860772441
-1.40075276904138 0.363602168461748
-0.795400908940007 0.719875273414961
1.32296863396498 0.204624880558624
-0.937466933216894 0.515458927679621
0.16651936653447 0.323561895952002
1.19856192765051 0.112339015289763
1.47659222347674 0.00632405143791707
0.353736531377367 0.0336930550010378
0.745586762556468 0.197612769407347
0.952935149378609 0.232914070386344
-1.22843693970311 0.672382976179111
-0.55387138939291 0.757003482016336
-1.31576062826574 0.0535123342674411
0.116426422967619 0.103861870309253
0.31397331892875 0.297373187274289
0.940688170979457 0.0303209333413058
-1.55775041368268 0.129899569171316
-1.04512614058236 0.537263395651486
-0.245454567373383 0.317675346960367
-0.477120905230857 0.44710677318025
1.95991498455263 -0.396710496423633
1.22668005413037 0.0945163934738068
-0.118988337431661 0.688106892985273
-2.51116255708185 0.117493436208664
-0.757253422563643 0.374653972627934
-1.94451104239943 0.682006241443684
0.304669370709491 0.266638177716146
0.437511318786517 0.73829954690475
-1.10097638768087 0.586230888319565
-0.501860431473079 0.472441626604255
0.405416490293426 0.255177543264552
0.593605288081022 0.0772338640735838
-1.70328969935472 0.573201897738998
0.0548668320186201 0.36512381375489
1.72377670291601 -0.062284517923338
0.897967643811676 0.28884812063572
1.48747869689193 0.0211744892122782
-1.73393014251132 0.356445138758251
-1.76823529304472 0.545498496622678
-0.0252122294277845 0.42987827839833
0.804148807301931 0.12830150358062
0.129392196860762 0.205943033169784
-2.09424503901427 0.178613588579808
-0.75313894851118 0.0457355733808942
-0.580885733656259 0.31124676319267
-0.0449853360070245 0.032670724743303
2.98519275284726 -0.552491311383126
0.880353578053933 0.508588006530358
0.480521343597381 0.0839384343957568
0.378440721028092 0.607699808051433
-0.78661651888077 0.664053675497639
1.44924904568535 0.0834614878500973
0.574532735276669 0.239842178801379
-0.784192550512924 0.56885291751807
-0.746827423383497 0.0435222035627585
0.297025492552035 0.348851323267822
1.30442932763785 0.116862176530084
0.929904099345224 0.56684055042482
-1.09650473464388 0.446456207803797
-0.213842708123755 0.356420071874915
-1.85641529178147 0.692039774816389
-0.238020985202674 0.47593586211382
0.460298124116646 0.743776332244454
1.18539803814334 0.318877696464691
-0.741736943701626 0.553666921444957
1.20654659179938 0.0814439230108237
-1.66409397088027 0.620020035095933
-0.790916480136884 0.597827201620047
-0.529048807068613 0.286041483507837
-0.518541715354963 0.477978413865318
0.507712307049221 0.606938456409124
-0.47135260936301 0.592332648396778
1.97965623782261 -0.0435814810106315
0.319090910602907 0.0903802406152401
-0.158163789159646 0.728024817407943
-0.394998233730161 0.517918124851868
2.82880318410407 -0.0484500063046912
0.502210983460936 0.437574099198554
-2.39299226191459 0.764101137491399
-1.78832051820707 0.377242016769018
-0.028257398802525 0.696049413791039
1.18004737991072 0.0125938302626429
2.30378945525629 -0.633735516634948
2.55241122954377 -0.245694701820198
1.29040067036288 0.0532430466249066
0.872116955982973 0.550363981893973
-0.463329403098675 0.467333356832912
1.06166318563362 0.119455795532448
-2.68706673369424 0.759264234178172
0.797645962840157 0.0863641221507744
-0.486621753210835 0.278819321969519
-0.0161599611093229 0.472536085502584
-0.26368922292149 0.104396471094546
-1.25394713452183 0.932837687383677
0.97091345456443 0.0139098599171062
0.186125636075069 0.191630521325742
-0.982248369675707 0.114148060695457
2.01274148096062 -0.521155497327308
2.08285753402138 -0.414095196650606
1.04414877174908 0.220293447942241
-0.268865316696742 0.31635337989115
-1.26824948643016 0.632095292773166
-0.498462061371468 0.91850245271255
0.699036230395355 0.241045020093363
-2.26139956721403 0.427356419757669
-1.79448354815104 0.722029237004577
-0.392945684901118 0.714747268542895
-1.27070261878402 0.522716785618006
0.318909279479773 0.561521353546837
0.0591685215573284 0.148718531601293
-0.221695527407707 0.49651033856381
0.335221276481489 0.413459266870792
0.203189697272068 0.617935867805224
1.10350580213001 0.0516749891861423
-0.244891351156573 0.0914929292091485
0.430707122580252 0.00860200659785054
1.73729639432789 -0.0549204948059132
0.675577542178967 0.409395396759853
0.664161643417508 0.232743787199472
0.0814604730161456 0.476423916137417
0.988398313049239 0.499817462144605
-0.520552090816721 0.19196057398288
-0.910231530603946 0.960919785359396
-0.173834236145053 0.00152264036058974
1.74228029134475 -0.210964013370328
1.66570494234279 -0.0902757154425655
1.42047761114974 0.128169984008446
-0.0945308109786531 0.1150726067266
0.217420861304336 0.0823230194213131
0.09387861558097 0.316302824813049
0.281753853544487 0.343981033745402
1.14260926464842 0.218713337957708
-0.757970759458082 0.784273285751111
0.180002862580504 0.241340900981068
-0.560108902689496 0.70085179069494
-0.0458747045416887 0.30526143410107
-0.988069987940592 0.399404859342233
0.958003100526486 0.0310677892654936
2.2749029790502 -0.205268822575054
0.514323798509527 0.373257337098421
-0.345321538513293 0.805079779677796
-2.73872529763677 0.452005184566264
-0.110534951176903 0.688731576574257
2.09393427050437 -0.569825086045123
0.375578737758116 0.34832257956152
0.170512442622466 0.78770740699021
-0.310733353556491 0.777260450823989
0.711003397335365 0.0698157257778
-0.357281464005573 0.788825707171433
-1.80306184418775 0.499412142911811
1.48743717401373 0.00233887900525963
0.536936641055196 0.449710553888285
-0.242700572146769 0.0905445096280463
0.607972628198338 0.290819521726695
-0.232504841154716 0.371900511372105
0.00230397021734827 0.821814513228986
2.00100121454475 -0.120572355156826
0.830291724848889 0.222070725946211
0.376977162943817 0.155851183218442
-0.616670555909901 0.912916058986416
-0.669250763869125 0.323479859173102
0.910477325906226 0.426223879666618
0.66206726988199 0.59461910836254
-1.93281113875685 0.126834731172752
0.468426218854099 0.631829151267605
-0.00734370296237125 0.0879232817692793
0.0641692359419616 0.715143645470111
0.693370335388336 0.662266289112455
-1.63977790691047 0.789813129446395
-1.09691272756608 0.217720922787242
-0.804148404336751 0.277987710011868
-0.797406218858211 0.465106847096443
0.20093155719839 0.529166798645438
0.493329052146489 0.668374694434474
-1.57000238221619 0.250084509097425
-1.22531738744359 0.13073014522271
0.150931946883381 0.472396337315521
2.90302263772909 -0.245930787740594
1.4952283448388 0.00833803833458594
0.237330608833447 0.189517101734781
1.39222648220813 0.0967487324294576
-0.354874137729907 0.735382570880501
-1.64630824487255 0.490337732017284
0.467844386612424 0.176220617173239
1.23829018114164 0.342733616343841
0.526745833287917 0.0524024325394585
0.756968073010678 0.00876976884813105
1.15877752140646 0.261904981366486
0.366551354799473 0.424475912062308
1.052679958396 0.305789832157136
-0.553761828247489 0.59781083517233
2.25284749041798 -0.000856602258371643
0.363985567646187 0.103778564228711
1.92832181476657 -0.18757460145149
0.418309577053911 0.189810241294696
-3.02163553039033 0.266792289507524
0.816109272791587 0.616944418005141
0.302521413371455 0.436390476332403
1.42333095326342 0.133773736126985
2.13310188478258 -0.331485750833872
-0.307542889651386 0.753876860674423
0.987515488627291 0.109029068959903
-0.573789262079609 0.560205784305969
-2.45354461566899 0.705757694279194
-0.64912424020258 0.584046753673252
0.906102111333686 0.511543110455623
0.0149275489570705 0.20514347383704
-0.645187860725236 0.933032761702605
-1.94470489629928 0.0690670750462716
-0.346916207121249 0.379917725251032
-0.321979788624252 0.657086064891388
0.325349134345261 0.712856884352662
-0.98527587340839 0.795115354923788
-0.433460951646418 0.370803919522884
0.209095569616034 0.809434837916078
-1.71267158386168 0.987224566575105
1.00094614607283 0.119838260096871
1.05628939443595 0.458588702597565
1.23190472148428 0.050328240454187
1.13219898670242 0.147986654287481
-1.15398085084323 0.119442618460237
0.235572528290236 0.0967725383583765
-1.2971019969162 0.591557727450362
-0.0331852201913951 0.561966736312312
-3.01229651955363 1.00358476996044
-1.40358233079899 0.352624142583905
0.299728138358163 0.480345745535726
-1.43443318004561 0.726749330374911
-1.09765417156405 0.132649206960664
0.433485657943959 0.0835986026321673
-0.0858770128982072 0.120827839284754
0.0634133495863018 0.681194663365996
0.239664772777465 0.626175769148924
-0.519717598688262 0.729987737739702
-1.89251336595951 0.691106050258185
-0.511420314971043 0.681420565477472
0.484656123260507 0.306476046887368
2.93576756325739 -0.227465494733685
0.604272935156825 0.669924860943038
-0.515207661498144 0.849849579241616
-0.88868558471305 0.342352849601243
-1.75859229617841 0.917698496546548
3.31126432999429 -0.74686622927499
-0.979038200389281 0.0169618072429092
-1.29109268124554 0.384773848739843
0.283939134299174 0.331699174836226
-1.4041260697862 0.699059074515699
-1.08117716973436 0.389377146635482
0.963347880410417 0.225709344314483
-0.141064371739138 0.603175216171418
-0.763077462064109 0.312002723373084
-1.40113942712104 0.0225660203579869
1.19669977675085 0.331789118824935
-0.892206759010988 0.670475914897684
0.926437181309122 0.551219171666181
-1.08278753666126 0.644245709206912
-2.99147257058231 0.750220053567578
-0.663809384708194 0.635225315247085
1.79368985772911 -0.0656885851599624
-0.472577669879213 0.241042830212266
-0.578138518282982 0.864874166805893
0.965209807736906 0.176886150363463
-1.29902213971816 0.952046712240662
-1.79867421496278 0.422277708819644
0.350554113381142 0.0607628209495371
-1.44904284337839 0.22405271948664
1.18752683871395 0.216734025826692
-2.11999067383329 0.1666815193546
-0.0929755169579106 0.0858735444789004
-0.631419778394193 0.549442400124046
-0.338649807648083 0.716746202737005
-1.44562639948317 0.878803213832659
-1.60090861939814 0.388964058438995
2.94545664042735 -0.155431775011176
-1.13964644375785 0.855865451731136
2.35882372761208 -0.193110556323133
-0.921698726264094 0.29297837408835
-1.90915137381112 0.47891033419896
0.299368554026143 0.0800239181300439
-1.08545649271398 0.387909727803536
0.803890675432372 0.625986846648063
-0.875452576238147 0.428363321403437
0.167859572254127 0.30679983432412
1.44157937105066 0.0695556978687821
1.6050605437652 -0.00646712829391168
0.587757808657483 0.107104766405964
0.277869750560257 0.606393892923668
1.61054523442449 -0.0577411818197694
-0.287463699261986 0.0684056185770899
1.3317236502842 0.0414906423937013
-0.567462141132942 0.542563614298906
0.507782548829179 0.622913729947018
-1.63314632937143 0.83831799512536
-2.2060161670237 0.655665274871071
1.15480243187712 0.0316302019148266
-0.282493272884141 0.379472174460237
0.625639960701905 0.454150683325522
-0.100382470918914 0.452293582239892
0.480101794327097 0.0729815288859986
-0.00312263735228444 0.406310248171336
1.18431055152333 0.302995134897747
1.39628482902269 0.0292662237417828
-0.22413485325903 0.425516480206395
1.5917687124194 -0.0833773882907093
0.37447353198914 0.253886868310246
1.18525592549837 0.334361700904042
2.37142349496555 -0.603619774992243
1.62286329745327 -0.187224826414146
0.320282854243868 0.375772218979581
-1.91709007407225 0.423484303855106
0.0225611117516663 0.117581199606407
1.33774150555627 0.101420842333286
-0.236039754835789 0.819205662783078
1.15390031138067 0.378919476187648
0.216281999591778 0.391815768162909
1.26951485561491 0.0520421250949287
0.955984573770077 0.142336721947842
-0.275587043066122 0.292930900321526
3.18353985739889 -0.856348073659713
-0.820685986307244 0.527453279151335
0.265484096682253 0.531781568681484
0.463789005643538 0.527253922408876
2.10617527018504 -0.503207455084477
1.62074890414532 -0.135216749582595
0.325643203258981 0.145526659589933
-2.60361134288434 0.316619324809671
-0.112344104414534 0.0890368566544779
0.417172094045731 0.465743640843861
-0.937047240622287 0.907959367758005
2.1801539133871 -0.0818949761992624
-3.2477957933389 1.01092280680738
1.66590106395322 -0.153880269279431
2.20199009928075 -0.411523902401421
0.18240703474894 0.663933105502676
-0.129609513620991 0.421708230059146
-0.724481085832001 0.177276690591698
-0.57764770328699 0.726884692513313
-2.6175595095304 0.899922480651812
0.177065897531087 0.386864346366299
-0.257007984610448 0.809093466708708
0.353975796913168 0.635035684070129
0.142332631818043 0.179477051162229
-0.202602485889066 0.568447089577793
2.15176529571368 -0.478652781773256
-0.857442944995313 0.690392433684047
0.693795891238426 0.404062748841482
-0.450410432442507 0.863630282488467
0.654096728097284 0.665197308962083
0.885216464004925 0.163818008285341
1.96360441538295 -0.0142824836982112
-0.554199941786787 0.329789757026811
-0.238849508291514 0.736474674770759
-1.05560039501962 0.889441626624438
1.08721348540153 0.031995178054333
0.29700591763979 0.586398949602615
-1.23866296273017 0.775072581027894
-0.336791969479929 0.18221489752458
1.01777248499358 0.346200406765094
0.99786941312669 0.365919446794287
-0.378950095308145 0.69652167378912
1.10785680357121 0.116318329807549
0.420155016334142 0.106722472626452
-0.352392702542822 0.723280455378231
-2.22041519935223 0.193952103010352
1.07192613657271 0.49690495793524
1.06765778565407 0.109508535716064
0.721303934123322 0.111928819765685
-1.12170129529698 0.379998939021731
0.823489498637729 0.349828566298238
-1.99340893986719 0.638994651504016
-2.14228041561786 0.282161557306298
1.64492511174462 -0.123511914576953
-1.29137211825734 0.0768458024174721
2.15500453289615 -0.612893043708911
-1.55490962476204 0.906479230808134
-0.00744747650593833 0.675697238888219
-1.72534114503024 0.504266480734226
0.571780952039314 0.0553073746386791
0.171123537594297 0.232280679531409
1.1923032474002 0.0580004457576765
-0.553036465754411 0.033079018072169
-0.258980017611904 0.0989744331061073
2.14638075802985 -0.357134666117134
3.15655285768658 -0.199222416682585
1.52460734453573 -0.00928289128839945
0.950788133537058 0.462888650443605
2.91037434611153 -0.82626796643298
0.999534024715496 0.158117741189602
1.88070256112013 -0.0735474211523608
1.15449311561137 0.27361505101881
2.56684081386968 -0.111468665878135
1.72119641119885 -0.250165772313869
-0.630927232466428 0.378222745020544
-0.479010058017564 0.349849134889229
-0.271209889963697 0.224506221395768
0.399208632091225 0.217197784182472
-1.31880071293943 0.822822709353591
0.690971142788958 0.325636007649777
-1.6791683696115 0.402340076904106
-0.157276977015698 0.480279914929763
-0.213180612372079 0.751998446276785
-1.83094175147961 0.0647993188113049
1.0139309956607 0.397282167809081
2.11663750889816 -0.0642135451274738
0.861827970199624 0.525490382078139
-1.54529421325886 0.476830956189971
1.39361570073173 0.106696182317816
0.085506178736641 0.837586232918622
0.721176917785533 0.603810495521796
0.385228659801927 0.691736659663135
-0.259500887518006 0.140139751046772
0.704447520744119 0.16097791222084
-0.359158341564257 0.0703153140964175
0.017481783985422 0.75118214294744
-1.17669745932115 0.395286995352462
-0.566697982556411 0.0161682937659967
-0.588759084455129 0.698064868679483
2.06977778295322 -0.560545846454102
-1.47781838169638 0.12497715755643
-0.322924557886067 0.133152054401479
-0.125861570565061 0.782811372676823
-1.03329010358566 0.769147938697683
0.0889715115713975 0.582824317337696
0.195284181359057 0.152663367900457
0.783625600854152 0.474068482402709
0.171879858052551 0.628620787755507
1.69558396892022 -0.157809517473239
-1.18320716227163 0.44320754198101
1.32916801244312 0.00694728125722166
-0.557518337698103 0.856781986674645
-1.18417841423175 0.604753134352199
2.04467545338279 -0.205813896270298
1.70382242818341 -0.00608523053645783
0.475093684868583 0.354486063465358
0.140585182266402 0.105009474182401
0.851202769413933 0.494097174233176
-0.519400953027545 0.035569081593538
-0.051692106811927 0.0129189418280886
0.127269728858816 0.29373489723361
2.50554100367862 -0.205620894681559
-0.90371620503075 0.850480636669705
-0.233745642239454 0.750949885005727
0.787631727022092 0.601715433550609
0.912463650435135 0.571693142509898
2.3945018290413 -0.563764242011126
-0.981222443169815 0.802538958264249
0.107596178062943 0.728171314575236
0.354213330070298 0.519718054791892
1.07927261871181 0.0160933354201451
0.440434436365161 0.323933484657935
1.66529129858432 -0.0864098615677309
1.4524341057998 0.0783468357256706
-0.673845599608352 0.739084342236149
-0.50629448671924 0.184133348976177
0.745353116535296 0.423640736396804
-1.24237200574761 0.800092516575669
-0.640959663947344 0.570987333999654
0.168059171466879 0.439202993835312
-0.744276710296936 0.283160813191123
2.66120709009491 -0.18385712352735
0.927522783396442 0.506830846069722
-0.0817711055662267 0.487173687983709
1.02583134141401 0.120437774567666
-0.809291619684315 0.292881292587389
0.571858819331463 0.667206592737187
0.712683531068668 0.0903517979625932
0.614734400772494 0.697968701825418
1.82009357667325 -0.109360302771362
3.03269794338115 -0.739121220064597
0.828425877095664 0.153555425850844
-0.129579914856886 0.772572695066041
1.26613766531626 0.22702218837945
-1.72781774730733 0.139963397492947
-1.54222815104061 0.38433576731724
-0.0482872648891658 0.735389474345745
0.305735758965569 0.753245245364389
-0.59461257349761 0.572742041558934
0.183189616005735 0.78793060380954
-0.866112548389012 0.724631166338399
-0.165249526475818 0.609691901969301
-1.16402875462906 0.459733495749943
-0.713626835696975 0.824906989630791
-0.251291971886226 0.596079500635058
-0.109507988107402 0.0313554009342289
-2.30087913043217 0.37863268061402
-4.1427293753602 0.848455600748704
2.24510186352921 -0.486547089493831
1.67498700638184 -0.0115868102643099
-1.83990727511838 0.653781943074564
-0.655740262517195 0.502334455945801
0.464353965453098 0.555933099263503
1.6725381385987 -0.216394552998548
-0.21835364869485 0.164164801142206
1.32046344985674 0.251101386558147
0.50380483845702 0.593188551954886
0.649116162081357 0.284809152048562
-0.30626099406212 0.358510970614264
2.13929682179464 -0.0451218997740551
-1.34900923921448 0.76817072862423
2.0864126421452 -0.22983253340346
-0.00309516318275978 0.553761940983145
0.322834755763054 0.420260951102639
1.01486083656342 0.424608337444141
-1.06155755205728 0.226153041166903
1.90281389478697 -0.373985016476057
1.99369754698215 -0.0207778705731161
-0.0812887275385043 0.120987860584524
-0.611253406049989 0.27005225448489
-0.0980499215665009 0.403205748800231
-2.23170229360576 0.141151763383685
1.06325354006543 0.11601590946615
0.904195684542364 0.254072914333699
0.692561900164069 0.603755181563648
1.57595176028029 -0.0717831510388808
1.16976596856373 0.232380639941251
0.553492375163502 0.181236123857072
-0.890641576742788 0.256932279780344
-1.57191527524727 0.821731489933879
0.466883202351999 0.0790073220324578
0.982283183388876 0.329396212001119
-0.413764276990021 0.761017893501934
0.0665831276981668 0.231205042054028
-0.159059362362052 0.616460761872178
-2.40698236815708 0.946572173367368
