1.7156806334448 0.00900039568571042
1.12255756678386 0.542696980829791
0.285178763258731 0.250002012656947
0.544677019170146 0.264145534788775
-1.8213361380371 -0.332275871313437
0.362407360085184 0.278670519269069
0.219401184224797 0.172505421220228
-2.14188680464962 -0.276045407824884
0.175818869053841 0.360249697878053
0.24619493488017 0.133049314873413
-1.04972445810384 -0.116586477314445
-1.13181146565391 -0.244188241323489
2.10758384307224 0.151889473803527
0.0134004318905213 0.263754375954096
0.275198301212424 0.339868874050876
0.52368787029378 0.169146106192033
0.689873963542371 0.281784267245353
1.78375047682975 0.52474990169709
0.862200702404969 0.339158150659262
3.13133034220585 0.263947973149662
0.177042349020798 0.212808391876367
-0.529926402577327 0.0395743978892515
0.0689439822673418 0.192257607250381
1.41584289818103 0.0369097960006578
0.0995614335112024 0.362667504863308
2.11271662723136 0.659348684708821
-0.412928648632469 0.105269884497222
2.36906334306434 0.660572229866588
-0.29581890748287 0.0448687254931778
0.72966487133177 0.297497717465246
1.39208040184267 0.146564848034035
-0.212625357164481 0.230061894585611
0.260132300631517 0.0389128222232401
-0.973108327818129 -0.169171013767242
2.90263058097552 0.376212342695108
-2.18195996550847 -0.380744103759243
-2.44836939821132 -0.478433036815087
0.405439058236438 0.237626568639567
-0.663570556828182 0.00170480299633663
-0.252813142195831 0.0975182320627793
2.54629521056993 0.669485972149916
0.820813887288098 0.272709277523726
-0.103184906782767 0.229689879543996
-0.369474339880788 0.151820636092075
0.268511517821489 0.186649227291287
0.980970067081751 0.144178284686711
1.42797791544049 0.154082993793378
2.65515072639686 0.532406684294278
-0.201461145605322 0.121585892530886
-1.22230046251148 -0.0802780418452965
-0.0878686421105515 0.0692571146103462
-0.523909199304683 0.0239041547887867
-1.83724294144125 -0.36715560750341
-0.770105957689999 -0.0342786559494988
-0.0789548721473229 0.278364849407504
-2.36333065405039 -0.496859246284086
0.105991680955709 0.166686561229944
0.686285274038032 0.0287051747106323
0.329123613616295 0.3175914220399
-0.498963772114449 0.0709141364589961
0.653360600146706 0.202014416844208
-0.326433828856959 0.150362368923292
0.440473873214892 0.11817155234144
-0.044196488787482 0.229847709623575
-0.592497556989023 0.00434971779151068
0.32588870627467 0.142553057175939
-0.781586531166034 -0.0164834907664352
-1.80685500538682 -0.371461717621206
2.41531407058699 0.394713779000385
-0.550428083778632 0.0463174891389012
0.580077515535677 0.143859728689053
-0.427591353498235 0.118860032365151
-0.429222340762725 0.144915065011045
0.435104324489598 0.027426668126736
-2.90526574751439 -0.138172169439481
0.999191064068803 0.188924425270983
0.81059993370854 0.508533248373435
0.389366681992296 0.400640928684357
-0.0786993485874431 0.0595604762130401
1.05879171829004 0.475650751099341
2.21664332500491 0.597634333053547
1.93010307505005 0.215548399986447
-0.293315676639179 0.0331114351507038
0.363158932265121 0.17830587468968
0.599925577927381 0.287369023885073
0.796190251379624 0.451435582745973
-2.71037964136937 -0.24960726566425
-0.627558542860457 0.0259330126544609
2.82637467546278 0.224458279028359
-1.05130950288996 -0.1642200018697
1.27609121912915 0.389112785977271
-0.673975974363325 0.000524350407292644
-0.502347238752073 0.00541465257549551
-0.0385023834878333 0.312648944560159
0.462595351189111 0.0201015539353446
0.462916083581791 0.013144898926393
0.0549369985203643 0.0239913306451627
-2.11024986235864 -0.249563505385249
0.676574923235552 0.324283875758056
-0.0775512496770873 0.073979791921187
0.0210485928014216 0.124840141125029
-0.995825304647581 -0.0544029039222019
0.698965713125824 0.493998608404328
0.689479860059732 0.0655355355439136
0.13914314796551 0.291623831459672
0.188423447790117 0.248354209102399
0.376848029510031 0.0530210952241185
-0.0270588125734828 0.270353563845707
-1.75079191848662 -0.38203048806357
-0.363338314601248 0.140329013239685
-0.220351706824892 0.103575647911386
-1.64070524212925 -0.0889801002644525
0.807000766352807 0.322081590966732
-0.949429109037021 -0.0714021670438981
0.341722045053407 0.342865169257582
0.711482201466451 0.440356143014908
0.22660692805077 0.0710467059528533
1.04598082635602 0.457617205417918
0.856804819240773 0.310253258863837
-4.45845047575926 -0.33423991574719
-1.5156056608286 -0.0994169037581498
0.787033211554953 0.518387901121696
-1.65042634834672 -0.00318036547697335
-0.735548512052923 -0.0254499603828958
2.2433845313603 0.232671858710938
-0.990146902878938 -0.16084848890855
0.409185021402013 0.257209935248928
-0.4570825551644 0.104996977703757
0.431999546522498 0.339565412422911
1.55136905195546 0.128262320663871
0.189920759989877 0.320708463240371
-1.43676695068551 -0.0887513526770285
-0.807622687734104 -0.0501637249211737
-0.5554625322284 0.052347791657044
0.130990036961453 0.335683882391085
-1.76058965041195 -0.255107984696707
1.06596054314324 0.362509289906853
-0.877804290560946 -0.0512789076497005
0.921077783224545 0.106643752850894
-0.538068149761804 0.0148299202285438
-0.278774188224881 0.158086267376293
1.09225626239311 0.188443846810957
-0.544629816033349 0.00457124051301316
-0.802775755035356 -0.0606722390441415
-1.10966036617586 -0.22112668420041
-1.35050537556314 -0.0228733639515282
0.0133669983711245 0.326356401281922
2.35003967278211 0.418149570788393
-0.477090459439813 0.001716034600138
-1.84607635663287 -0.446148402490876
-0.709441874350217 -0.0137740272564692
1.92853031970588 0.120405073535612
-0.0835601128579546 0.00178968890925199
-0.880435727972277 -0.115674712864012
-1.39250058693876 -0.0785423179854774
-1.36081323505006 -0.122800226348027
-1.7654647958919 -0.0624942923113213
-0.978805461433452 -0.0393862493116943
1.6507915870661 0.0545524491812331
-0.749900527173122 -0.023506745026482
0.266558891901406 0.179317922732077
-1.49022092730777 -0.30450858326539
1.80190016112321 0.169013697690529
-0.554236424233345 0.00857917401421577
1.46844023926113 0.541335028083573
0.392569256912507 0.261409400078487
0.299178056666502 0.233408874768023
-0.74059536483729 -0.0432699713171616
0.258230171762681 0.298271125323231
-0.281278756778783 0.17210464768008
-0.949116211920838 -0.148624385560619
-0.952398913790876 -0.109600248029774
0.308486879690505 0.0602917533808825
0.440692400670265 0.131734526517725
-0.808699549297567 -0.00260191297593825
-2.34972365917439 -0.400175237771835
1.00688964113782 0.463234816505941
-0.277545026100731 0.113031378588511
-1.91019734159994 -0.0363109305288052
0.382654620367946 0.399081285005932
-2.11759814790885 -0.0278984607738056
-0.754549170929525 -0.0413496937626485
-0.0493728088446312 0.00636163266617846
-0.800180773497091 -0.0429791412846493
2.19006495271668 0.0746981870613379
-2.0914014506833 -0.337950115206223
0.732341164999234 0.15023462153634
-0.0401168701805354 0.0524319529820346
-0.258006768789696 0.187257147065626
1.29388283026474 0.00230595181834666
2.74047697212222 0.572790516976447
-1.63176334146068 -0.224558568798124
1.91758816825064 0.0087383623957465
2.20542506110982 0.525217888976446
-1.30988309560476 -0.0414982853450038
-1.05132918156939 -0.00830623180972391
-0.491549178265682 0.0523167779923184
-0.64031972368975 0.0053371409929186
1.04095151081354 0.272818778226299
0.421095351964305 0.247381855033815
-0.256352828742062 0.122604952140803
-0.331164220045588 0.0164185582936385
1.60275156039249 0.0613376000854673
0.204098235017484 0.123281054516085
-1.43993911581514 -0.120312683434515
0.59312649292889 0.444135494958992
-0.992220241071607 -0.148595592182649
-1.16904987235057 -0.180019519024995
-1.23585283504258 -0.20708941689176
-0.976527730150516 -0.153901206087557
1.26961811587117 0.126893309701832
0.613806552413774 0.0096744358847033
0.375181854650987 0.0950129379380265
-0.712876789906967 -0.0186438827811646
0.469550939316882 0.323332386689644
-0.507299255883878 0.035536812276108
-0.200465496111131 0.172564948575931
2.74460036592261 0.501817938946265
-0.948178988319434 -0.047227003473727
-0.11263157822919 0.222726643510519
-2.37166212452283 -0.187319774614336
0.406381436661932 0.143018469426883
-0.102148808551463 0.0566229402810738
-1.18820309518886 -0.175473072376791
1.74453759925952 0.124522542823906
-1.01331869631723 -0.150478069554643
4.17311549588448 0.0371896403381812
-0.671902057065516 0.00262388226848197
0.0443230406787931 0.347452593345556
-1.20692189608127 -0.120836791348573
-0.0128193808975776 0.0671054613260856
1.74265702998625 0.0845069011922408
0.65453091159012 0.458804628553621
-1.2441383155165 -0.252601352815966
-0.330735001224141 0.110689285537809
1.72745285917953 0.0912481861299365
-0.466623761990605 0.066001426126755
0.450359869890168 0.305025999024275
1.14963165358091 0.153115886546198
-0.66296246241676 0.00192148851240741
-0.329881529231627 0.0127764863347739
3.10757118361746 0.0232030911541794
-1.86116935483748 -0.154041926138095
0.188636270434063 0.337325920695527
-1.56424541652887 -0.215075612969515
0.560308744136394 0.442726770135903
-1.23382933225294 -0.235321070251085
0.341747824254981 0.159064680106261
0.593049908434635 0.259162371755682
0.0594661247128395 0.117456271204806
1.20791604820323 0.0129580567842796
-0.437496269076832 0.117632709710503
-2.77281180138877 -0.298501312153546
0.130955307881165 0.288513142780624
0.789828679272353 0.166253151592916
2.07053074244643 0.390357499307176
1.77340944858389 0.143968416300045
-1.65573437004455 -0.14968822070094
2.66991343013867 0.160959615901889
0.597456539261491 0.198222268396783
2.30210334478297 0.502469561190371
0.200986982155171 0.14434320061526
1.50614489174057 0.528847212967276
0.815830696798957 0.519672653444069
0.108787421365513 0.28052371849663
1.05107702995846 0.262992638601576
-0.317666429006864 0.182232713905199
-1.39117628016294 -0.219362265925791
1.13298487196478 0.140000037835836
-1.48643835897061 -0.142373055137651
1.43717017267144 0.557227313612554
3.33540392324843 0.404006121406269
-0.598341290842354 0.0213644976985742
2.24883002002804 0.609192349652926
1.75026595710045 0.429369764785658
-0.87276201902325 -0.0371238274423037
-0.140914284053019 0.0721263043121449
-0.651308525696191 0.0137563165355545
0.449643651266135 0.149481533601211
1.7726498893316 0.0216773551050095
0.162701748549765 0.0871154181303203
-1.34719117381598 -0.0935834487786883
-0.238552903623173 0.00953916826357722
2.84700179470042 0.609278730643086
-2.65589616586084 -0.0105785254135638
-0.117108408023593 0.144502383335425
2.11753524685285 0.171348259768598
-0.357649794582875 0.00329838372545253
0.577091442722643 0.0162271194406993
-2.04684156455513 -0.0495206040023374
1.53017299226399 0.342840370374235
0.791855285251853 0.352101622955841
-1.48033778701833 -0.0492313642006287
-0.402377739983822 0.0191824577412022
0.025572827769636 0.114910270674748
0.384312413206678 0.379861136390309
0.257213252600382 0.225182943042763
1.31481258697144 0.164501095583038
-0.846261929225232 -0.0472113309388616
0.581075687095577 0.0960825836485263
1.28773074983844 0.296152303187641
-0.480308016706284 0.0321464132525137
-2.31977505993395 -0.540188170640034
0.562230166441853 0.444858833618582
1.25612592310971 0.407990296472521
0.806542172881099 0.492068669628457
0.432348201441413 0.0381588055199919
1.3806686228704 0.231299844698788
1.1280855238487 0.34596414995219
1.75999041895188 0.345276805862492
0.547506246455561 0.160023669956046
-0.307120848080832 0.130467562451671
0.948357072469764 0.19918855398376
0.409672770899624 0.112168652024692
-1.9329147938315 -0.10859293552443
-0.787598153757468 -0.0666824407423678
0.410007844237626 0.20284789174133
2.13839284948616 0.530377979088485
0.846990581722432 0.164546650769417
-0.784106342027296 -0.0580813015104364
1.12825658921176 0.0587438888540472
1.05381170308329 0.00701521463777802
-2.10144228218718 -0.104039951953414
1.16770333009442 0.387233202542051
0.54956044363287 0.237961245729529
0.883228179958319 0.160686580725329
0.558089176440456 0.0858108243266789
0.456759135718127 0.320659403107983
0.887837010673872 0.447482280324006
0.204224763962435 0.165067265604155
0.387636840728812 0.236107995982373
-0.659102889207554 0.0114640536869785
0.439518160605182 0.346958377085563
-1.69520744637622 -0.13839851717841
-0.973103596210601 -0.168590253953783
0.334391082180784 0.113433875427116
-0.313038404792991 0.187822408710988
-0.384989681099105 0.0647485241386828
-1.20500143366 -0.161105325222699
-1.25539179411023 -0.112600261768085
1.50151248641204 0.610718415279433
-0.893560040167886 -0.0701592666438931
0.207885587548991 0.125546101045849
-1.01643307186348 -0.0735995519463753
-0.449441143463189 0.0524717559089373
-0.746646738359149 -0.0125300393098927
-0.241302907667273 0.0852906432354098
1.52112078600007 0.127366483141873
0.231981634928858 0.0876971071177555
1.1712697891477 0.0593390953191359
2.44382001305435 0.176661242082327
1.63909251223237 0.249067531351293
-1.42746860339763 -0.259001903686486
0.614239115460729 0.190081333823095
0.109391883998954 0.0369150520268667
0.38170082870845 0.285747388626575
-1.66315694441642 -0.37181651088577
-1.95695858729356 -0.195055295103587
-0.432449216649993 0.0454219167703089
-1.95676965781564 -0.123879174979697
0.475632602075515 0.176541162934202
0.155849751885231 0.104503359902771
1.50518207818167 0.543617956693822
-2.2162766752509 -0.121032912725004
2.42028989543394 0.511007105682442
1.33362820030726 0.381725994220154
-1.18082237268025 -0.223898026409121
0.883208954669685 0.31202527548636
0.494813219800833 0.0514863632132145
-0.255644227138383 0.133443369454702
0.208921810651717 0.144268313788328
0.670945827487821 0.230294027943707
0.517338881098546 0.0547660225287141
-0.0663658691101577 0.00567873313902096
-0.327182813434086 0.115276376643448
1.33839466601124 0.499931569105253
-0.303781005168931 0.10456105927056
-0.607176463995234 0.0331124656277308
0.386442321895262 0.268252750097304
0.578259289489438 0.130199109915478
-0.838036834577038 -0.0829115045169535
-0.866893139501726 -0.114308333661603
-0.183001439038133 0.117581178085247
1.52725789366862 0.491513664579915
1.15282936317829 0.0954832099438397
-0.171442986225905 0.215026097255914
-1.17627043161121 -0.113192064326738
0.576168323026893 0.2982750060217
1.36400672100078 0.245964646523017
0.0862042739984663 0.210833576158428
-0.657170494443174 0.00841785958827296
-1.48876608457477 -0.328398668113127
0.805571878132124 0.318657742670217
-0.938406088717482 -0.074639259964545
0.123122649828646 0.221361639828581
1.25906189391582 0.174311882893149
-0.476128879963684 0.0563131218953306
-0.0429049468769296 0.131077513454124
-0.243812011665779 0.176107301658089
2.29529608886571 0.121479525392547
0.783978398411054 0.0588736454840126
0.462781778625664 0.210083234530312
0.787425080021095 0.234673737905515
1.38975033149672 0.0706287848064235
0.4226869542362 0.389656666815875
2.09894531880662 0.0177751674061471
-0.809732448100238 -0.0735562522210798
0.858918798380659 0.501465084694287
-1.47321782887855 -0.101675745238331
-2.12764471489715 -0.13718171078665
0.449953056429806 0.347965754727786
-0.433595435644013 0.1501113542811
-1.10444828645875 -0.018346420449369
-0.590272797805112 0.0292197498588964
-0.67116542531682 0.000310347736200262
-0.123052791987608 0.245691534741397
0.981216537197693 0.227150778733071
-1.38944382340263 -0.234653907507467
-0.678738345597821 -0.00118499587316646
-0.067327823088794 0.219697546058117
-0.97589413756669 -0.0584184908634725
-1.14100227823883 -0.155955407840563
2.30685816116848 0.0792784908224262
-0.222558049249387 0.221238309656648
-0.493402604270971 0.0205723528153402
0.0843733382636948 0.119793198534081
0.429256760312708 0.441132078430097
-0.812089641324861 -0.049605807053644
0.778854300869517 0.120956350684831
2.31136621537332 0.20920547733104
0.202717557322552 0.090569775520814
1.19627470091944 0.411514887445384
0.580664830905691 0.178900413971347
-1.11752239064832 -0.0862142284057003
-1.30471431678829 -0.0247777491641436
-0.985064012128748 -0.00986920983936953
1.03166588689448 0.495749600232339
1.74644281530486 0.407120857200511
1.05334384952979 0.0605256237131731
0.969852153296868 0.106929780324466
-0.857252972914146 -0.00110419713047581
0.350716177872409 0.0314848568165679
-0.985536649056496 -0.00391858012025168
-1.77011048529165 -0.0959093947784891
2.26239069011842 0.541557458134344
-1.22602048665116 -0.0352143426666294
3.37766454217493 0.394254470631285
0.775496735575118 0.28891079128135
-0.698112946997093 -0.000107603501441985
0.970754208157241 0.0955335313458987
-2.8107067818745 -0.360834583112982
-0.813984596551198 -0.0479949327997702
-1.45941208877651 -0.0540858187954201
1.5599521405555 0.336929252177514
0.456393233402409 0.41600517851385
1.11663378672978 0.453692600188392
-0.169031476622115 0.0779416114538828
-0.171491101054573 0.154637677148819
-0.628207085330273 0.0285833064358914
-1.10495389683649 -0.0128163361226968
0.889715852734492 0.534176932717504
-3.32442513111533 -0.20162993774494
0.321977444148042 0.207054892582658
0.145606566388687 0.221227394238066
-0.0284920345213248 0.056704448655029
1.05512575064577 0.0354626239978277
-0.777128485723652 -0.0425206910293407
1.49758186309262 0.246153041897174
-1.1233149915457 -0.229391979664573
-2.25009598381827 -0.124970518705211
1.04079908462475 0.0988854481565351
-0.777192445546276 -0.00928609635663827
1.39504264359015 0.575393211487196
-0.0473477839722401 0.137633028823906
-0.459662306397792 0.112964117093177
1.03363361847785 0.203261312990242
-1.42170445108507 -0.188892726796401
-0.999805734830536 -0.117390586561261
-1.37322602275267 -0.108878767785923
0.525350233174755 0.293519778891275
0.376100583634957 0.15832345570535
1.44632113127654 0.202530500124516
-4.21751240410257 -0.553461026528383
0.597036665626493 0.0745004203633126
1.23752747278987 0.046087276622479
1.25374045196796 0.552677256525898
0.879076086369987 0.0220355746389246
-1.3756257726671 -0.0522282157605476
-0.386447592880118 0.00686893578809131
-0.415297599629365 0.0841324776165588
-0.534622422699453 0.00186358031567511
0.833260480941663 0.355152329659381
0.504304423508501 0.351224787310235
0.170774434326087 0.299481073734453
0.239287769540538 0.354747037647467
0.734481916004399 0.0545083438677164
0.969122618293464 0.0981391753066129
-2.42129736583388 -0.349509492735358
-1.35421338950815 -0.330858125031846
-0.107602709954968 0.184877014738494
-0.798518578031863 -0.0512013572230636
-0.323892630791677 0.0149695870137905
-1.61685602827211 -0.0410978850687201
-2.18612350144301 -0.48751215448038
-1.07871406733309 -0.0334986905664503
-2.32400928490079 -0.0694072510784479
1.2695469865383 0.514284399750156
1.57218994441389 0.509028190822299
-0.298238309854187 0.151688364765682
0.318642042909093 0.298955593052796
0.965566062800817 0.456700483838784
0.338714679681737 0.344180663918551
-0.584403971113707 0.000995849578420277
-0.448296380377012 0.024212601168608
-0.633562913468803 0.00982541453096639
-1.02541387557599 -0.107378323916597
-0.248626574636282 0.236592472056806
0.28660473960409 0.406256918063918
-1.3226381952511 -0.257425363037926
-0.197040087300956 0.136853942967015
-0.650748319538556 0.00378935271892599
-0.169578954149046 0.265680100353047
0.243020076189507 0.299783943162822
-2.92048855803224 -0.469492510896258
-2.86762547044229 -0.0490354416325989
-0.234753171996775 0.00845224354335695
-2.35305293631465 -0.00649146739915595
0.106457360518616 0.126742139258733
0.365817483512023 0.0796588157955574
0.0316639651273446 0.0327387361444721
-2.97607185795537 -0.601185716196105
1.25043732495719 0.316657943511701
-0.1245038169631 0.214879089634831
-1.34883523479274 -0.157981254613048
-0.289708669467126 0.0629205657570631
1.85862082941779 0.208776270611125
-1.89074997448112 -0.161815643686691
-0.0275189439321586 0.0803032649656338
-0.00528698069353627 0.294393816762804
-0.436343524041203 0.0522807086608321
0.639472759060912 0.0141656949116942
-1.47662427096509 -0.275426270381951
-0.457557439116247 0.0181501105224652
0.157543607800223 0.336112770962914
-0.129609058935585 0.212439494118373
-0.329058049469962 0.00453664630017021
-0.695206754942597 -0.00573464457092218
-0.294097723569968 0.0139084751434242
2.99608552673682 0.340549056947241
0.13287514286143 0.0604515106892969
-1.51088397793313 -0.221718305202866
0.0928265838893783 0.167911616393264
0.298681156930545 0.198609415933246
-0.406474644962688 0.0367759694335781
1.06225735765144 0.367756524395388
2.18683130885525 0.524197305941524
-0.876714668293372 -0.0796816153868022
1.50614816834135 0.291408569788855
-1.07357770568258 -0.110323971673463
0.20854623069592 0.179341215465036
-2.35777015226685 -0.233770619231755
1.7247045504249 0.639399313265472
-0.571480897571311 0.0164044455904664
-0.611587380233361 0.0204793750725413
-0.739322555901022 -0.0216945320563822
2.70668661141837 0.15951783766779
0.265165820149325 0.0559261985912876
0.0715452215050477 0.288458384771062
1.83555458066711 0.322283633133406
-0.234158828213368 0.101172731126313
1.18075239382252 0.574663709820246
-1.43561371020778 -0.0620570586989106
0.393423574357321 0.144846280197695
0.420723228942256 0.264263178153685
0.584194402148818 0.398349674270237
0.722358423047324 0.128589287043953
1.57863314159552 0.292480431640309
-0.949326536601695 -0.112584558616386
-1.04881944783764 -0.0916508573229324
-1.01811631270423 -0.129589283807455
-1.03658270109761 -0.0729162764242285
0.374394469221793 0.312844065002997
-2.01445838733227 -0.0446185256342814
0.224309200155655 0.216239902764517
-2.24915653603151 -0.347787950458155
0.698566380499022 0.402868946410122
-2.69364884083492 -0.30473628007978
2.33014673195396 0.0622796130365269
-1.43040358272714 -0.315323014757945
-0.693489200948075 -0.00640173269164334
1.25727900211246 0.306910560293221
-1.59868359674928 -0.277106600711534
0.186319878221313 0.0135768605495033
3.44924090117875 0.215267723920752
0.243997385909519 0.207348726762182
-0.851047212082157 -0.0494067556375466
0.557565030607598 0.360284401599624
0.895501172047059 0.23340541893602
-0.248154086642534 0.117817022616679
0.410005590967427 0.203964442534257
1.01396665890286 0.436936371249574
0.283270000266862 0.264787425440516
-1.26613160181047 -0.186164256833518
-1.41585602597971 -0.207712324184701
-0.57277801498775 0.0320866477364918
0.201514508204214 0.379367631892207
1.80341122844518 0.214852279000361
1.0909386663914 0.171733301105583
-0.399718513091158 0.147342579530772
-0.629412471360943 0.0282215674803947
-1.88563527319828 -0.385049863769391
1.35119326679175 0.164485825312775
2.03943101815034 0.521478984121533
-0.136264766024525 0.00889691008248253
-1.91527679817281 -0.377207116470298
-0.861886909340853 -0.0637325859269635
0.57486105075606 0.142062289419561
0.389866836245631 0.144065088464599
-0.834378077335988 -0.0506333829406374
-0.00946577198774869 0.184831170397299
-0.352550382377603 0.124042730565212
0.185220686839616 0.0986775540678266
0.795704173203499 0.158771269318873
-0.213921442999605 0.0937210567581731
0.46925841688567 0.451709929556475
0.188014083556588 0.342559693163832
-0.246970168133553 0.190024772609787
0.338339242978379 0.382209424532842
1.69846007424223 0.183542158483785
1.22462487541674 0.408561411010296
0.330670340884167 0.0383131792481018
-0.335008864720475 0.0583627530635832
0.292187267242209 0.305568995512229
0.0324977074958944 0.239971449784075
-1.20823362944732 -0.123796655641043
0.408857145928515 0.420872243373444
0.758256778974284 0.105666478276469
1.76371825124579 0.602895481138187
-1.12437838849971 -0.0800126025917405
1.35733078730258 0.16313808174569
0.455284496177171 0.40287165846997
-4.26575777640247 -0.655305791255324
0.583624282964566 0.195129150350282
1.86292859938146 0.209793181017485
0.358497107473545 0.301050017586191
2.48939256580348 0.511676570442382
-0.184310586326461 0.139714930903785
-0.961748590967453 -0.0532209787874248
-1.57146223810249 -0.0154934895257923
-2.78830847981992 -0.581214372734995
1.22212857901648 0.0965820445537285
1.86137017486398 0.324726517940232
0.156260242543112 0.0512828532169234
2.85146891239713 0.507984482920183
-0.617652309546061 0.0104135011977246
1.68023851228791 0.306056533944755
0.801659311428914 0.152525237257842
-0.0648967366115844 0.222570958895256
1.32713401323352 0.559502397623349
1.12620124372607 0.522179428249283
1.66968640254372 0.0700114205055446
-0.0670596514022245 0.054257345898582
2.45515965258411 0.341899912238431
0.281728706313865 0.227956902703464
-1.67855152359491 -0.139448799427862
3.17413173163955 0.137726333235486
-0.634676167598909 0.0266966207803646
-0.286997116900537 0.134708183019785
1.11222959910253 0.151908011374169
0.53490653508464 0.274085413122499
1.02145805999187 0.280943211477403
-0.0336962627323471 0.176843816954251
-0.205893233168857 0.177548972301467
-0.362716614548171 0.113588292772471
2.14037015339799 0.193302957148404
-0.764217768428867 -0.0440342428098868
1.09985215098856 0.437818597259195
0.576870107966486 0.397099659705454
-1.56728765650477 -0.278295423262138
0.401043653181908 0.406571539410619
-0.818035077535935 -0.0907776466136725
0.800188834554942 0.525961508265988
3.81531883658603 0.247948857597494
-1.7650270087103 -0.0723196070994738
1.1071076334011 0.512130487430135
1.40444218005557 0.326479909968132
-0.966222650818412 -0.129584500213849
-0.882762396401068 -0.0620721207803161
-0.674185410115617 0.000851818994512116
-0.624548660582175 0.0187658904274993
-0.0907044870995824 0.154008251013545
0.595669499249156 0.258748484023859
0.514793665339743 0.042285735288119
1.54484902268096 0.235769762635725
-0.458788927375473 0.0967901739646835
1.20135227275565 0.434391973110321
0.473601907382467 0.0884066957748281
1.58479163229475 0.0456517057247699
-1.282361431825 -0.274671471685029
0.114115032041868 0.128789841970965
2.02580621136139 0.110513051291038
1.05662666748263 0.00940308339382483
0.309970274031852 0.404826084153384
-0.745307724090559 -0.0109365884765751
1.85365584334297 0.131251690643892
1.51985537341247 0.128163884151737
-0.226449940417179 0.149384389838656
-0.370092372613148 3.52867539858563e-05
-0.889787336742118 -0.0490937252929058
-0.101510646627884 0.107234291514973
1.03996398267107 0.102979676648101
2.67696664217727 0.39948305314973
-0.638868355538817 0.0175803443146615
-1.45001920725319 -0.0306811655934084
-0.468728202647052 0.0350181577016324
0.0250228201587732 0.0782683172337533
2.21629468743075 0.652361271303557
-0.547025794310911 0.00589008173951357
-1.88823265493931 -0.223864013367002
-1.44256933711944 -0.0283114638965163
0.390050472256492 0.0467306021837916
0.649386222441317 0.349784217592053
-0.322477535503093 0.0112595155315125
2.28182976163159 0.127149187308882
-2.3804744154879 -0.30902207463871
-1.57904369164845 -0.246647643960349
0.316020523473744 0.0439168427904718
-1.11801129218389 -0.028234472363073
0.241022621980176 0.1202322874163
0.451822406492145 0.0470949830040953
-0.929203241384494 -0.0800752426143751
1.5313767549967 0.282191234761102
-1.26250378532514 -0.00184791859492029
1.58665795607009 0.0956692979718616
-3.27243256478491 -0.517877800136409
2.61041764980917 0.0213435591998035
0.0761458717250543 0.095752434809495
1.0363666868854 0.503362714820763
0.611891232943751 0.350711714855734
1.33133382391025 0.355885920371546
1.3841742980481 0.380967385534717
-1.48111452302648 -0.315763725872904
0.0206534976530685 0.0371650606279224
0.684408024823567 0.453547701673891
1.28885667679715 0.211069661399135
1.41889892589004 0.530226634210484
1.80429870084255 0.574435854513899
-1.74529464464297 -0.434372864242452
-1.66456626124576 -0.0326030382331321
0.321172955371533 0.37549974607018
0.827200373375848 0.525633845414839
-0.390771363861734 0.159147340573193
0.954490842327914 0.459385851642603
-0.606459707327528 0.0327336549515116
2.46342122488698 0.621171923540292
0.955942289353244 0.00877769913860341
-1.78062223139153 -0.13328186365634
-1.01829561268488 -0.0246337722507156
-0.611671571960924 0.00407642568066575
-0.698067024522149 -0.011641015614807
2.13397318227199 0.0957399325482084
0.00794902075138414 0.149289603983018
-0.144012830872248 0.0884168583331404
1.0299198673111 0.553475669286118
-1.27627194463969 -0.07776547518522
-0.340370867516966 0.188105670541319
-1.1720435492974 -0.154807979527956
0.719925443816205 0.239295642551058
-0.638338434196503 0.0137287851308829
3.09278453693558 0.638912416735979
0.732959118589297 0.102994112565466
2.31280152855989 0.434194518019193
1.36279558707851 0.00654983270378784
-0.0351129507874719 0.0109753499074358
1.20447886935074 0.429086043992471
-0.686926949897662 -0.00764946453522847
1.99972472232914 0.246228754761014
0.12483721414338 0.0356542601205131
0.0981293606378187 0.27045677726229
-0.306090137889875 0.194285601500958
0.325035251778001 0.132132643672601
-1.78474960545468 -0.367628789072484
2.75765138790913 0.0282697805325361
-0.0158152470453176 0.133128057165938
1.57195174185351 0.612789752652189
-1.1173110239016 -0.0479023722175645
-1.4023883337021 -0.197781050418325
0.227725475342277 0.0154994980925603
-0.104628971719967 0.210305300912807
0.357598381708474 0.421313556327749
0.193645628406426 0.378349652386503
-2.0240960571632 -0.451170856659142
-1.02077680992558 -0.0141442365627616
-0.677111894792617 -0.000513343148164403
-2.09002124406256 -0.13987485464388
0.66006554386463 0.173013867391905
-0.150520298571409 0.276355632075068
-0.0456484287581784 0.249902983733462
-0.895046335012219 -0.121357685410819
-1.70748824482666 -0.403645178609824
1.00009177571806 0.0973388974969191
-0.542349711995787 0.0824690148587887
0.323784528385402 0.0440853346665591
0.948707208952945 0.490631721410493
-1.21153333212142 -0.223921304387046
0.567349360470311 0.191126788169657
-1.05483530875149 -0.170380933097636
-0.0207131068815692 0.25352123344646
0.884060762928713 0.0915685996122949
-0.242505944032611 0.141428239570493
-1.24481556968549 -0.0481232780979567
0.446561204075787 0.341165967403218
0.467015249453161 0.272589780466394
1.39295461016868 0.0518077839596928
-2.3179816888393 -0.16625941368479
-2.20322575140846 -0.125210907008668
1.74723165629257 0.445880884875598
-1.37001706100465 -0.0804579382459706
0.0216069990285774 0.154139224331076
0.0662076868689504 0.0964563494898538
-0.642417161155481 0.0140280493132264
-1.31288227027298 -0.0187298564802389
0.718166038437237 0.148199538114149
-0.10568693201075 0.210172757964022
-1.6723458114358 -0.289144894118979
0.394141558007088 0.14992508289693
-0.560790086296016 0.0719977863263076
1.18424079625453 0.447143975551955
-2.45580089287042 -0.164963782912238
0.623505591716865 0.00652434131716439
2.16463122566287 0.507577995251204
-0.329789854630316 0.120667493571392
-0.0863353328319379 0.193287797962172
-1.74924684481799 -0.378186916276577
0.916267734272072 0.244553903375945
0.498495922701872 0.230146472086032
0.55718712179593 0.249627807607456
-1.72288597604957 -0.326346823029744
0.671810880874777 0.0235259598179587
0.3762969608512 0.325361711505785
-0.126319288347161 0.159930934363148
-1.94092185526397 -0.0503815214040097
-1.81169973784601 -0.210420987498635
0.516624521424074 0.119417161076202
1.88347182428734 0.544962821785641
-0.473254613004594 0.0633696582559206
-0.89215909926901 -0.0629306536683748
-0.0362947071008951 0.187885284420907
-0.805596105341772 -0.0374963448614089
-0.852131938611923 -0.0304260722189745
-0.520184317543241 0.0656910358773483
-0.943743310056944 -0.101267491763754
-0.297534596783094 0.20271392083951
0.101832275668707 0.205654453148445
0.751278642916708 0.278119014871748
0.967703554438056 0.0841126924359355
1.57464360344705 0.546317331085886
-0.227400344253386 0.201858603750894
2.62725130112428 0.58680996955813
-2.23876241020303 -0.0211465303624402
-1.49202159719788 -0.0470034380575691
-0.45056273171478 0.093862346542507
0.483699757168071 0.349583425477036
0.838892884764276 0.216228274829029
-0.464281955162336 0.0817379634460403
-0.802658832272935 -0.0722454029817549
1.99094600737704 0.316134872482658
2.94061342063276 0.0421939226426727
2.37174564753431 0.0954597967365704
-2.72655126950601 -0.0142091725324616
1.97329708323677 0.195321759176191
0.00752001689578944 0.259528449706886
-0.778595995132087 -0.028406741822824
-0.19399391218724 0.0927390568908478
-2.06301892561897 -0.391896805913828
0.703452908850707 0.205497193475017
-0.350895576059748 0.137820203322288
-0.935342312450892 -0.0746991662759824
0.18241374284061 0.330997341050872
0.94487300685984 0.288510925049119
-1.10421190539029 -0.120675616353191
2.76439274026165 0.685394158706094
-1.43235816802653 -0.332084050276899
-0.0270993282446026 0.146416930978208
0.244049997124975 0.157565539140067
-1.68818086118642 -0.00240703791096654
-0.285821381823703 0.0637648068280718
0.388422826939742 0.134582704347296
0.766646596535944 0.420533762985519
1.41986654441815 0.157371318944527
0.178172888043941 0.201642574380631
-0.887871495396639 -0.0946477929871159
-0.663547112222204 0.000166201828214127
1.22830124224181 0.423477115778703
0.633431631244387 0.349776310250811
0.714109877501408 0.480153282900937
-0.28666588392471 0.0261859729943542
-0.311256279806913 0.132782422289721
1.11146511246688 0.234454561482489
2.17401946435332 0.334178219071274
2.05666780175119 0.54075330479525
-0.303299489218996 0.0400819551115739
-1.27813773991892 -0.0141757917359998
0.121144633178089 0.220604169618036
-2.63904110550356 -0.53343161093442
0.99190730919255 0.341663095086422
-0.180516963113478 0.151456623250538
-0.14373893138775 0.00237335993663257
1.70417192648636 0.494217518175248
1.7401957342236 0.332649458600338
-0.225373846733669 0.215735615685065
-1.04097518537093 -0.140585488053286
-1.43113431489178 -0.269006963952448
-0.665488788520806 0.000891607934176794
1.15962646756051 0.534604041060149
-0.141826906986167 0.0711945360906157
1.17802151033976 0.393105545459243
-0.0942521772415511 0.0633463033793974
-2.69194640500641 -0.152615208885844
-1.57036249826259 -0.137643340580618
-1.30542403986999 -0.00707210648109178
-0.610114893731551 0.0180153445583109
-0.925895006732967 -0.0426734846392672
-1.46908468493009 -0.162522404780446
0.894008054145592 0.534340495472975
2.85417974586006 0.441031524549245
1.43845586497133 0.563556359833113
-0.2473335746715 0.23799397090643
0.36768120455066 0.335695654533807
1.10101075114156 0.110743153623166
-0.228395608601093 0.0905919374176828
1.05571184477196 0.13452243928969
0.624001322219664 0.240519771883257
0.679747298948219 0.427876749406562
0.468897532535295 0.323887112624206
0.877559541162798 0.473059962856868
-0.928864749324765 -0.080746096399256
-0.831903601786519 -0.0661208087021248
-0.96810778790094 -0.00290526967550339
-0.62941671111107 0.00730064493992433
0.891911829074336 0.534140319209213
-0.578382351461669 0.0384145481948448
-0.158721068655375 0.24234068183153
-0.445590020427823 0.0978234647582036
0.125176017085525 0.270985921074184
1.79032438611945 0.260455825524362
0.724280191723443 0.360528327334472
1.44980485199764 0.194749626697724
-1.43835381607874 -0.207131539893465
-2.15484646650561 -0.255341520934165
0.32492261604511 0.365957194555909
1.45616804953411 0.0782856943421393
-0.0732873732468891 0.169166236578912
0.56979099484977 0.172701915159114
1.31234103701442 0.352551003734285
-2.67189380541557 -0.111831848535793
0.187914982661075 0.127495690407914
-0.783684887093775 -0.0181286828714481
2.03110781058313 0.604422033494955
-0.46517506901442 0.0580383262086795
0.688224471546235 0.271826479188362
-0.167618623510111 0.101542814469403
-1.48226707593299 -0.0621225204340127
0.990355293322205 0.0791034394171384
0.322119079990664 0.280624321488794
1.1548175890932 0.222365175449011
1.88700767290205 0.631661465275184
-1.70514740800488 -0.247953968073074
-0.245125664018429 0.177079855959158
-0.345811619330732 0.0228986982878342
-0.919949259702727 -0.122729431695763
-0.251395198424535 0.185988315083258
1.56848783643946 0.411303369408238
1.0916534122789 0.118599516231863
0.142370168360748 0.00574686372046542
1.45143447289942 0.188117281707471
0.893478479574931 0.527301725220612
-0.261869561626108 0.0938310950516084
1.50079418209224 0.243085918445465
-1.82116499706187 -0.317851411002134
1.26219568117985 0.57203779076368
-0.483320344375043 0.0791382003607373
0.265558571190417 0.268292301246709
-0.0509430111204825 0.0591568776823859
2.26100472658734 0.478813353635764
-1.60254703365157 -0.380647685753108
0.958768315361651 0.170098699836646
1.4302326760361 0.37698087271943
1.09355640263835 0.174571710634878
-1.06288765226768 -0.0679096018887831
0.368108388206226 0.312098231385738
0.815003490232136 0.498344999516034
-1.56681021933697 -0.296336117120479
-0.983720773598853 -0.0873536033707205
0.424329799189014 0.085771508388037
-0.261756171761922 0.0946562369681603
-0.229746912641593 0.0445799642748097
0.214122207262894 0.0802253984427573
2.47941763086111 0.289568300183251
-0.606334661705446 0.0234899786509715
0.563919178160292 0.0213632038597932
0.955456867759261 0.208488089186343
-1.01952507294852 -0.157994986824897
0.612044187815882 0.487317230906786
0.577621598647189 0.0869065782094668
-0.18041117038841 0.0207550445302164
0.375364693651625 0.339004287766553
0.441816172790493 0.373806173471796
0.693746472156844 0.361295509822456
0.226174050866084 0.0244225691517079
-1.29999072263962 -0.036361131460361
0.704084719677304 0.210882578050536
-1.94450963757178 -0.0573531358095869
-0.859581501543833 -0.0219210658017684
0.154835009686082 0.303713407722206
1.25823167036734 0.128613077577637
1.54475769504048 0.0362100872785764
-1.78884488464543 -0.378103678512542
-1.77139662379675 -0.393084014629351
-0.42940468842877 0.099142732320928
0.0102991069507475 0.26744824206736
0.522065481227616 0.186093656406075
-0.1281534251241 0.0230223823395997
-1.77047615147256 -0.297999199182281
