0.788600101420271 0.175561531931527
1.1066732558774 0.0952675160704018
-1.03770268178258 0.425940039590038
-0.946869915596975 0.864560077625145
-2.02935346336732 0.180674273212859
-2.55883336208273 0.740351158176193
0.326777916237302 0.0829357203610324
0.893965379187073 0.124714558346798
-0.917250738299186 0.317717461025283
-0.873522381860096 0.431525537491928
-1.45444678306761 0.0591960833638086
0.95541260302073 0.0834582196030522
-1.2188060368743 0.896207535756295
-0.256731066815105 0.173902682249868
0.978204669662367 0.37606408434255
-1.88639685407253 0.0626964181907111
1.41878640894676 0.141519171936146
1.32645123480193 0.288372823365226
-0.503267348071685 0.891371888467588
-2.45686896796511 0.358175574367302
1.02951766809613 0.512303100054155
-1.31431263741476 0.225321418824068
-1.35842415384341 0.835722319345828
0.188355495566298 0.534260695202161
-2.79414554533292 0.123064461727837
1.93233619318454 -0.113260349809478
-0.132331660787905 0.106199956319929
-0.883624305458112 0.897232461842414
-1.07268246618778 0.198995218798144
-0.218548429833952 0.862447696361842
0.549432368086916 0.409362733222052
0.707449092678057 0.49439580348439
0.275865972604291 0.717496900036319
-0.923063877857056 0.124371099649583
0.864605480187207 0.44329976782296
-1.37770948585152 0.659439861858741
-1.28045993858046 0.495734721603006
3.25023831755311 -0.690315611668691
-0.815164092092456 0.289872386742049
0.545902592401181 0.547985900708397
-2.76189985709158 0.675612710910214
-1.44154086171122 0.344434570803277
-0.356035806239682 0.87933635313935
1.23217479167443 0.135601702118678
-0.444627319070166 0.354718418505422
-0.922071963578479 0.195690364058742
1.00782808380556 0.252850920219152
-0.417173040612752 0.678650938089825
-1.39636726449805 0.510449180130085
1.35142264165512 0.273361537144382
2.17414343559765 -0.103086884088656
0.813404915721089 0.0957177188375009
-1.70985347025843 0.84226856972385
-0.258020719944708 0.417696957977113
-0.0526821139761634 0.490328763048068
-0.412878824692904 0.108682507005387
-0.698319683487929 0.780141578880941
-1.20419888145924 0.779739382657096
-2.11809778299566 0.497846163993503
-1.04756193440042 0.263493760591263
-0.998534133509427 0.871707121763735
1.20189323097624 0.268195057180235
0.805758781270125 0.325853734485729
-1.99981416596063 0.450425159721368
0.179239433936929 0.243848648435315
0.496728124639587 0.482356741333241
1.58070821966468 0.00591832879820836
0.195295530144441 0.825700302874532
0.904809403075356 0.0452258944234075
-1.35746906199258 0.589192132071247
1.49914775477867 0.104174641063027
-1.7469078829364 0.218027172347338
-2.61725073913481 0.926436513372195
1.90097226050622 -0.10093033820371
0.0878317999249769 0.549339312188439
1.83074401079814 -0.00167653621092416
0.203595417527879 0.779558899573644
-1.64830891909021 0.685095376773817
0.936469728387583 0.171485382999725
1.30799569889312 0.0327610960357319
-0.51108285198849 0.384012576782444
-1.55389262772908 0.600487022565198
-1.20951996641456 0.417004223650965
0.371772379332947 0.537183741973629
1.06133752087598 0.251508073913877
-0.620005247332727 0.455723061478894
0.0376078759730017 0.361376027304073
-0.448298276351671 0.694786079869434
0.716049417911557 0.103773719228908
-1.12768534596575 0.101899384378807
-0.44897482546279 0.392610650394073
-1.76844471496179 0.835669184463877
0.992590044020276 0.0178367816896461
-0.774822539955383 0.22479171961979
1.86680404875273 -0.00592735978179701
0.916256114010176 0.221488109570968
-1.76574457115705 0.901995581949175
2.44070970851417 -0.453127230920235
-2.07604888325697 0.567972252292866
-1.34636889057281 0.261848196172346
-0.500531891157799 0.604618071237473
-0.147164185777783 0.870989802621125
-0.374440183759931 0.790494548908418
-0.723892742462595 0.629630437514796
0.0594545958017951 0.634847940999872
-0.0875998125098663 0.713124536005211
-0.300104116677323 0.568621433575638
0.415505525314021 0.340521177133997
-1.47700219843419 0.711870296985544
-3.4061014713786 0.0617752116220842
1.78223991582945 0.0414346939204382
-0.00186288984328735 0.825526547244372
-0.100545861698663 0.831394988789629
1.59585701467986 0.0447320989241827
0.187682900878239 0.822240911316957
-0.675214765549947 0.28841704304296
-0.180204505487761 0.30161344592344
-1.22311906797366 0.463770620772846
0.325872938609051 0.176287207087583
0.472385202058099 0.326826832343251
-0.337275989050689 0.484804066015282
-1.56060647613477 0.81522529303993
-0.251385780245722 0.270082879145126
0.982600202864566 0.64918033646459
2.7524794669698 -0.445247058193183
2.10655240185509 -0.107462511841813
-2.78829769736793 0.050239818806927
-0.645836038054367 0.192535809996368
-0.352006737032043 0.551544580664067
0.741675499799248 0.603228840459556
1.4642741334648 0.338921254054222
-1.88480460652603 0.854860794707108
0.698521869427974 0.356511282806944
-0.412868519226318 0.695865554862137
1.22600134959613 0.199030416243109
-1.52181485849916 0.251150176936641
-1.76565251281203 0.411738553539618
-0.65461672275822 0.422223306142059
0.572369162378104 0.729818420735261
0.876839529207878 0.000392093127185683
0.0218712447985843 0.202049764211882
-0.0990058552849162 0.274965725145504
-1.71217145499603 0.282096266348752
1.80358800952821 0.0145982463944836
-1.63068526831334 0.448720081282304
1.07325881281157 0.444038613629404
0.578714180976149 0.0263119862850027
-1.33736705484485 0.836168618789937
-0.201573629646712 0.0948529096441653
-1.93285049450861 0.165562589805077
0.540899926329542 0.670760412219902
0.142201720090024 0.0482588049636765
0.873789247047598 0.357077489486729
-0.639360972922553 0.515632402855587
1.69569600089929 0.0691757176098479
-1.52017995424987 0.405782970469033
0.78197782403854 0.227823843810775
0.188757434315966 0.67877152206446
0.562674811023967 0.52521871736347
-1.94066316682307 0.544293615012234
2.4071871958637 -0.435883865806297
0.373212434252425 0.15088421360422
0.277047088819984 0.191541908006528
-1.05577214639607 0.0659683691291467
1.47238274245836 0.264445457524223
-0.583066338897111 0.682647536429791
-0.220973428915989 0.0566021687829447
0.384463489203371 0.266341886149695
-0.0738507022970215 0.292112791611657
0.479969548305575 0.0612198555374211
1.19634971188972 0.393378097243278
0.783995741823983 0.534456533734252
-0.221868033856565 0.291246248160935
-0.362202307104309 0.804733831670857
-0.824318572180963 0.555106838796356
0.129758359843567 0.570350564652836
-1.26334563387391 0.539225811248977
-1.10267232095009 0.837711979322958
-0.946268124224064 0.913314045650944
2.38065741392935 -0.0869253828309439
2.44308390637086 -0.0551302863097513
-1.45905255362506 0.456328112968389
1.12328392416837 0.335358827007015
2.22037965830621 -0.241069799231541
-0.354127031923478 0.545721681525187
-1.64970018757053 0.296797171951066
-0.961838079326051 0.509031306077133
-1.05888930116667 0.224127426968181
-0.972220910872462 0.0574920397675487
-0.594272021884866 0.925823871893363
0.697153057256554 0.270842975500595
-0.391951847568737 0.674065497903798
-0.841557803466653 0.531580351958682
1.643730470426 0.0821730542562454
-0.650234916991446 0.824992022010097
-0.851686931612123 0.887308877096247
-0.0408781182053625 0.666948022987395
-0.145711135896142 0.317858904827192
0.793186378960033 0.661695648474375
0.192190760022556 0.27977060785479
1.11188040483878 0.0110190116262465
1.47861358685891 0.109921584684313
0.640234661349993 0.227691409331288
-0.465678386447001 0.538240872003854
-1.52863008941679 0.458563212472706
0.246854037167873 0.789654117603858
-0.868750190698774 0.651725712777052
-0.980020493589174 0.491313476248012
-0.166205490586724 0.657052197566104
-0.306687429986416 0.272855542019645
-1.52370232776642 0.825286470961529
-0.404458500956066 0.304579034401936
-0.306442501745381 0.714837575307063
-0.873085132695758 0.016912432427264
1.15884048237251 0.0590665256854605
1.74464583375256 0.0277840824822731
-0.195416847602402 0.891344712822899
-0.101938553746103 0.173524179964809
0.372903553639155 0.786235074639473
-5.11637128263303 0.076355516555586
1.76242820694256 0.0628791281986388
1.51117130420381 0.0535484776223694
0.86703600079676 0.164315218162045
-2.04161310405985 0.176406114807096
2.330779508265 -0.141608582403677
-1.63685760622309 0.501479812498996
2.15753964070788 -0.333533613434014
-1.04953141618552 0.761823810353775
-0.852298632274186 0.626253183399054
0.255895267836682 0.615940473411373
0.560469859439151 0.467093343497625
-0.733402269308844 0.572038407851774
-0.21543548061599 0.252410142632689
-1.87538047242641 0.9965159101457
-0.834601441396959 0.192420359718907
-0.655109681951113 0.26261245450396
-0.391248800834818 0.156629215782357
-3.12580489601268 0.157396023527201
-1.22010339299499 0.658809952262066
-0.362628338651937 0.637835742784373
-0.766027947306842 0.878228625002327
-0.18758112866421 0.378452063969463
-0.136759564827521 0.755075610978956
-0.107932882017002 0.848899758267644
0.581748168111391 0.206721873365496
-1.1080628714182 0.802181960136993
0.799960050898672 0.174869951839739
-0.239288447470871 0.89765307779321
0.26949762710819 0.799210457223965
-1.42177099684253 0.283880926914744
-1.06243065595076 0.382595923581527
-0.554378669472309 0.469804521903769
1.46888369015568 0.173311546130992
-0.753251248917321 0.47831975068246
2.36500816167949 -0.340419956000625
0.696072958178541 0.388742743302041
-0.675300166457414 0.687784030397157
0.270930875600779 0.189403242075555
-0.0703601744909 0.771260513613781
1.56728768994806 0.0998951470100545
-2.24007316886131 0.10970987265711
-1.73393092617047 0.274645421336682
0.633010494057201 0.320930904514171
-2.75240467438273 0.696460795866741
-0.710235381081669 0.58057061608183
1.4573135720205 0.417552780987194
0.649682800534082 0.580413065433538
0.274082085681084 0.0799590546009243
-0.239635084031166 0.336335179226397
-0.987486553592806 0.572631051393378
-0.876725145426281 0.854538774489213
-0.0878284672433932 0.39704300440428
1.0246105130287 0.483240089493146
0.36059889963606 0.552180911723403
-0.275208868530885 0.824918232393132
0.301719241639532 0.677439460126256
1.12392311041064 0.591192430637758
0.0980566183545709 0.418034553186022
1.99750855890621 -0.17464614880961
-0.939396254320848 0.0329649365262756
0.0884752648036879 0.848522357039109
2.22254275645454 -0.187462129943519
0.425613586839817 0.0573414469512293
0.376844339131375 0.547984732669005
-0.0870930931129786 0.158750341808638
0.677348032801219 0.131162025640251
-2.0565397444448 0.278346856979505
0.106496188425246 0.653322548843123
0.598460334753509 0.0480961112766143
-0.337524057617061 0.696556353923346
-3.5112525377701 0.792146092426622
-0.898640070106412 0.350192065957745
3.41340368864178 -0.644262286982536
2.29617473910376 -0.370499116644755
2.66233739353736 -0.638591630659521
-0.465073685734456 0.811799579337957
0.217425641736943 0.516825789526876
0.250340137073459 0.195941836353543
-0.022576277721418 0.0992691882231446
0.345196025448007 0.159315304838467
2.41689503998798 -0.439069282630903
0.604954143027324 0.031111030158178
-0.360693815859265 0.851712599805787
1.03473196239337 0.483841564478609
-0.0757080612587212 0.328168411495108
0.848199755006578 0.0534940857502772
-0.910812617134041 0.177315810565325
1.36678139001575 0.0500303029430623
-1.26293284945371 0.0581721765292895
0.323975017977653 0.400412650839591
0.57659923756101 0.744032914338485
0.711057389787505 0.129505678558328
-0.619574405248913 0.904160395919053
-1.29555676593158 0.546435415008331
0.700794890860496 0.187814990466922
-0.167189456240853 0.122336154530499
-0.262245872167245 0.888512813570546
2.22883024006142 -0.373658691423323
-0.94749214630717 0.454928026995544
0.930871146790774 0.43068639652381
-1.20821446226277 0.521277641149335
-0.223415433429377 0.307263660728288
0.0539309640776253 0.475322238447736
-0.474910762598289 0.824680213615996
-0.594215111393799 0.561652485313882
-1.59241116698115 0.683917660039227
-1.10855413164902 0.691481748203394
0.166825374512578 0.41578158034987
1.4225468293796 0.0810409683628991
-0.523698940429533 0.139940470642088
0.223697460602667 0.792187270762828
-0.959107492570749 0.710543226777719
1.4821880538189 0.401373276221183
-0.778021528298735 0.372821071979586
2.32856796756515 -0.285588189894662
-1.12238151848069 0.676805722947058
0.400064275060161 0.464559905193523
1.64334991271347 0.176840245018482
0.290956348790546 0.548875809812871
0.248403937925141 0.131448501992503
-0.071439595218023 0.704821224089153
-1.5982892836858 0.0912069265072117
-0.20654685584751 0.12199908883374
-0.548578747240114 0.391557987491174
-0.764735320732174 0.141072745446833
-0.412388805567181 0.789809238676514
-1.42337082696112 0.383718132522568
-1.46713366442555 0.933784329531945
0.109112492528625 0.184533520771266
1.28195095041185 0.135331647025999
-2.98966381249013 0.297738609135103
-2.58004405045005 0.653447539513
1.01582154934043 0.273181211121943
-1.68213109157226 0.824093470560352
1.83075786178926 -0.00525055338501802
-1.45478338672626 0.866996091923055
0.57146923922391 0.141445602667518
0.369050051057026 0.241014348842544
-1.11330348872092 0.96295697100765
0.32376470956527 0.556437210654394
-0.215522967412804 0.822420009728942
1.10511692327714 0.0411161261814578
1.26055303236871 0.35800785628892
-2.027323449765 0.311742400360017
-1.26204262270001 0.360609017731871
0.479892604635377 0.627537130323923
-1.11009556734052 0.70187888831023
-2.59102433493413 0.191557757135957
2.98669371277945 -0.360808019837093
-1.42095451327911 0.93442981009642
0.61204396692726 0.205730451728807
1.10903189605737 0.591757170438958
-0.692779010881785 0.433898177977735
-2.48222627879203 0.0517209073141703
1.30891928239047 0.214156032544586
1.3991843184695 0.360896930311343
-1.47398643346645 0.0458776295470826
0.0466367838191447 0.0356100689585076
-0.0788122071138383 0.533945318427341
1.44208981268856 0.318021671524438
0.0208435663423085 0.696093987498679
0.625015181631531 0.0863884445608016
0.4793529621093 0.60311304423685
2.12377043300208 -0.0328886547481454
-1.7939648574961 0.955031648072906
-0.77626334942612 0.49205820319334
0.711129696673792 0.0455197176800442
0.985445542286599 0.378858610733081
-1.04775111910341 0.213618698294168
1.53242916851161 0.287317203171212
-3.67845584567311 0.573079158539542
-1.84124300302582 0.820998920027581
0.557888184587379 0.0786164687204404
-2.00321689541298 0.348788077094697
1.85085014314459 -0.0374250307812581
1.50290565739825 0.375360307919904
1.23767063325911 0.488564702856828
1.63026959328666 0.18650156002819
-2.14461863204818 0.681855233040179
-0.804622553767642 0.582920752418073
-0.567509198596026 0.281394621886146
-0.0913956170574582 0.0965454449499937
-0.261746251643751 0.150979527358437
0.0316363455844246 0.183012996081269
-1.13160779530882 0.65068438137193
1.26451782034579 0.0133714693111091
0.93329558723117 0.0868463364403214
1.49945783397934 0.14139548542071
0.637267628837904 0.0336197663529122
0.155222086878514 0.690636953013321
0.98765159709722 0.417894395281873
-2.4863869235465 0.592585218730106
-0.321229513564589 0.233463822881647
0.237804514380746 0.348616649594169
-0.713142377170007 0.686411282720076
1.70335682096361 0.0466300100519649
-1.0666096895004 0.408544099147642
1.17020155254956 0.573413588177329
0.836457781018166 0.103888658493116
1.01647017212337 0.0941939657031681
-0.539941273929791 0.136921172535899
1.10203920535196 0.345021299269698
0.294359877415289 0.594674251340438
-0.435873784468309 0.304025571311124
0.0206350708574104 0.287027209516584
-2.44300689716822 0.642100581222438
-0.662691213635537 0.388673115832218
-0.783987970437466 0.591394429385965
-0.0957055064070897 0.358151428286244
1.04217823125946 0.0461523469034906
0.704976100020766 0.111218891787187
1.09666740853054 0.445915760076435
1.0714073419753 0.124987886758188
-0.110648656115809 0.380154196183309
1.38704531670833 0.280635587493885
1.82303422494474 0.00589708582685281
-0.559603350681929 0.829021290329533
-0.132543506046996 0.837229578832493
0.390853245384456 0.232025701641716
-0.123199761369751 0.106998632569431
2.4141922995066 -0.360236177632119
-1.4497611453656 0.220773268739893
-1.55945445569187 0.71365910866196
0.345122402411464 0.162621404868982
0.0749891924378708 0.347210200966403
-0.504964661141583 0.148776267567354
-1.54356094772265 0.132078540013093
1.24048195893258 0.036608253822611
0.016342316525745 0.376439027979014
-0.462463043872525 0.861782156151641
-0.466986264441079 0.909710945908401
-1.09268017361293 0.83892359538707
0.910258734966007 0.211394271644905
0.612912223008516 0.629030579106615
-1.57673958774715 0.157670300655229
-0.845220300136389 0.373852140734511
0.78549286123786 0.418912021407383
-0.985964125976716 0.876767685620579
0.940498813016781 0.344302277208797
0.0335630522629395 0.85247291637447
-0.893647141161107 0.0244042659875986
1.11129000293413 0.0411296272916767
-1.69958602702073 0.53593990623251
0.0243010653149135 0.64272591177794
1.01733654505664 0.147329894666278
-1.22708199295311 0.489525983539835
-0.163692097437281 0.368074384374896
0.861273075274575 0.19110181529188
-0.99413644129852 0.604538218395322
-1.9976368487515 0.278343073651324
-0.346716672743884 0.760393963059059
-0.660246259942453 0.677864083426323
-2.2735493659641 0.0187106173226925
-0.0517596653423117 0.336246187436756
-0.306440246255378 0.208720282810512
-1.29444752431445 0.448851153920823
0.127969981066956 0.197170641184839
-0.7036751637667 0.24348736084095
0.969525791555484 0.327079112032543
1.16496832663833 0.0682714749509768
-0.378987732456148 0.0419947059860503
-1.38770839794922 0.227789638802613
0.898432360474913 0.0377798679426347
2.67046404469467 -0.187772851059392
-1.30688821245912 0.23702139971699
-0.533996322563485 0.625157429217988
-0.234477382072323 0.770345831048179
1.49671658801865 0.307228868364124
1.69710400957995 0.0364844738685535
-0.472541805834548 0.892499502725212
2.38620394282015 -0.0520368760851285
2.11064900187448 -0.229717766678922
0.485008674709558 0.469629005525798
0.456767170351703 0.42091748707754
-0.276019835548257 0.0885272892307593
-0.504332929935815 0.498694676849834
-0.134369951571612 0.47024213150648
0.497339018363895 0.489570981441548
-1.43632487822722 0.915618237774887
-0.366085542010269 0.263416405975065
1.26296246771629 0.105013800150989
0.757626307208636 0.276636878721113
-0.579688089366887 0.691477581205189
2.06684527072942 -0.0802140160915696
-1.52210460621525 0.293191852912955
0.190274442329837 0.245125478358849
-1.73366012815999 0.550279456263353
-1.34217414083181 0.517344639937976
-0.299077044289543 0.854334895131806
-0.298283214436234 0.0331408874735768
-1.75419949505164 0.658840524573819
0.397495307636786 0.359200520009066
0.213286983653228 0.356868270424934
0.53757645695271 0.21464667537196
-3.47604546533032 1.01507082474878
0.34444815128434 0.290388760440137
-1.6687770661936 0.084004208539945
-1.66727679176141 0.246980371314511
-1.65383946457554 0.652567968525067
0.684682098876898 0.226767492235974
1.54417228835459 0.261894494806471
-2.89544877237221 0.584394628958545
-1.64765703248693 0.83482724711751
-1.3007361122323 0.385184610696286
0.25246669015269 0.66831871465637
-0.0786548618347621 0.00686657196260989
1.55848526457843 0.284410543827677
-1.95338036072721 0.902482022569512
0.8677095706058 0.0490989572928493
0.120118924153232 0.0933165003289391
0.702717803148267 0.704842170411612
0.214793391855508 0.342097337110623
-0.22289531722924 0.212962354458025
-0.746155166783602 0.64575611336087
-0.911229405461185 0.698029564954396
2.2206505110797 -0.182403048578186
1.83714717369839 -0.0147459590993432
0.370254475936996 0.12845845797377
-0.751153619875107 0.108676536003161
-1.83580936778763 0.123720755189534
-1.66103505323272 0.726206391257377
0.00556329835194669 0.805067140155688
0.0149284339544817 0.431083704194502
0.636687376813923 0.519377318909633
0.748233589961828 0.0920118465786229
-0.180478360327115 0.723523590948672
-1.90121320744498 0.593805774022753
-3.00451861378107 0.739890350997664
-1.30891431341234 0.248822587586811
0.464287000797099 0.617565521747429
-0.995103766825927 0.938448427705961
-0.417071157111352 0.646499986129402
-0.467178693381188 0.245644910082964
1.17639939430978 0.465067894863032
0.186066965975616 0.373011229255273
2.09620372705118 -0.178769841290212
-1.10702812558098 0.0262310431203585
-0.0609812899180651 0.743914058822302
-0.549576273629699 0.0847219815256442
-1.78402277020004 0.470929000596178
-1.82086941063021 1.00671341322801
-0.336247694533926 0.56456650740389
2.20595591099606 -0.0639607238597311
1.41701068163668 0.189429986625611
-0.280763504035863 0.620003767718605
0.276770705625023 0.172701583452382
-0.746570922420324 0.54470928636925
3.29105157138186 -0.736958541417664
-0.785408747149466 0.299330020990352
-0.228077077532518 0.74384070812581
0.561697185041113 0.287797832858198
0.143628875433264 0.41409627102658
-0.1372658512258 0.806564663847118
1.5605175520377 0.145941891172458
-1.07414074524003 0.143917897489451
-2.12734410236859 0.1079710652525
-0.646098529865091 0.409454883059319
-2.5631851675339 0.0894204480181639
-0.361917590068131 0.706894033538761
-1.1421633541737 0.877868615020518
0.065453987510969 0.792940412254932
0.494188862372147 0.733939080534017
-1.01618314242262 0.769431672611881
0.354508949517509 0.384627621405741
-0.307248896295909 0.247012646427827
0.560657695430241 0.687292229451191
-1.87379475776515 0.456571330160201
-0.756853011078492 0.743171175518723
-0.708400297016708 0.674615786437815
1.5929380028066 0.206645504464291
0.978520600073406 0.129442918579631
2.60605399611639 -0.461045012329765
-3.38602634905802 0.499506225096107
-0.576161062459294 0.311840426395296
0.59948244765887 0.49481689329092
-0.287200170209221 0.879434323767437
0.439969450207189 0.17048215699478
-0.42199083746567 0.277470573843498
0.675722660037329 0.208656697783032
-0.51294558145011 0.029442453509801
1.56506635278265 0.31821573428495
-1.6733497118715 0.717771537096636
-1.23937423811449 0.215015905066926
-1.70962620814845 0.812812237998905
0.951276615743861 0.15218876496848
0.254025400378643 0.743212571486106
1.10231794114112 0.0878688110818147
0.909214909992535 0.178496490789331
1.9142552126106 -0.130831422118784
1.85459128544174 -0.0286580960091713
1.65489592165935 0.0430751884642313
0.933339057071445 0.483199875921406
-0.185588146474018 0.260906848229946
0.718323389504538 0.502191735543558
0.566860974774182 0.48232942471613
-0.115178325247098 0.831691851584599
-2.58976313613831 0.19428693082603
0.0454757603779778 0.516378279569894
0.797313247394339 0.681643387261651
0.151408049316641 0.226089008922913
0.678041483273427 0.650337696772797
1.76824641647459 0.067110720107913
1.04455941030773 0.417678070373454
-1.52480461485459 0.152929944813192
-0.901220320329067 0.524318160957391
-0.763139114949682 0.894689458928561
-0.220850012244083 0.584437981898438
-0.461922538395315 0.147032693095968
0.87853849594874 0.391531860008417
-2.3774266972124 0.743306941046155
-2.2187400830547 0.53024769268166
-3.05368262686741 0.342437776844311
-0.180967075531492 0.140352274668065
1.82402131647085 0.00249617150561202
0.882460464259656 0.430496381606973
1.12684232170648 0.142490707633794
-1.10787407618839 0.738278336227333
1.15489700816651 0.0882826390680919
1.49849484579698 0.164347982206089
2.92137089727603 -0.508284432479719
0.494865662527021 0.358990773820061
-1.4148714638598 0.668287121039554
1.72225260737483 0.0829337938835079
0.552461358366385 0.0934359287884435
-0.772018338150635 0.942593745492466
0.800311332109191 0.0637069745766713
0.483688553520452 0.447572310571034
1.30011302841939 0.199616207752342
-1.22423560656907 0.400613310319597
1.52713018987898 0.0134046889188446
-1.3047550870654 0.648544232584142
-0.358117405292722 0.4391766559984
-0.765825844687887 0.637032179286156
-0.656132789282822 0.879762123556796
-0.399171625048381 0.629221764018762
0.130400863109281 0.200975577722045
1.59384148658599 0.187446761766875
-0.275011054942486 0.8960847775091
-2.29186203018639 0.814578467157079
-2.71448920430738 0.642228265598351
-0.448642187211163 0.852330326582439
-0.256321196653166 0.0459114741723598
-1.36407073937628 0.82417889889685
-0.877608170715004 0.196478806534532
1.80101073845204 0.0180061865141587
0.909006583156692 0.1018931562286
1.01864666143893 0.435223887918216
-0.207220720277139 0.542206743515937
-0.817364627011201 0.744836094188217
1.6743525664758 0.163129279148047
-1.43680243436885 0.0192091339268729
0.872342975695067 0.449168462122213
1.79203429068341 0.0538023849304089
0.0122917553372271 0.0458982590394846
-0.174013281186774 0.409537466342555
-0.937139509832077 0.782763915391935
0.507023536249997 0.0644388641009909
-0.910380628093841 0.652865730552897
0.753563082054143 0.582803648467512
-1.56745180307261 0.144127768349395
0.0633116480542637 0.626685302993326
-0.0777774429410255 0.722680135288766
-1.10706518679201 0.546903937565185
3.44288037589348 -0.597298636249051
1.31218903970794 0.0751290672446741
0.538144236509293 0.185537019016609
1.02438469533079 0.521045127194819
-0.0173193839154097 0.705347257220004
0.0607535495203802 0.545917085059347
-2.55930897413035 0.1008055417719
-0.535935121218261 0.54908186373258
0.723811834582955 0.0778982488082428
0.262834036122888 0.368052960384391
-0.756616468369123 0.105821960510789
-0.0866555883988245 0.765461169640651
-1.66552006199985 0.158087587473663
1.36510132075822 0.108916249720448
1.50987944314695 0.181628023776388
-0.429376863163256 0.117969726913405
0.330612010532679 0.61048560328463
-0.570227137435824 0.19460759803212
0.249314691049869 0.541295750256241
0.991504668892532 0.253131227556928
0.449857814908966 0.73286792848579
-1.51586138438583 0.302906102895801
-1.20743535007183 0.924466618353353
1.10077768085653 0.287165198667564
1.46292695681962 0.193307232806166
0.68987732398147 0.443038608768888
1.0674533124959 0.153544479197085
1.87794725652061 -0.0104276065631458
3.60611953698816 -0.695496344596982
1.7486655713646 0.0354025750805839
0.0473243100402561 0.394410167728379
1.53860331354436 0.219303677133396
2.27961321765519 -0.359348228279562
-1.34528391827178 0.0254438573529925
0.723531467239785 0.051527604969476
-3.2594412096664 0.326026837407644
0.89420515073899 0.283950695651552
2.39612070859016 -0.193622980862623
0.843674267910686 0.173628165968235
0.112485048173203 0.231180523323854
0.233296910456213 0.476934316086725
1.38907772845975 0.0700216142343056
0.15803603247272 0.208122132200103
0.570707523105055 0.188875725818852
0.658775899562116 0.20678396097444
-2.09269873679288 0.464932159403166
-1.07636796271159 0.905975982282796
0.231447573776551 0.443944417119482
-0.0390056499495718 0.45719776703825
-1.90388405338411 0.868948324280398
-0.791648001432212 0.703442107586767
-0.788957568444604 0.270962683272211
0.915970679475639 0.492616931815797
0.741963872771421 0.216175147961833
-0.618444345583144 0.471729720306707
-0.969103707720069 0.138745266806739
-1.52109534929466 0.658560964757599
-0.806627508154361 0.133834400270135
1.81413600904992 0.0191102903501807
1.51362695254418 0.307879832789637
-1.17342666567951 0.690476023196001
2.09430160930761 -0.316988154042043
0.508238355992556 0.693401332840747
-3.5519065562173 0.896675299199808
-1.72747338683772 0.113983277633718
-0.123882909114504 0.833153303857234
-0.335227349674369 0.232265890359817
-0.178717949248535 0.873479719243174
-0.186071047460889 0.15870672269992
-1.31064855328313 0.597370940920679
-0.650665923848297 0.676456678835781
-0.364256353754908 0.0768965078483633
0.929926287672069 0.0961111862457383
-0.0431656280234358 0.00110092258197182
0.533134631410441 0.520331020343909
-1.11671893603811 0.0292708364695955
-0.587205244441354 0.618334165189959
1.93372784929715 -0.0329731089108932
-1.0691611035779 0.787629560858598
1.6196336713637 0.109058455198894
2.34598792069244 -0.322041864298438
1.55990438826839 0.102603994218265
-1.22084480675696 0.387044030840092
0.283089617242798 0.361451745630348
-0.934188470911894 0.679079302637877
-0.100940250448612 0.608252962641702
0.268970954478765 0.638432960325169
-0.473229619005162 0.633503525640999
0.567536105366759 0.352666337010153
-0.548618393306251 0.173723873711121
0.624492522194501 0.64316734010315
-0.998963821591538 0.595375779037306
1.24226928551117 0.480642600976926
-1.4871269346646 0.764964125803322
-0.139444147877439 0.316922750135365
-1.64544212363067 0.401150010470865
1.75883617169891 0.09144539798262
-0.563763639216497 0.0010549514921026
-1.47698210917471 0.0878054235910957
0.677064022518625 0.00985508341050767
-0.098680848230085 0.635625565711983
0.654876886842281 0.568562421127306
0.0812392473309854 0.316883428137735
0.0111664710842268 0.48158493697364
-0.219177139065852 0.882016036277981
2.03394071221089 -0.233234624255651
0.427108085732134 0.0725667909859375
-0.485096776158855 0.138400285658198
-3.16254547517516 0.531949187029161
-1.65430941011964 0.832369879692354
0.023831217846501 0.721143014614723
1.18497612268977 0.554003790432251
-0.634278264934149 0.134841038381011
2.47081860225316 -0.53130814420883
1.3290777926411 0.344075003228726
2.19545268205732 -0.000716514400136382
-0.443181859510131 0.600576092882099
-1.97765171029829 0.548434624642569
0.10707780719313 0.0374238790644063
0.755908975717172 0.0631393412715975
-0.272958634293126 0.723834571067452
1.7801838679332 0.0468569544890084
1.85427954673604 -0.033760928984213
0.501159172802768 0.326022803487667
0.242650126481386 0.341598712238597
0.0562130090177981 0.673141170032834
1.78612526232294 0.00706258799267835
-0.810000812599805 0.564698950241557
2.31559147024993 -0.00655228681185118
2.24203646335851 -0.298503498419516
1.79472767439794 0.0513177677851735
-1.28255847683771 0.48656853626107
0.300178673026143 0.317959263620259
-0.565525460317402 0.751109446107608
0.605924305553709 0.388807382308731
-0.420346911464249 0.335640009072729
-1.74932025168176 0.644285865616732
-0.648833775847251 0.551238174803595
0.8348928303414 0.0721192055234787
-0.739510838427988 0.825336558307678
1.82277918411616 0.00151536964484123
-0.24626124097195 0.875042979490872
-0.204851001368962 0.676025808671661
-1.69206076826907 0.168289847965192
-1.30362054278774 0.769654253170002
-1.22614452681206 0.367412180398272
0.114255575763987 0.808505358145003
0.507896225779553 0.109513217976478
-0.573713332997387 0.672746812061687
0.59850281368457 0.625956960766958
2.6954151807655 -0.55724869242377
-0.837885999344152 0.926748913292426
-0.442635983919058 0.14333000266083
-0.111841345328407 0.0479538186821205
-0.774661653486034 0.241212089799614
-1.36281435964825 0.345464074217465
0.465601028186085 0.662385147116716
0.304114586353319 0.531702973364482
0.217039034885402 0.302194303285736
-1.04842048672449 0.538345533960373
-0.504320036657781 0.176348974695883
1.09500301969966 0.100487154441307
-1.28089249401722 0.441773016696524
1.41096023528923 0.308396902281017
0.972550089013604 0.0274269915642767
0.489326467626863 0.311534778348773
1.98955829229235 -0.0141878806831373
-1.37515816897073 0.152559803698542
-0.085963270910144 0.711054787891352
-0.0934447042524069 0.140436148459783
-0.83286340300476 0.881286868277498
-1.73094161494629 0.114109578268025
-2.08098368204688 0.775506777142807
-0.223159123783075 0.879440388123904
1.83048883937953 -0.00222917295605765
-0.55155829396932 0.442683592667318
0.397217699380597 0.472156101910381
0.458532854543641 0.252724770170758
0.780608117530682 0.0312047399183449
0.612424007490547 0.498933896353565
2.8112533277685 -0.486935531906643
0.987267052792944 0.554900917382286
0.758465110912926 0.600794057695992
0.490484701535525 0.533840389841432
0.517622962759553 0.0862258672173013
-1.93838860030762 0.779647437705039
-2.63163863271802 0.609864705349993
-1.32009226272667 0.492429962432888
2.40776720973111 -0.012599228121124
0.31470291977528 0.751164722422262
-1.31515360188065 0.629843534780731
1.18972678012034 0.0312320804873489
-0.435927048892063 0.694241660687741
-0.857182156309834 0.812686050409322
0.00646551271334187 0.640055160185201
-0.39669861958104 0.297673690813917
2.3706254898027 -0.0450683925521681
1.23537770911369 0.154144052058143
0.551208920389803 0.688663868542996
-0.619275895506901 0.436077031218498
-1.06391264044453 0.28268746330077
0.699281344611672 0.192390390998973
-1.43858083939493 0.114358990475111
-2.29802359114231 0.116906514594856
-1.22098059517972 0.122744792794866
1.90613406792584 -0.0375168387156744
0.313425944112686 0.307495313569323
-0.31345906564836 0.314255469873356
-1.70474384502865 0.314099259870964
2.1561847716895 -0.0778070023430914
0.504922139429311 0.627772419869022
0.276731336862384 0.0497087803286384
-0.105451473243092 0.104686804406122
-3.10562873863019 1.03754967749248
0.14647500066466 0.704292680935227
0.0769929944401695 0.200773138608611
-1.78345704908852 0.183008822008448
-2.55938998282509 0.0727116748600898
-0.910279169485568 0.366243193599768
-0.0146360219414105 0.32724144085532
0.361349126818219 0.32229349296808
-0.489130975074441 0.118544670706449
0.152473620424844 0.682256475354988
0.371976646492584 0.399741534758293
-0.0205299171478981 0.300032882053366
-0.471704529685232 0.10116164406742
-0.314582266822152 0.0642084070610805
3.27098961151843 -0.716627872781634
0.119703118241945 0.38727858311737
-0.625150301875166 0.612693854379332
-0.294002240141189 0.597355112496832
0.189180329442661 0.133268158798353
2.59518369581493 -0.174558077259517
0.0633076007674697 0.819688355587726
-0.0884215604413812 0.658125490373903
0.550104000957785 0.135817500291719
-0.976798342861681 0.431596822785404
-1.55110472336301 0.801034869840308
0.544303957205824 0.375521775243837
-1.94621453684772 0.0171809763948634
-0.715335604633657 0.657982796189536
-0.533946008698628 0.487174476710783
-0.448445291034653 0.0261857722540743
3.01778963879893 -0.694493529669862
-0.378287773914232 0.245320508011652
-2.64152461929473 0.135978861291024
1.46407309458774 0.0510317647745247
1.07820491690767 0.543666430564892
-0.66611079132177 0.527184816459345
0.331661807514843 0.0306201333988687
2.08396566881556 -0.00537993608344844
2.34273359740108 -0.304660991197411
0.72036082253264 0.62510302071951
-0.293192615780442 0.870454203365971
-0.995485384429664 0.741290792640035
0.543184092148389 0.230334258337372
-0.190587926804128 0.835223659837654
0.645426205619226 0.232652377498096
1.26577854669567 0.0791667607869539
-0.616576209942267 0.615847924425641
-0.491906312110143 0.216702133764513
0.0253783640711275 0.531364061918564
1.43148473747396 0.077071762406291
-1.50897317810601 0.122359766315453
0.824257217100895 0.129812509006334
2.28372716780295 -0.0897084285053922
0.565366864601556 0.18364432900438
1.76187941139376 0.0720932819523276
-2.03312180157456 0.331596151240133
-0.326325220743037 0.200609878933262
0.86432129117765 0.394286754596427
-0.561833895567706 0.725651183561284
-0.373586417166518 0.604756183587256
1.05500160561678 0.452861996971381
0.829270609719821 0.5916601848559
-1.08217294631675 0.0388176970063604
-1.79496125692007 0.444342141972948
0.568520609538079 0.764693069991966
0.717013056408468 0.260563138683973
-0.784316739958142 0.0294642553215215
2.21239881343452 -0.232891341025113
-0.59527793848885 0.226322174663619
-0.380256272082646 0.10201631506789
-1.41580811171399 0.280340684198686
2.30723164211172 -0.254776822115592
-0.254254197364975 0.287010402248165
2.13483629515727 -0.176566506555971
0.689941804572448 0.0518557090656168
-0.932941931029319 0.290311234644182
1.17717050966689 0.555712023950582
0.0725444726373702 0.473023754676565
-0.434793652314464 0.408289107530424
0.217916485406937 0.506073960403806
0.716733510195622 0.448321874082868
-0.697106391437274 0.30033753382196
-0.766280140489339 0.236813693076982
0.516775630086869 0.119150119161991
-1.74765964125608 0.657536062352264
-0.373805768309402 0.0825796891814909
0.532858557100228 0.564176245483332
-1.33935309672961 0.00244979791562159
0.416042284688563 0.614749343530529
-0.451424724275412 0.23083071847193
0.824166863613139 0.00739446452771976
-0.327749476789752 0.760014025919206
0.0109088273218853 0.260073143291066
-1.35370662563226 0.0999689456403346
-1.10209084656539 0.673642110770815
0.87598112520934 0.639339794799122
-1.87559055843533 0.211061010732986
1.62708350363977 0.140370486165932
-0.700587443227705 0.939537389290434
1.33939698122844 0.389091977423863
1.01257630176954 0.188293665216628
-0.265748660628841 0.06222989673196
1.45627844302151 0.0344368741412902
0.177655714045315 0.648880512347529
-1.97926064338744 0.41057440989485
0.010637640537691 0.333709783762224
2.26759300116343 -0.18309840185088
1.27734147262908 0.457144404735389
1.51468767836227 0.0626703218310364
0.141039178834338 0.305337215617131
0.690772282377702 0.40030225583614
0.848340555592318 0.47386735608952
-0.303085826303639 0.497489534143826
-0.0991998111368186 0.759092078050016
0.768121264340827 0.685862244018092
0.82245922615024 0.0561198470593286
-0.548853531203698 0.839801582946934
0.383348162379878 0.452438282025602
0.311666107466454 0.410209568548315
-0.361680487475644 0.791018980704981
0.173086863212027 0.220445343288719
-2.00005612763268 0.131473463556122
-0.0566216479870614 0.564588044591577
-0.835954488687056 0.46538849555096
1.12925706178587 0.593098088762817
-1.6919274150826 0.821693431126449
0.169713857061858 0.0839208424617411
0.967044676410459 0.502420577637639
