-1.08600582220542 -0.129275926318084
-0.670711354352604 0.202310731666886
1.01158899984749 0.509868967754083
-0.24524127823058 0.0254505465627287
0.32922441578079 0.643780786086066
-1.23553529426863 -0.373215369192099
1.25867709779679 0.723848213272623
-1.17289342942573 -0.170546130338796
-0.441567671822638 0.041413631614019
0.958265376352483 0.619573312918418
2.6607351580944 0.867049519796943
-0.304417245942547 0.312461141924544
-0.305777869232554 0.133398303977953
1.78791265901879 1.00108259037095
1.56310967719785 0.201128817181193
0.939632327496612 0.0466128586092379
0.997019011355811 0.718973536357273
-1.94671894001551 -0.111034902455858
-1.50364916939776 -0.705963992884607
1.23417657614385 0.0874179074394478
1.55691149213584 0.518554252466363
-0.851821329900379 -0.00236705028810929
2.03222121260709 0.542065994258834
-0.208155242397805 0.352961545606339
1.37997959657787 0.164795646330933
0.882350211733978 0.0383109465803748
0.0516021604329046 0.718253388007005
0.410099569708969 0.773060726470283
-1.63326371124279 -0.703745988161606
1.57506656109902 0.432781905572155
0.0103635973437709 0.604940138938987
1.4476733961295 0.834616610323505
-0.104942935460855 0.245993256481318
-2.06496303622422 -0.417848841047741
-0.9882619288475 -0.0755551343838277
0.436749278255974 0.0618884514225049
0.562039807632968 0.512500927421177
-0.369825706620534 0.328311831073114
-2.34223713068788 -0.749948009298674
-1.27636723121567 -0.531334029812179
-0.198513600790004 0.582991029524378
0.855926674010174 0.200897702957587
0.510453119343611 0.396726334557426
-2.02613769312296 -0.79247641831999
1.99632904053872 0.516818276654674
-0.620293557184231 0.335431239862759
0.955992977743787 0.747722229473309
-1.90670110729548 -0.571755631392944
0.392532701699488 0.891028721119527
0.844640291432086 0.28247938109866
1.34728452234513 0.134017920309862
-1.87175456556977 -0.326048353218049
2.06355378729651 0.28689395676395
-0.827902167386008 0.0177087508591638
-0.666466221394324 0.108428576214538
-0.824062137159194 0.0248730009997435
0.827280249390543 0.647836225650993
-0.897428586327438 -0.00751938987149034
-1.43893517696274 -0.363543947852029
0.447120384607977 0.924309633721985
-0.672113249041567 0.221573149239042
-1.32793598772521 -0.374982167060575
0.782574084623931 0.0685707733457089
-0.545814414606099 0.425919236924069
-2.72964727028274 -0.7868252803655
-1.17455380678858 -0.128077659556722
0.446248868712118 0.478900774050704
1.26989195368433 0.495160248324169
0.601540969605683 0.823280140620321
-0.464937526114753 0.217347877672224
-1.15215376096672 -0.431594580534829
0.379455309441982 0.581010718697695
2.72670177715121 0.482713132038616
-2.08894338284126 -0.116664324781983
1.61306970939406 1.07648293308772
-1.76510987162752 -0.0837192970899198
-1.00112929153592 -0.169882417019691
-0.890935526829885 -0.0214480911467909
-0.493897211926703 0.144588706890984
0.585897167881975 0.541539362409349
-2.94101945668618 -0.770034406844368
-0.0623156806335585 0.0211577210952379
1.37286052511876 0.481617722594817
0.23504857208876 0.718871322129922
2.97046391416859 1.05156678450781
0.17162220484192 0.201007926708748
-0.712624905692701 0.0545773086836223
0.56430873829851 0.544983313235639
0.780813419402565 0.574054741215029
1.08858390923602 0.603646500450208
0.0584096760832079 0.699390870923407
1.18348901070064 0.0906734868881874
1.02969186579114 0.123750621750372
1.33218022846574 0.230624212156679
0.346135416186023 0.725771860651253
0.716188205535256 0.816081516315131
1.7572868143008 0.201522488958282
-0.0296658394285819 0.468565710848228
-2.12433824546553 -0.746485032481607
-0.5620828388534 0.0581103920543344
0.150613923989017 0.763575862206707
-0.674741978393934 0.0344507276755036
0.684238882054443 0.695477671252711
0.858663234838665 0.737244945022238
-2.22964128907014 -0.826046898426335
0.727293127662514 0.854660600472245
1.4783975113345 0.00358461226812954
0.933460822407943 0.0695019473495988
0.340250410730841 0.525948168190764
-1.00665261630828 -0.166161158069282
0.431829514647549 0.762471371482038
-0.0458335275328776 0.176049021012639
2.12014295217421 1.0069658823294
0.766779093035257 0.691408057373163
-2.09400905359511 -0.463378260468975
0.698573119896953 0.791841625847347
-0.399123280113772 0.482271095012137
-1.19957740940949 -0.340974932303903
-1.26939578955507 -0.0786086777951114
0.694809042775558 0.309648217014772
0.604679156868261 0.836970945648205
1.44850606461042 0.317866190451746
-2.07583181093144 -0.152172198641864
0.877835287169185 0.202664203760439
0.490175598249064 0.915657907690689
-2.48049793666834 -0.863316644510564
0.801322877145301 0.487274914781706
-0.622797853912597 0.136656856384799
0.682378398328003 0.313600673847125
1.03894535280247 0.66024666061156
-0.124419945463122 0.397453110644832
-0.106170358069361 0.67841093769177
1.01127510798471 0.697702302467665
0.717041413169443 0.55895945480609
-0.804238963116041 0.0797850986735447
-0.0906227102541217 0.111188662000859
0.184001301695523 0.657377362865384
0.592732554129964 0.867716004786365
-0.578604868847133 0.171164900092473
1.23692304317441 0.811640763193291
0.146420236954159 0.320241366050664
0.192200845246611 0.0544215093269743
0.787236981314443 0.58367712289095
-0.677604685375339 0.168925669389283
-0.217467682871021 0.345082019441862
0.0943267050494979 0.0832478159303763
0.0739408530064119 0.646222724903745
1.92911695369633 0.893435103738485
-1.53592386589666 -0.58525007988957
1.00258082802354 0.0618648447543588
0.360962807327221 0.890858135729943
-1.92592742868196 -0.553894461923704
-1.4807720330578 -0.660044929139552
0.313054676801123 0.574269448566198
-1.24626504940445 -0.200959872495949
0.815033815636187 0.962868454102321
0.747439707868173 0.7168122520518
1.83609129906579 0.962385213529565
-0.223385766125512 0.225515654709699
-0.344112869191933 0.0243804623960096
0.0117288476127605 0.329456474196431
-0.589598487663362 0.139645294160494
0.722146762060488 0.586807259403384
-0.00371147910656002 0.484977366656936
-0.34785039561659 0.190931017646472
-0.998498942973919 -0.204362972905415
0.502107679908706 0.0334995526083418
-0.653842065087306 0.0114682955772773
0.103404999910354 0.786878047275642
-0.0481361536006174 0.526728484428921
0.318214040881135 0.777503183625848
1.03648389943338 0.183349123443827
0.168097692466032 0.0815626737000429
2.04580823528635 0.814076440929575
-0.455841901297598 0.198183192320259
-1.17896910646242 -0.359101105603851
0.126029151131849 0.832985733258282
-1.43052474477708 -0.673511302297712
-0.99897367896216 -0.110515739028425
-0.149257592930125 0.534626741533219
1.87570792562476 0.670468179644829
1.65077853861575 0.629718008466476
0.300602802065665 0.20944613097819
-0.803656058136449 0.0144048677288725
-0.149499942603569 0.41762062903381
0.880702057649195 0.792984861623041
-1.24930881420137 -0.371803358813825
-0.14615216865351 0.0517239836745861
-0.131253134698351 0.441890768656932
-1.20069245772667 -0.316279941163503
-2.47082781684073 -0.316230809665336
-0.782891794442705 0.121949761166955
3.51086278314617 0.704966176739445
2.83619525606878 0.915638318310211
1.44408410690166 0.642129240368743
-0.315201955969711 0.378885682837278
-0.393593136290955 0.246519589754236
-0.418748160088571 0.438027817170488
-2.11270985005871 -0.824289101375979
0.977717102466937 0.498840577632013
-0.31418956943411 0.512856613261914
0.343294898270533 0.305453594910939
1.10920005746188 0.190972649693887
1.08366033757122 0.801045907565278
-1.34058932168245 -0.163647347230292
1.03904027487248 0.995921739141441
-0.689144621737219 0.0252745267814155
-0.918861095430729 -0.125761386789169
-0.869558560786572 -0.000140502779168937
2.20412048053012 0.613066714844095
-0.00298614516507357 0.247153286039472
-2.22853639838556 -0.880969899636728
1.47888121307 0.433897527301538
2.54300427261564 0.188927887205462
-0.569806576123264 0.343108949475713
2.78391534031247 0.29898249417327
0.747962952688367 0.932897226226133
0.284124362931924 0.512043013829711
2.33773251642979 0.25578130512487
-0.716794779420276 0.239976181677526
0.281409926185277 0.726362663274274
0.239950565615398 0.59354755226805
0.498668696956793 0.769888434337407
-1.04106669661377 -0.292567598514539
-2.35731235815893 -0.467193543939954
-0.418042273609787 0.341720203442949
0.785892374501377 0.898051110493488
-0.882928914575256 -0.0212538973463052
-0.33213764700704 0.376231117115368
-2.27594211095776 -0.671660431069432
0.756159443759854 0.713414993050751
-1.52989457734945 -0.350803418646055
0.771893597449985 0.806154337418046
0.597899920024345 0.709189891513228
0.336838252043279 0.111168938482659
0.829452153830553 0.470140638923988
-1.58260625035143 -0.306485743780586
0.0920575105286524 0.524728180519818
-1.18096895721825 -0.292614793407925
0.27319265031741 0.095932009528237
0.0918721786886169 0.6180879417493
-0.29197467782575 0.51988494552683
-1.89557014935077 -0.603182822162535
1.20478065789419 0.809474658984484
-1.25755179003878 -0.321456008744389
1.46388701275489 0.94766266103311
0.369948056472406 0.15913506011839
-0.504862906943315 0.0756580472087134
0.0398588778279696 0.457370509933487
-1.07062156432854 -0.160402754429241
-0.36882408269222 0.028161556828456
1.00333514898127 0.306631104215345
0.306270773980804 0.109825468925233
-0.567551144968015 0.405936292097095
-3.25000713375167 -0.720588260732076
-0.099732276533009 0.323680692202443
-0.3547606305619 0.114719680830839
-1.87717204866165 -0.357727897176728
-0.954277174464793 -0.14707662053477
-1.58126660573063 -0.491873601641478
1.45878908007438 0.168179993241931
-0.172764208826691 0.432848652705648
-1.02637238887209 -0.0662052397856265
-0.999042433923938 -0.201493618196493
-0.915015506576866 -0.048990961795727
-0.371890210635485 0.141530944345891
-0.715236488043066 0.00516043047014181
-1.1253268841452 -0.409493832491202
-1.47197390290348 -0.234427386852927
-0.22139835165584 0.160649501529297
1.022564859283 0.578091225324168
0.486379449843114 0.343293052826282
2.24147405999153 0.125464664515375
-0.480628958504361 0.345543088965346
-0.332815168660986 0.391721814098465
-0.817685655498317 0.0311129002314042
-0.955547767232564 -0.102944411270262
0.42697354275851 0.652860303385578
1.46142737979353 0.972944189486441
-0.0208626468639928 0.283685508731379
-0.834960838872816 0.0109002595250882
1.93158027493439 0.914810921178094
-0.0914504299772382 0.201301020614892
0.72968172512959 0.262797573719838
1.10319528866759 0.123564774971192
0.468615688410748 0.664866734163342
0.534089583148932 0.613388565578994
-0.870472324579039 -0.0241331050112163
-1.02901755675621 -0.0359453014325746
0.25051522975196 0.384714597379932
-0.387127778873753 0.49917084995643
-0.640596874882031 0.219104794592498
-0.80145654628761 0.0231507142878572
-1.1827002666861 -0.17513981885285
1.31949430007028 0.4861472039824
0.477568719687996 0.459490203911721
0.175783002275771 0.193499961531421
-0.0776846355977758 0.203245112761954
-0.661007802103912 0.239418241417028
1.67242634802758 0.479747603719587
0.904922512628367 0.808642059477364
-1.57358860997775 -0.401716161504834
-0.863867763143913 -0.0207923539741536
-0.618008013549936 0.220460029545077
0.0643472849608074 0.227461739419974
0.157240903978296 0.624503085373105
-1.85400111951468 -0.396496086106003
1.15904653334272 0.785118038043934
0.875475845827101 0.065549571765037
2.74246060985565 0.163004819938115
0.0770112311306591 0.204251074360115
0.0981679732405422 0.573176054324233
0.229336974284413 0.148193922361323
-0.730281804659253 0.0502261031012349
-0.867450592437862 -0.0195760052244321
0.726097610643091 0.27018912972297
0.105477637498736 0.752478970615933
0.33198582042349 0.32297323860725
-1.33174040598541 -0.57911277280487
0.322157948379411 0.433459017227438
0.772091314027857 0.0260652833217823
2.00040008835317 0.718118659878086
0.245665418491633 0.288829370577459
0.456152554334422 0.719312342620874
-0.309681299857318 0.0767433631723452
-0.445316849803909 0.164418857143157
3.50748516557739 1.14564341408532
-2.19999834710358 -0.670666352513202
1.24494718723245 0.152262113619782
-0.54707060679801 0.392746405508139
0.610445111476468 0.241063741257501
2.61291892448154 1.1287177959565
-1.02001438677031 -0.271601038222486
-2.2568031990909 -0.598396908195963
0.464448368056942 0.163930592934046
1.37507295377508 1.01674209984475
-0.366435772332912 0.0112126815303792
-1.55932872082556 -0.155601857284502
1.18005287147909 0.535363591168531
0.270338765645917 0.0189840724878489
-0.154592432422378 0.58568633007205
0.350144364965571 0.685301386990503
0.617806458116213 0.791113906909719
-1.64991184157239 -0.680410210824472
-1.98296152996772 -0.699321265084913
0.61978028049723 0.873877505496833
-1.25792583000381 -0.141102087055125
1.36006334322365 0.119852053121722
1.01401372738622 0.013033764830903
0.635355843559027 0.701582276296278
0.18336779131477 0.206951429334136
2.42276153065015 0.990357343169587
0.0261983521091764 0.716411438939986
0.588151959322032 0.0562575484287035
1.00558188347752 0.765695607122769
0.558546517836708 0.637101198612763
0.0449801730911797 0.590422126930729
0.560478713781843 0.130443082126172
0.785743814646399 0.494957112600839
0.81221197648083 0.0412761367495374
-0.557317741985194 0.257923841657819
0.0842303886740772 0.803819893303616
-0.550908713890676 0.108397050425881
0.11560248215414 0.584409121803535
-1.17183665923954 -0.375857694791285
1.3320794847461 0.872727529346526
-0.704445763710392 0.209623791321064
0.834410807233299 0.518674216087243
-0.843595470722037 0.00142547089019056
-0.157107015804123 0.559193531779403
-1.32876610355861 -0.136247042917311
-0.504177674490619 0.368119333961673
-0.650798331936693 0.0249154192989392
-2.09044278111818 -0.795839645012525
-0.149611707038964 0.670286652924707
-1.4092020399126 -0.42927649841106
0.133707983207491 0.799479014200275
-0.0731724719014078 0.29749201816422
1.3724235513985 0.173464604372315
0.17592990843462 0.585086233122583
-1.45251218607353 -0.535469508477816
0.16042414163476 0.513202099865736
-0.613584577851544 0.0874144328123289
-0.408317654578133 0.176332354681497
-0.912900702779079 -0.0310866597775612
1.56140068037862 0.0108993877731072
1.35820074125397 0.201971229850933
-1.53358039139402 -0.253656014258477
1.45834715836116 0.834840418450129
-0.434404219307097 0.430555349123267
1.2278863397733 0.641715977281857
-0.823490875081429 0.033313723582918
-0.0952433858806806 0.467957115571867
-0.400935944478563 0.485747248603084
1.50205779589828 0.422921693000997
0.615636108948596 0.206942633101247
0.30508320485515 0.838989029500571
0.910643615862507 0.649296395362515
-1.6717794959838 -0.114477353781413
-0.667174805281603 0.200408582076558
-0.769449242127552 0.156410422150178
2.24266592903023 0.137230289019237
0.601862995198605 0.444279596352924
-0.644347882954001 0.313934944212308
-1.43248194291519 -0.612832350853519
-1.15462894041414 -0.251725529960799
0.765875848826111 0.0102330771879102
-0.717811760052913 0.0431865335121319
-2.40197968518467 -0.221011263683543
-0.247812207944203 0.0812159640101286
2.79326383039887 0.923875182957087
1.03213257676706 0.395276502814153
-0.968397551809454 -0.181188448523919
1.9630274220284 0.509145038654238
-0.748841132656668 0.116652449049618
0.343317622479304 0.533086336976973
0.893774571478818 0.0103212092309271
-0.712276756424078 0.137194344276337
-1.18686112530341 -0.217644383569114
-0.681573171304101 0.109172012103012
0.355123592683773 0.373891612955321
3.38768015580238 0.289521366399887
2.01980885473749 0.586596970909027
-0.500368308939574 0.336604451893663
0.708408348192934 0.155542231753049
-0.142046768419735 0.345559113472682
1.29709411966539 0.962031597467335
0.77839912270268 0.664583949148418
-0.381238526058525 0.158071122496731
-0.840525795693612 0.0126724271121867
0.0933855048966947 0.485560054803677
-1.89600102849385 -0.727973657568216
0.595302672268623 0.208234660070902
-1.6549444404775 -0.439481312571791
1.85772897814253 0.367076467069734
-0.897605769976375 -0.107935595773783
0.970239664127706 0.856700050446727
-1.05076091799756 -0.349018286031286
-0.505384609586656 0.472040690385676
0.000217380315806115 0.0248207359868819
-1.29124256348239 -0.543378669754224
0.108884241149248 0.0283720613177539
-0.970216307792172 -0.132954012910554
-0.53060720800226 0.285887153648
0.238435129851016 0.412361061782609
-0.321919555916459 0.394961892346087
-0.0955485893313559 0.131008570112851
-0.250604920023834 0.585833107751658
-0.0633472510539261 0.203516153002378
-0.550402593089761 0.0752910115496958
0.689798001037936 0.339171083601094
0.989272978141133 0.495170862787783
1.99051407972946 0.298242865967575
-0.0142026444363383 0.580747986884022
-0.132071775227149 0.00317882198648219
2.47755489910253 1.00856898030163
-0.175069255296768 0.428001602886305
-2.50382145837228 -0.576356718905665
0.0010758547560979 0.0865050350038545
-0.385330342068324 0.538008071060947
-1.01246668070239 -0.168419051909345
0.527505215783829 0.874022117468372
2.62439803086204 0.742510612671737
0.490935177485895 0.719779812399367
-0.698996981123493 0.121639990270233
-0.798648741177539 0.0506246549519225
-0.42017300431083 0.320090287535033
-1.3001419116479 -0.220534573152863
-1.04161933844521 -0.168776372347176
-1.52177430879944 -0.155370098446476
1.29783771980341 0.853859843182143
2.11426380682234 0.760710319658086
0.931318613933272 0.159904436532734
-1.53557801535648 -0.407117706862546
-0.0503148690168775 0.206249841407517
1.25317147441858 0.414712566310339
1.30916394119533 0.426773337642256
-0.496293587632961 0.066692258877819
-2.74529296070823 -0.763677869114956
-0.580746398978634 0.19643395846546
0.611909896453708 0.369692484966396
-0.352538918972884 0.474709904445128
-1.30593417116633 -0.543874867711926
0.338824183844825 0.712452911365558
0.161902834645121 0.179305399529756
-0.128234217741485 0.647237534110295
0.273114647541276 0.0245776880443896
0.972052920345769 0.426317597127507
2.52274806949662 0.435250712709628
0.895618878728016 0.177589557265049
-0.446425917662851 0.393161629636975
1.40305869119468 0.777828631573933
-1.7704614150731 -0.65803036051164
-2.1824075372074 -0.15017205307494
0.807924460740611 0.216417086942913
-1.52509659079973 -0.406276434004339
-1.20493044232562 -0.365990963312344
-0.711719592510525 0.137874609487016
-1.74533493830284 -0.178420058832859
-0.343886043285678 0.246904408941708
-1.33695685217387 -0.160784311266106
-0.740054187848807 0.0768103846322678
0.08139199983511 0.591923147003884
-2.00802399563491 -0.736237544983742
-1.57836312574921 -0.0181867668450449
-2.34245185800272 -0.349295466534482
-0.721143334153891 0.218884388859126
1.0507293395765 0.799726646483638
-0.448111318218345 0.176035477177544
0.00699882162214868 0.436713122403665
-1.86532121068489 -0.400147230301461
0.257463746386158 0.761993140836276
-1.00893388203702 -0.11234554639589
1.1908911299908 0.369853487255978
-2.22015810039304 -0.319953096313491
2.05288213232661 0.639237068516454
0.657682305179355 0.00535174549827922
0.263497568502056 0.0976792745722007
0.422495349546034 0.643061746449497
-0.429326403893689 0.380859038035495
1.03528539210341 0.275438522239205
-1.26002013717712 -0.387592339803082
-0.731560809241365 0.180358374236265
-1.33983851863356 -0.022854277697274
-2.49525048116396 -0.0735334693966842
-1.38821906620415 -0.156355284976079
0.603803800096646 0.713415924192687
0.295767270890976 0.0649479540519728
-0.584371525186859 0.0725676815205443
-3.31396138339351 -0.059042116584606
-0.609174297607963 0.116218094828038
2.84708435978279 0.0687171206492259
-1.01466594068985 -0.120547155204722
0.111054812495138 0.509346290186428
0.203947698568847 0.643868768681713
-1.04135402299198 -0.10482381970525
-0.455969500439652 0.307534475899395
2.25022870421931 0.0942959240076818
-1.61373404717083 -0.553154473581751
-1.97173193535618 -0.440758700339837
-0.969200589872443 -0.153743387860446
0.0137734349850421 0.687772328769427
0.0319415378007388 0.667148804726405
0.153400910210718 0.0512374015372931
1.63703987487897 1.03176303884104
-1.52783843323739 -0.417835985886038
0.361587746887266 0.23588874172008
1.00107320105919 0.498096861471827
0.419162516700752 0.00896029460904978
0.289257972519279 0.779687776941998
-0.150241041396182 0.0886700672549065
-2.19023569698162 -0.779278592402915
-1.46812438061744 -0.446803681322124
-0.734902652461103 0.161141538862134
-0.562017492280957 0.252615702064048
-0.506413100213587 0.0730961981351609
-0.279377001969662 0.395800838590023
-0.15924076618542 0.454863344255408
-0.0797215641394998 0.0109656223655714
0.840502925731345 0.330842137046044
2.21981082067465 0.292147965785093
-0.327810914923452 0.0225026583319736
0.219901976901319 0.0738025465305472
-0.0166969438507969 0.192344528027134
0.414701979846513 0.51583877024003
1.2359576194763 0.630434509959831
0.160274194272973 0.0958425297672378
-1.7567460232329 -0.291374320857283
2.05612901859019 0.773853125035456
-1.59737089242126 -0.56747038239634
1.39521480635606 0.105038170679062
0.0556709916692135 0.203478406108932
2.48346792754967 0.902331922659689
-0.0186648285071298 0.642423649282273
0.131835296171087 0.367921581582491
0.607431091903945 0.740754778807206
-1.57098935025166 -0.0667269349024015
1.48725405367517 0.507362204212743
2.24360705896878 1.02873337079877
0.961282157521199 0.497331184966759
1.27531226849382 0.605422285585852
-1.17521230047951 -0.444178410326347
0.931375009196102 0.239541310863895
1.51074282627976 0.443850807301667
1.11492200101549 0.149072350729387
0.464273913044751 0.681449878296404
1.20031331629978 0.92193777745342
1.60213412328709 0.796981976369006
1.42668498272775 0.057659593084951
-0.509929669092109 0.274002027345384
-2.34458235685864 -0.57509732394829
-0.190121210347993 0.106439127999629
-0.52478216628497 0.0735023853356793
-1.37583919397361 -0.370951226630154
1.06757371955259 0.958411978039499
-1.60326933758763 -0.205270691027932
-0.0730972478897431 0.170802040997321
-1.35528790528361 -0.515533367454512
-0.982339942315649 -0.101469567965849
2.37645254977537 0.929385556025911
-0.731010580112562 0.176472098114495
-0.13904833678691 0.463437667073484
-1.64754001163978 -0.754567351039858
0.613155271822698 0.812623375666062
1.39698343188377 0.347086743614519
0.123377194044018 0.64247097773375
0.587888540837682 0.877041099824134
-1.11959603469415 -0.356199933595734
1.47877706041809 0.126189806184962
-1.06555839732474 -0.242468164515285
-0.0415014164814678 0.229608976245702
0.132988190308164 0.809887551956716
2.9361277933207 1.01816632706103
-1.66345181606152 -0.142629793603418
-0.187911467223177 0.468296121609018
1.6142663978608 0.429488894979394
0.471573109376528 0.360946971072367
0.148952045131555 0.356801771989621
-2.25510947142411 -0.466144922465616
0.53360498681335 0.591184880827997
-1.17851374735332 -0.116772138930228
3.21990750508506 0.736231106249066
-1.48567037460856 -0.171703658867886
0.279713536345027 0.446360666828862
-1.08756217800528 -0.324032560098469
-0.386751840422925 0.581219405451108
0.223604589278958 0.00914371199916867
-0.30006329689327 0.518209311814953
-0.0429857271443803 0.537949769997316
0.673838204794875 0.721094552404888
1.24299420736616 1.01029563811225
0.306766816921226 0.52964660007038
0.616754985173439 0.419847346525574
-0.411465683365256 0.43602683747224
-0.670864183996319 0.308611534566805
0.263430836387406 0.239402859440179
0.904686854434612 0.477770242374769
-2.58846723331734 -0.522666571352923
1.53004659916225 0.535062053309535
-3.35321035923907 -0.774952770189049
1.73737689202734 0.202294759436408
0.634967861848089 0.0990098428125719
-0.240508101333547 0.11244938687877
-0.559951905497984 0.376238405250928
0.266086813150471 0.786586840216059
0.782448943544632 0.599179654103282
-1.71217198755823 -0.0670036428169356
0.258469916000767 0.00222390197549264
-0.538555259632516 0.446456688362955
1.08151896816229 0.190355188653539
-1.10246108760053 -0.355710867503051
0.552772841451911 0.505292646975896
-3.72266607106851 -0.431642447467274
-1.15830025957931 -0.423382627280496
0.41292556333843 0.715268060610091
-0.565467621165647 0.300890899247196
0.724280157795634 0.573678321914329
1.50713730880947 0.537919697367592
-2.18066871107731 -0.00290449790656916
-0.226050220508302 0.328204512494648
-2.02729673596004 -0.0230560885510953
-0.280901785588607 0.653289181759541
3.45661081349398 0.666143483700043
-0.52626769369096 0.126625462916848
-1.4308572780999 -0.140514447735561
-1.12773338195237 -0.265682301384241
1.30468682801838 0.252854766156663
-0.704009421754923 0.103351714481861
-1.14322519765885 -0.34865560353128
0.432289562141499 0.649318486770805
0.0360416539212244 0.285967001147674
-0.999350289902535 -0.0560398775413461
0.578374946292525 0.535044858712771
0.127878130982917 0.210808774139069
0.166133143429576 0.0417553960743791
-0.341686691611379 0.334299883574987
1.29182714283237 0.92772631178727
-0.471330776229412 0.522908755906973
-1.9098897234693 -0.639147184929367
-0.883522115698155 -0.0481565016308795
-1.47261507370533 -0.152049122470187
3.51677283191847 0.349979630424103
-0.0828904783783328 0.28622862194356
0.210137970312347 0.180935623506106
0.298274227596534 0.497688842885984
0.730245232770594 0.445564242093535
0.340450055703548 0.0569230691180341
0.100824735823905 0.39905615202349
-1.15111944657546 -0.316318417251585
0.85029250213397 0.915094112024308
0.472393152798052 0.718134791891116
0.635375507806606 0.614794091042687
1.00769918193652 0.454415310353601
-0.526048220301518 0.398086325173533
0.232276861942978 0.228621249362495
-0.978603622321522 -0.198463082004148
3.3664067299192 0.683218145284183
0.581389068271264 0.948704616944055
0.159133342513632 0.00140733519464327
2.09821087222691 0.852966459190096
0.67567632620184 0.607915453607926
1.67926159267106 0.699033970171955
-0.167666380601364 0.111624317636727
-0.629394655238077 0.0539810334398872
1.52940281882475 0.21890970054476
1.03474944182828 0.323598995360779
-0.794964475523374 0.0457012661681277
1.56838025885266 0.465467147459224
0.786364959241751 0.364192573019791
0.016975489383672 0.565777562864044
1.33578294781517 0.420338493500424
-0.145138312073024 0.474941948133195
-1.01058738141368 -0.265726059829347
0.304549508179518 0.0777275170172748
0.740566162438845 0.335465965530398
-1.59068388557891 -0.530844913870028
-0.105333264245883 0.59980322978131
-1.73969035239521 -0.656283687328835
-2.27503734943124 -0.898112843799604
-0.710644188335932 0.0100180383807557
0.665750428477404 0.922656055418377
0.919400687339147 0.825629853744126
1.50417727015542 0.307480348470645
-1.34560970571993 -0.430728980674733
-0.407466436538227 0.43600437639483
-1.43933648586387 -0.15396256444526
1.01829639082205 0.0576135522024221
-0.630118223762718 0.357536904028761
-1.15661407384756 -0.260766174382822
0.00194400225755997 0.651608132339965
-1.0811181168955 -0.279530170706385
-0.327801325646856 0.444622940977517
-0.456933756178857 0.298395779077668
-0.153521206293305 0.143688950705096
0.752749904727961 0.514899861711281
0.213614667150757 0.802795311886685
-0.628755245165901 0.324035834537832
-0.817128868975139 0.0245680235058316
-1.65264343500681 -0.366766683710915
0.0715393275451518 0.586693776593558
0.806947870255298 0.903721397529752
0.00307702624212349 0.43121065057329
1.43293854594162 0.727283897077261
1.33465414417629 0.745195739610473
0.397441915588607 0.520857036518148
-1.06344955143856 -0.209510026910856
0.938507058737833 0.824596271999346
1.79289786612528 0.378222222674719
-0.879391579837559 -0.0620369328617939
-0.452737989270061 0.422600236788709
-0.00252438979369502 0.137328413356009
1.10833566534518 0.4190952881346
0.373512965583317 0.719324628001432
0.58704869830292 0.730405183987562
-0.514970288685 0.106370461224863
0.789226378913549 0.8195008750251
-1.22479243954378 -0.0436713788866949
0.723549708415336 0.725729381895523
-0.545839861050797 0.0299408776906893
-1.01302194164123 -0.0129417208069925
-1.61083920881157 -0.102851937236459
0.0245456919474894 0.252965765207843
-1.09647515543778 -0.212246979975959
-0.792520209420738 0.0551247517811384
-1.20823860244253 -0.165697069475837
1.5181512204099 0.858711617229585
0.670677924362329 0.863985300185723
-0.380179939004892 0.398419112437597
0.412285397873243 0.00823231998851757
0.557412294975037 0.865089290490072
0.60280178118432 0.917360980016235
-0.79790950427827 0.0149363858504224
1.12218211285809 0.722551311606001
2.22301950058302 0.387329173303789
-1.3645011328273 -0.151265619963395
-0.898895832407216 -0.00226896676053631
-2.45458003442297 -0.704890075821449
-2.04279599149145 -0.3426577865744
0.50856471544408 0.394844552578682
1.72334021447951 0.740503761715271
-0.0991581125389797 0.405978218082277
-0.395116324168108 0.337511365085954
-1.20674317202614 -0.129599788203815
0.730449298054356 0.668982024739292
1.04893584066251 0.0867558894629778
1.37426562312021 0.980211283584135
-1.0581781587743 -0.34793292798987
0.44860864014628 0.113535681081335
1.18565694052329 0.749887940638123
-0.699825069557967 0.173709048398966
1.31462176177023 0.868067072254746
1.036354412126 0.464696482684123
0.885616230405602 0.171251078653327
0.452363266346724 0.565893569594733
-0.728786874837713 0.0337820716145386
1.51107975713634 0.619139110238625
-0.869642944473885 -0.0251047520485069
-0.708815518188764 0.0665216586062746
-0.385331634080625 0.251548495848287
-0.43060082793951 0.0559861692429076
-0.190669662948837 0.398841625295079
-0.0860698695507037 0.724843703280535
0.0062817813994305 0.288127574249058
0.430657917343679 0.747194818898251
-0.626840113542803 0.277303846304765
-0.362491044427895 0.476840315928653
0.962187722903151 0.601653622091617
-0.977904375002341 -0.0996336476080178
-0.177832108668541 0.225451614769341
0.247614625066268 0.110922389595393
1.27473696152325 0.68234718317571
-1.44555291245376 -0.24046679597731
-0.0571213868325426 0.514087273241884
-0.298887953971078 0.362353204242828
0.225100900463734 0.292970011402594
-0.884071756843548 -0.0298550375728662
-1.11749564588914 -0.320454250521789
1.57438002083142 0.150205247238304
-1.34513076695804 -0.249719051905219
0.348115470136828 0.0851747899401246
0.635893628068197 0.919576310246058
0.749548130981354 0.66751809832678
0.497923531369873 0.768654931802099
0.286531118496203 0.185025736020407
0.529336387856369 0.0117074118885821
1.05462069259932 0.847250413204653
-1.32447322052417 -0.155475000697134
0.774917727190287 0.418529435794866
0.540850803043023 0.156690325104057
-0.286782351748345 0.00826162998879434
0.714342975595738 0.760003679380911
-0.0536925701021034 0.0352115764876554
1.38586051583425 0.501662063386045
0.807339679324006 0.588212570480996
-1.28237697848487 -0.500149391693092
3.14613538707659 0.735067826906662
1.66536986030683 0.46298351843976
-1.17982664595221 -0.0261238262308162
0.602227079616496 0.631085830105635
0.872268905546698 0.0299292780970108
0.953152821647342 0.333924657484975
-0.884477192134851 -0.0818704534737623
1.06154551891284 0.780387588927614
1.19381654490893 0.581209340801908
0.377776679834163 0.846760670517587
-1.4049521565758 -0.0494113971432053
0.378456933126595 0.159678674135266
-1.34395174321393 -0.0300841098979059
0.124155932154627 0.517789871480267
-0.17827717308884 0.449169527224162
0.97541446025994 0.16080648721146
0.303644804301519 0.740190370764487
0.681981720699221 0.791560791428825
-0.233974631677311 0.690145110393071
1.17730028014671 0.70241817637644
0.431393324535601 0.450453537701022
1.05058728181599 0.102326670163858
0.0579868598124491 0.112485307711471
0.658595178422456 0.291144203232573
1.26512019965528 0.171465143806798
-0.304214215719117 0.0219657669988923
-1.59741387713355 -0.725774268113213
0.343918065126909 0.507337633459022
-1.80389193345366 -0.0271048011693265
-0.197842787903071 0.401549752932102
-1.61194631926837 -0.675978395590121
-0.104672648169529 0.121449964370052
1.09320638043467 0.33037843599309
-1.67579581380681 -0.773441345004809
-0.0527538653120592 0.309740036596216
1.44416725930075 0.84079788073683
-0.481438781151333 0.235810411337167
0.743841065904223 0.730192497490068
0.0949060987203079 0.147378749486166
-1.6842663144667 -0.135653370653356
-0.0424658337247475 0.43360070682487
-0.325078253735693 0.511945256221149
0.372913992344032 0.167496796812265
0.364538914406574 0.589124724975182
1.20701350177254 0.758620278745161
-1.37301627381927 -0.143482480671892
-0.542518466898019 0.296039366127193
0.339020145318161 0.456328181600085
-3.45641964205649 -0.0517218522112484
3.36773085378566 0.878693470428819
1.11637227741034 0.216118621561043
-0.262356262853368 0.457456361192531
0.0495475029753297 0.65758063915193
-2.91479177419698 -0.12963771702079
1.83316195084722 0.608045157474393
-0.149565498834865 0.453964816882526
0.671453743169185 0.804039339829962
-0.262660990344165 0.0915257570178487
-0.663769923807265 0.114946622700224
0.854767430623402 0.582180687363318
0.493378952588868 0.114389856076802
-1.06325650675638 -0.206503837145622
-0.680905480691984 0.153015688292835
-0.0518382599690333 0.636917520202372
-1.30381438106986 -0.0922566279641656
0.937817995016678 0.996248899597741
-1.60355434374656 -0.387925863082904
0.13384890552412 0.00787774021526254
-0.280603030001638 0.338610766151057
0.227706035342651 0.403112346795146
0.976931888979235 0.606987957283431
-1.8136274613065 -0.599797442978318
1.12659289334314 0.051342612270672
-0.0788294741775488 0.539306539658712
0.194794833403626 0.302729348917375
-0.46604575497932 0.48621787396792
-0.271529749918708 0.0627661876433784
-0.0779356752750024 0.687780845896143
0.150071055259857 0.754736444522484
-0.780595158272423 0.018316500065573
3.2989721146112 0.969617656695616
-0.703676131094227 0.165971997731455
-0.199508456886215 0.192428596640061
0.604543193900613 0.570272472269017
-0.678394888541663 0.225429632099578
0.868767504352484 0.00323317704397737
-1.27482162007583 -0.107836002322664
-0.300828858168176 0.0765138361016118
-1.44798654093247 -0.349902296445529
-0.125162799533316 0.327670404473382
0.501984378105689 0.0727475472664957
-0.0253099101096995 0.208390701690398
1.12769263684642 0.0114283342725762
-1.44806560243468 -0.683848916280067
0.0175114494549349 0.560450388232051
-1.51501670301364 -0.352635030739248
-1.36291592626722 -0.298184926192014
-0.129430935605578 0.680957520721355
-1.66661058161172 -0.452185736906599
-0.522638856054636 0.442129058088482
1.05833257742232 0.0757595609072319
0.0418464455704199 0.35577852005862
-2.35196749372839 -0.92587044114481
-0.791829988643853 0.111240540263348
1.80613407720375 0.292802201949466
3.40673268009804 0.702744147836048
0.434016218678833 0.820285166382981
0.839550650979425 0.0275021797036394
-0.132655803399471 0.494250995208649
0.344779596152344 0.251981170560722
0.279638414712109 0.276267509300245
1.36917780931182 0.920574240675694
-1.37145473455985 -0.252730465862834
2.43097151751398 0.977108839129564
-1.2683099197714 -0.352575699971714
0.388007078363243 0.104405229192307
0.503185596638124 0.302740354848722
-2.07027746795647 -0.734266218630731
0.354598452709266 0.476874357310366
0.142386566230898 0.745715169698787
-1.26956449599163 -0.173143303467806
1.58593402579917 0.340456872241713
-0.609068492439923 0.0719418434565607
-0.257575789104942 0.35580360887491
0.695379252217399 0.405420457927609
-0.180063354863056 0.0743379630006823
0.350794375000899 0.658267710713554
-0.603888590037766 0.368015774440011
0.589918382853634 0.637302668127364
0.449854788771633 0.597499090693267
0.408603084541761 0.15336213791432
1.06680030264072 0.63654930462596
-1.00484692139025 -0.141903420383302
-1.14736653375965 -0.230539826620613
0.40316518885632 0.720988565263188
-1.59385014888054 -0.0323096346830471
0.308974604191475 0.723670061917947
-0.351867756393567 0.228350230788818
0.105202525017673 0.472608560988858
0.421479911668509 0.908561692836011
-1.72666206381609 -0.212917159456907
0.192600326521631 0.493478873423387
0.408719768592534 0.821776541497215
-0.0736401495957673 0.24279694151744
0.790646452598344 0.130794374065728
-1.31738110231047 -0.32201632024937
0.402858937973709 0.534026622187438
-1.21048173080604 -0.299957338591761
1.07706159641628 0.137863972935363
-1.03889037567621 -0.0726267750351684
1.12229520851671 0.295409791590006
0.121234872096245 0.124030734041781
0.612416277140239 0.523674690369651
-0.395411784869427 0.179920314361882
0.415365461659035 0.367561386256446
-0.772695363054143 0.0419964887512212
0.818904100882574 0.499743892385893
-1.0714554211393 -0.0958296929690229
0.0713373041555375 0.282891476579453
-0.0885545352549672 0.450999225055227
0.259537837824106 0.161107524504856
0.604577757877427 0.622553336624712
-0.197561486154523 0.302119833915298
1.70757181012406 1.06724636380304
1.30529414580746 0.628599682726828
-0.118751366004133 0.619542677832514
-0.233120874911702 0.67602782256719
-0.339060736607123 0.336742236628217
0.36015544369038 0.744982029497499
1.36411376326055 0.528803732802442
0.233514999649375 0.630166452827793
-1.48918280101075 -0.101661990988089
0.0214291598704027 0.468378139662969
0.731025595111508 0.911564212741252
0.906929772068342 0.0275476968054396
1.12459182446351 0.796889553898492
-0.1671652482131 0.0879558416091098
2.35326329127911 0.548767503708412
-0.653203433655729 0.235166637686262
0.965021254071705 0.751311252510952
1.35199788344063 0.867158763679014
0.094398888148582 0.566081702608343
-0.0271204479577135 0.150680694117845
2.60705671480147 0.774396432170773
0.666889251928055 0.636025517642265
0.245760875699363 0.421651594644162
-0.667401987776838 0.140891576973373
-2.19065950430252 -0.883079210252122
-1.42079867498619 -0.515686255260102
