1.54593785071833 0.0260495602195242
0.435944622956435 0.626437841785428
-0.868925860213379 0.549825692229227
0.116274726397501 0.287896271001728
-1.92692123984395 0.795973655351184
0.194625725779723 0.925571380872028
2.60925642090181 -0.970874712849283
1.00620009643114 0.714787130521289
1.01728235154646 0.422564387082157
-0.298410209954748 0.564441066857213
-0.210736740461246 1.07389326415463
3.30850453448634 -0.234299414848326
1.38493402588853 0.211224586932572
0.795735261511646 0.427797567026283
-0.882959397022209 0.226782246471452
0.489866766719533 0.285697440409915
-2.93198852498873 1.09969301603959
-0.921700126399388 1.43867717779705
3.32802539402021 -0.142025768257685
-1.43476252583485 0.492207776922319
-0.952066991876828 0.5644476855008
-0.565471224974567 0.777625646414029
2.65665204898384 -0.838445243886413
-1.08347082518667 0.388842114726592
-0.874983344228744 0.161327142494687
1.42181945714381 0.227251443076524
-0.341065357053859 1.23650195344775
1.46119131654508 0.0930901538161992
-0.272431368644678 0.838815224568073
-0.996875688826439 0.0967393209924687
-1.1902694632739 0.383017425796246
-0.867088162408796 1.29624211711585
-1.28492577647905 1.27987160437858
1.77623298435039 -0.261862988165354
-0.767524318328296 0.17414300795288
-0.878809320856874 0.886559216788234
-1.09239800086684 0.488885887892045
-0.603127368829906 0.00530553807281205
0.709051904246461 0.646263202175539
1.50507370060108 0.0684094310233319
-0.101197113327107 0.354952154870306
-0.395122095649772 0.130560907869176
-0.407733370644547 0.75868649341645
0.912850268802155 0.526794086293581
0.0875675956782336 1.10224970997386
1.13985246717304 0.26453595147655
-1.46212205886409 0.815922613112985
-0.240808078226937 0.372503155342576
-0.959073014399217 0.0595628443940373
-1.68253137519105 1.16593033426101
0.585064513527611 0.100796796056675
-0.183382461206646 1.01437330705718
-0.0200424397042908 1.13672859523488
0.541656567382328 0.0166710389412356
1.00935684010745 0.112440896388693
0.477879008681581 0.949546117402591
1.68165680290458 -0.145512409574073
0.418596049060521 0.0476894374500608
1.23834962576749 0.364778871825929
0.631846937067467 0.290858835747945
-1.85730859234062 0.54461988047197
-0.668174212659598 1.18436611667115
-0.205292249269318 0.34496107796982
0.26917888670569 0.551577938228543
-1.05630661454646 1.35932344463055
3.05583917038037 -0.868705354889495
0.235821651970684 0.328436530925708
-1.06505175220362 0.482505150867901
-1.5070708194805 1.47731828227286
1.50179320922527 0.0553630255134303
0.0764896076316298 0.055274898149778
-1.27498888573402 0.00873770896623035
2.03970311837983 -0.343611287749265
-0.347393070627485 1.05863331537308
-0.982508392132693 0.343629903258584
-2.48728007510128 1.06789082700225
0.247236112767636 0.697328317348033
-0.796964938344079 0.572878768491113
0.538071894010406 0.888593555332243
0.18886099923832 1.09050317577466
-1.23567674201731 0.224067620611769
0.50091053378813 0.226817538187852
-0.00572193254167433 0.948214526109081
-0.340186582730985 1.02501354733249
-0.157922061500083 0.0752670227997451
1.46297093033314 0.203680074340441
0.535019163351275 0.688966651955097
0.2758297119294 0.665207849450397
0.646682790183813 0.477269935208166
0.587281181953829 0.421815269947319
2.33969232746504 -0.151940143323097
-0.657494810435278 0.339084407526126
0.390147101431903 0.367291420244283
-1.38918261723825 0.596484809110683
1.05183896816307 0.625387415765125
0.841604560408101 0.101950653638316
0.264251995712496 1.07443329771164
1.2079694956193 0.438239167603875
2.78265026468917 -0.2048725380007
-0.0348499250083038 1.14011461427708
-0.426846791859122 0.75329898199116
-0.130456076661597 0.411701627428035
-1.36460261524667 1.46231467544751
-0.330294060517841 0.162408977146371
-1.79645638090076 0.94776947352692
2.02101416715231 -0.663099604611867
-0.325912695037115 1.31037991062151
-1.00197500812342 0.621525721635379
0.214680169124358 0.682758484578361
-1.17222715486984 0.0583425375798294
-0.492384623417107 0.773194299037257
0.690310803531813 0.390956635145009
0.530674086734609 0.186434774642205
-2.84678603034742 1.598409097895
-0.561070871620887 0.347952361781605
-0.82087452850393 0.783974495579553
0.225511754878662 1.16568419287838
0.467452437210109 0.259818914961541
-0.188388451086721 1.03817288208097
-1.29521094682173 0.842043425111183
-0.816872786703661 1.132907786713
0.550499652792538 0.768434596266641
-0.587733906434226 1.32874450640882
0.217446352937325 0.63380817137211
-0.932133599302845 0.261136164737929
1.47062700012444 0.109288640233051
0.167367726517375 1.07605535965456
0.374045157995385 0.835071923440704
1.12424531992832 0.413185915562653
0.508970963404513 0.813582765197185
-0.352994240660544 0.574160485557119
-1.87749604974242 1.24727088582441
0.304529262110316 0.877482295082251
-0.821740999239052 0.374512532948779
0.497339202631325 0.311754411817921
2.03269525577224 -0.516941324131012
0.272112912167255 1.10466828977399
0.197132783204616 0.170960468378701
0.371303200401899 0.309534465059884
-0.895235521940822 1.21401715842064
0.393334303708523 1.01988491278845
1.91568158545761 -0.454586444240998
1.63609698043376 -0.0500156992097875
-0.137435621212381 0.52788188795137
-1.53117644596911 1.3989455771684
-0.736749597573511 0.713237403776465
1.20541398624026 0.0714051543317023
-1.75330056559669 0.335379107162558
1.54524818609547 0.0317577110507563
1.23092469220694 0.436234462514224
-2.34058597177046 0.574265249287485
0.113369820183451 1.08703940404665
-0.305538259188357 0.811847963258548
-0.24830560979451 0.689692058127504
-0.886375587141365 0.122536847258385
-0.164112095265183 0.988715353403358
0.194831105205451 0.481169595099211
0.401057661595648 0.411145463860776
-0.352394253346132 0.34029205452305
1.69541594344748 -0.0401269059863302
1.29930602342469 0.409353664869689
-2.45765402244394 1.12103233849286
-0.509954985098995 0.391120782222091
3.7926585245974 -1.23589197538623
1.6322240959173 -0.0482330565139113
1.8499088997386 -0.345271145215851
0.105419512473661 0.269853660769905
-0.16902381083001 0.404116254827951
1.49106961465734 0.0708782431251629
2.12615972458101 -0.0351295276760031
0.167731529790095 0.541761834324656
1.4568685684681 0.108708184941605
0.112216302313396 0.788042719768893
2.7432816453533 -0.0112358253312586
0.243276948362616 0.25907615919376
1.8412251996806 -0.273029795250232
0.451717628363529 0.373411400335977
-1.73335190035023 0.173112879082258
1.94594618873866 -0.224434155898811
2.49416370004162 -0.991327365101892
-0.151781237888623 0.762687350979382
1.5458239832005 0.00797700647299262
1.28195260215336 0.355988575287114
-1.20584753968082 1.26228749687491
0.0319929683655152 0.00150541794364855
1.49536923853502 0.0874398243030215
-0.493681221048509 0.232694085325267
1.19146977214575 0.250923013608481
-1.33683683696181 0.182008224089017
-1.17532407651825 0.773911688204046
-1.11625429496375 1.16811639656696
-0.868730233591478 1.20102364507826
-0.875583423631284 0.216702699528323
0.469960275197228 0.448383141656725
1.02046517927547 0.26608288604777
-1.03976126517185 1.10697597159538
-0.0619695620186788 0.0885204230585456
2.73242228541145 -1.11393774125065
-2.87880886059373 1.38514556072008
-0.905476784283584 1.12632964905039
-0.251667726142651 0.110985478593478
-0.895055377437546 0.0217081244108825
-1.8029034766507 0.0272163071010262
0.247764004542196 0.568725860520108
-0.267764662147576 0.771289803626094
0.882770883915978 0.159013093785364
-0.343695430414305 0.199282988870155
-0.111277115492122 1.13164655360982
0.721491422068586 0.397099192175048
0.0139556021784316 0.289721644555573
-0.812818439461988 0.600078965518709
2.09027835854919 -0.428229492266379
-0.883475200242398 1.09790956081164
-1.9764305851278 0.515768807125492
-0.468743757277339 1.33298430171159
-0.707156384746334 0.954876800945275
0.886076242169945 0.685320373500459
0.398340942633243 0.56540692756046
0.213435092711527 0.930417139454775
0.23950451423164 1.10330529663375
-0.0409413625865916 0.287119909939939
-0.135335486430064 1.27862480486981
-1.04023347108081 0.297296210273703
-0.354565283798669 0.610526790203031
-1.14346820834952 0.374366498859515
-0.0707453438026539 0.955151355859592
-2.47389987155051 1.39294185176454
-2.94941871217486 0.962343821267815
1.2505043525114 0.476731229682434
-0.141851863790998 1.05272488840331
0.0805463987736981 0.569945890048239
0.785021391409658 0.667613402347915
-0.610376052028014 1.31541461603502
0.0701442910438429 1.19777084380126
-1.0906401124603 0.243766579979289
-1.43049887621776 1.05848034284562
-0.251243287165093 0.296457126784282
1.98999102105544 -0.335754502221417
0.0758072845338007 0.73735806388349
-0.826939791574161 0.362313065615455
0.0827916318673154 0.0443927997279645
1.61471268844361 -0.0800556724826281
0.111488617934946 0.801329336443751
-0.583429399085843 1.38690219248539
1.22647010897384 0.343059302991547
1.58199088809171 -0.0170845863322896
-2.04588198212308 0.304179010772572
-3.17523178431634 0.713195659405164
-0.201335145403845 0.0417690852161503
0.950948744474088 0.497321606106035
1.08459008323248 0.0919902690183344
-0.0050775887589567 0.599052924980898
-0.678992173584723 1.30216129257488
1.28688153070372 0.161455771415877
-0.153159194128936 0.941133948833901
0.516993933381478 0.238008145613655
-1.81309089048487 1.11520348575696
-3.44905040157691 0.322510405281858
1.57004249164424 0.000540977814569193
-0.0214230081759558 0.719851563685701
0.562817507431853 0.584822078903798
1.1683774493098 0.0481487821591019
0.030628225946624 1.20656247266451
-0.136375508373878 0.665018755976419
0.126724799501061 0.390291909135596
-0.964721159948814 0.765058005117285
0.533646461548361 0.780804109416354
0.256168204007218 0.0477270867852302
-1.12437202122534 0.659133389811284
-0.204964529251739 1.14190480265266
0.204540947625633 0.00731163374585882
-1.56006167875613 0.205222967466757
0.415641823808745 0.699603685156061
0.898332740819762 0.11561806417484
-0.170972838587751 0.241011604850803
-1.29468064108452 1.38238340871194
2.25655041997852 -0.542640837921939
0.168397736539848 0.190195192544214
0.209952863175022 0.708061861630259
0.0682894778516431 0.44636137514344
-0.520804843766161 1.01366430619334
-0.266743347293193 0.894637646409253
-0.293252059312079 0.983603844843928
0.489102070812673 0.69812739650601
-0.149349030891152 0.684364550080886
-0.926961323260678 0.229736693598268
-0.968849836161552 0.940618598861747
-0.458287296709375 0.154631148348582
0.86461416717355 0.0505692483827887
2.98244540685034 -1.09637095277961
0.0468707668898352 0.0345636638814212
0.888418639159003 0.628021746616442
-1.42049280674756 0.298973192124546
-0.213087692472394 0.268594093561415
-1.75135852253114 0.036006832254037
-0.141120017756205 0.594305737785768
-0.387275292585163 1.34447030391794
0.550119193138225 0.122592099981371
-1.16670748455933 0.040945837945857
-1.48636235258586 0.483961981554722
0.732215984300758 0.160945404675526
-1.29541857604207 1.15635135294152
0.682824771331988 0.166838318268636
-1.66597096293423 0.489446231263969
-0.123655041509602 0.83062811186342
0.203017182363171 0.983772814806986
-0.0516389495790019 0.0372547080159878
0.779449381302739 0.0273511328465204
1.22677508420125 0.145483099743671
-0.947227757879065 0.859561190111212
0.140125536084861 0.937824961571832
0.231060161852329 0.130268635202022
0.501537814956164 1.0457952409203
-0.156927954001909 1.09302759808691
-0.858448231625157 1.26569829736767
-0.343270626889532 0.648760689560981
-0.715647632453833 0.167704395516583
-0.186981219513513 0.222959404195322
-0.787331663204991 1.01660168420377
-0.750799777687531 0.721153868520782
1.13466672246612 0.222930886392638
2.74617793149625 -0.773508611649847
0.25811376815409 0.0110648883682672
0.581741832893517 0.277277331185666
0.359908419526714 1.13692792201098
1.2579689585478 0.288368493673717
2.45461999627317 -0.614119698315843
0.991166923282204 0.320114478436809
0.723190190594366 0.474990526097152
-0.835236985814656 0.0993022480990828
0.69078714958808 0.804813613954611
-0.76152539062908 1.23035264875721
0.232702680438064 1.17239620220077
0.0912187759052232 0.233499006357463
1.02815623501838 0.737373606771029
-0.725852935685003 0.170969227745663
2.24447358524622 -0.460407350691275
0.837828618161166 0.158728978511828
-1.38197259411664 0.929149686697501
-1.50444579782696 0.160395341923157
1.58985871246972 -0.0341662337194383
-2.52293162706657 0.910420351347025
-0.955058648434548 0.221997310414304
1.3247956712791 0.18967591183225
1.94390594654659 -0.339205918961522
-1.20133038442371 1.27332143948031
-0.90010170013012 1.06792301514471
0.45308988288235 0.177741963953619
0.170691843588338 0.8422252699442
-0.638219981658285 1.01034243312145
0.228276940619518 0.748358616119921
0.0590230525892873 0.887035440188911
-0.856491835844198 0.628323194499838
1.18043988969273 0.29976718815735
0.378404741460188 0.900640204629592
-1.29019113539369 0.928341835889324
1.52304235148238 0.0239713963387208
1.05849267069905 0.376422712100774
-2.78670832650139 1.59270863041301
0.136556045595875 1.04035960293394
-0.081165640691398 0.930739181908181
2.26433159780218 -0.343390626827744
1.18261071113902 0.605337202661321
-0.792224353853685 0.00136672746264454
-0.045958187603715 0.875689397778117
-0.915844090655404 0.957416889488188
1.11717892795496 0.264606472834838
1.78627272601662 -0.129760526729729
1.13048554061179 0.366016282833643
2.47830045070708 -0.854008041391353
-0.664556331563471 0.249650554636789
0.332702955195786 0.819399923935164
1.0154293423001 0.330099568865893
-2.42373602616789 1.1973554691359
0.299983987059711 1.07818004027262
-1.34850203450527 0.202829293300072
0.208123674127994 0.112131833576607
2.09558092687944 -0.0381936859882018
-1.15363363310038 0.688196297691922
-0.650843698312476 0.0194756071938076
0.934078667823231 0.139346843607919
-1.66542056155954 1.21137339611309
-2.18361861831672 0.600326244455957
-2.10915152961628 1.02752400861065
0.593942792300367 0.345262232916715
-1.41313688703027 1.2567466595929
-0.168491933983986 1.27841284878502
-0.74865526791568 0.429994215367208
-0.0936092102278947 0.637955871683512
3.86890082154097 -0.280074577824058
1.07521646065764 0.32659109856347
1.32787988309097 0.0958428841554152
0.554714371020152 0.266015345663785
-0.0026056650070906 0.442523873691602
-0.393243110746074 0.230239441323636
0.205038263815877 0.401397070677984
0.212100601661591 1.10827456675872
-1.17547293252493 0.877558334159695
0.342985263571265 0.769737979611367
0.808189892192881 0.0813236792948842
-1.87587594439484 1.54094092601336
-0.408416552979417 0.97396874607455
-1.67196123506722 0.76044163356972
-0.098835802244586 0.444799535058267
0.0321051780918667 0.800557682142289
-3.11240033855663 0.678399590851824
0.806428192617573 0.750240422747315
-1.76848523325867 0.914962518613748
0.85527809323848 0.255565898385998
-0.334266790807213 0.690666832784717
0.153974155866066 0.739063351490688
0.638639554647586 0.25136223448509
1.23386284886905 0.383437930782645
-0.93194863962046 1.22801158808035
0.349156682747784 0.71427743252115
1.00451135565499 0.285075263379061
-0.64328442452356 0.637827948621575
-0.0996018181058153 1.01480601307374
-0.524987064186091 1.13616421537022
-1.20303554567053 0.654869642837562
2.16929532212076 -0.250475557234938
0.0720883605300402 1.04211157646286
0.436730873141877 0.843987538394967
-1.93816217623006 0.191614191985199
1.25545648798012 0.0370715122912568
-1.25977772151022 0.0881714095144659
0.616731651046717 0.975603126475136
0.14216170390116 0.860321773195704
0.32577536059967 0.522269985873886
-0.830130646690289 1.03355387176915
0.258004928898318 0.45220983949638
-0.735407352943985 0.419668879783295
1.72028056718079 -0.21879309373415
0.275970899453361 0.0858121202305062
-0.621273938078782 0.806058202134712
-0.188414031790048 0.307611950495363
0.27344044815567 0.778719760843473
1.84965264922273 -0.23161864107716
2.00404195269392 -0.119208098823941
0.821599404748902 0.428657130375064
-0.503860386260457 0.445871369452021
-2.06082296167142 0.717067305596043
0.912122618755293 0.797111358805812
-1.87075258989124 0.576034341717811
1.07544748427245 0.43132023094385
0.346133906675709 0.163324519841714
1.12102145685349 0.45634362642859
-0.0693809717425271 0.113865247695
0.292845022501325 0.604871085134284
-1.03040500488648 0.426859163236214
2.16033827908834 -0.645126648186003
-2.79760004230813 0.810452691006228
-2.93353724834024 1.05583907689694
-2.0648847191833 1.32118633048144
2.66270522989614 -0.433240912824572
0.462301349414414 0.397338920826021
1.90478506785621 -0.240072270623267
-0.896117848046971 0.160004703848921
-1.84927309213274 0.575553093093038
-0.423701284215111 0.543361722181972
0.0858555660846317 0.498747683538501
0.000128281161411363 0.501981123107161
0.31851679180283 0.987827682470404
1.2206680681935 0.0855704907047054
0.804316568728948 0.159835436524383
0.580075576523727 0.427681243486034
2.14483575426184 -0.00255977935198629
-0.656463598680504 0.887107478410197
0.406827528077227 1.09745085294605
0.0305235098242443 0.476874076503073
-0.481884065586776 0.725102676465229
-0.644663098319061 1.09947966768503
0.759908115347741 0.350075906901542
0.115723081447133 0.828507769810542
-1.96090689503115 1.55879478572359
2.22620571595952 -0.715074700650224
3.35478089886536 -0.695271878177129
2.03180356851507 -0.300627197717568
-0.969182280544224 0.284880703622626
0.394784432750568 0.372350984780368
1.024479931175 0.558722940639731
-0.982076335313955 0.00406440956910913
0.221860577641055 0.912009709838908
-2.74180677238351 0.0956374634496921
0.42232237469754 0.116914428968477
-1.1658380453561 1.32634224271889
-2.10666010669858 0.671985075429074
-1.81439019930268 1.33190471312048
-0.570839489242998 0.568381727528427
0.45922163814148 0.296332827589766
0.436705443983748 0.680236265873544
0.234997913236138 0.53517624699705
0.385286090517511 0.132108179839073
1.15764297860129 0.171269921165838
-0.744485358850119 1.11313498687927
0.480082426104946 0.869361140854753
2.30301746693363 -0.0399460178005747
0.314110237829078 0.55588568507662
1.81637682134225 -0.24923704811934
-1.39895286311871 0.44351851926871
-0.300706361317498 1.10126992547424
0.704448489300143 0.476228802064104
-0.0713914732731417 0.706138269204093
2.0614261364869 -0.607469054191953
-1.32537213901034 0.358140601866477
0.826417206601305 0.61716192215105
-2.39336191924529 1.54625284990068
-0.74259811557668 1.02577374088174
-0.518398213307763 0.20369147360048
-0.711221083858775 1.09878171728263
-3.62020211134321 1.45417901859275
-0.507944916894556 0.154626966274237
-0.291505174645259 0.822068901093509
-0.619456904275529 0.722784209399661
0.49090876379002 0.438519861482993
0.980916609477399 0.00837477681685257
-1.07470793059974 0.57607702567997
0.0117709589048189 0.799341227887904
1.21881304131917 0.524640601880112
-1.15671818079145 0.460282012969097
-0.177445964472943 1.20133047468947
-0.128201514576723 0.179670191807576
1.58927730663797 -0.0339086012789568
-0.066651563349651 0.495920897045041
1.77472823091233 -0.29031240977571
0.443523769768449 0.723895620639919
1.74485373444384 -0.0935291525349983
-0.847945784700746 0.450511821928246
0.249379532171047 0.0590505747316711
-1.26600096551411 0.714813331262015
-1.54810088750165 0.803173444664496
1.20272864342715 0.0769379337610633
-0.246357338214886 0.917685410387113
0.225591159602004 0.636847975275486
0.612651264842416 0.76894339735479
-0.0908039983865998 1.27364054968652
-0.373247158297477 0.19583795996475
-1.23329889772994 0.810041069476908
0.685583302945974 0.30520342064922
0.411004409310747 0.266979023787411
-0.813634209544059 0.381708557779574
-0.31647998297956 1.20911365244415
0.837799736505267 0.209510833013587
0.872797672994588 0.110810239206941
-0.0158116950949183 0.335244048969683
1.72988006918064 -0.0714849572729576
0.708119484448322 0.109965614898294
0.960094332684178 0.494674780694578
-0.347867882835447 0.745862807451236
-0.614731678934028 0.266326651862522
0.331589435747697 1.01368354368498
0.530419824523922 0.218229479419332
-1.11641979011343 0.919028344357433
-0.373022130128105 0.737080873461951
0.11646010458756 0.279772140793895
-0.267291025485319 0.827257362073551
-0.071994579610465 0.948267998556627
-0.932738771189529 1.03686728159027
0.465550166515405 0.925657010066139
1.48898271408011 0.158614732825186
0.4606371017645 0.789287671765915
0.889325203365773 0.320018417210888
-0.388046013099727 1.34870100591457
0.0871265813398436 0.965844760508916
1.38875302418197 0.20528380361197
-0.39081342909251 0.436835141765152
-2.96657277189007 1.5147025340614
-1.729154930806 1.426913784969
-0.212392680860599 0.42029761757968
0.700039688948169 0.577560258161365
-0.268845537645049 0.51439177104976
-1.07579627387277 0.503942217879276
0.173014619879402 1.15099785887984
0.433632025116629 0.755390008935582
-1.44325591205627 0.893710463285947
-0.0350937166546014 1.03944955658264
-1.5725632989619 1.22409096855994
0.000807263249623947 0.145947388191192
-0.666866913534332 1.02499055915907
0.336248782636332 0.836617418890008
1.15993177083306 0.549807533624153
-3.70482811860128 1.01360412271402
-1.89585915171022 0.832353868670298
1.17103044331559 0.4706719197949
-2.18106823324655 0.854725974684147
0.487765202783526 0.72439954604361
0.233735092946476 0.915787420497639
-0.534780785586051 1.34531935304992
-0.225798193892872 0.148508911552336
-0.47007004185816 0.933190515191052
-1.34337260940869 0.342666532447678
-1.13655470895283 1.06029360304514
0.641039467238434 0.142290972035263
-1.60549667427262 1.34404137274269
0.958481196430413 0.166735514268875
0.225303388230265 0.195560933059783
0.135524362642908 1.18726488244294
-1.83167046176319 0.47487325330878
-1.58081832248231 0.704226303295174
0.481632253300657 0.0879117997609469
0.805428950743631 0.105771654134559
-0.048383213574614 0.422874887973376
-3.78818455416206 0.63623638927567
2.5564947269363 -0.00947777288812056
-0.176894305840566 0.0335737908894484
0.392624075667414 0.401691332485633
-0.727503482306356 0.661281272389673
-1.45419348225456 0.845393431247676
-1.70712431953856 1.33914678263606
-1.86062991508554 0.881512051033491
-1.32856266407758 0.0447058040496677
-1.65465363091605 0.68971233612262
0.877954437474721 0.385879658700915
-1.61661508925943 1.1154729889587
0.536630688640859 0.953721305850272
-1.73388409747781 0.595113029370485
-1.5363434456028 0.935030908550325
0.460355063264468 0.999493142654156
-0.926339977764839 0.108415062437207
-0.982954626219173 0.406328793464886
-1.17452501690867 0.7063629065204
0.797595531876129 0.776267670533051
0.0147968673100176 1.04682798368058
0.450748305365033 0.653287220929623
-0.259079311660023 0.811796121868836
0.610348863931086 0.204680049712167
1.02432843781067 0.271597754607857
-0.93406859349264 0.384007591877071
1.5449709738053 0.00429532513213338
-0.742066427848247 0.320468659313794
0.391574046065064 1.07798752811736
0.238814000225458 0.390603744967484
-0.160455370182221 1.11882851790474
0.0655018337726347 0.544377059149952
0.435231321645711 0.686004192687134
-1.3384419764551 1.31590526547232
-0.974465377798223 0.757166451634212
0.0319066780442907 0.69823321947501
-2.96166988003461 0.287877994899261
-1.73185195506354 1.37617678302624
-0.828417127697322 1.056386468737
-0.00442225233510247 0.364204762343486
1.20578364911772 0.159924153408352
-0.0471877802846584 0.56454155953733
-1.90834520067675 0.777153697176122
-0.371163359403729 1.1539801544832
-0.214742180343027 0.169848201616216
-0.524754257563539 1.24371333704046
1.59453579786531 -0.00129152440130184
1.03179960441472 0.363780806045516
1.19136303982303 0.195582953981734
-0.936813790729694 0.255375425782418
-1.36312041074408 0.277108049918727
0.698511878499977 0.0625580559100476
1.10849485578968 0.410909181992665
3.12759089930593 -0.679887669946364
-1.24568707467113 0.739588885628756
0.474665710526875 0.748339885908282
0.942511413987492 0.426156757236456
0.435227300934294 0.823544533997793
-2.29346942068305 0.571118680283779
-0.834165695827503 0.539992580682374
1.40270281784699 0.25894858198365
3.14791914415291 -0.964959718990893
0.526478827291299 0.750673889277393
0.131765488738719 0.973694936309908
1.73285348052025 -0.0309824630037769
-2.77806214452995 0.924000442326432
-0.408402580273074 0.653956332602726
-1.92971040102838 0.988498467790261
-0.194134477772598 0.629914827845949
-1.89704068744981 1.22682422657013
-0.279091884215177 0.993874427389389
-0.932236155269655 1.05583575958336
1.1734966862931 0.164077943006822
-0.173722283871934 0.325396567680258
1.63802949349917 -0.0203508627577834
0.635968442602217 0.52028680370001
2.23509078187623 -0.325239707284963
0.382136036058051 0.857122871559371
-0.866645719114178 1.27362618321364
-0.940990302284861 0.27287517698812
-0.485511388443961 0.500057068977687
-1.36714472993652 1.02212110793543
0.518400658446904 0.257829879265602
0.338828523052941 0.1363950482943
1.97856461788379 -0.37302098893758
0.430882992437509 0.28034300548037
-0.214375582512736 0.332789226431776
-0.870944776894491 0.847520759241389
1.93360641630562 -0.564119006697454
1.69253731319541 -0.00647223593377948
-0.335376740414803 0.400589583340098
1.68362210298156 -0.175973697330631
0.784994899588423 0.357603945127869
2.47470019417298 -0.268412307157733
-0.515561018112047 0.549678626826202
0.268796426275414 1.07631222030736
0.137054654486727 0.183256093490438
1.5782943497691 -0.000191831859773378
2.7929264178444 -0.66612682534709
1.79328797754582 -0.243820139828874
0.114325087036574 1.20292953246935
0.572864365255621 0.0972241101827853
-0.636894175536175 1.08561164177419
-0.872999324780194 1.05238399431247
1.41632831486289 0.123786058948338
0.275460421747054 0.261412150308807
4.09226474078704 -1.38823862993236
-1.14121454584603 1.43344416814731
1.17196976490512 0.335170478961993
1.08824073812252 0.479790436430277
-1.43102243896801 0.394062177492659
1.40326432155285 0.316949238491979
-0.984543582382361 1.17313776144062
-2.01233643237808 1.09127240525873
0.400907028934557 0.198248921837523
-2.3450718496706 0.856391610359465
-0.293320567433629 1.19340467622862
-0.460829062536573 0.268697713621652
0.590134630102311 0.411954795424326
-0.396589263374162 1.02492739490127
1.02422973877383 0.322407686911912
1.88097421148567 -0.414734719520457
-1.03431137193973 0.0686482487536002
-0.834751039013001 0.985387857879386
-0.10087411675536 0.804960547503057
0.0933996046258816 0.133771441819845
2.48267773235997 -0.207767245349146
-1.76140264547992 1.40171874943681
-0.0811528742320003 1.00230506089984
1.45549716646255 0.12770802357924
2.62122573251623 -0.139257084577122
-1.37043805007202 0.158826561483592
-2.10362312692003 0.425832336163216
-0.553086562234003 1.14187437590483
0.765440924386008 0.0270185748827627
0.0330177721533509 0.447418632676697
-0.766340539364536 0.891223790991083
0.0869718794751998 0.714935955876155
-1.79676168283328 1.0032106086593
0.0310392457480312 0.93210142786099
2.07044460807103 -0.67898125425953
-2.01314623443965 0.118600740267848
0.181875427365137 0.756370637002294
-1.39408099522555 0.749517901308008
-0.343488989473378 0.759330370415886
-0.347630338157662 0.834837681114466
1.65578436334803 -0.137344725253813
0.364607508325253 1.03875999877982
-1.27207358738275 1.25939978219035
0.644887820916393 1.00548480241649
-0.3176218435871 0.587069849094834
0.628909756889719 0.819841303538734
-1.50298221627179 0.843280825553195
0.0618050357354282 0.0388168242436821
0.0957731519723803 0.123461262693409
-0.634826112514075 0.825610408845079
-0.234476243461416 0.645639023489427
0.752787726032981 0.198468037568283
-2.45115854419317 0.266684062963949
0.215737463633769 1.03966148982298
0.807097431177133 0.175292824357534
-0.684491061568069 0.868472179614578
1.78468928410338 -0.111119175888088
-1.63146233583043 0.490220733976247
0.0745449429249665 0.1600416937537
0.24200646451183 0.984692237284639
1.19784031400252 0.376438997098695
-1.07247922723519 0.729780443832436
0.0260302119268397 0.884853334807841
-0.973205154282651 0.531305298833417
-0.930651974970891 0.59615178344622
0.618220992041417 0.743913853711543
0.47118980978618 0.613041982453146
0.875157378206972 0.557465171675727
-1.24262531061945 1.0884846851167
1.1608647110014 0.564576433601374
-0.597803838747106 0.504771463435309
0.388840142886837 0.385349208974544
0.394225047565601 0.131993018268617
0.765444658583176 0.822828999086629
-2.06059720291936 1.10763552456128
-1.88584298713734 0.963168616168623
0.91158926892146 0.20583941223821
1.51829210356696 0.00267036738804122
-0.0435858927905659 0.191888825522588
1.07276380036742 0.590824743742841
1.40350030059773 0.131561368409075
0.0751779855982779 0.83594331584412
-0.170342141409789 1.20296216487072
0.103094111412388 0.237908046054424
-0.0775108833960151 0.562010508820797
-2.48310096495844 1.15106876981513
1.42475536621549 0.234585952175028
-2.86140685721082 0.906283857957427
-0.864227422381075 0.79287035491163
-0.548089113875735 0.987792153976421
-2.91317301090009 0.49095471896952
0.228874243843205 1.0156589216287
2.2163727152369 -0.78960969818194
0.168002560317599 0.272628765987246
0.0444444314890715 0.396778872381423
0.907120307298928 0.4377341434248
0.180502733792146 0.812834971910581
-0.554162223241694 0.266957737632974
-1.18786201235733 1.12368665871543
0.0454793455224551 0.606388522576938
0.643536011403904 0.283223871066741
-2.01588261589891 0.983006942652501
-0.450105528580682 0.541278427415341
0.497951757894635 0.361026716535836
-0.793561089929602 0.146698228588447
0.148678176071305 1.15934782551985
0.0276660470848645 0.927444638339095
-1.3261909505656 0.0195367550058989
-0.836509248245542 0.296545225659928
-0.0542442337062645 0.484980575698256
1.29185169215623 0.158915728296659
0.758284340546307 0.298254589134356
-0.272419634007837 0.778278444143522
-0.320356666492165 0.18652776252064
-0.0428520987300482 1.10261555802972
0.245451667365382 1.16209304169132
1.07264613889703 0.584530278596861
-1.57769461210122 0.0739736858259723
-0.36156971634051 1.15722045692084
0.648689960172952 0.969048081417109
0.151995303743995 0.0985092988072011
2.1026487172936 -0.451042312722717
0.265951917339369 0.320620835160242
1.47898702741668 0.157798558400818
0.0365290070895936 1.23356907854963
-0.924691609700816 1.15852961002078
0.466261366191624 0.252029011332992
-0.419477600068521 1.31282975360157
0.809227609256606 0.272776698127309
-1.02260062806852 0.590374267351832
-0.29973439607258 0.182063843875089
-0.0538227808249707 1.2556883065006
-0.688279323212489 0.568316744516185
-0.134531549761116 0.622027036147054
-0.0253524620599882 0.57426942830253
1.80294485535909 -0.129414264482619
1.2220591929186 0.423835611211265
-0.803601904306993 1.17281620084432
2.10104171713245 -0.0644113861018895
-2.64548821305305 0.582139780103813
-1.06222907074329 0.754069894092894
2.13764885892373 -0.630157942411815
-1.59547936591371 0.791331557746305
0.77215133951507 0.677934173349488
-0.0420483786813092 0.884385177467726
1.88169927243812 -0.0278719805279709
-1.03966696555228 1.00996918496162
1.00680186170576 0.512246741221268
1.30982188016266 0.407701100184371
-1.18579573696695 1.46627723392755
0.00886048497710707 0.0146443879175506
-1.37618496354583 0.100789315127363
-0.499450006423597 0.0900627917277943
-0.660125313523712 0.97756341975457
-1.1964901134015 0.487625801825165
0.0361775305532759 0.240556449832942
1.7241104912261 -0.0447349834928695
2.29757873401848 -0.675231216747848
-1.98787429421984 0.408809322787562
1.16596948946086 0.163243322961859
-1.77978054859784 0.28402701344172
0.102551028552796 0.895961816664649
1.10197702565475 0.367286902392131
-0.403577394345443 0.200449568621549
0.478929296998653 0.789391859445932
-0.666402761184249 1.28687145854072
0.786876068658251 0.438852712565462
0.276909651343558 1.02492673231657
-1.28944211176666 0.699444791868757
-0.916483488190046 0.820176957822007
1.65209702687358 -0.0507961381787666
1.21370578795071 0.471535155431302
-2.43807018964945 1.51573344678999
-0.285324108342069 0.250703758189206
-0.0281093423262947 0.559546527249528
0.992199129914346 0.0660370787012033
1.0544047161216 0.699397360052525
0.780059295374288 0.472812028356947
0.622320359623111 0.22160886971048
2.50339766645705 -0.890870278289529
1.5096618128574 0.0391880983811961
-0.240687283454272 1.10917306836788
-1.64745697583899 1.31247999789244
0.609714450666386 0.347401688034567
0.50969626129594 0.475879270907243
0.0716988962773696 0.954685671974138
0.239105985841371 0.939411245755672
-0.622676133826182 0.656778158302391
-1.68374974696308 0.718902633668471
-2.06581773230857 1.01640014895954
1.42924159330902 0.0496647152740974
0.598629322262274 0.31787002347043
0.76481161065438 0.814270438717833
0.0107670353529061 0.60653644092798
-0.192916096600379 0.381727972357469
0.570565076667549 0.834591856816866
-0.22849272200023 1.02478428459274
0.310315506607575 0.00112194014829573
-0.893438055540292 0.029087124531081
-2.68580104194319 1.08128087339077
-0.286983852896349 0.815453364592093
-1.26968088573886 0.233440467555335
1.16444878628713 0.0394614308490327
-0.683696646807236 0.900563808566475
-0.285465541272297 0.365919062880675
-0.249040734595716 0.225614652790302
1.09899835446415 0.618787761563289
-2.45964198342123 0.153634262910459
-2.15022837913847 0.141826011903149
0.550380038739915 1.01204384232773
3.24146167408063 -0.558979120618246
-0.726157841699965 0.853209217228898
-1.09521501400544 1.43846641774994
-0.760406072433854 1.1321705443381
0.0551660635597529 1.05517852793845
-1.01408972779057 1.10676142513858
0.11547021880556 0.589347046250062
-0.844369966499013 0.731335759177142
0.439462056955077 0.25099841737699
-1.34408101855399 0.308651308426514
-1.33824798807864 1.31737766673253
-1.65469026646884 1.51555595393425
-0.126434811000929 0.791856175677515
-2.12106317015819 1.10075604223876
-0.127922844513722 0.447037234308477
0.540101208523922 0.967094804475988
0.0344316816707502 0.00324596205808339
0.165135501607927 1.09672853758617
-0.145350153903768 0.353480599356615
-0.426331921111435 0.0714566523728567
-1.714122959603 0.814231215103081
0.628313805837601 0.868166023634769
-1.35793400761268 0.17704212480357
-1.60363661618469 0.569921742889114
-0.665685527162763 0.464791939893001
0.0539405955044463 0.532965677036686
-2.01114835910033 1.46130631952072
-0.401250006525005 0.611488804786652
0.143348153868815 0.973355855607653
1.78767951885747 -0.331113119488247
0.562869440659825 0.946796683059411
0.277459199892196 0.274039716595199
-1.16411656081611 0.217714241757138
0.0149244752357118 0.066853538383024
-0.521106344905524 1.08640817273832
0.88590548426702 0.207620201291812
-0.765667279574792 1.19721865318799
-0.253879598590659 0.500038044422049
-0.368793099280415 0.681268615410537
-0.224737142715091 0.846917169596281
0.0127903820554598 1.21414705729371
-0.906638536532128 0.770030094103614
1.43122992422606 0.260681266583202
0.433360883847226 0.727644823183559
1.26947861219877 0.151882275833742
-0.306250431648945 0.22713501346719
-0.141854176833477 0.130869578494485
1.39870429657828 0.0606130957760818
-0.658476818326911 0.582897226731036
1.79539539917127 -0.380614938688696
0.118024455103551 0.188161038746792
0.538642849490226 0.824131882767163
-1.56314247809672 0.062076449297285
1.90057708281822 -0.357645787966897
-0.833194408935239 0.928185917634154
0.669888687185156 0.491924329168108
-0.0826613873834476 0.736747155431149
0.837149106811919 0.0656581360225747
1.18153556917986 0.0490265458228781
0.54308987854182 0.440622042083003
-1.2359835066244 1.2728659000748
1.31500687633625 0.330474907231961
2.98952694222564 -0.0869831587007422
-2.78826468899986 0.729981566999172
0.84221475078714 0.64242630105595
-2.38483011508295 1.33320553463713
-0.182448709049813 0.54609472409694
-1.66740322017022 1.22101394438385
0.17787083487083 0.919333886404188
0.389319415935211 0.854189114479626
-1.06060364745175 0.34058794382126
-0.247548367731301 0.224819161615083
-1.8478613451572 1.18384610297485
0.0448909541448682 0.773516514577288
0.789142828059725 0.473855684005166
-0.191619935558179 0.845353550326832
-0.742501335305006 0.551540217316244
0.334354850955951 0.892595247377627
-2.71029516739873 0.102919537173479
0.81544993536345 0.432212048617627
-0.742049412387968 0.0930535471314856
0.500095353960856 0.905706317232284
1.16510049747813 0.460930361482622
-1.36131005399719 0.412490116424306
-0.0216836413429144 0.481993862986288
1.68382770390027 -0.0897838767480283
0.932926159627353 0.257330800702296
-2.86116854261732 1.19256347208855
0.100123354730919 1.06084620226046
-0.0640427299749608 1.25344446142801
-1.01465972280851 0.957865765662589
-1.50863743840796 0.350813753049529
1.83021918300562 -0.102544223604932
0.724640222626054 0.675183704007564
1.34422921125355 0.166332082010373
1.17244722251861 0.0275249436770879
1.09152168099107 0.203722406107417
1.01177106489774 0.763526804959387
-1.28380399745097 1.2150450309963
0.314345088545717 0.447227302474044
-0.795212068158171 0.0193619487493035
-0.415742783058084 0.263054446466671
-0.471262105824881 0.832748346964382
-0.0392685678313144 0.207857331682043
-0.438257456591745 0.875633144068748
0.510840834302235 0.252121905353694
