-1.9555164724535 -0.468394063801869
0.318315009127643 -0.0941773645431949
0.0521196993872881 -0.057138075799908
-0.679628366415777 -0.397793730510861
-1.31353108402748 -0.260844057928013
-0.415370426897634 -0.16392026884803
0.389065609416078 -0.0112344607419039
3.85682909538453 0.00614412393358591
-2.51877305758107 -0.575596413794727
-0.169746991729086 -0.140255928634874
-0.464870516460128 -0.0522327676517071
-0.289969474399411 -0.0477595419503481
-1.47957614293848 -0.251740524471375
1.71379521548947 0.0529011439075295
-0.57501583024317 -0.270598912627707
0.312428194350083 -0.113856017741771
-0.376876722675162 -0.235671699378917
1.54672603208616 0.111409061340585
1.30094503114461 0.0962588403303592
2.13115229143124 0.0148991164195532
0.715272973636318 0.00930188184032217
-0.653349684980888 -0.162576398124807
-0.285500201402309 -0.29781359242118
0.355544348185732 -0.0328157866089688
0.229326689710953 -0.0535147655414663
1.73386779416377 0.371483267749081
-1.27409065022291 -0.292902932851011
-1.64766664810051 -0.0528688229067534
1.54245498474788 0.16336238027509
0.188014401978952 -0.0913641139596131
-1.17097787685166 -0.223116925339377
-0.0831068248305468 -0.101319413000033
-1.35714379568209 -0.396329514019891
-1.65703146280741 -0.287894207683043
-0.563950567730924 -0.131946668753591
-1.21866444860572 -0.0122431954118528
-0.982733150675389 -0.275114548605183
-0.382947525111698 -0.2722561033356
0.333780175378615 -0.0170927608414771
0.641103987326921 0.0272162294729312
-1.39636480307322 -0.111309788405785
0.677369147244533 0.00715491966459598
-1.26955909575282 -0.276288904931425
-0.538775961218833 -0.221751946101613
-0.0426361509232106 -0.106972318391758
-0.566522745696404 -0.161349492766287
0.222760110494834 -0.0269158559687504
-1.41614376201826 -0.108741874165627
-0.296140168287443 -0.229384102536803
1.50923440781792 0.185844887058509
-0.135479807763689 -0.203898268247842
0.828319793630565 0.0848680228138966
-0.0351623422337932 -0.0675881028773169
0.0735135390257014 -0.0122120824557402
1.23295994518856 0.137352803339357
-1.54836031885589 -0.397925012282007
0.86400535405685 0.103233527103024
0.132933595837951 -0.172680085733047
-0.430993838759508 -0.257679164433741
0.347185898028343 -0.102529226947469
-1.08461017835326 -0.463706649017083
-2.5929327755021 -0.076154770469698
-2.57003424038514 -0.0139407561189142
-0.658371005022615 -0.34620907977096
0.996327911092468 0.119925415096972
1.9870428256693 0.135862856537329
-0.424856773646078 -0.211331252493189
0.176526876252231 -0.0290864984511112
0.937500305109437 0.03698048589076
0.548319032452486 -0.0107774233339277
0.990894523689655 0.0321810418904698
-0.640827772323173 -0.217413809465439
1.22856735726073 0.0359035269241132
0.583767160273868 0.00506642959947238
0.140620582437248 -0.140671739343726
0.609239586183529 0.00971817190989495
0.628703862364762 0.024248769266727
-1.20517826159152 -0.183933236328275
1.05183580180654 0.137925109476944
1.12742659450591 0.172379804371531
-1.59763549334004 -0.212363783283961
1.25938793532673 0.223869153792368
-0.179703673640895 -0.136968918075809
-1.10385714351141 -0.365029360136334
0.522279151708707 -0.0128910039292966
0.336517515545228 -0.107995526185358
-0.467068535913991 -0.157535088920864
0.166732560351981 -0.0453162583424462
-1.97068793401416 -0.548387077760604
0.506902644047004 -0.0220895197454633
-2.96281317162317 -0.127308044429728
-0.368045591663058 -0.12537083262382
0.180338601494694 -0.0590806328755579
-0.824607191906897 -0.341192425803912
0.0889484115183675 -0.025212099782873
-0.632568251856826 -0.0499510719489297
-0.0948678554015042 -0.251826532313592
-1.13190423921591 -0.338880187142569
0.715703387413375 0.0148873736951006
-1.38321669044892 -0.171218369745769
-0.836794396132594 -0.155172126677943
0.153611215450025 -0.163903966271642
1.3440864180791 0.0335358484995511
-1.09252088449705 -0.21135084770401
0.316940112811093 -0.0345738137443259
-0.378901564783938 -0.153577874376789
3.55975655145436 0.135238443765873
-0.0306083813496359 -0.013566043231957
0.602003877591673 0.00258581446725034
-0.689117786638745 -0.200488415458942
0.825380203238321 0.02699877568104
-2.55942709263676 -0.296448330635973
0.830376571794068 0.00387490802534358
0.350886482690642 -0.0668168692114687
0.792464156539322 0.0654629681186641
0.674466847196852 0.0501315565782864
2.03384953476491 0.353621786755888
0.173001802872052 -0.0298911167840425
-2.20802234636764 -0.0671656033939251
0.831483129052234 0.0787761722925789
0.718706262899922 0.048482937794118
0.559099265032844 -0.00490503500512401
-1.45804491691916 -0.314563784238066
0.74070635647035 0.0323590801109562
0.867790879991113 0.10509517791355
-1.63801677615531 -0.360933785261615
0.512511996825576 -0.00322072566660353
-0.0363903701316283 -0.0238434196617044
2.47270969036933 0.303368669897418
-0.825788646526715 -0.376394814370098
-1.70317897382042 -0.197022498357974
-1.02350121406026 -0.368784386284351
-1.69568358478819 -0.00670398512476035
-0.384973293376473 -0.0613473736587776
-0.55008641664223 -0.0237258161704104
-0.34748548201933 -0.163777278039883
-0.235265550855578 -0.212476916529848
-1.54939320085 -0.514347208880805
-0.666304443676563 -0.245491836725109
-0.585970532389955 -0.0848476491373346
-1.09178689609793 -0.468698732679192
-0.666097830187136 -0.305069639096731
-1.70490055737204 -0.331535631017862
1.23248664631604 0.19865154082548
-1.0874480384527 -0.239192143537639
-0.217466232313304 -0.158011897718977
-0.847880065642994 -0.0404600399481907
-0.136292287957195 -0.268842476915641
1.53966546135628 0.108168788287653
-2.28316494096467 -0.13989787297152
-0.567038209679969 -0.295182902128835
-0.0407514329036279 -0.135907526991778
0.130542718215128 -0.115457621978672
3.9310931988289 0.564411396280825
-0.082623624353246 -0.0568200482067115
-0.15320220155904 -0.209203638945609
-1.19065186450039 -0.296021695150085
-0.740591009515258 -0.111600990597514
-0.760374624549739 -0.165291324493013
0.0669961551531744 -0.131466180626581
-2.32630588600639 -0.214797058778186
0.278256297352192 -0.0185754736940851
-1.18263008561099 -0.0600489596305039
-1.90888777375239 -0.410800915249509
-0.0211096851910808 -0.15734186887346
0.146096745637395 -0.156275351710576
1.9471983722455 0.2827541642358
-2.15491771298072 -0.448891624535971
0.257463067633508 -0.0969683349485155
0.788982115210308 0.0692728869961192
0.640426548789867 0.0330413512135577
-0.715105210932892 -0.299690181338615
-0.52572194569917 -0.362447039501129
-0.973772106191707 -0.2669348231181
-0.683612816209687 -0.357889461843402
-1.85944645367801 -0.0331906889975155
2.67799628099817 0.460314873585547
0.159843845400856 -0.0995516370844168
0.873834182023019 0.114467236854261
-1.97476940946086 -0.466766259036963
0.14050321662364 -0.151069663768397
-1.45080598786349 -0.516139205251038
0.104245564026034 -0.119895527111242
3.35767823906149 0.547455152081617
0.634099768170937 0.0214117685789717
0.298399622342723 -0.0154899978170501
2.01703263590573 0.157580740352077
0.785784703636106 0.0153265979123375
-0.973358356090515 -0.209628494764679
1.54383718979084 0.211035396738089
0.224896734264033 -0.0956793463903031
0.7535560884355 0.0641102358260033
0.156405223541324 -0.0733509455850646
-0.0503723184311774 -0.129734343318598
0.375003695672155 -0.0746118671420496
-0.150385600429635 -0.191602091736801
0.134605708326175 -0.143268206513745
0.391749883136713 -0.0126112324309102
0.0654866904029638 -0.0351984909241917
0.841302459125622 0.00709724312200699
0.956828603343722 0.0345298198341298
0.293796688665059 -0.0302552830815052
0.49572765601526 -0.0246078321382653
0.549619640667685 -0.0050097494241528
0.462351004128339 -0.0093065549403222
-2.75990532680754 -0.139616361310152
-0.257595338850618 -0.211501746564862
-1.54484976179012 -0.475524148466101
1.62178557823064 0.0762310266459279
-0.965682173964553 -0.292321950287219
0.224046352635922 -0.0240195582727942
0.27050156143196 -0.0958127554097491
0.0191179340690263 -0.0513402203777506
1.13390633097 0.0599356983046236
0.231740133153439 -0.135772153929015
-0.721374319081436 -0.045483895807675
0.351472424895981 -0.0155174385831159
-0.863782407028299 -0.335574067991094
1.64616325068311 0.19123811530352
0.285118585223022 -0.0544129153451663
0.681523686090315 0.0534688307970756
-0.524400910169766 -0.110648203147034
1.61120824343773 0.289320380873452
-0.392719642102466 -0.240670389285073
-2.18770823439279 -0.118065596761956
0.228532470077356 -0.139873210843449
1.09462669636438 0.110012304270959
-1.11159109034575 -0.160201397527536
0.188218370593828 -0.00111429694081089
2.29968355712204 0.0826531809430781
-0.644992345298976 -0.213548214236075
1.76195965169483 0.0409443262147754
1.39796990859639 0.187233439802249
0.12645042575398 -0.15574278590833
0.795932050026122 0.0768316074809165
-0.568153178148567 -0.052423289326591
-1.35447918269168 -0.451347491380776
0.0744540955900943 -0.0100693613666313
-2.06191693772939 -0.46675736610813
-1.70411867969875 -0.511548588096756
0.279337247522221 -0.0233053398398433
1.2128924760761 0.0376737471608581
0.171955319599796 -0.106051957665421
0.502421225647065 -0.00101090692610488
2.50168351052216 0.273704617198546
-0.333964190299112 -0.255814868224878
-0.558504199040828 -0.1654394733797
1.14121263364315 0.115159618343924
1.48620418197862 0.0667973241022318
0.633775517905177 0.0303617948530494
-0.599664616659094 -0.168011984323742
-0.237026928059133 -0.112146445972467
-0.0480923822297606 -0.0248875314691456
1.31621867689752 0.246896844195595
-0.604674646004075 -0.10360397988233
-0.223725032308998 -0.0357216572097246
0.354589532429118 -0.0499003405228636
0.210466914228171 -0.0689143033279327
-0.091285694068534 -0.0906152572724262
0.718042559723577 0.00690709593548271
1.3673859478203 0.0750663158295338
1.1974373721434 0.149793667217649
0.342912942996274 -0.0158855346602809
1.20927323067488 0.0816476077322352
0.663287526907602 0.0219056594301289
-2.60436278787227 -0.500975166994049
-1.11589631001826 -0.0582146367095788
0.567401428128824 -0.000402812569855115
-0.971006943782872 -0.268685418510955
0.902599587734688 0.0469921909837317
-1.9221591473215 -0.400571674639673
-0.439292492154744 -0.309033981826476
1.13078972342256 0.112573754047276
1.84526667457083 0.173736937177309
0.153706062093527 -0.116774107602918
-1.95444479977114 -0.242706850580291
-1.29730862721885 -0.499337901001851
0.508889650469436 -0.027869083290988
-0.479138438543055 -0.132244156281831
-1.10992672938244 -0.0450873705132605
0.274710125875199 -0.132880554375229
0.52051977207236 -0.00376615916653197
-0.720668209932331 -0.277790625386984
0.436100542223906 -0.0357386138029023
-1.63713277229676 -0.422445790883128
-1.42966261379182 -0.196170532774819
0.179991912738356 -0.0733893895982972
0.623995440756794 0.0239303037801618
-0.564519980354248 -0.232814511085323
0.0566924329856526 -0.141842716913867
-2.80380059879826 -0.131337500492298
-0.325467214646784 -0.248771860644497
-2.79787203616334 -0.394409499611392
-0.723613226590108 -0.369083717131275
-1.77590656162407 -0.303843373795734
-0.459794041585484 -0.0233053241148439
-1.53046828465764 -0.24220528015318
2.55877557039528 0.342312328582717
1.56092968683886 0.194400897590726
0.338006119445213 -0.0358152404752086
-0.252117684449981 -0.0753372823837431
0.531688923288148 -0.018411507269267
-1.26795933739202 -0.154981485929071
-0.15397226347056 -0.110148107648199
0.0544904580860111 -0.18105143727437
-0.306403625953022 -0.110251735298449
0.549070430396178 -0.00698644390907899
-1.97141432488088 -0.00214913413045388
-0.182170418905384 -0.145864706785975
0.0996918894167537 -0.0100349238738464
0.0400383672573316 -0.103345569062152
1.13085625876543 0.0270897231720414
1.43344525863029 0.300626789751574
0.933966960470639 0.0561202892931765
-0.482323599515356 -0.192927194848287
-0.712229580354033 -0.165664300816975
-0.751538340763259 -0.0560403670360837
-0.139916065171646 -0.093208249705327
0.520540171268273 -0.00790453260691451
0.832119174389558 0.0491241486498496
0.418158199652246 -0.0460286096785157
0.311276759938607 -0.0458408144934919
-0.833865407338739 -0.00695708682438457
1.2545566668735 0.0289132564610723
1.74791569273934 0.0354641219046837
0.43101256811035 -0.0376065984011776
0.370589914330189 -0.0530779102019014
0.0803005149855895 -0.0806336448217249
-0.547675390655801 -0.0288794303122972
-0.838013743965537 -0.336761653890757
1.02815832847594 0.0719191770571194
0.916141845670362 0.130992564710434
0.33614398486763 -0.0635955049228755
-1.7245578723437 -0.395513186197806
0.642056128694218 0.0104888397926578
-0.0127718918581568 -0.0207307806869386
1.70825506457637 0.208175942448243
-1.04189260925736 -0.321713773519053
-2.00958453814471 -0.165575474100398
1.63933119708632 0.148045907967492
1.38745751423567 0.0758031514764792
-1.59278078297934 -0.330034646261126
0.653629224548686 0.000984707063543978
1.2197182102696 0.148767328253405
0.781540530840081 0.0453086425924922
1.90226133114672 0.0434484995052905
-0.67237989853134 -0.293928087014178
0.32453310017584 -0.0898803853165179
-0.142315781251346 -0.167341639256089
0.899265160657379 0.127622894775781
0.564579852945135 -0.00319342926303061
-0.538002658933339 -0.146166377637383
1.90611892940487 0.348931004201914
-0.229709518015386 -0.0560194784215334
0.950031399412781 0.0466654774791289
3.14667686549683 0.00347021069322595
2.26777696127732 0.180423208942625
1.04963807554154 0.0568508589748507
-0.167223536346626 -0.181260519270654
1.81455287805939 0.304267213097305
-2.77227163058524 -0.331259989815047
0.919712905761101 0.110263814062348
-1.77896907344221 -0.00124850054117179
-1.12840580594377 -0.43810971739023
1.12204888466659 0.00132530160214651
0.203518785327629 -0.0607158445060305
0.240434488746377 -0.00681618047369387
-0.662382859345254 -0.387203869445559
-0.652915260923427 -0.0255914417491228
0.00834480861277035 -0.0941270859007743
2.08227202173146 0.439733287139006
-1.25541782475076 -0.279060396465376
2.04254841959534 0.421606976123633
0.862884279808668 0.102087485525203
0.495025377589632 -0.00131523291652249
0.693504555763363 0.0569564009531779
-0.0323842574923779 -0.234149048455945
0.578072168303513 0.00055186053335396
0.951353374922139 0.0973044059524773
-1.00337526271798 -0.436857906938471
-0.541871334759204 -0.0283094514091684
-0.104601933528835 -0.0488073315165511
0.56659824116871 -0.000335085878777582
3.03806330319878 0.10217959668117
0.821800680134452 0.0770704638648684
0.569897915575074 -3.90260448856483e-05
-1.09915735573575 -0.381755354169376
-1.7884799805766 -0.185409128406308
-2.90217858233556 -0.437759210341729
1.10996979880502 0.20799961411494
-1.60698385333739 -0.00562841158713971
-0.338955514761868 -0.318287320547017
0.450151726986592 -0.0499108326695275
-0.147557462789308 -0.140146664514175
0.613587327354851 0.0102178887942538
-3.13050412948956 -0.310445647123189
-0.0500133630680669 -0.216571503123395
-0.143298884005245 -0.217615363135075
1.65082130303463 0.321756516659594
1.14120657868171 0.137521662653887
0.13682741574162 -0.0792251180104277
-0.100145332674555 -0.164362592650014
-1.65052080298842 -0.474164406420917
1.87043441368585 0.333698824697677
2.7139106451263 0.526232226836578
-1.63241898467768 -0.269224182593346
0.846845487037882 0.0141722079444035
0.711895789048303 0.0465982330940852
1.54832509280173 0.141947073813827
-0.484573362639474 -0.233108151402552
0.779448305332961 0.027709059339366
1.35223356639623 0.159180835346972
0.977047139275218 0.0951129308787302
2.04381550621765 0.0362503743267602
-2.9735731629333 -0.369580922855796
0.641510306903421 0.0106258583163247
0.717521065721382 0.0223144909486836
-0.474783702443503 -0.291299985036587
2.85339903323446 0.500126609845854
-0.0212771279291809 -0.230200105102186
1.27916736417687 0.00443121309656585
1.65170407522984 0.0733033712903838
1.41139194295351 0.227073013410476
-0.242895145086155 -0.180678087880806
2.72016632035172 0.296687756722036
-2.32803849048534 -0.43107753380043
0.191117786989647 -0.0704935476445932
-0.713845964199334 -0.134477387761392
-1.58284012284979 -0.107240920399587
1.51674094805278 0.193949501541283
-0.680534618335482 -0.26957819230551
0.150347408260489 -0.179570328686651
2.00915127062851 0.253626731549702
-2.49022918455491 -0.139986654456187
-1.71747069543662 -0.229137665894263
0.297584602047907 -0.0895905462901435
-0.28911039823024 -0.100456645553189
-1.18259451240645 -0.0669315646819241
0.230169330577524 -0.00968395659937746
3.02526453946551 0.037289009655329
-1.88179369259418 -0.15990549751177
-1.14049588618327 -0.286773652103607
-0.0956868293160015 -0.0963367567233971
-1.14230405872567 -0.0473486035523966
-0.840098901669233 -0.381662696351342
-0.509591207006289 -0.118189806341018
0.308609699673549 -0.077166065725835
-1.70145338210262 -0.34984877710341
-3.04241772378042 -0.0369914952368829
-0.87382465517929 -0.295247742179361
-0.659473291877244 -0.0505963942810151
1.51715585450644 0.212641511879924
-0.872184949119253 -0.231016053419678
-0.236114058851263 -0.141654535251369
0.462071105895152 -0.0524462591549813
0.723457988563048 0.0280006080997927
1.66235375069336 0.329632838643021
-0.491458409556407 -0.285036389479232
-1.8323569469196 -0.502708983023551
0.232181545743466 -0.0985531812051421
0.422862600503667 -0.0597098445677761
-0.858816118841117 -0.355433181529468
-0.580203102563011 -0.178295704557315
1.62703341424301 0.0756770319839406
1.75283669787438 0.0480408503191781
1.0503847606968 0.0160547467949309
-1.00996437963661 -0.167087702675863
-1.34791673190376 -0.247871012566402
-0.282031074977049 -0.245697907336039
0.387307707512894 -0.0342876603660868
-0.548212777484904 -0.174016077523812
-0.867582668481481 -0.164340848482442
-0.59029300917106 -0.0184017762854427
0.053684417784728 -0.0803649489926785
-0.792704962414787 -0.0257594335444948
-2.19403275086446 -0.0243703853508264
-0.610172151310236 -0.236019147872819
-0.454184881117718 -0.274422127645277
0.887541930743621 0.0787778294526427
-2.03210678436246 -0.402894970064408
0.995361901337728 0.165212562332966
0.202150020331285 -0.0661542561023755
-4.03046915396141 -0.1810568504342
-0.517547621039633 -0.0270766031476424
0.95325024648543 0.00807256038489636
-1.71112530379558 -0.156786197504565
0.755675693571168 0.072701371427582
-0.312437628209916 -0.255390052057697
-1.45039117571239 -0.262446590880014
0.426421619576127 -0.00288294210918017
-0.148948340345617 -0.219618899360797
-1.21037981720276 -0.435073034432663
-0.243081123835614 -0.292301273972746
-0.379206915724691 -0.148718697189041
1.62671537576374 0.299577873880088
1.42787495833701 0.0554316948510931
-1.23418574213841 -0.35752692365484
-0.997814065938356 -0.131505793976824
-0.410404914222654 -0.201428585629737
0.483335968105173 -0.0113973417003673
1.51732432195864 0.21701859232204
-1.27971554301138 -0.163141354151653
0.190744504947172 -0.0791410011669721
1.90981770841361 0.167132964478083
4.0619279417818 0.0257156779140225
-2.65111582835932 -0.450293225525339
1.15464903052305 0.081060979446739
-0.662305968186077 -0.343351482952142
-1.77292026470407 -0.505133875232646
-1.5384338345588 -0.142942406678708
-0.0944269717084844 -0.115921485144812
-1.28343696579194 -0.216995519897863
0.191454047773424 -0.0468926975288545
-0.229287658764245 -0.111287554944839
-0.851053238669288 -0.322467567355088
0.0612425322972251 -0.188094146728107
0.804559686138761 0.0865847542281422
0.704553768648671 0.0236962823890204
-1.42028757158144 -0.307362813915759
-2.07012874288702 -0.546019104140619
-0.933351949496324 -0.0652183593038312
0.138363682787499 -0.158221253093501
1.97158064696062 0.360971211517059
-1.8712709103956 -0.500000730717112
-1.01682643003245 -0.0748144226215162
-0.305898215420101 -0.0614842884415621
1.13150501782332 0.0621226344224562
0.225670311395744 -0.080779288655612
-2.38911198509993 -0.112045238531156
-1.23548653563691 -0.243041930379084
0.556481333217076 -0.00486420777438248
-0.856184713750256 -0.394192160143878
-0.721432801452817 -0.194882876959385
2.41610978776706 0.480552969519467
-0.00696884131122897 -0.222916834930809
-1.97308076085364 -0.133567759619352
-0.489953361455708 -0.222617033632297
2.08252801679322 0.417092226569348
0.0462910515584216 -0.0813357039945907
1.74288340541288 0.0818090942138253
0.495749884919621 -0.019319892401823
0.769150203904811 0.0716067850715441
0.581412609203608 0.00249697257140688
-0.699806229559254 -0.306703250176548
-0.881092664491831 -0.23648459068978
-0.844532482119151 -0.418926588659727
0.449813502490568 -0.0127344072536959
-2.37964759500316 -0.197011565391983
-0.77885646774208 -0.138214598940379
0.236717454587719 -0.131734372860917
0.54779095499112 -0.0110424404456389
0.648057775065844 0.0264134841804964
1.95688662525155 0.0108304957874753
0.749146315862534 0.0307940527840518
0.591196719819991 0.00482408225760107
-1.29918468995756 -0.220510071238846
-0.832716342242752 -0.308167287086092
-2.24983488340041 -0.387998481547932
1.42705434922306 0.117597780284839
0.771090310319567 0.0212715243582827
0.342095492439728 -0.0516762939154642
2.1604090424511 0.441263508293589
0.869035658972625 0.0387598173483411
-0.203557274099881 -0.0777898807625964
-1.37138725567137 -0.111395729380308
0.795431263959285 0.0161635575335143
-0.616585070407157 -0.363312036475283
-2.11764024470356 -0.591357867323424
0.222665509376047 -0.106989683562245
1.70042479957711 0.147081744558615
-0.519074996996476 -0.23362368546073
-0.395762005742822 -0.318781310602884
3.25199949914732 0.277862349290341
-1.58990326168886 -0.465766501669388
0.471176615142562 -0.0277733375611267
0.34546649587591 -0.0251569865958158
0.00643111543684986 -0.0487388254211149
1.19642274660831 0.0632348738023024
-0.0339329213553733 -0.00415202396072406
3.30583237081484 0.39756861718678
-0.163738078632935 -0.240553029984844
-0.83388296826934 -0.374898010783225
2.44680104806368 0.246050448173394
0.922628707342008 0.00925075021247876
-1.49780724834301 -0.266471511890994
-0.762427227105915 -0.193562105163349
0.56732969761872 -0.000744848512102269
1.35441051217139 0.108928985287584
0.974031226015435 0.14916991855697
2.03843615623459 0.140011119068739
-0.81047613901938 -0.1558479626566
1.08626370267447 0.144078717472983
-1.58310668261802 -0.150224783139454
0.996480671882246 0.115399759072107
0.159783519908366 -0.0095243715645157
0.487384820099127 -0.00789674492959454
-1.31675110003162 -0.0226566070283945
1.10397364161447 0.184684310369937
0.724488713882418 0.0482762624124903
0.110032286642164 -0.010251529428647
0.36777169034547 -0.0352983661234691
0.43309488839728 -0.0194488493834754
-1.94130812917082 -0.229499608088188
0.0691140892917437 -0.0935940268865772
-0.41623553994249 -0.305326494250368
0.218800071650768 -0.117332122561367
-0.276014634355227 -0.0125146394909064
-1.06842064319083 -0.225065766623886
0.115999818265927 -0.158878301977941
0.683971291646107 0.0101949106183129
-2.21703311604419 -0.390936442041544
-2.09645904226643 -0.343155962323552
1.30487335382727 0.0445065332259518
-1.42994399809646 -0.39825343451915
0.504923148850924 -0.00576244152576786
0.0810814418184938 -0.0498415885206758
-0.181163755009991 -0.14468638915067
-0.74455880812469 -0.102515340978738
-0.0157494669613891 -0.153884822385682
-2.1113893564052 -0.570705237935026
-1.06732421386817 -0.394103156747491
-0.206106289999991 -0.153494664187852
0.247023759759788 -0.0127160245115319
-1.86199683426736 -0.260948520753789
0.961865213073832 0.0134112686928644
0.357459023229398 -0.054158716832657
0.152664678360728 -0.0198641726714902
2.69937810244311 0.258404175011858
1.51440215679155 0.258378066479045
-2.04668605495382 -0.355477870557177
-0.957244583719263 -0.312542037831383
-0.708735439690774 -0.285996408493192
-0.0738933029095518 -0.206146757632188
1.21294354491444 0.163370428501713
-0.149064010541919 -0.0883580702866818
1.84335803213347 0.203079545432065
-0.901764030810813 -0.250252601421744
1.51068196393919 0.00805994214218689
1.18795224053458 0.195741883109578
1.03368930174005 0.0922921994645196
0.858183941945849 0.0667912597945726
0.231165946190452 -0.108453877366604
-0.448966197188296 -0.127529839858676
0.100445040984181 -0.0136590028594642
-0.0698727005916086 -0.0512965883835618
2.03421141410193 0.395391257927205
-0.368373832768222 -0.280174234238118
-0.733026784428736 -0.0918468196912933
-1.3318603913934 -0.478245458912514
-1.03318196948948 -0.143575861491097
-1.63148046842379 -0.286814373678856
2.87343992022638 0.374840321785124
1.85559238906419 0.0843658940682083
-0.99541147916369 -0.10708807892843
-0.839039742705443 -0.0682788037214086
-0.157097995210324 -0.254164244177268
-1.72959989729944 -0.24455884891411
1.72806682021553 0.187932940289504
0.954138759685373 0.137781252838432
0.683140828038083 0.045166266966735
-0.271635648961085 -0.249454883397456
1.21671603573068 0.136417290824163
2.73536893322858 0.437764937709171
0.696257067597281 0.0479977803649989
0.890574603198357 0.0376238692569355
0.0327568999482583 -0.0324000910071231
-0.09905402486902 -0.151205641961111
-1.70934375704591 -0.504268982980373
0.0595021248891532 -0.09799056209286
-0.311058247216937 -0.138923310225822
2.84959365953028 0.0341793202234147
-0.128863150587382 -0.152991250609012
-0.618860701813537 -0.0154420513141412
0.166406446348654 -0.117837916514657
-1.28603015148802 -0.288051325437611
-0.422546108376383 -0.27007246542824
-1.1699527017421 -0.213972286568051
0.456731988154901 -0.01486147942112
1.68145421713979 0.0493853118293764
0.325487684834428 -0.0695000152469803
-2.20903943069153 -0.447828833025416
-1.16412576253328 -0.226000669621411
1.05302223633818 0.0281463460432305
0.513196220737483 -0.00573628552202719
-0.147299041664422 -0.0390633918395248
-0.939900844304255 -0.2679976849462
0.222926871248662 -0.0112879609909512
-2.18939495204373 -0.354895321177152
0.111173427547103 -0.193738377855937
1.58339824027673 0.0169013733678992
0.380807252738042 -0.032178826155655
-3.25123119837625 -0.365329982262507
0.320836942153766 -0.112746340785944
-1.46692950154226 -0.276584618855773
-1.71453836455163 -0.486652884447234
0.595316911454814 0.0070243057466418
-0.274288830901474 -0.0665076362077745
-0.42822397591908 -0.339784215781264
2.70554747065804 0.097237037320817
0.33508565152724 -0.0246927928672773
0.402759497717398 -0.0334822879012454
-2.1274669135546 -0.347973340169319
0.229337048352537 -0.058424752660012
-0.160169369399506 -0.0183409772984035
0.723622131364534 0.0508717560738482
-0.915989690244546 -0.193435947810423
-0.170726042708674 -0.170614709475319
-1.04276818743002 -0.00177332516243962
-1.72145233683781 -0.21179751376016
1.60108515573779 0.165961351486989
-2.11545197106775 -0.504535842878829
-0.855700549704218 -0.0518992968406659
0.479937248194739 -0.044697143364354
0.374509622111121 -0.0568450045044424
-0.625612980465261 -0.00622311997840391
0.186038189046371 -0.00970932462269189
-0.223830237438817 -0.207817894202206
2.41662398593731 0.361262286189515
-2.69567420540166 -0.128945572669313
0.948501558917076 0.0111313359740472
-1.84882034220483 -0.125606208759474
0.740656949666892 0.068810851147404
0.84725878999122 0.0710764103601222
0.772375348994703 0.093409519887999
1.34780083254193 0.188497097093203
0.67273340788097 0.0420214859475294
-1.10322007388848 -0.0390051943781794
-1.54833420101073 -0.43134221304568
0.584051913495469 0.00570278954897085
-0.486722953859316 -0.274980783276293
0.698170202480516 0.0313048207475467
-0.440215558718557 -0.00718976737441154
0.186695725532457 -0.134032868835731
-0.451017362313593 -0.024630161199596
0.332995892661456 -0.0955646809854424
-0.393376911656723 -0.145406265317728
0.708200747793367 0.0477455581757356
-1.24114679876943 -0.0252997101127663
1.73290644580394 0.185778984441591
0.422602817599237 -0.0419437852862717
-2.52778493180302 -0.579030288656993
0.182915132998887 -0.165300742187502
0.097954274960727 -0.00155587956567651
-0.466364844095151 -0.0940158961855494
-0.818548180700185 -0.284497163364273
-0.833794260423731 -0.128894929759075
-1.40874852006762 -0.241099900500229
-0.68100491849161 -0.29345358925182
1.29483239999079 0.233962776247432
3.09739219023413 0.0563567444252944
-0.578950241899403 -0.0680397968699513
-0.790640941442617 -0.152057779455868
1.62382222113011 0.03239754880092
-0.603474007027733 -0.0777571637451839
-0.0653112420443578 -0.157562188903038
1.22095378905611 0.0105516942554624
-1.63349888285663 -0.234558682489194
1.20448385322046 0.240972389882821
0.539482763750684 -0.00940444451700997
0.00157686246102807 -0.221629324906735
0.195560673030849 -0.00677872781800249
-0.258872540595861 -0.135068790886271
0.236805150556074 -0.145505196848247
-1.09717011546474 -0.0605244755617511
0.704619177812766 0.0307665023764787
1.1774958529157 0.191008678846868
0.217556139378725 -0.0598689657161961
2.3097236914091 0.0386650133154452
0.517050163942202 -0.0277796711952517
0.0117215808402546 -0.0814434859632016
-0.247786774309248 -0.0716443394107514
2.00170718231016 0.00985161621140401
0.249113227653534 -0.0374302001421779
1.48974197102287 0.271254514005051
0.502175132084587 -0.0099469552517778
-0.254994409966898 -0.178740929001112
-0.398567648229341 -0.161720130792756
-1.0100555738769 -0.289093710189816
-0.0992190852613517 -0.212495246814507
0.496420123635428 -0.0236633184591863
-1.41151542149553 -0.413038572249044
-0.844876588930587 -0.161879597502313
0.495100470867857 -0.0105342073918666
1.07891862451578 0.0467356756926741
1.20501255218584 0.210437323939948
1.9953494011002 0.256816904214905
-0.247570779524474 -0.297392814772386
-0.344228682919997 -0.0361965536929526
1.41424775256511 0.11435794966307
-2.01369238136134 -0.511994768586967
2.18702625630065 0.132598172376092
0.325514591287359 -0.101130128989316
-0.309672827213681 -0.0372024050107665
-0.653942318622636 -0.182686670977623
-2.67265308183032 -0.278865769788176
-0.899468199876416 -0.0712246395239038
-0.0208687793116452 -0.157037669223005
-0.0292543005752194 -0.202177534011978
-2.99749640743655 -0.102476854324876
2.04344560883143 0.261045551792248
2.19291002235109 0.285395402587846
-1.5904140389578 -0.48911457334415
1.44193179407161 0.200029569049847
1.3607072414236 0.247704895349824
-0.482397372207492 -0.138816599585603
-0.0151751973036985 -0.194250424076186
0.277213799594945 -0.0540420733682407
-0.947410566930441 -0.00840514907589743
1.10001494063901 0.172774780031036
0.0579359860992284 -0.0419051245040288
0.276738452356542 -0.0591130687365736
0.290526878651987 -0.0642591678757042
1.22851860380587 0.111805579833667
1.32374343033893 0.23531773832552
0.378883227852666 -0.0701484604737555
0.405449127478934 -0.0414612711827096
-0.810565273866983 -0.147590557182294
0.655653887432605 0.0123474507578442
-0.89283296773334 -0.162595309034554
-0.802491280478889 -0.0263240232663715
0.679792107102786 0.00929572802919279
0.384560832516232 -0.0211226382013792
-1.53002871131374 -0.29342098974889
0.23600974909998 -0.0293221097782539
1.48194079253425 0.0767643345132095
1.30256323782381 0.135936817059722
-0.372207523610689 -0.318886227985617
0.656017793914176 0.0395034282226313
0.609179520418599 0.00764680449347848
0.783957674212528 0.0432016599672408
0.610104144952833 0.0156706721086717
-0.462499885095667 -0.139652652152373
1.33405182993508 0.135197095471292
-0.476526840180226 -0.112512187493234
-1.48131744062215 -0.514994152917372
-1.71932535488727 -0.00874275845317877
-0.398447020775922 -0.0923206905719059
0.450778154298205 -0.0292720613108876
-2.57576631166183 -0.0810481773918564
-1.44583362190129 -0.481287733233532
0.658159936528196 0.00505924853046595
-0.0637707325667557 -0.0218406663606671
0.303491102743373 -0.0999388864635723
1.62152427424096 0.155589572572957
-2.30694806794537 -0.203673367119977
-0.761641520332313 -0.179208076993187
0.792540531072579 0.0610432696149522
-0.0479528031220978 -0.153121804885101
-0.761162663060965 -0.376896025367923
-1.53270471418891 -0.32404339914735
-1.09209191910871 -0.11068401170032
-0.801573086611075 -0.10299930998942
-3.13688256512174 -0.0782281953693202
1.40111846355922 0.177680834090965
-0.224475373794624 -0.0133814709254333
-0.975653607327087 -0.0365996033571621
1.36865527895758 0.0891309335014165
0.603079891912388 0.00548440376662888
-1.34070338951263 -0.409595191658803
-0.882582133736921 -0.291855785897759
-0.426354706628132 -0.0954061275423385
0.763361012597976 0.0271509834529486
1.29061785411543 0.208198965169963
-1.91552473754057 -0.424889164620149
1.00720369528224 0.105119109802891
0.196014246025903 -0.116857677348082
-0.263403433587577 -0.257682613664211
0.630129782460365 0.0247135250336138
0.837239604024917 0.0353121898160793
-1.3198192217382 -0.148593464641141
2.82769979677173 0.076539504689739
-0.59838644168534 -0.376975447013298
-1.22747313230564 -0.206903672230704
1.37692829029599 0.281523468358618
0.795604305778058 0.0191484109837791
-1.26422932445987 -0.0709315219373843
1.41887566109535 0.194067137639097
-1.46076622230039 -0.204674898363708
-1.95848211597864 -0.315740857380577
1.65896147158167 0.00174419369261833
-1.12322256932801 -0.258361866748898
0.102979588322362 -0.000664570849042805
-0.547294146302218 -0.196351465997272
0.431949193638598 -0.0559516182500307
-2.62144588498971 -0.382054794795723
0.696988921997175 0.0530016499849752
2.67702568132736 0.0926064020755964
1.22990362721249 0.0370091015994496
1.22738532131041 0.0198316556320595
1.46393752329084 0.207536641537549
-1.81203042757687 -0.132215773138003
1.75734948669679 0.293690289234327
-0.0556230782018062 -0.103431304268854
-0.116427738261462 -0.234555648803065
1.58478364538568 0.242214618904296
-0.884501643599718 -0.206034956949842
-1.4165776791816 -0.265766191557496
-0.172334568271682 -0.112275727640908
1.15359727676928 0.153963893856923
2.60193050914306 0.0140974488276357
0.263743559909633 -0.0353749289103655
0.395858454356147 -0.0488556027657413
0.911533486744944 0.1437305114295
0.588862023606912 0.00244034997462377
0.916594947582385 0.0140710359960089
1.61331412983576 0.2987290692634
-3.74977019854 -0.11764250143871
1.18720159531626 0.160739355778266
1.54883191418621 0.16260345545517
2.17657786513759 0.0643632192956912
-0.156005579603324 -0.015908527797255
0.793657662070745 0.00909052497946819
-0.484126205297863 -0.313299772039911
-1.67062471247395 -0.270994021196435
-2.22575762975861 -0.0216117833848858
-0.624246048807623 -0.146545034138249
-2.5263486613042 -0.174345702095276
-1.48078629389812 -0.114157495450231
1.82253792946348 0.239268512869152
0.15860143751884 -0.110060867930937
-1.08658650739602 -0.237447265097754
0.188666984414805 -0.122869027757372
-0.988032881803841 -0.0724863976443336
-1.76883360954936 -0.185536656646469
-0.151943452885455 -0.0510204699101674
-2.87952810767019 -0.0979561710665236
-2.50027643964367 -0.451751786004123
-1.64283373600428 -0.504523937081064
2.38067327757159 0.387643892932618
1.98472629394968 0.357329172722768
0.241021318960382 -0.0863674977082518
1.67659181349459 0.336046055223708
-0.952004135122187 -0.140303604355335
-0.182335195912793 -0.0228773808170617
-0.864338845198851 -0.111567937774319
0.572418918608676 -2.88294648181026e-05
-0.0373057646413225 -0.236834541029896
2.70519691288656 0.401003577851879
-0.536349263517197 -0.306027484376204
-0.450523025084311 -0.182091404094124
-1.76826970672462 -0.152615904474405
-2.42141834930605 -0.515359591097451
1.38141648916241 0.0649461038523995
-0.491263260003643 -0.0928417230806033
2.27880287688884 0.0130499892536494
0.198694867442872 -0.0058875869330692
-2.53202413270155 -0.34320498742275
-1.2477576571038 -0.477922191429833
-0.133989754302374 -0.252451793397884
0.663604817576469 0.0015442651197734
0.381807193723359 -0.0716815804267246
2.78154450874722 0.387275559806625
0.276237331563643 -0.133148266767263
1.05755920485703 0.0711102896589661
1.97564577412868 0.0370522585244481
0.390874449119173 -0.0250693411452684
0.972720638602559 0.155041690821115
-2.23143606404967 -0.265782291389555
-0.735626034913185 -0.373752750436966
-0.657238335012152 -0.137485792371924
-0.327469107927786 -0.310668882456168
-1.03752417226063 -0.232814004498149
0.831105535646849 0.0153360069609761
-0.642647702327975 -0.0724234066311706
-0.748226673513775 -0.111171401281399
-0.74469487966604 -0.30846026901075
-0.61664060391763 -0.0373055938722562
0.0495088121483925 -0.0996083980498653
0.295058650908236 -0.101736813335914
-0.616679941545575 -0.194349270083777
0.924606510359494 0.0990286223510016
-1.4874328211972 -0.190101228226833
-1.18282875803138 -0.289421639729107
1.73877841709035 0.0858275315362253
1.32174422838411 0.0848728863209226
-1.74048930319936 -0.359794228697964
2.55438248796917 0.354467815103583
1.68436499533122 0.0813916810340547
0.0968508982328422 -0.185372036733572
-0.42571573720324 -0.213203364335353
-1.99059770845816 -0.41517264628768
1.2545670024713 0.222398438186525
-0.203103893822731 -0.0416484191853826
0.447427482428052 -0.0220748489773031
3.70163890902688 0.168624331753527
-0.721074055854001 -0.346798896381043
1.11207179066011 0.0613629544025826
-1.07955152212767 -0.137084500990604
0.0424321659066172 -0.052396586424036
-0.136798668431443 -0.084930831156344
-0.382173821111831 -0.283127329586992
2.30880456706606 0.207982754488887
-1.39881374521914 -0.106235253227037
-1.38354122251119 -0.0208176798181967
1.08354949720172 0.162866306942082
2.35290458634051 0.402733124089516
0.737637612017709 0.0185254573538244
0.48368757352078 -0.00319942230742929
0.985521889978748 0.0382581651416445
0.279245707160366 -0.0664980268261119
-0.917107585744348 -0.384532402862923
0.530957701624409 -0.0173989787865755
1.32041776030054 0.259228790611571
0.66757756442644 0.0395183797776859
0.96074128132803 0.165699005648478
-2.41451423121139 -0.173042519220698
-2.54985525594157 -0.137230911828052
2.1226883405075 0.440937441372032
-0.244068325917759 -0.0690160449928919
1.12722438414929 0.0926696595753766
-0.0089989166553012 -0.187584958978934
-0.543712985653938 -0.0990449600766166
0.10010956248791 -0.0953346615351787
1.71682372368535 0.204716354220071
0.305244569689688 -0.0504299750342485
2.20872103626016 0.117302457585101
0.759470965483962 0.00121945138370588
0.0998417530802636 -0.143802722163907
-0.582443570249146 -0.308107592585358
1.16624100414935 0.0157142925099886
-0.274257719361461 -0.22732648399662
0.366409893104569 -0.00975859176192305
0.733004684773769 0.0327351711321752
1.91284247954464 0.0307476846685256
