0.63903398310297 -0.338599994788905
-0.200464479191596 -0.5082109562892
0.526812036218135 -0.860189258358771
1.71873037643177 -0.0729260462042975
-0.397655710253026 -0.260488219984891
0.889867518733694 -0.29470945024598
-0.533459475828918 -0.443030139511444
0.839045342154792 -0.280575895273715
0.345047007728163 -0.941004704371013
1.59050297702249 -0.0981515579952256
-0.288971582878079 -0.132565502850938
0.646985759888595 -0.586793274236582
0.50774509864121 -0.566178742222436
1.02087546922284 -0.15981858525404
1.05358448411613 -0.20377632334005
-1.22579104322347 -0.889307287726973
-2.93779565522759 -1.10398320548333
-0.850897940512286 -0.159366428615711
0.100376287737396 -0.663395071335849
1.30945346469349 -0.186521815041486
2.54500038860201 0.100132558588008
-1.03371293828204 -0.734538692178826
-1.21390501214881 -0.0542687726948258
-0.281792856615847 -0.537771599180755
1.00772765780002 -0.526606269961154
1.14261281118426 -0.0478695919483754
-1.4772236514652 -1.10882872058322
1.54012345467785 -0.375005224658166
0.0520090013972796 -0.821895240148753
-1.73133914530649 -1.12795877285939
-1.3498967860033 -0.468171527732601
-1.70526017464371 -0.526871670578388
-0.243538777309286 -0.434934344916841
1.40653241861869 -0.251107534588633
1.29341079931547 -0.0604018560687658
-1.3034900823096 -0.826992398368729
1.1167421278677 -0.397159799277301
2.09321203742295 0.176507891881844
-0.0719986974110275 -0.220917708563744
-0.153167636356531 -0.300944620329329
0.0338495550880262 -0.821947820970838
1.44755611339863 -0.246185803656543
-0.312134399435167 -0.507035777614628
-2.06639904863521 -0.679577641292813
-0.119476932949903 -0.223305598289871
-0.673904738396727 -0.629988066278649
-1.97831668029109 -0.782241447430884
-0.389715849233589 -0.713450578250242
-0.474562016527919 -0.244221787700898
-0.156802296358667 -0.601832272107484
-0.795386995775183 -0.364861427196811
-2.46314664685884 -0.295430662900567
-0.981706574939621 -0.466011370723419
-4.25486629103583 -0.259316856232153
-0.13558240057972 -0.527323877842284
1.05803060468376 -0.487241591715627
2.78589782464658 0.29050222194099
1.2067796038099 -0.389550719021065
-0.168059736939348 -1.00655063047338
-0.315481812245471 -0.477301820798281
-0.71273181996409 -0.435985222196432
0.500347522814921 -0.791640396283552
1.15175260535928 -0.39337326139503
0.429161642619248 -0.433908567921963
1.3370018310203 -0.0647869372429959
0.865517044272467 -0.420319035767522
-0.773816046178692 -0.628198153147388
-0.390996209277457 -0.405106650978019
-0.582119368071319 -0.442252044400797
-1.07793309315818 -0.22797059916259
2.24198206106534 0.0928788068806991
-0.0833328370448222 -0.171169212990816
-0.899482944375056 -0.584896682745869
0.468396189144184 -0.692146387851323
0.223653864525983 -0.181919781966696
2.39601111106697 0.486984577719177
-0.281217632007065 -0.0756785095752585
-0.361445154774675 -0.665296785538259
0.492420226186053 -0.646359863700779
1.27764778917709 -0.27178869449585
0.0821665970945229 -0.691203204196639
-0.131770073963813 -0.714259828115796
-0.273228896970751 -0.14213390242455
-1.01086412295749 -0.188298355553975
0.297466582662244 -0.360371105798964
-1.45546270990003 -0.613112414046227
0.282240965079922 -0.907728059865753
-1.09689570414043 -1.08481492797203
-0.951526886123053 -1.08044352835522
0.748683492649385 -0.524296585669995
-1.06124122137536 -1.03811995029257
0.447460872897021 -0.43478215823093
0.144665246001088 -1.00818422985005
-0.0704567743755617 -0.829579882253768
3.45678821697122 0.390620647848277
-0.902059840340796 -0.535332455601968
-0.0670220172333803 -0.203952700985972
1.3449357154868 -0.180986096273172
-0.445814323396056 -0.0569671583544581
-1.1554979145275 -0.196530897017251
0.436335526711822 -0.00931465333158584
-0.21841257040257 -0.537280081092455
-1.70841727973789 -1.06367330498853
0.442855017591079 -0.749240695419025
-1.17001490599667 -0.245324622110524
-0.221056256503698 -0.871404388128795
0.219100578219736 -0.762738925430183
0.752093268543144 -0.613280820770975
-0.72526446268584 -0.412607417559684
0.372990136557328 -0.815919701767604
-0.232038521006773 -0.75731187530395
0.574818985148451 -0.122872427068185
-0.114772237130863 -0.561284986898267
-2.56229495646044 -0.826934281867998
0.882181894847271 -0.0328099036627763
-0.898437664903613 -1.05675359519726
0.242642093238097 -0.351423356695995
1.2530035173393 -0.631649418537091
-0.780452321226696 -0.577196073098284
0.294838106291937 -0.771623097354844
-1.5993751734266 -0.404091996003696
-0.826998076209763 -0.179462314781015
-0.582661327155579 -0.532588210264878
-0.371725686354409 -0.488031350708857
-1.0530132672313 -0.355638044065358
2.45608515640652 0.108183647652689
-0.163233047304745 -0.327809762832417
0.448393621273004 -0.0772581856998268
-0.448760170793544 -0.748050627938377
-0.516019774373656 -0.184906106600712
-2.47970797694471 -0.855822904377259
-0.624760674001688 -0.614059263336771
-1.08786577838096 -0.167532994883614
1.32319698412909 -0.355455990122411
-0.859826238296152 -0.975413033168257
-0.021360537570351 -0.152058439848328
1.00670228549123 -0.131256546470925
-1.76769611191748 -0.0580540686767534
2.59226652283564 0.702628483242067
-0.112512189269965 -0.46881586589423
0.328207638630269 -0.650499726939208
1.23606683610264 -0.163574131424691
0.309084514632428 -0.780233695723632
-0.610546204840158 -0.235815043317904
-0.908343010298245 -0.802311270933982
0.537199872088051 -0.442508182354187
-1.64251993533386 -0.576538374176637
-2.35913163070472 -0.236646539111148
-0.529978057230208 -0.507615619245556
-0.354963018383304 -0.14145165247075
-0.298112758031023 -0.333216476337974
-0.766811365968838 -0.0361945486275886
-0.333992047187198 -0.831722658158967
0.94383167565436 -0.683219806693678
-2.07561526652431 -1.0968376886524
0.532505901014051 -0.352121921046293
3.09616999185158 0.544870850197623
1.59197978006678 -0.132191753087466
-0.578822708053855 -0.307970674487018
-1.58114905744612 -0.07285744791728
-1.4611000309011 -0.394090611968433
2.16553322981328 0.485634017833706
0.082802070015803 -0.765142009020208
-0.703363902621382 -0.258254220767911
1.34680775436888 -0.146966702587063
0.415064677437027 -0.670260187188181
-2.15414573189396 -0.303716294045744
0.823664060925717 -0.0877201645002721
-0.970954202726287 -0.303158367538168
0.585902376221704 -0.71970321723901
-0.514080804131991 -0.233374916696518
-0.448054297131074 -0.875170014174728
0.244118564226238 -0.895436407650453
-1.9060033521428 -0.365122747136129
0.124671886197438 -0.959241408082468
-0.355958849122133 -0.82676772240249
0.567834855834806 -0.403188429594341
0.50255453726485 -0.688734499577494
-1.47341237332329 -0.551625842478639
-1.3234393275036 -0.204857958312099
1.42849403695965 -0.378064266291397
-0.193896026100375 -0.500181692876831
0.0947451065591448 -0.551444367055879
-2.55131294831122 -1.01282318022799
-1.67851075702489 -0.999140704287571
0.0864872382904261 -0.688643667291633
0.379637762712027 -0.24652788591001
-0.224637839128557 -0.0189715152861919
-0.0983247788592396 -0.643571508242492
-1.54415476065288 -1.05830613761357
0.371640243255124 -0.258809620756704
-2.32647446215374 -0.95480325687629
-0.830527282989098 -0.079601459878682
-1.30189095515765 -0.509510207045987
1.12154915648075 -0.619539494927006
-0.530638389148053 -0.413453886053801
0.865663418612207 -0.826019754107337
-0.967028863128935 -0.28337691559536
-1.89912977612817 -0.434697697873694
0.181529046685634 -0.567440057793622
-1.70324226959592 -1.06995971354385
2.42659331344451 0.558219972220073
2.41315473052559 0.0693743114997647
-0.866290414079573 -0.163818911065973
0.184774693907585 -1.00110900896795
-0.719190876078925 -0.43017383622071
1.34322410374187 -0.338008782956951
0.898225162904939 -0.770462261723172
-0.283839224073561 -0.0117046753636885
0.828661497571447 -0.196498226244971
1.20560501464152 -0.140224839155954
-0.994512590640496 -0.624733562391761
0.468149797587437 -0.400830380381303
1.01731504127945 -0.0245070322434885
-0.352527320858406 -0.883983990976338
-1.0349846795692 -0.72996154863005
1.27909363426609 -0.0965287558423173
2.17489635000169 0.16894094153792
-0.956059627881156 -0.154714838242366
-0.613622621241809 -0.32135479536293
-1.64978191875874 -0.866856176521866
2.40772092054824 0.272036820197447
2.85224863637862 0.168773783944717
0.260716550122699 -0.463148879463089
0.268988657951214 -0.617481401662042
0.661717611684653 -0.836120571331962
0.548746361018463 -0.614121956421172
-1.31843320926375 -0.433474952831146
0.173359398532808 -0.723742657559397
1.59444933776235 -0.2788267674183
-2.46981417555027 -0.596601651833868
-1.11505528074767 -0.336866914354417
-0.0815191779799878 -0.0616367733269687
0.0457858745257231 -0.485326227201697
-1.33284824234283 -0.681923627723892
1.12401882788547 -0.496395743859575
0.542722182673833 -0.414050521752434
-0.192553624704276 -0.653836432579295
-0.645099385065711 -1.02820647050643
0.131767295762117 -0.33175002279186
-0.207957858111196 -0.206339819154996
-1.64743581232387 -0.811276971193645
0.908519084799967 -0.395360640216937
2.51195679946408 0.713813591570976
-2.57960926998802 -0.580814442409478
-1.24482798572775 -0.122487711412451
-0.0643014485233417 -0.269466560435659
0.247069318223642 -0.479890812793831
0.810032835499944 -0.609055251055408
0.434136073461999 -0.0770860594633807
-0.369524195072181 -0.308296872610916
1.58540382611087 -0.34921507653886
-0.866713486514735 -0.256548396478165
1.59482854116051 -0.243466109607294
1.54646762745573 -0.102922350832263
-4.01197919730079 -0.997503304048559
1.71275618295858 -0.0136839540116616
-1.61705030130229 -0.67092897393778
0.139041146424456 -0.498514701177227
0.463446386160421 -0.38034986332133
2.26245984019609 0.456463781586244
-0.20563793802857 -0.0426087781392005
-0.836599507814204 -0.665564090787491
-2.30214977196524 -0.985681947672894
-1.68103435474081 -0.95723522901037
1.10701472131416 -0.230989904194055
0.830056205347997 -0.10748975126152
-2.53837728007738 -0.877516851102014
0.208051678057021 -0.0205236129847097
0.818785555685202 -0.83505204453693
2.71707931450783 0.164470331340916
-1.69242790319333 -0.616620281266848
0.361844651224089 -0.362983294067561
-0.00130514743770689 -0.5793362919189
-3.26429100830121 -0.550422963557751
-0.464598020783928 -0.104495058637336
0.403343156919939 -0.156647624975838
-1.2632709340143 -0.648752130664173
-2.11103506009374 -0.181631602663732
-2.96955376256694 -0.378645384958047
0.139958474447279 -0.703829283691052
-0.317249341318669 -1.01471068888746
0.852219370753194 -0.242595688244517
-0.214085865800339 -0.253156942859216
-0.19977136521248 -0.00533006180149973
1.38661374930611 -0.40857618557264
0.0218088414267008 -0.327206333502908
-1.2356226545949 -0.626189601446554
-2.60400004287309 -0.444194709740871
0.353214846307706 -0.678427727508859
0.312442887202123 -0.973852178800042
-0.540195372459211 -0.611262708002266
0.384241893092351 -0.568929619429512
-1.8429679638209 -0.191435792715721
0.659516925967061 -0.318718095222826
0.231995504433892 -0.00970834488497481
0.123283657996516 -0.089166426525295
-0.515829570203728 -0.970458244238745
-1.30431071321546 -0.214211482786623
-1.01977297641448 -0.860793664110281
-0.56825726896183 -0.614338857395893
-0.442978422898832 -0.291804503494332
-1.52816267705152 -0.405788746653455
-1.9679845376116 -0.706196472141215
-0.48165738280089 -0.766645406706156
-1.36649037778183 -1.04855086242002
-0.952562709779041 -0.875351851179226
-2.47731351605659 -0.295027148727256
0.643002688117728 -0.867343398318546
1.46806148407569 -0.24781008517203
0.931926023944031 -0.28296102221673
-0.517113764341475 -0.970865513892682
-0.158312102638979 -0.0409938549227295
-0.983176568222279 -0.452310791848218
-0.154829364292026 -0.0610696496534895
-1.26847325708904 -0.306711859361331
0.890074779508099 -0.758237538626916
-2.78139701539074 -0.93114142902567
-1.19725946583462 -0.391763701948955
-1.66377099279624 -0.867507827109817
0.529032248286851 -0.289137074574302
-1.41896994034946 -0.940188742583999
0.237386372528469 -0.65474932282984
-0.574146063504281 -1.02395159104097
0.745298658208216 -0.0139798334854379
0.51837214955208 -0.451036988010217
-1.24440199425274 -0.0617446640244672
-0.454069604079038 -0.061915078058254
2.2295486922397 0.362143227665723
-0.141411080633432 -0.766807985429651
1.82631423042377 -0.0143918326436554
0.126889851705006 -0.997132290077414
0.736425635219825 -0.216308620937624
-0.990106463775451 -0.966496484255139
1.4076505027749 -0.375581123721196
0.257565194772729 -0.37714808233429
2.46492974859597 0.279142719527694
-2.92982336309634 -1.10633314417392
-0.198656809781876 -0.997179840096833
-1.50694053496634 -0.136556077398278
0.134535567983726 -0.147765312879589
0.310900998139163 -0.256286636150376
0.649138375126054 -0.815377472546605
-1.00678606423407 -0.639694279357307
0.25479761870919 -0.28687222142913
1.4402756577948 -0.139279140638709
-1.00878388659684 -1.01252562502359
1.24889288215089 -0.638612169204224
1.30783535658823 -0.0110661591169858
-0.355634477269542 -1.04089363508824
0.275823570358287 -0.0805717024978196
-0.104814485618265 -0.786956025107642
0.865934064152381 -0.145362253516368
0.9229061042097 -0.61886887915146
-0.143393082425726 -0.253886015484194
0.757893195393338 -0.0867579265370808
0.100645247934001 -0.0792158813965237
-0.658414880554528 -0.425866868728321
1.44606612949238 -0.529252578810884
1.4439328492757 -0.0788025074509576
2.22851329827681 0.389862454387093
0.0464677179704647 -0.65755358096905
0.00122352291194075 -0.419252582946466
0.508785624527991 -0.49396650149089
1.35767871643407 -0.0526080528211557
0.119410671090504 -0.366628653767463
-1.44354191383244 -0.283364212577966
0.693589417453276 -0.839463667770794
-2.49025161085241 -0.0841450494273441
0.401241199827531 -0.544475541078826
-1.5712034669882 -0.90272239585906
1.91429407939364 0.0523139403138915
-1.11490677584547 -0.946651936845556
1.27200941451367 -0.504600795809698
-0.715444824877929 -1.03101532916645
3.39777495233745 0.719014098939096
-1.96508640411934 -1.08612977362356
0.76896528420948 -0.759553243752967
1.02118036590628 -0.756555970134291
-0.389671397173615 -0.725436571550974
1.00439601144846 -0.779853702587347
0.547138580753703 -0.738520443646855
2.30677159752639 0.573786476827657
-0.821518364811359 -0.587161881373838
0.451066077418966 -0.321478656397329
1.39388833183324 -0.512425040372542
-0.492679105216224 -0.934908278489541
-2.02854333139336 -1.05255469030134
1.50853448985964 -0.343629447889516
-1.61437870595522 -0.434220619826857
1.8694551829155 0.0319173333508808
0.384902444595968 -0.373815802358552
0.667993363696695 -0.48242728089505
1.46741221152571 -0.521143443893588
-0.628737074841596 -0.891516798360994
1.60109892540447 -0.111162850283116
1.79383069627043 -0.0817594414406416
-0.362999110196531 -1.00705345468026
-0.217167917039655 -0.858033083449479
0.436278288359859 -0.551434509049402
0.575981240228806 -0.7488813390495
0.688145847009401 -0.538353666751614
-1.52466697876263 -0.932199378478308
0.738465854115057 -0.442333003703637
0.535668781583459 -0.289719804754929
-0.938813767132577 -0.574189488612654
1.43830525979224 -0.301295360128356
1.16095927442089 -0.0206467913589612
-0.00653376626809045 -0.593318948347691
-0.238187589532393 -0.683550714544267
0.659968785449101 -0.710868544875755
0.345951923022287 -0.117782831313655
0.412461202932163 -0.435599434737237
1.22227125374241 -0.342756839176891
-0.122005113707365 -0.0325304724791332
-0.12181089336675 -0.807537416589789
-1.90739931343981 -0.321631649606538
-0.880042098418071 -0.172009943577605
1.15831113011805 -0.155740123427279
0.0970693377530511 -0.987348943177209
0.0285552423251187 -0.621277250691624
1.89133182777288 0.0448841409350082
-0.452991317593432 -0.542982333628786
0.691656549040449 -0.715100821946419
-2.20811948883845 -0.261823485758667
0.668017814911657 -0.248537070265414
0.346125503355143 -0.210321886118321
-2.29083944926896 -0.338548318250116
0.198247358548055 -0.348860499454403
-2.61957763761691 -0.0307410535981242
0.26199200504406 -0.54954457546545
0.43152794393819 -0.303058300595582
2.31798946673454 0.417388321353781
0.580430162987097 -0.875366700471336
-4.04661054070441 -1.01806833121634
2.28115775925621 0.437003878514992
-0.686952081473838 -0.93315487369433
0.130855283317517 -0.485731436220819
0.721039396462467 -0.592605399171027
-1.81309059465639 -0.446576760626024
0.613443282267237 -0.123687422963766
1.99420291742204 0.120183745196342
-0.477444712447489 -0.0781763297714976
2.4850958923668 0.470865350254235
0.306528885491678 -0.689701607602175
0.082214322627715 -0.156300863035378
-0.241868757844709 -0.972185385035476
-0.280984445282756 -1.01535802192532
0.590396514128383 -0.666233845513118
1.0887268372855 -0.289829250359556
0.410755029515963 -0.465237353156896
0.200700539100412 -0.183341873558794
0.566701790747299 -0.034154872382142
-1.5202717755014 -0.497340548402699
-0.649407735103126 -0.543045561040898
-0.520245455999826 -0.075712146696827
-1.88532602573145 -0.634049870782378
0.000840035709900967 -0.748779044989588
-1.0941449226525 -0.698981206832123
1.71668511326824 -0.209121296482299
-3.32854686992292 -1.07178498814718
1.38019472309263 -0.306183761366577
-1.25245013197503 -0.551337940314717
-1.68376932586083 -0.0553318295426851
0.0123629563828942 -0.534027554431051
1.15079792946405 -0.141749005564069
-0.408010974060406 -0.277190852591473
-1.75681177818116 -0.616851054518836
0.14002700118315 -0.775906654029814
-1.12630265682737 -0.242261827265532
0.6454451582618 -0.462890877150489
0.00543750801567924 -0.472280470894592
0.0806895771780565 -0.537853441389558
0.5459846834172 -0.297556322023434
0.116354598258826 -0.774266371019407
-0.237763417013224 -0.131804018228003
-0.658296778763934 -0.923329971412173
-0.731244511519564 -0.0995644674785666
-0.227928637748821 -0.446298831519382
-1.6448554472193 -0.535105401335682
0.574822481802855 -0.712646591511353
0.895528577365732 -0.0438879649242223
1.62566734680292 -0.154268515018086
1.84284050803955 0.0110076513503998
-0.970668491566732 -0.741841154994163
-1.06900390273056 -0.503057317906246
0.950530447074522 -0.370772337407495
1.0345846594796 -0.539637246209632
1.59346361283585 -0.369191164773949
-0.676042220643987 -0.170170725297556
1.26949616543627 -0.367740317987975
0.277934035227888 -0.735025899590212
0.829188370698691 -0.0037044643190391
0.769656387886933 -0.497234827473528
-0.376964644846437 -0.524567623551286
0.285037481879122 -0.622437892458159
2.68913113951923 0.455520411068435
1.46007951278962 -0.169913285385496
0.541584667309942 -0.505530724957585
1.22385943507122 -0.209746626677404
-1.19022363565638 -0.974724788578755
-1.94337837315308 -0.828766474547648
0.328757052107151 -0.221194282828538
-0.132591254666686 -0.582317239828603
-1.21744849540007 -0.0877106805901541
0.701432122716167 -0.451047793690003
-0.426230934305886 -0.354596256091383
0.440032467801311 -0.25624249259971
-0.831680183103703 -0.533996633845494
0.857564250084602 -0.676377357375704
1.9071641728633 0.0363775790284848
-0.320812062902959 -0.754112148669801
0.699031733309548 -0.398410530791335
-0.647919336034202 -0.728717376985074
-0.0849583801000783 -0.811852413495164
2.59915583858441 0.692782905939675
0.606151316315201 -0.367214936626473
1.84526843061718 0.0110216991793461
-0.346107718971966 -0.842534597837186
1.26580068716693 -0.194252473331348
3.29645520777599 0.586643990841636
0.791777049029707 -0.7337974425134
2.18784424089246 0.323986129041313
-0.484028539859435 -0.396582174941795
0.0473321874177973 -0.335367399375873
1.29765784894899 -0.358070832159222
-0.406523673752985 -0.926239401992934
-1.86872586744908 -1.08672956554628
2.50523514510966 0.542549928989211
-0.30057680301664 -0.862686219426516
-0.996975827666247 -0.543880601049412
-2.51263721321105 -0.216916336860806
-2.41962104526438 -0.729680195664289
-0.165058812623589 -0.605525062030841
1.34048159171579 -0.383782472434522
-0.921142225788672 -0.454839144360332
0.396677554531347 -0.873547831212463
1.83070176996 -0.0153592436743051
-0.458168578367471 -0.0695200539429441
1.30552719604608 -0.0682022356660451
0.674380885023545 -0.486876579253751
0.226113247174825 -0.9329002472419
0.623344764193125 -0.512336397597372
-0.648970939095504 -0.791844952763164
0.558070599292279 -0.666535111572558
0.372222571911095 -0.636403063400014
1.71273886925204 -0.125785489356382
1.82226799454696 -0.00611753706540832
-1.2314916237481 -0.966311824709826
1.09741520076937 -0.00704927937702977
2.15591249475593 0.44507497288996
1.05835341819616 -0.53662032851251
-0.21432628872176 -0.814099371731538
2.50948854182118 0.655853012794072
-0.794660941953371 -0.291269041872279
0.157306418657222 -0.482351319872871
-0.527498175716581 -0.755440452409643
-0.0544858091486548 -0.782014505887518
-0.0467722835166927 -0.779096701940456
-0.120410135956562 -0.489891378693177
-0.146462823012653 -0.57851703466507
0.0318266383393338 -0.0515499145103895
0.674718295626983 -0.544934131017243
-0.672900585905388 -0.494315834493901
0.915358617551734 -0.651804919404501
-1.26372738651573 -0.78677115617545
0.926166582584107 -0.323498675680997
2.1489995854918 0.0558861087219935
-1.55089702380979 -0.902997670870543
-0.335414609711496 -0.375025242851993
-1.22675017823661 -0.127282382425464
0.33861259955562 -0.687131364858391
2.08159343917488 0.0439526642474511
-0.882418694855077 -0.871400472871687
-0.180297671009262 -0.689826395976079
-0.229700072515027 -0.708926272338499
0.412323747740719 -0.178240954306725
-0.719828488377848 -0.521939906693281
-0.945212167746014 -0.574320713866593
-0.100032257869243 -0.0569932028384316
-0.0915208888578392 -0.909615097416275
1.84608367109297 0.00976007579721406
0.357600996595869 -0.927673730211574
-1.82157896640105 -0.0646419990484582
0.201794138669591 -0.907484227883044
-0.129364783646373 -0.437424607517097
0.0916019363262191 -0.536784115311158
1.76586221180752 -0.0122125457172426
2.29727385698113 0.397371574111069
-1.01770871572919 -0.899339055843723
-0.890112976163524 -0.591560902635986
-0.281690612568722 -0.19869507013996
-1.13929722513561 -0.726623869557968
-1.09675144636817 -0.948749614674417
-0.983647937704531 -0.715275260595351
0.0958439450831557 -0.388585889381095
1.4284950474944 -0.549176239769891
-1.31769334364259 -0.153970714392786
2.00253845916301 0.0764997265444375
2.39460591525387 0.166377635255175
-2.16667062840548 -0.113632094414891
1.846023515081 0.0112462200379513
-1.06807373087236 -0.248826331154861
-1.3466359579366 -1.01782305061625
2.38182350538534 0.159250155520826
0.30084519519746 -0.00741940406671283
0.107917944435225 -0.029164948097459
-0.787314477085209 -1.03616477788209
-0.503365331908836 -0.634620000551398
1.38266071819582 -0.0702767064641648
1.25707219241196 -0.564879659127185
0.276959392800586 -0.712654177342598
1.32094962343165 -0.624240414352297
-0.346502220694306 -0.467159447581621
-1.31595992494757 -0.97168880144494
-0.554915282429165 -0.745639470075312
-0.800730572248276 -0.201086900483139
0.10461484276026 -0.984679254259293
-0.364361187366769 -1.0094007256458
1.72670460174937 -0.119060218581968
1.77830825643907 -0.0125296942757738
-0.0927960483705652 -0.514581617323658
-0.125493950857206 -0.027108436289479
-0.0308719567784961 -0.165440353179011
0.0065430567368188 -0.983149510968762
2.01701642514258 0.184721084106615
-0.269232327053712 -1.03954991752871
0.0713760022561174 -0.184565383662244
-2.21595789283005 -1.16887564205895
-1.10196562236826 -0.0308326730653557
-0.0280182930868183 -0.650728958250295
-0.700898980194179 -0.805126929498127
-2.2121782012267 -0.0719149692214813
1.02080358160009 -0.706162290564504
-1.2246872483963 -0.768876815874901
-1.369173672035 -0.0811874687405467
0.55386165132584 -0.859533684898307
-0.0669111752218489 -0.864677895561056
-0.511820575678026 -0.986618118142906
-0.492933925699996 -0.0863986573506878
-0.540620421454643 -0.348811452611445
-1.61265024104196 -0.951786355094108
1.07728439044393 -0.678878813649964
0.511468142074356 -0.77021530594788
-2.01962790954428 -0.288046553037086
-0.81476848531114 -0.0489488357369582
-0.176323556361151 -0.897037551383265
-0.247532536372354 -1.04524745730566
-0.89123508345561 -1.0675223788672
1.29779641412055 -0.289949464768105
0.539474682998625 -0.559795317723249
-2.082741669924 -0.0149346913747965
1.87079248150712 0.0474611175951515
-2.61871948708775 -0.247109004032889
0.558069226885664 -0.445225162327999
0.331252807791072 -0.694943573892247
0.160322323754416 -0.469632262356062
0.809085640939609 -0.526522713454427
1.34616259820466 -0.131045312572704
-0.128421867268939 -0.809155404686793
-0.591538461045842 -0.065515116681257
1.14049995760754 -0.160494473637262
0.631603732591855 -0.401847995059725
-1.03253959019057 -0.647993752035946
1.23607358895814 -0.595012240992266
1.25304805569885 -0.404205695892361
1.20903678626131 -0.011982204910306
-0.814314960721617 -0.0597408176790628
1.43380453445327 -0.130701448300811
-0.235656126406372 -0.973411714983597
-0.505296918636179 -0.553722003650537
0.189263995004698 -0.491655669483795
0.752146946512998 -0.0376754218367584
0.26223178507856 -0.785948591844533
-0.134699799137484 -0.4819118052795
0.16126444449943 -0.836348231055975
-3.43620068841277 -0.699207184738827
1.43621878759508 -0.0859622944349276
-0.297939553997095 -0.330698847739191
-0.866246796558732 -0.652830105653088
0.67746959565645 -0.140441505803146
-0.0333779092758803 -0.660327062727495
1.40729369663157 -0.4862735248396
-0.128107946136972 -0.786553230552433
-1.95081165827298 -1.11685055535789
-0.915616458018258 -0.0205813229443191
-0.390912539902626 -0.412693638252155
1.01104479731324 -0.143246607960102
-1.59586083839045 -0.357085748266979
1.43498896062936 -0.464712794410115
-1.44499434355119 -0.377207147205452
-1.6876789134162 -0.887012362815416
-0.373209056606297 -0.602523878142168
3.84021135877938 0.263426936510053
0.359607318299599 -0.51726304384174
0.557066605064714 -0.476913752241168
0.0742413023548166 -0.50856152775574
0.46105239982291 -0.468123611183912
-0.301866199694095 -0.87811283104953
0.962366106380272 -0.710809844469328
1.12434310899807 -0.502549391650029
0.507926676478842 -0.257066577153611
0.766955442538688 -0.517358645973301
-0.298108892104981 -0.390046246255391
0.189897844726581 -0.812330690868881
-0.95279004731474 -1.04609360546438
0.400060416370243 -0.299139075838844
-0.512402762658942 -0.268168529593649
0.855439968005595 -0.230999291986079
1.64028392730115 -0.0117952193155913
-2.64887540137611 -0.71066685964321
-0.517730896020391 -0.594668515540422
0.407481204507418 -0.182733655632212
0.158082343504973 -0.758811271291662
-0.965407369017373 -0.6900305645096
1.09216359859362 -0.161896762241922
-2.05135175222261 -0.629084282296015
-1.39630182900934 -1.08029124795981
2.15170624193444 0.373004055003012
-1.41776716107004 -0.276383970793347
1.41160430160495 -0.26011343273212
2.20654166992481 0.297393936154096
-0.254580580865857 -0.735680914963971
-0.758112580736785 -0.168634170140537
-0.218425377800554 -0.587642881124868
2.65292943292923 0.0943171090382575
1.85151731011979 0.00527733512520651
-0.245740333640863 -0.771501329808512
2.47165104066021 0.00660084819783362
0.405466771203201 -0.56778666127073
-0.0348367540570929 -0.0453075849090704
0.589052193917152 -0.714223210536438
-0.714360299794767 -0.858056869021818
0.428789149643778 -0.656089430248694
-1.60869306663507 -0.11447758592457
0.791681443806742 -0.437165416616694
1.15595191521319 -0.53083600130245
0.169050798469069 -0.773794315765673
0.081111548640049 -0.867702308461625
0.817754027413117 -0.657327038475884
-0.595213844792108 -0.0735468118400829
-0.619698258220421 -0.773368251382945
-0.182879737265235 -0.39362751171962
-0.26006285150635 -1.01842676896626
-1.11400073074008 -0.0821346732286177
0.0216437857853179 -0.0484793661133492
0.939743464740887 -0.588411081510068
-1.22774745229673 -0.778768985567525
1.00471030496525 -0.176122884137811
1.23532508884421 -0.293418452717401
-1.04690353814761 -0.828239660389889
0.254768645955796 -0.82249848550997
0.0648649752942494 -0.372567106087235
0.139499375456838 -0.580542176387811
0.381601323953075 -0.29272208713618
0.666537214370966 -0.050770996031526
-0.132656992298584 -0.861823995538786
-0.0624997622609094 -0.491592391241475
-0.792502327807754 -0.208162098181747
0.988338539120634 -0.330918938483321
-0.228317455314404 -0.805295613825378
-0.0794830708626455 -0.746730287612167
-0.567650798415033 -0.682461192691279
1.36640429018346 -0.209158560459359
-0.216750509095781 -0.765379486600373
0.000541496457936074 -0.456535680281006
0.63326667082592 -0.128881827907241
-0.0557340263605705 -0.750323275231932
-0.851224291666119 -0.0733472677612759
1.25289174687032 -0.160820627982539
0.83104947220632 -0.302688014907884
0.903467536445057 -0.322571747065265
-0.261271852509727 -0.73618826300031
-0.109045894948484 -0.127422946548883
0.542999543486752 -0.845184926303725
-3.18596231714089 -0.942133116532062
-0.111847156810653 -0.0231117933888203
0.13742000799858 -0.984679862529744
-1.20506022783491 -0.210166923898627
-1.76605719089369 -0.163800601179331
-1.28144819353775 -0.482627171084034
0.913750354468829 -0.823618667066545
1.45361812477394 -0.127129747963821
-1.22121379905751 -0.03372448717264
-0.459190034606098 -0.379093116716973
-0.966736556267125 -0.230619189570937
1.74505001329844 -0.0539389206166278
-1.68486456970412 -0.520926992806911
-0.213821999901567 -0.596539525500769
-1.17565173558282 -0.759648871080322
-1.26914154788173 -0.754861165242639
0.817635055446948 -0.499494909378218
4.44470096057208 0.610724470644466
-0.680838363246059 -0.0562380622285493
0.831631445677291 -0.379971456607419
-0.580021726960456 -0.913535160045448
-0.0789229706629228 -0.724059456274625
1.21281620769522 -0.0484051994981679
1.23585905736985 -0.216079248749538
-0.23777386083806 -0.898724292539758
-0.311699638550831 -0.136919575023244
-0.655225706401065 -0.718893356381196
0.722907149889509 -0.102849805652219
2.44428548227678 0.220233799048095
0.526575350171305 -0.937886528456033
-0.610822608320752 -0.388446168758586
-1.70935727812452 -0.0331005366194781
1.03962269533609 -0.518164446351297
1.35580271154914 -0.360392328226335
-1.40340703241276 -0.164927505963553
-0.0845614839797169 -0.931692218081618
0.299833569238331 -0.186756707338028
-1.42591360022025 -0.920411183176361
-0.756507767082102 -0.993514320662985
-0.140573914316459 -1.02037814368007
-0.921552992880994 -0.870122228035011
-0.368752789482786 -0.163070133894609
-0.756377458781884 -0.395781290221668
-0.287850212897591 -0.314536216639353
-1.24645154755173 -1.10367436929949
3.00106525860698 0.428090143061882
2.02232118054915 0.190521505205859
-0.922420886744248 -0.856205644724044
0.135524220592197 -0.619958317037146
-2.94778097029686 -0.517826336935455
-0.832129348973335 -0.404148081000424
-0.853583017120351 -0.305445953835897
-3.70038804837089 -0.0519548595100488
0.124864588338389 -0.524234679730967
-0.643799864600213 -0.779901728277523
-1.57588986872829 -0.167976743430898
-0.220821189977596 -0.150582988535009
0.566014679395126 -0.199938673845632
-0.969009496869135 -0.304628787855652
0.111413224948394 -0.359729900531465
-0.551414892590566 -0.17918999588135
-2.11176611550672 -0.0702960112481159
-0.788136056060577 -0.454985141668325
-1.06238222303603 -0.34526575271078
-0.865403420233677 -0.0739807869491545
-0.488567932680789 -0.170881177086197
-0.627716265918819 -0.102030857587151
1.32288125565218 -0.414540173071152
0.204336496666964 -0.967171250287168
-0.0933199382742889 -0.465312543498834
-2.03691641368482 -0.587235428843466
0.844100963339871 -0.278266678309855
1.00020649651521 -0.195263814369213
1.30269129629784 -0.165613603138003
-0.611650670437999 -0.0959850422501756
1.80494283374345 -0.0239609477136884
-1.591865278628 -0.706636490654135
-0.954689138110111 -0.209154483090928
-1.00421996493156 -0.854403634869169
1.49567253654093 -0.284778098363202
-2.15203223414444 -0.285846284021994
3.99524848894562 0.0999700144190345
0.231767638717162 -0.700019394239666
1.13214554460009 -0.591761016615865
3.40036708807932 0.850494535342428
0.315262615355339 -0.704775430271645
-0.265666381408073 -0.661877092688339
1.91018635925808 0.109602132270948
0.637193639200121 -0.797892331908068
-0.893602707295179 -0.0555887664739473
1.78301186004052 -0.0641634993059008
0.924722841325157 -0.709836103358663
0.83184038727057 -0.747568993766577
-1.04197632854578 -0.913286845819789
0.197674781084356 -0.092273342406874
0.952927050288162 -0.742684775727881
2.33640868460404 0.195072548029616
-0.222656073580108 -1.04120317242325
-1.10627999804784 -0.913602131548288
-0.219417419963036 -0.192114115891291
-0.176035006081593 -0.652336435511312
-0.830275065381056 -0.668489316167787
-1.0373027477526 -0.814153821208869
0.571982394915281 -0.331126131957152
0.876270498985814 -0.594898333431145
0.424800775412783 -0.216496726135771
-2.84673643162568 -0.137202144951431
-1.32676129448776 -0.493638881667919
-0.984676440301637 -0.0771836844632261
2.50072450710252 0.695760147988206
0.187292879464452 -0.578022303210702
-2.15230624720653 -0.223657709969468
-0.294245200468593 -0.527439274236847
-0.193832011655495 -0.833022625392664
1.12935200480197 -0.444458044517766
1.0533212557403 -0.367706342088808
-1.93056399414758 -0.59975611852029
2.34334637226991 0.201917269391454
0.141482397761213 -0.428479636684477
-2.34016199969511 -0.340512180592417
-2.24821256168061 -0.550057867544643
-0.306919589512218 -0.507283289799369
0.353690030524713 -0.432472902239454
0.407227146621931 -0.169511756957364
-2.03982032168449 -0.0864890031408582
0.52600057827451 -0.195504849929445
2.09738491256134 0.05754439887388
1.83064043022245 -0.0101090428890136
0.349657797887422 -0.972393428600768
0.574530780647215 -0.924946294206996
1.25786397301093 -0.471148729795417
-1.33672116557172 -0.7204246894056
0.662904037502019 -0.102200406572202
0.633441361802986 -0.240355929588859
0.485009063890468 -0.554294535223142
0.16877011444222 -0.240314776699318
1.38836572104395 -0.399325309619484
-0.156534080131953 -0.463336714280826
-0.569543690410626 -0.162735269378368
0.488905373560471 -0.676852814727933
-1.24161717527284 -0.293968921394676
-1.01504713626127 -1.11389018679157
-0.464069320077371 -0.577739954831167
0.270482806127419 -0.826918479031463
-0.887494133758299 -0.605602399417875
1.0738127131287 -0.453057511683823
0.826194934485908 -0.412655212893279
1.68095476864316 -0.228953620027847
-1.65935798997017 -0.09547276055554
0.20607982288852 -0.337999406217141
-2.28429776480996 -0.69227407984387
1.15271207664244 -0.0484167258879053
1.17268776598498 -0.380227928522791
1.41153900349662 -0.192513350544837
0.316925308013901 -0.0485362020290167
-0.467421468168801 -0.545952310072811
0.305124162674797 -0.784682701281721
1.31611573206636 -0.159034905200535
1.81079198270497 -0.0202861400513929
1.35502569018104 -0.0883548491499729
1.71848081341736 -0.0130206876799377
0.0954131821234963 -0.509974289059439
-0.0896949732162105 -0.17767661898551
0.317705348388414 -0.795205175168019
-1.73749611024048 -0.664963524166848
0.276511310908226 -0.144617170472843
0.363742461502666 -0.452611014800244
-1.93623336499847 -0.703049649992662
0.248851726619141 -0.540624444236174
-0.361455684763185 -0.944688013918281
-0.291437533874059 -0.205416306300087
-0.118814085522888 -0.731879881191418
-0.415245085329635 -0.846270342451896
0.641357234188236 -0.0395057838974373
1.15883723141668 -0.388518149894113
0.0457068089814872 -0.142118470774645
-0.726069016408319 -0.991468392500173
0.678093553500374 -0.7358473875677
0.668387771137012 -0.794985525897093
0.151835769719764 -0.471569042351017
-0.5449846525963 -0.858860508895605
0.951719146564048 -0.407397689035672
0.250637410779755 -0.627345113379803
-1.15485192035833 -1.05167973387729
-1.10929598160309 -0.449682428700062
1.02247554935275 -0.151931227387815
-1.08842730759679 -0.273203262407218
0.0756110970444635 -0.864856775125772
0.296029577648134 -0.86799752848853
-1.63801195158949 -0.07717458986761
-1.05367903095685 -0.560514884941746
1.17727345118481 -0.179010444149892
-2.26044065653848 -0.697079428069166
0.0614777324152334 -0.459299929123967
1.38248433652089 -0.424925807964404
-0.0763464008324285 -0.140730192128453
-0.419135938908864 -0.177816838507801
0.927416816556937 -0.379938665494221
-1.15381837591618 -1.02714610208194
0.747658437911066 -0.153020994688703
0.805446093727625 -0.615290164708863
-2.40830120481213 -0.523409984851097
1.07729476006792 -0.0183538982006739
-3.72163622537863 -0.878793946861458
-1.47043415900616 -0.017115661225516
1.4549757162904 -0.140601457315577
1.84590098585648 0.0132904775806875
1.58333277661264 -0.0437253368638199
0.531403148278661 -0.599767499215786
0.894990687091958 -0.494213466122916
0.731960028823342 -0.776503613371201
-0.0327986726411415 -0.0469957928198927
-1.27368744139705 -0.725311892964672
-1.7831821794788 -1.06839673051909
-0.347102837153154 -0.576162554049985
1.07331687578138 -0.329454185967229
-0.843375700344206 -0.219254359086483
-2.044129743683 -0.919177678780754
0.92056620287799 -0.12548850906316
-1.36742154105791 -0.541856754345165
-0.529696729806559 -0.0948520708856044
0.967072306593002 -0.11744344655979
-1.73983264693165 -0.84619744218514
0.555379119412429 -0.47933797881771
-3.29832546711987 -0.143485597417667
0.733925927459731 -0.0548239229537955
0.645114354114223 -0.750971612857059
-1.19347351565732 -0.488350494930185
-0.637640431215829 -0.870724965320242
0.683942183083774 -0.273608317340879
0.321857985871999 -0.0438440338172723
2.70728540996425 0.68736786027162
-3.92232465057705 -0.242605162143833
0.440339952955096 -0.555516996324983
0.647930276171106 -0.0932450859329758
1.28239539406239 -0.20886571089126
-0.644838602913851 -1.07386463924123
1.32230538921758 -0.115688948231573
0.149914740119902 -0.245818827630743
-1.02800902229995 -0.411407771236311
-0.68912855929279 -1.06244933231621
-0.82443692514614 -0.854847585489342
-0.325957373687671 -0.637507957469807
-0.764859207007017 -0.767952099688107
0.358905592982074 -0.920385176386467
0.39356047718726 -0.777831887343858
-1.67578218037109 -0.867079840905917
0.284048599726834 -0.429350724683155
0.446919117025065 -0.275234120754294
